wavelength(nm) C avg(B) stdev(B)
210.379 0.10790798783022033 7.373392905201286
211.99 0.41734865865444903 2.3539652345290163
213.602 0.3895620385559099 3.996319477490425
215.214 3.242701821048286 3.3546378663583023
216.826 -1.6540968490150532 4.984431724004474
218.438 0.8268556657387147 4.273462544504415
220.05 -1.572084673720525 2.318052033585294
221.662 -2.182382148313326 6.673204327631616
223.274 0.47895500046751505 2.7385410995204222
224.886 2.7669008440470106 2.4633628458392836
226.498 -1.6404537331292461 2.1848581407088576
228.111 0.8820077265513099 6.22172960818825
229.723 3.777887299329695 3.662826048612475
231.335 4.8799145121385905 1.7488105731953418
232.948 0.2605931101560756 5.979111478693592
234.56 1.282103794174924 3.9372833475275337
236.173 -0.28647915693509973 4.317836431521062
237.786 -3.3463261294482947 2.100947710540147
239.398 -2.1390083567967646 5.397881304650813
241.011 0.028642746358318077 5.483196593790695
242.624 -0.5166233957804538 3.4112685409266006
244.237 -1.9845855590871466 5.159827130690207
245.85 0.7526692796078505 3.6403579182073096
247.463 2.52463420484604 4.136035401616987
249.076 3.2716438976269315 3.540875645770094
250.689 -0.9680510790868637 5.625248505583208
252.302 -0.4515946240166424 3.409761041202954
253.916 3.9594097988024624 5.844208535535458
255.529 2.616111965892492 6.552694603498128
257.142 -0.46612751641841216 5.51727561522218
258.756 1.4645101086725492 8.288680755282998
260.369 0.8005070922207415 4.963557433682144
261.983 1.8345341647561046 6.149288590977595
263.596 2.7359231615593633 5.04768956105968
265.21 2.1748373589904544 6.297002912590504
266.823 2.522661258018535 2.204595843830853
268.437 -2.6016946497420275 5.825203553741029
270.051 0.9280669075337884 5.21302904045486
271.665 -3.4575242404132216 4.803403161900274
273.279 -0.43766418628231674 2.9740253095181166
274.892 -3.4882877326592094 3.7071192382716585
276.506 -2.8981759979092394 7.6666321570091815
278.12 -1.4186418386527058 3.3627871105812006
279.734 2.7132283069353216 5.593076628789797
281.349 1.9948263677353133 5.8435286146748
282.963 0.6072215448405004 8.340828381380115
284.577 4.135312368414916 5.035576581398226
286.191 2.0036458298291784 4.405348174873477
287.805 3.6253679451313303 6.454479571460175
289.42 -4.255599255599348 5.567493541391493
291.034 -2.3007252162770424 6.7448360202232704
292.649 -1.862175847877315 3.929079086111181
294.263 2.095316615350199 5.485636945215326
295.877 -0.4073892212407236 5.852651641188818
297.492 3.1153658289793604 4.694630880797044
299.107 -3.730273876731392 5.624302382681866
300.721 1.8909201788269177 6.4178155316599135
302.336 3.6528817857692126 4.268406799350595
303.95 1.7966995089780888 5.623244269922369
305.565 1.8378982940627453 5.839775977048938
307.18 -3.0158600824431185 6.61629872811679
308.795 -3.744641326230661 6.804689026750231
310.41 -0.017945282936820555 7.674970252506717
312.024 -2.0951130919707435 5.622016996306418
313.639 -1.4181489663182238 7.1827278688951415
315.254 1.6040401070589105 4.620237721491317
316.869 -0.7255541955153901 5.638035886193626
318.484 2.1595159469654606 5.363528808472696
320.099 1.7968676899164717 7.417042451239321
321.714 0.9225868136510268 5.332129380350742
323.33 4.360100092089684 4.375597830978542
324.945 2.3790697235664124 4.372570954986235
326.56 -0.8068747719477906 7.6241062648159215
328.175 -1.1023152487703143 4.1065501753941245
329.79 -0.18618734787690353 11.229020799493393
331.406 -0.7035850295502897 9.74538069032903
333.021 -1.0991970792863277 6.85191388719681
334.636 -2.8046858879296934 8.50857938753268
336.251 3.162595429075028 9.03999046624461
337.867 0.3883212169556343 3.7933937661724757
339.482 -3.252605578498645 5.302007750532591
341.098 -0.7542324083959357 6.757323854146915
342.713 2.113021490163009 6.348282804684838
344.329 0.8814494993410452 6.835338321186942
345.944 2.285184278434604 4.005199326121742
347.56 1.9420552328374483 5.709613324286435
349.175 -1.2916147023721476 6.043213207782602
350.791 1.181778690075539 7.0111348913977585
352.406 -1.1860413865533972 7.529382313237503
354.022 -1.527349006585129 5.681634959412871
355.638 0.6234629101294066 5.69659020065315
357.253 0.9698312365002824 7.653052356088086
358.869 1.6679193243451045 7.327294938040328
360.485 -0.453746559227189 7.48849756763941
362.1 2.6445168669207755 6.543461417274516
363.716 2.5439652040658927 11.566321225689963
365.332 1.0366806987686359 3.926480025085266
366.948 -1.5944968564224602 7.124273491826811
368.563 -0.7162866553974794 7.407603574773138
370.179 -2.258184113025076 2.8638925440647998
371.795 -3.4376288665691055 7.769613839533832
373.411 -7.695182273712505 5.331067898608436
375.027 4.2146510442999405 7.7291579656515275
376.643 1.4853148364631306 8.651480058279859
378.258 -0.3996674735159311 6.7363325772808675
379.874 -2.793513199901035 8.808137293249857
381.49 -1.7607222328598227 6.953951407771788
383.106 -0.639429516962501 9.26963181849382
384.722 -3.0908792325964884 6.647974757710161
386.338 -2.825965160399342 7.747125794596031
387.954 -5.5854282119524274 6.781842822434639
389.57 -0.3770004021924352 5.923213868365978
391.186 1.6494543952619845 3.8850888298918145
392.802 1.7323031195649352 9.08527437298276
394.418 0.02650110368128807 6.49592442006433
396.034 -2.689870814030008 3.6982059537248895
397.65 -0.3226164947147756 2.05379699511373
399.266 -2.104017214311775 1.8659272198898802
400.882 -2.191452539975881 1.0429904298400192
402.498 -1.7960080063436255 1.4240266895616704
404.114 -1.435843286947486 0.4495752050919439
405.73 -1.5573196082487257 0.7013390441063317
407.346 -1.7190257060994363 0.38109634112818
408.962 -1.3508243444635109 0.21374214737617245
410.578 -1.550799439146944 0.4625375565256588
412.194 -1.4638224146784262 0.25356712845057183
413.81 -1.5211414355270145 0.17086660468734297
415.426 -1.5081982988725118 0.27420983596474
417.042 -1.4679222581638398 0.259041523677226
418.658 -1.5274108290982729 0.24083321278536635
420.274 -1.4852538412266412 0.09329426273337967
421.89 -1.538595353600009 0.12548641827112786
423.506 -1.4755481618098365 0.13404090562167426
425.122 -1.4026284898302661 0.19470730260845706
426.738 -1.42968265809925 0.04397853289424864
428.355 -1.4407950444648259 0.1118306497318464
429.971 -1.4345492360197376 0.09091527326058231
431.587 -1.414677471388606 0.03977106900740015
433.203 -1.36537002980839 0.25354040471021266
434.819 -1.3709613896333794 0.061961003261672205
436.435 -1.3206624771458122 0.046450026505460006
438.051 -1.3009293072338157 0.08906191363916512
439.667 -1.3270375414118571 0.10685852511330661
441.283 -1.2806501483744839 0.11818872035594727
442.899 -1.3147963028043919 0.08027086577117883
444.515 -1.2869667826304678 0.049460022304725154
446.131 -1.3058083786127255 0.09824525764761687
447.747 -1.2862961033516378 0.03137098940971761
449.363 -1.2164279880652928 0.08258726011364645
450.979 -1.1956721888754838 0.05363188506872739
452.594 -1.2489669769696778 0.05530927964647481
454.21 -1.2207874159159386 0.04468988878204786
455.826 -1.2029786676604923 0.05742124762039755
457.442 -1.1962443975658454 0.045414311583133374
459.058 -1.1798772620640379 0.0381237723872971
460.674 -1.1607678909307053 0.06276979951752017
462.29 -1.1553946905276309 0.03608994402683113
463.906 -1.1324589297239773 0.04181973336887144
465.521 -1.1115273210146226 0.053066127351619675
467.137 -1.1000516501044857 0.04606345160295858
468.753 -1.1283042720499232 0.07496403894521403
470.369 -1.097100864111347 0.06403642403091368
471.985 -1.0965035001223542 0.06444964405142095
473.6 -1.1025854786942095 0.06617351868935491
475.216 -1.0698209207418827 0.060841671541392
476.832 -1.058226267370541 0.06837210948647034
478.448 -1.0411529763741483 0.06156431960034757
480.063 -1.015087057408679 0.061227234554942694
481.679 -1.0306841894565955 0.03856234266531968
483.294 -1.033145548078961 0.05039214706443434
484.91 -1.0114077901417597 0.06171478871457147
486.526 -1.0173888711336632 0.06309297766650256
488.141 -1.0032036315694566 0.06250981916220841
489.757 -1.0064550064613007 0.04765498229701413
491.372 -0.9752820732549327 0.046900440766819894
492.988 -0.9712686332248951 0.07533350451444862
494.603 -0.9880824562087432 0.021855554412357505
496.219 -0.9522124977684008 0.05702030996563299
497.834 -0.9597038810700403 0.04355129870920836
499.45 -0.9626542942587686 0.05157133279128499
501.065 -0.9251589329623509 0.043864766212177574
502.68 -0.9663457765019305 0.03415620028792168
504.296 -0.9487342338375632 0.030507649088070347
505.911 -0.9242854019215911 0.038944985443577856
507.526 -0.9254069066762459 0.0455308466767698
509.141 -0.910832322129719 0.03593832829447692
510.756 -0.8967557310061343 0.03252401708051233
512.372 -0.888602363685029 0.03484125777820759
513.987 -0.8783678066133268 0.047709643557347386
515.602 -0.8714884236019926 0.05523921880930861
517.217 -0.8993774574638869 0.054882266957253845
518.832 -0.8535594048502242 0.06082518937789269
520.447 -0.8570957690784529 0.049513466759292024
522.062 -0.8610384430429859 0.05349088806304931
523.677 -0.8530082422973361 0.03464699618409563
525.292 -0.8592986325340648 0.036008754153968515
526.907 -0.8485647153534112 0.057492082689327005
528.521 -0.8278807285523407 0.0530565404356718
530.136 -0.8235973357173769 0.030686395694718364
531.751 -0.8322754681446977 0.029631960835373335
533.366 -0.81363000558672 0.049755807533427523
534.98 -0.814858180828281 0.044123705738628526
536.595 -0.8253885361704832 0.03585536607601088
538.21 -0.8100801955092509 0.039081925900003235
539.824 -0.774475884402554 0.045891264511508004
541.439 -0.8008138579610274 0.034911663857997675
543.053 -0.797169362133507 0.05609041461213956
544.668 -0.7872287482150022 0.046295071681148804
546.282 -0.7684120952189868 0.042910414097192255
547.896 -0.7723087565860156 0.04925196259095268
549.511 -0.7760208710671548 0.04386759565120037
551.125 -0.7683603969326337 0.03792111334591936
552.739 -0.7648169791655934 0.04035868380395111
554.353 -0.7584786129160905 0.039212794475683335
555.968 -0.7521305776576888 0.008781216420346525
557.582 -0.7333206054169835 0.047675448488688425
559.196 -0.7232323597485459 0.05448432553166336
560.81 -0.7431466376472485 0.039823647268023225
562.424 -0.7319186763992958 0.023999110228015867
564.038 -0.7298273583755995 0.03658446310636139
565.651 -0.7415907471948301 0.04153319816896119
567.265 -0.7135232064682169 0.04366326281977989
568.879 -0.7206420255203079 0.026833558966060628
570.493 -0.7000214560646905 0.038834784141183076
572.106 -0.7043050148869253 0.027868131524749
573.72 -0.6969677697295386 0.05423145610704383
575.333 -0.7139817636917803 0.0540191593273004
576.947 -0.6895262066696967 0.04176935225252474
578.56 -0.6749255963895803 0.032359293267752325
580.174 -0.6908856339350565 0.016243051861970656
581.787 -0.6705961036079533 0.034404549110425606
583.4 -0.6681977442221839 0.042918626673765385
585.014 -0.6684702503175923 0.044032608063363045
586.627 -0.6699242091510307 0.023078059849289127
588.24 -0.6758330895930004 0.028011455662653166
589.853 -0.6497919428126535 0.02124407045140118
591.466 -0.6564323198683353 0.04383890861683132
593.079 -0.6536289461578392 0.02976987378674079
594.692 -0.6433285277212099 0.028943090587766097
596.305 -0.6420027052683328 0.035325780646331725
597.918 -0.6562471433353423 0.027290631535093576
599.53 -0.6517824107526141 0.02966442271241851
601.143 -0.6419199397758782 0.017609714484524384
602.755 -0.6352242386336509 0.049479637983843756
604.368 -0.6261234722325995 0.02601183259578433
605.981 -0.6208534049068066 0.009582629139180098
607.593 -0.6188535697085633 0.0384460484278603
609.205 -0.6394320142805865 0.040278741744739804
610.818 -0.6282921336771696 0.042105044679626724
612.43 -0.5984996070765085 0.036117494485279796
614.042 -0.6083999471269785 0.04175471585457081
615.654 -0.6203250161150093 0.04893239778695478
617.266 -0.5975936535920018 0.04764362108042359
618.878 -0.6034507384797505 0.034460903318253015
620.49 -0.5905218925369009 0.03005551428574514
622.102 -0.5994291074697726 0.024834572880578474
623.714 -0.5991455723699692 0.0501870473567976
625.325 -0.5811194992472457 0.03300474738586433
626.937 -0.5763404001439437 0.03864104573966507
628.548 -0.6038965264425715 0.023821574857894944
630.16 -0.5843820501505606 0.02790592663157548
631.771 -0.584992049742597 0.038230065503129504
633.383 -0.5811408464367567 0.010154375185193396
634.994 -0.5680750182310823 0.037402369950638066
636.605 -0.5705072088542114 0.03039859923710275
638.216 -0.5634578478038655 0.03302157835547089
639.827 -0.5600768989621491 0.05570834462622891
641.438 -0.5636503225850098 0.023476857765376388
643.049 -0.56935798629252 0.022855293664399652
644.66 -0.5541537692669726 0.027444077721593723
646.271 -0.5721739541911043 0.013542601939959572
647.881 -0.5423110912277295 0.034914125695073434
649.492 -0.5500270549980841 0.03110664549295943
651.103 -0.537413724917832 0.03474051749911174
652.713 -0.5518146062694831 0.035767251542248246
654.323 -0.5525274502424937 0.02896822977461753
655.934 -0.5424373344951052 0.03132733490178023
657.544 -0.5473284816743654 0.02694836517961835
659.154 -0.5397739187671238 0.028312252982214514
660.764 -0.528199874726183 0.03729072401823142
662.374 -0.5458052524840349 0.03615638926223469
663.984 -0.5195702742065382 0.023055086082338357
665.594 -0.5292520732204358 0.03023545015166259
667.204 -0.5207582966270444 0.03480995130232956
668.813 -0.5298074559631982 0.022081374542210905
670.423 -0.5258063126335821 0.022169494217902114
672.032 -0.522299496782745 0.031062815680178456
673.642 -0.5381003275966518 0.023006189384683143
675.251 -0.5343719753486621 0.01971964067333579
676.86 -0.5191312675707497 0.0153152572417619
678.469 -0.48310781132881414 0.04621693703359044
680.079 -0.5160672998466943 0.02377625380115217
681.688 -0.5129427232487803 0.028037912248152212
683.296 -0.5016513994841765 0.023100904696436823
684.905 -0.5067212556748187 0.018355755175844986
686.514 -0.5087147139483669 0.014352681696519584
688.123 -0.4992615544367272 0.02161218174217286
689.731 -0.48960675769714995 0.030764488935346026
691.34 -0.4908106455394298 0.02548092519325314
692.948 -0.4848884401143967 0.043981723046898916
694.556 -0.5030396606687335 0.013167178958266372
696.164 -0.4865265142849732 0.029852277020206024
697.772 -0.4770864907628518 0.03012015537912291
699.38 -0.5061993610105211 0.02592720050815772
700.988 -0.4782809851255485 0.03703549413977656
702.596 -0.4849826908362246 0.030845882053840406
704.204 -0.49440994380024855 0.027841363462668505
705.811 -0.4948230163110454 0.032300330997557004
707.419 -0.48995149562195445 0.022369570552356183
709.026 -0.4870959239231756 0.027811258448984185
710.634 -0.47285665820205774 0.025263833635752485
712.241 -0.4710086273494795 0.03163102602472395
713.848 -0.48654037445153103 0.031070169415636083
715.455 -0.5002057261292066 0.03355708802951391
717.062 -0.4718891215290059 0.03215051356931005
718.669 -0.49235684616529174 0.014346667050237983
720.276 -0.47395138381319657 0.0383257594958297
721.882 -0.45670285899462226 0.031897589134844036
723.489 -0.4616382655292452 0.03404313310729068
725.095 -0.4513329756962415 0.032553919854422096
726.701 -0.4583390897220738 0.037450759608907994
728.308 -0.4812546055229315 0.04310702554003269
729.914 -0.460056034786534 0.022378924555782942
731.52 -0.4622898721838161 0.020813975474690594
733.126 -0.43851079976272067 0.034820227561116655
734.732 -0.46856627891670116 0.02231922580921398
736.337 -0.4546453333044841 0.034035986135726774
737.943 -0.4514132405902131 0.027094456817331344
739.548 -0.43712053261218536 0.04160755219219563
741.154 -0.45440571857892104 0.028578288929837995
742.759 -0.4553138649651059 0.02227624983322264
744.364 -0.44673058499818113 0.03805117197755995
745.969 -0.4618867888614254 0.02487244079211461
747.574 -0.4744539837915657 0.025042704506459436
749.179 -0.45144229675274206 0.035430590955974194
750.784 -0.42907999801111746 0.03454762673164104
752.388 -0.4540411435656679 0.018436749289493164
753.993 -0.46073708975425354 0.031569382265048414
755.597 -0.4361587494493171 0.027655641015553456
757.202 -0.444509281653114 0.021385069758203836
758.806 -0.4391046294024441 0.021705151233777437
760.41 -0.4138700649686878 0.02496870014883096
762.014 -0.4378824481585943 0.03411924556095761
763.618 -0.43425423919207173 0.008580736396876152
765.221 -0.4523183278213894 0.025486297363412496
766.825 -0.45706498536318513 0.013001307681885224
768.429 -0.46595714191046667 0.03114322172479438
770.032 -0.40848397864344715 0.04315356541951038
771.635 -0.4291026150959075 0.03707933945206151
773.238 -0.43048604739637775 0.02951739573517972
774.841 -0.4265956048764293 0.06119364384988216
776.444 -0.43170157578843055 0.047506132379200865
778.047 -0.4726247500255665 0.020278830595175736
779.65 -0.41444767945454325 0.058874942944207254
781.252 -0.4405798220296156 0.05368030030981585
782.855 -0.4631778800304214 0.03668202124255275
784.457 -0.4341109394664942 0.0438322628660089
786.059 -0.3951914003418041 0.04681878576046397
787.661 -0.45432561738951166 0.034341790124979336
789.263 -0.42450777380829585 0.06628307005206385
790.865 -0.39694392062827877 0.03832020238700586
792.467 -0.44009398823474083 0.02437647704674182
794.068 -0.40304992846541376 0.029397564056457152
795.67 -0.4003381976299521 0.06188685882711244
797.271 -0.401538428693568 0.06317928894937928
798.872 -0.4233920083944753 0.05002099838731431
800.473 -0.3933077373641905 0.037504180418834354
802.074 -0.4000159227661953 0.03478620682542704
803.675 -0.41835122492059623 0.024277034371781605
805.276 -0.437546629264155 0.03839220346665019
806.876 -0.39808595489493426 0.03585297071691505
808.477 -0.40142479587864466 0.025379511180798193
810.077 -0.4012878404393785 0.04691415267371699
811.677 -0.3977345092736024 0.04077519676602227
813.277 -0.35918323739776165 0.05606555018929827
814.877 -0.39965121488327293 0.07236417915055993
816.477 -0.4008955244205228 0.02940043647983946
818.077 -0.3918222125686955 0.03808947600765911
819.676 -0.3908372463001642 0.025428489230585178
821.276 -0.39433867041065196 0.021817910076334424
822.875 -0.39563606106783183 0.015085601136504985
824.474 -0.39583890529465504 0.018264602904926826
826.073 -0.3960259847854067 0.014217318086675241
827.672 -0.398632172919622 0.01763918990998155
829.271 -0.3820211254649123 0.018457567368586645
830.869 -0.39739055298212234 0.010215268822919323
832.468 -0.38967189029617316 0.013699695546566871
834.066 -0.38911331172330205 0.021960930499447164
835.664 -0.3861578370142259 0.01706613603116131
837.262 -0.3882364791665254 0.027181894977139964
838.86 -0.3792366318329642 0.02465934988520451
840.458 -0.38105294769948483 0.017673387817465067
842.055 -0.3631033234592934 0.04697537342024844
843.653 -0.4104659935295623 0.014000582291258341
845.25 -0.3895683967683879 0.04424281391219845
846.847 -0.38512989739401937 0.07815571804347339
848.444 -0.39104273536138545 0.04638039678547373
850.041 -0.3913934693840831 0.06381114590403048
851.638 -0.42602550598200783 0.051101259325469356
853.234 -0.39120477751979194 0.05413333974086405
854.831 -0.41418249172551563 0.04064648256182062
856.427 -0.3648679954589305 0.0754708207218857
858.023 -0.394687728873531 0.047937500318411305
859.619 -0.37870977916166826 0.07343274650400965
861.215 -0.3961503794726662 0.03436104455225896
862.811 -0.36321688599628643 0.04061732920023329
864.407 -0.34015465983019033 0.060861686451278575
866.002 -0.35913433395055205 0.05727746139699855
867.597 -0.37424637412431655 0.036736130730557724
869.192 -0.39316900611716327 0.053018314384996136
870.787 -0.3768503109024175 0.03855542002982612
872.382 -0.3952626212113953 0.041200167883743415
873.977 -0.3741296601497296 0.04258853730180146
875.571 -0.364449446432989 0.03435410060577516
877.166 -0.3770340305181237 0.025817733574377104
878.76 -0.37091434594967776 0.024325220613211
880.354 -0.37358846502336607 0.014264542957497519
881.948 -0.3692530965765273 0.014840821343393542
883.542 -0.3720423039200804 0.014661757686727016
885.135 -0.3761228449082942 0.012598059320097854
886.729 -0.366267198959802 0.017760186686058235
888.322 -0.36360735368192443 0.024124120702444456
889.915 -0.37234012299302843 0.030787363354338997
891.508 -0.37505715543988927 0.018007539510392214
893.101 -0.3646486875758338 0.01755323410274603
894.694 -0.3666303486396399 0.023452761040602624
896.286 -0.3597745549508759 0.02158098931442699
897.879 -0.37507667499818015 0.015132612309463089
899.471 -0.3728155292414309 0.008849196405887235
901.063 -0.3656487416681808 0.028105373515309028
902.655 -0.3675418029930398 0.015339764146045593
904.247 -0.3627875281223871 0.01572090984827802
905.838 -0.3502959039389084 0.012390406346767857
907.429 -0.3515796659404657 0.017318720536673233
909.021 -0.3700695552819273 0.026860681414286606
910.612 -0.33154168396931927 0.029954651092276224
912.203 -0.36844620576581316 0.024943370938938843
913.793 -0.3640032265298231 0.028160926131820245
915.384 -0.36348830063470133 0.015492329032387604
916.974 -0.3655441004630899 0.013660094827338145
918.565 -0.36158335251995477 0.026450502072850525
920.155 -0.34706990260011006 0.025633618882538466
921.745 -0.36757691540248566 0.01560357503263092
923.334 -0.3412330783017215 0.03210523634170113
924.924 -0.369746980036741 0.021862379322208605
926.513 -0.38672517330735695 0.021971101262369837
928.103 -0.3389295126072167 0.03174715461843137
929.692 -0.35499314407375315 0.07536593930554923
931.28 -0.3761037825005995 0.061352206661509895
932.869 -0.36410129191205426 0.026803340968379
934.458 -0.3143111360039751 0.043893871100857365
936.046 -0.37325720510709903 0.052926798092971475
937.634 -0.33974470075917884 0.03884577971743683
939.222 -0.3280523267160601 0.053716335901656975
940.81 -0.36726179368004597 0.058116372287670734
942.398 -0.37004044955341614 0.04257308711571783
943.985 -0.3436744507576338 0.03726042996043574
945.573 -0.360513448091695 0.039370785440486555
947.16 -0.3537250908133482 0.09601334750099524
948.747 -0.33046237790662225 0.03665433669059822
950.334 -0.34038434481487506 0.033302562297317796
951.92 -0.331956737866738 0.04401287427390695
953.507 -0.36397491259501635 0.06208388174775771
955.093 -0.3323836182482337 0.03310421303692972
956.679 -0.35969494452648837 0.045189176249861476
958.265 -0.35562688745769944 0.058617392555430865
959.851 -0.29016738274731074 0.10428542998473016
961.436 -0.3813904536413102 0.10890748271150279
963.022 -0.3551979725081312 0.07916070182476266
964.607 -0.3284780820798111 0.09862211126731156
966.192 -0.33100104146439 0.060724741270444645
967.777 -0.3844708079729672 0.05990043868607613
969.361 -0.321462396898228 0.14474584497999402
970.946 -0.37339146279884233 0.044329189634626155
972.53 -0.3729600333465849 0.04080981407326721
974.114 -0.35562451345420154 0.022499500160388607
975.698 -0.35272625956784054 0.02211687436809245
977.282 -0.3267597968224554 0.02783103610400574
978.865 -0.3323677537819767 0.02668246107945651
980.449 -0.3502600697766919 0.023331019158677847
982.032 -0.35957311274352094 0.03394683254379047
983.615 -0.327529209697296 0.026172749192498804
985.198 -0.32718716166984146 0.02524353858767391
986.78 -0.3428526410996958 0.043946915702892435
988.363 -0.34932728438361155 0.019248142110016773
989.945 -0.35293206800270754 0.025730657069828806
991.527 -0.3489695872663252 0.029360010326593432
993.109 -0.32996825161387633 0.026380520720368093
994.69 -0.31778599108647826 0.03531043788343277
996.272 -0.33650525365320066 0.022341591618296196
997.853 -0.3499077709838583 0.030609153413134953
999.434 -0.3535359272306229 0.057570306302546226
