
FM-removed
XY-Scan
nm
E	210.379	90.000	37.4141	183.0903	0.2401	0.4780	0.0000	6.8000
dPolE	210.379	90.000	99.9803	1.0000	0.0000	6.8000
uR	210.379	90.000	0.0194	1.0000	0.0000	6.8000
E	211.990	90.000	27.4469	20.7419	0.2682	0.6317	0.0000	6.8000
dPolE	211.990	90.000	99.9823	1.0000	0.0000	6.8000
uR	211.990	90.000	0.0129	1.0000	0.0000	6.8000
E	213.602	90.000	4.5956	192.4298	0.2475	2.9174	0.0000	6.8000
dPolE	213.602	90.000	99.9810	1.0000	0.0000	6.8000
uR	213.602	90.000	0.0076	1.0000	0.0000	6.8000
E	215.214	90.000	36.8685	96.4859	0.2412	0.5053	0.0000	6.8000
dPolE	215.214	90.000	99.9987	1.0000	0.0000	6.8000
uR	215.214	90.000	0.0086	1.0000	0.0000	6.8000
E	216.826	90.000	38.7644	54.5241	0.2655	0.5250	0.0000	6.8000
dPolE	216.826	90.000	99.9764	1.0000	0.0000	6.8000
uR	216.826	90.000	0.0069	1.0000	0.0000	6.8000
E	218.438	90.000	56.8130	190.4960	0.2735	0.5121	0.0000	6.8000
dPolE	218.438	90.000	99.9681	1.0000	0.0000	6.8000
uR	218.438	90.000	0.0076	1.0000	0.0000	6.8000
E	220.050	90.000	58.9040	275.1609	0.2527	0.5917	0.0000	6.8000
dPolE	220.050	90.000	99.9542	1.0000	0.0000	6.8000
uR	220.050	90.000	0.0100	1.0000	0.0000	6.8000
E	221.662	90.000	57.9938	149.2298	0.2342	0.4473	0.0000	6.8000
dPolE	221.662	90.000	99.9561	1.0000	0.0000	6.8000
uR	221.662	90.000	0.0052	1.0000	0.0000	6.8000
E	223.274	90.000	41.0798	345.2207	0.2732	0.4298	0.0000	6.8000
dPolE	223.274	90.000	99.9780	1.0000	0.0000	6.8000
uR	223.274	90.000	0.0059	1.0000	0.0000	6.8000
E	224.886	90.000	19.3876	5.0533	0.2870	0.6759	0.0000	6.8000
dPolE	224.886	90.000	99.9666	1.0000	0.0000	6.8000
uR	224.886	90.000	0.0047	1.0000	0.0000	6.8000
E	226.498	90.000	35.4034	187.2159	0.2888	0.4361	0.0000	6.8000
dPolE	226.498	90.000	99.9724	1.0000	0.0000	6.8000
uR	226.498	90.000	0.0023	1.0000	0.0000	6.8000
E	228.111	90.000	25.2048	57.9687	0.2375	0.6185	0.0000	6.8000
dPolE	228.111	90.000	99.9990	1.0000	0.0000	6.8000
uR	228.111	90.000	0.0028	1.0000	0.0000	6.8000
E	229.723	90.000	81.2542	264.4888	0.2048	1.9405	0.0000	6.8000
dPolE	229.723	90.000	99.9443	1.0000	0.0000	6.8000
uR	229.723	90.000	0.0024	1.0000	0.0000	6.8000
E	231.335	90.000	61.4029	15.6742	0.2976	0.4786	0.0000	6.8000
dPolE	231.335	90.000	99.9875	1.0000	0.0000	6.8000
uR	231.335	90.000	0.0016	1.0000	0.0000	6.8000
E	232.948	90.000	40.7237	104.4035	0.2757	0.5504	0.0000	6.8000
dPolE	232.948	90.000	99.9955	1.0000	0.0000	6.8000
uR	232.948	90.000	0.0019	1.0000	0.0000	6.8000
E	234.560	90.000	54.1714	179.5932	0.2800	0.3562	0.0000	6.8000
dPolE	234.560	90.000	99.8677	1.0000	0.0000	6.8000
uR	234.560	90.000	0.0033	1.0000	0.0000	6.8000
E	236.173	90.000	32.1259	335.0970	0.2991	0.4563	0.0000	6.8000
dPolE	236.173	90.000	99.9578	1.0000	0.0000	6.8000
uR	236.173	90.000	0.0031	1.0000	0.0000	6.8000
E	237.786	90.000	22.3591	92.9839	0.2563	0.8945	0.0000	6.8000
dPolE	237.786	90.000	99.9811	1.0000	0.0000	6.8000
uR	237.786	90.000	0.0013	1.0000	0.0000	6.8000
E	239.398	90.000	32.7810	2.2154	0.3135	0.3868	0.0000	6.8000
dPolE	239.398	90.000	99.9880	1.0000	0.0000	6.8000
uR	239.398	90.000	0.0015	1.0000	0.0000	6.8000
E	241.011	90.000	47.1514	318.4774	0.3080	0.4824	0.0000	6.8000
dPolE	241.011	90.000	99.9628	1.0000	0.0000	6.8000
uR	241.011	90.000	0.0018	1.0000	0.0000	6.8000
E	242.624	90.000	8.4306	239.1669	0.2210	1.9034	0.0000	6.8000
dPolE	242.624	90.000	99.9999	1.0000	0.0000	6.8000
uR	242.624	90.000	0.0013	1.0000	0.0000	6.8000
E	244.237	90.000	13.6631	124.9894	0.2576	1.2461	0.0000	6.8000
dPolE	244.237	90.000	99.9729	1.0000	0.0000	6.8000
uR	244.237	90.000	0.0010	1.0000	0.0000	6.8000
E	245.850	90.000	25.9319	8.1941	0.3099	0.4257	0.0000	6.8000
dPolE	245.850	90.000	99.9811	1.0000	0.0000	6.8000
uR	245.850	90.000	0.0007	1.0000	0.0000	6.8000
E	247.463	90.000	68.4380	137.3573	0.2817	0.7070	0.0000	6.8000
dPolE	247.463	90.000	99.9927	1.0000	0.0000	6.8000
uR	247.463	90.000	0.0014	1.0000	0.0000	6.8000
E	249.076	90.000	13.5321	124.0351	0.2561	1.2757	0.0000	6.8000
dPolE	249.076	90.000	99.9973	1.0000	0.0000	6.8000
uR	249.076	90.000	0.0011	1.0000	0.0000	6.8000
E	250.689	90.000	22.3583	247.6569	0.2527	0.8228	0.0000	6.8000
dPolE	250.689	90.000	99.9829	1.0000	0.0000	6.8000
uR	250.689	90.000	0.0007	1.0000	0.0000	6.8000
E	252.302	90.000	26.2939	111.3450	0.3011	0.8245	0.0000	6.8000
dPolE	252.302	90.000	99.9841	1.0000	0.0000	6.8000
uR	252.302	90.000	0.0007	1.0000	0.0000	6.8000
E	253.916	90.000	20.5343	323.1161	0.2698	0.6454	0.0000	6.8000
dPolE	253.916	90.000	99.9712	1.0000	0.0000	6.8000
uR	253.916	90.000	0.0011	1.0000	0.0000	6.8000
E	255.529	90.000	55.5406	6.3090	0.3061	0.3361	0.0000	6.8000
dPolE	255.529	90.000	99.9275	1.0000	0.0000	6.8000
uR	255.529	90.000	0.0009	1.0000	0.0000	6.8000
E	257.142	90.000	24.1380	149.1687	0.3082	0.5788	0.0000	6.8000
dPolE	257.142	90.000	99.9841	1.0000	0.0000	6.8000
uR	257.142	90.000	0.0009	1.0000	0.0000	6.8000
E	258.756	90.000	26.8986	158.5568	0.2950	0.4412	0.0000	6.8000
dPolE	258.756	90.000	99.9829	1.0000	0.0000	6.8000
uR	258.756	90.000	0.0006	1.0000	0.0000	6.8000
E	260.369	90.000	18.3820	16.6338	0.3064	0.5843	0.0000	6.8000
dPolE	260.369	90.000	99.9916	1.0000	0.0000	6.8000
uR	260.369	90.000	0.0005	1.0000	0.0000	6.8000
E	261.983	90.000	32.4531	321.1407	0.2802	0.4702	0.0000	6.8000
dPolE	261.983	90.000	99.9812	1.0000	0.0000	6.8000
uR	261.983	90.000	0.0009	1.0000	0.0000	6.8000
E	263.596	90.000	34.5097	334.7040	0.2912	0.3926	0.0000	6.8000
dPolE	263.596	90.000	99.9195	1.0000	0.0000	6.8000
uR	263.596	90.000	0.0010	1.0000	0.0000	6.8000
E	265.210	90.000	52.7368	146.2786	0.2920	0.4256	0.0000	6.8000
dPolE	265.210	90.000	99.9764	1.0000	0.0000	6.8000
uR	265.210	90.000	0.0006	1.0000	0.0000	6.8000
E	266.823	90.000	38.4293	2.7905	0.2985	0.3120	0.0000	6.8000
dPolE	266.823	90.000	99.9839	1.0000	0.0000	6.8000
uR	266.823	90.000	0.0008	1.0000	0.0000	6.8000
E	268.437	90.000	38.5646	315.9067	0.2895	0.4714	0.0000	6.8000
dPolE	268.437	90.000	99.9972	1.0000	0.0000	6.8000
uR	268.437	90.000	0.0006	1.0000	0.0000	6.8000
E	270.051	90.000	55.0961	321.8335	0.2795	0.4473	0.0000	6.8000
dPolE	270.051	90.000	99.9936	1.0000	0.0000	6.8000
uR	270.051	90.000	0.0011	1.0000	0.0000	6.8000
E	271.665	90.000	34.0182	210.9556	0.2670	0.3969	0.0000	6.8000
dPolE	271.665	90.000	99.9999	1.0000	0.0000	6.8000
uR	271.665	90.000	0.0007	1.0000	0.0000	6.8000
E	273.279	90.000	20.6735	342.3406	0.2759	0.4964	0.0000	6.8000
dPolE	273.279	90.000	99.9697	1.0000	0.0000	6.8000
uR	273.279	90.000	0.0006	1.0000	0.0000	6.8000
E	274.892	90.000	34.4026	0.8114	0.2767	0.3131	0.0000	6.8000
dPolE	274.892	90.000	99.9756	1.0000	0.0000	6.8000
uR	274.892	90.000	0.0006	1.0000	0.0000	6.8000
E	276.506	90.000	52.1038	195.6460	0.2561	0.3062	0.0000	6.8000
dPolE	276.506	90.000	99.9449	1.0000	0.0000	6.8000
uR	276.506	90.000	0.0008	1.0000	0.0000	6.8000
E	278.120	90.000	51.5038	193.9042	0.2688	0.3168	0.0000	6.8000
dPolE	278.120	90.000	99.9904	1.0000	0.0000	6.8000
uR	278.120	90.000	0.0004	1.0000	0.0000	6.8000
E	279.734	90.000	39.5479	36.0517	0.2722	0.4087	0.0000	6.8000
dPolE	279.734	90.000	99.9923	1.0000	0.0000	6.8000
uR	279.734	90.000	0.0005	1.0000	0.0000	6.8000
E	281.349	90.000	23.2633	72.6032	0.2156	0.6884	0.0000	6.8000
dPolE	281.349	90.000	99.9999	1.0000	0.0000	6.8000
uR	281.349	90.000	0.0005	1.0000	0.0000	6.8000
E	282.963	90.000	19.1445	237.6095	0.2214	0.7669	0.0000	6.8000
dPolE	282.963	90.000	99.9835	1.0000	0.0000	6.8000
uR	282.963	90.000	0.0006	1.0000	0.0000	6.8000
E	284.577	90.000	64.8937	80.4402	0.2133	0.6451	0.0000	6.8000
dPolE	284.577	90.000	99.9882	1.0000	0.0000	6.8000
uR	284.577	90.000	0.0003	1.0000	0.0000	6.8000
E	286.191	90.000	43.0496	68.6055	0.2419	0.4630	0.0000	6.8000
dPolE	286.191	90.000	99.9970	1.0000	0.0000	6.8000
uR	286.191	90.000	0.0003	1.0000	0.0000	6.8000
E	287.805	90.000	17.9290	224.4327	0.2092	0.6539	0.0000	6.8000
dPolE	287.805	90.000	99.9810	1.0000	0.0000	6.8000
uR	287.805	90.000	0.0006	1.0000	0.0000	6.8000
E	289.420	90.000	73.7191	49.0768	0.2039	0.7496	0.0000	6.8000
dPolE	289.420	90.000	99.9980	1.0000	0.0000	6.8000
uR	289.420	90.000	0.0005	1.0000	0.0000	6.8000
E	291.034	90.000	22.9818	332.9339	0.2246	0.4470	0.0000	6.8000
dPolE	291.034	90.000	99.9861	1.0000	0.0000	6.8000
uR	291.034	90.000	0.0005	1.0000	0.0000	6.8000
E	292.649	90.000	37.4055	210.7524	0.2250	0.3383	0.0000	6.8000
dPolE	292.649	90.000	99.9778	1.0000	0.0000	6.8000
uR	292.649	90.000	0.0005	1.0000	0.0000	6.8000
E	294.263	90.000	38.7764	146.4773	0.2260	0.3463	0.0000	6.8000
dPolE	294.263	90.000	99.9842	1.0000	0.0000	6.8000
uR	294.263	90.000	0.0004	1.0000	0.0000	6.8000
E	295.877	90.000	33.9907	17.5650	0.2342	0.3314	0.0000	6.8000
dPolE	295.877	90.000	99.9953	1.0000	0.0000	6.8000
uR	295.877	90.000	0.0003	1.0000	0.0000	6.8000
E	297.492	90.000	13.1315	91.2528	0.1533	0.9798	0.0000	6.8000
dPolE	297.492	90.000	99.9898	1.0000	0.0000	6.8000
uR	297.492	90.000	0.0003	1.0000	0.0000	6.8000
E	299.107	90.000	20.1550	212.0685	0.1829	0.4460	0.0000	6.8000
dPolE	299.107	90.000	99.9904	1.0000	0.0000	6.8000
uR	299.107	90.000	0.0004	1.0000	0.0000	6.8000
E	300.721	90.000	82.9095	0.7537	0.2133	1.1001	0.0000	6.8000
dPolE	300.721	90.000	99.9456	1.0000	0.0000	6.8000
uR	300.721	90.000	0.0005	1.0000	0.0000	6.8000
E	302.336	90.000	45.5510	83.2787	0.2113	0.4210	0.0000	6.8000
dPolE	302.336	90.000	99.9986	1.0000	0.0000	6.8000
uR	302.336	90.000	0.0006	1.0000	0.0000	6.8000
E	303.950	90.000	28.0674	168.5244	0.1907	0.3062	0.0000	6.8000
dPolE	303.950	90.000	99.9960	1.0000	0.0000	6.8000
uR	303.950	90.000	0.0004	1.0000	0.0000	6.8000
E	305.565	90.000	57.8825	259.2143	0.1882	0.4371	0.0000	6.8000
dPolE	305.565	90.000	99.9940	1.0000	0.0000	6.8000
uR	305.565	90.000	0.0004	1.0000	0.0000	6.8000
E	307.180	90.000	53.2913	197.0096	0.1893	0.2764	0.0000	6.8000
dPolE	307.180	90.000	99.9397	1.0000	0.0000	6.8000
uR	307.180	90.000	0.0006	1.0000	0.0000	6.8000
E	308.795	90.000	30.2921	142.3745	0.1837	0.3503	0.0000	6.8000
dPolE	308.795	90.000	99.9758	1.0000	0.0000	6.8000
uR	308.795	90.000	0.0004	1.0000	0.0000	6.8000
E	310.410	90.000	47.2686	2.8850	0.1892	0.2594	0.0000	6.8000
dPolE	310.410	90.000	99.9655	1.0000	0.0000	6.8000
uR	310.410	90.000	0.0005	1.0000	0.0000	6.8000
E	312.024	90.000	29.7870	6.2946	0.1911	0.3072	0.0000	6.8000
dPolE	312.024	90.000	99.9582	1.0000	0.0000	6.8000
uR	312.024	90.000	0.0005	1.0000	0.0000	6.8000
E	313.639	90.000	63.9122	167.4542	0.1907	0.3460	0.0000	6.8000
dPolE	313.639	90.000	99.9796	1.0000	0.0000	6.8000
uR	313.639	90.000	0.0005	1.0000	0.0000	6.8000
E	315.254	90.000	57.2571	260.1867	0.1812	0.4129	0.0000	6.8000
dPolE	315.254	90.000	99.9986	1.0000	0.0000	6.8000
uR	315.254	90.000	0.0002	1.0000	0.0000	6.8000
E	316.869	90.000	30.9635	295.1911	0.1822	0.4131	0.0000	6.8000
dPolE	316.869	90.000	99.9893	1.0000	0.0000	6.8000
uR	316.869	90.000	0.0004	1.0000	0.0000	6.8000
E	318.484	90.000	54.2989	312.7027	0.1687	0.3183	0.0000	6.8000
dPolE	318.484	90.000	99.9556	1.0000	0.0000	6.8000
uR	318.484	90.000	0.0005	1.0000	0.0000	6.8000
E	320.099	90.000	89.9900	180.8490	0.1716	719.1856	0.0000	6.8000
dPolE	320.099	90.000	99.9853	1.0000	0.0000	6.8000
uR	320.099	90.000	0.0003	1.0000	0.0000	6.8000
E	321.714	90.000	84.3333	257.7598	0.1349	1.7794	0.0000	6.8000
dPolE	321.714	90.000	99.9931	1.0000	0.0000	6.8000
uR	321.714	90.000	0.0003	1.0000	0.0000	6.8000
E	323.330	90.000	32.0767	332.5870	0.1614	0.2912	0.0000	6.8000
dPolE	323.330	90.000	99.9694	1.0000	0.0000	6.8000
uR	323.330	90.000	0.0005	1.0000	0.0000	6.8000
E	324.945	90.000	27.4132	137.0514	0.1679	0.3730	0.0000	6.8000
dPolE	324.945	90.000	99.9976	1.0000	0.0000	6.8000
uR	324.945	90.000	0.0004	1.0000	0.0000	6.8000
E	326.560	90.000	63.4236	356.5257	0.1740	0.3333	0.0000	6.8000
dPolE	326.560	90.000	99.9919	1.0000	0.0000	6.8000
uR	326.560	90.000	0.0004	1.0000	0.0000	6.8000
E	328.175	90.000	83.3369	267.0571	0.1340	1.4827	0.0000	6.8000
dPolE	328.175	90.000	99.9857	1.0000	0.0000	6.8000
uR	328.175	90.000	0.0003	1.0000	0.0000	6.8000
E	329.790	90.000	45.5985	181.1925	0.1577	0.2446	0.0000	6.8000
dPolE	329.790	90.000	99.9926	1.0000	0.0000	6.8000
uR	329.790	90.000	0.0003	1.0000	0.0000	6.8000
E	331.406	90.000	57.3211	356.2451	0.1650	0.2869	0.0000	6.8000
dPolE	331.406	90.000	99.9955	1.0000	0.0000	6.8000
uR	331.406	90.000	0.0003	1.0000	0.0000	6.8000
E	333.021	90.000	76.7851	317.9827	0.1548	0.6669	0.0000	6.8000
dPolE	333.021	90.000	99.9919	1.0000	0.0000	6.8000
uR	333.021	90.000	0.0003	1.0000	0.0000	6.8000
E	334.636	90.000	20.5135	187.5305	0.1401	0.3435	0.0000	6.8000
dPolE	334.636	90.000	99.9909	1.0000	0.0000	6.8000
uR	334.636	90.000	0.0003	1.0000	0.0000	6.8000
E	336.251	90.000	21.5797	9.1652	0.1512	0.3602	0.0000	6.8000
dPolE	336.251	90.000	99.9990	1.0000	0.0000	6.8000
uR	336.251	90.000	0.0002	1.0000	0.0000	6.8000
E	337.867	90.000	71.0841	205.0470	0.1451	0.4125	0.0000	6.8000
dPolE	337.867	90.000	99.9925	1.0000	0.0000	6.8000
uR	337.867	90.000	0.0002	1.0000	0.0000	6.8000
E	339.482	90.000	6.7554	218.9143	0.1478	1.2115	0.0000	6.8000
dPolE	339.482	90.000	99.9659	1.0000	0.0000	6.8000
uR	339.482	90.000	0.0005	1.0000	0.0000	6.8000
E	341.098	90.000	67.2407	131.0818	0.1413	0.3856	0.0000	6.8000
dPolE	341.098	90.000	99.9819	1.0000	0.0000	6.8000
uR	341.098	90.000	0.0004	1.0000	0.0000	6.8000
E	342.713	90.000	63.2725	252.2904	0.1440	0.3721	0.0000	6.8000
dPolE	342.713	90.000	99.9974	1.0000	0.0000	6.8000
uR	342.713	90.000	0.0003	1.0000	0.0000	6.8000
E	344.329	90.000	66.2833	181.3838	0.1511	0.3484	0.0000	6.8000
dPolE	344.329	90.000	99.9872	1.0000	0.0000	6.8000
uR	344.329	90.000	0.0003	1.0000	0.0000	6.8000
E	345.944	90.000	66.8743	305.9907	0.1453	0.4003	0.0000	6.8000
dPolE	345.944	90.000	99.9988	1.0000	0.0000	6.8000
uR	345.944	90.000	0.0004	1.0000	0.0000	6.8000
E	347.560	90.000	36.1155	92.9424	0.1437	0.3055	0.0000	6.8000
dPolE	347.560	90.000	99.9999	1.0000	0.0000	6.8000
uR	347.560	90.000	0.0004	1.0000	0.0000	6.8000
E	349.175	90.000	71.5438	260.5191	0.1320	0.4781	0.0000	6.8000
dPolE	349.175	90.000	99.9895	1.0000	0.0000	6.8000
uR	349.175	90.000	0.0003	1.0000	0.0000	6.8000
E	350.791	90.000	67.5939	5.8137	0.1475	0.3672	0.0000	6.8000
dPolE	350.791	90.000	99.9751	1.0000	0.0000	6.8000
uR	350.791	90.000	0.0004	1.0000	0.0000	6.8000
E	352.406	90.000	60.3577	105.0924	0.1456	0.3456	0.0000	6.8000
dPolE	352.406	90.000	99.9854	1.0000	0.0000	6.8000
uR	352.406	90.000	0.0003	1.0000	0.0000	6.8000
E	354.022	90.000	46.3837	340.5188	0.1428	0.2568	0.0000	6.8000
dPolE	354.022	90.000	99.9999	1.0000	0.0000	6.8000
uR	354.022	90.000	0.0001	1.0000	0.0000	6.8000
E	355.638	90.000	62.8218	142.1707	0.1413	0.3284	0.0000	6.8000
dPolE	355.638	90.000	99.9888	1.0000	0.0000	6.8000
uR	355.638	90.000	0.0003	1.0000	0.0000	6.8000
E	357.253	90.000	56.0739	4.9028	0.1402	0.2725	0.0000	6.8000
dPolE	357.253	90.000	99.9999	1.0000	0.0000	6.8000
uR	357.253	90.000	0.0002	1.0000	0.0000	6.8000
E	358.869	90.000	13.7745	218.6604	0.1314	0.5525	0.0000	6.8000
dPolE	358.869	90.000	99.9712	1.0000	0.0000	6.8000
uR	358.869	90.000	0.0005	1.0000	0.0000	6.8000
E	360.485	90.000	61.6320	299.0117	0.1389	0.3321	0.0000	6.8000
dPolE	360.485	90.000	99.9904	1.0000	0.0000	6.8000
uR	360.485	90.000	0.0003	1.0000	0.0000	6.8000
E	362.100	90.000	59.1455	259.6116	0.1333	0.3078	0.0000	6.8000
dPolE	362.100	90.000	99.9778	1.0000	0.0000	6.8000
uR	362.100	90.000	0.0004	1.0000	0.0000	6.8000
E	363.716	90.000	73.2502	269.2299	0.1281	0.4953	0.0000	6.8000
dPolE	363.716	90.000	99.9916	1.0000	0.0000	6.8000
uR	363.716	90.000	0.0002	1.0000	0.0000	6.8000
E	365.332	90.000	12.7713	26.1286	0.1348	0.5915	0.0000	6.8000
dPolE	365.332	90.000	99.9992	1.0000	0.0000	6.8000
uR	365.332	90.000	0.0003	1.0000	0.0000	6.8000
E	366.948	90.000	54.0047	160.3538	0.1261	0.2473	0.0000	6.8000
dPolE	366.948	90.000	99.9770	1.0000	0.0000	6.8000
uR	366.948	90.000	0.0004	1.0000	0.0000	6.8000
E	368.563	90.000	65.7183	222.5827	0.1332	0.3458	0.0000	6.8000
dPolE	368.563	90.000	99.9873	1.0000	0.0000	6.8000
uR	368.563	90.000	0.0003	1.0000	0.0000	6.8000
E	370.179	90.000	35.2759	27.1721	0.1300	0.2580	0.0000	6.8000
dPolE	370.179	90.000	99.9978	1.0000	0.0000	6.8000
uR	370.179	90.000	0.0003	1.0000	0.0000	6.8000
E	371.795	90.000	50.1531	123.8631	0.1339	0.2660	0.0000	6.8000
dPolE	371.795	90.000	99.9885	1.0000	0.0000	6.8000
uR	371.795	90.000	0.0004	1.0000	0.0000	6.8000
E	373.411	90.000	18.0001	205.0673	0.1213	0.3915	0.0000	6.8000
dPolE	373.411	90.000	99.9931	1.0000	0.0000	6.8000
uR	373.411	90.000	0.0003	1.0000	0.0000	6.8000
E	375.027	90.000	51.5398	6.4204	0.1233	0.2384	0.0000	6.8000
dPolE	375.027	90.000	99.9986	1.0000	0.0000	6.8000
uR	375.027	90.000	0.0003	1.0000	0.0000	6.8000
E	376.643	90.000	33.4662	316.4685	0.1324	0.2801	0.0000	6.8000
dPolE	376.643	90.000	99.9884	1.0000	0.0000	6.8000
uR	376.643	90.000	0.0005	1.0000	0.0000	6.8000
E	378.258	90.000	62.3977	339.4041	0.1191	0.2742	0.0000	6.8000
dPolE	378.258	90.000	99.9881	1.0000	0.0000	6.8000
uR	378.258	90.000	0.0003	1.0000	0.0000	6.8000
E	379.874	90.000	54.1605	226.7427	0.1312	0.2690	0.0000	6.8000
dPolE	379.874	90.000	99.9939	1.0000	0.0000	6.8000
uR	379.874	90.000	0.0002	1.0000	0.0000	6.8000
E	381.490	90.000	13.4721	117.9631	0.1156	0.5224	0.0000	6.8000
dPolE	381.490	90.000	99.9949	1.0000	0.0000	6.8000
uR	381.490	90.000	0.0002	1.0000	0.0000	6.8000
E	383.106	90.000	66.3552	88.8183	0.1263	0.3518	0.0000	6.8000
dPolE	383.106	90.000	99.9899	1.0000	0.0000	6.8000
uR	383.106	90.000	0.0004	1.0000	0.0000	6.8000
E	384.722	90.000	36.6123	218.4757	0.1276	0.2588	0.0000	6.8000
dPolE	384.722	90.000	99.9999	1.0000	0.0000	6.8000
uR	384.722	90.000	0.0003	1.0000	0.0000	6.8000
E	386.338	90.000	22.6227	197.4731	0.1210	0.3241	0.0000	6.8000
dPolE	386.338	90.000	99.9841	1.0000	0.0000	6.8000
uR	386.338	90.000	0.0004	1.0000	0.0000	6.8000
E	387.954	90.000	55.2339	277.8785	0.1235	0.2652	0.0000	6.8000
dPolE	387.954	90.000	99.9937	1.0000	0.0000	6.8000
uR	387.954	90.000	0.0004	1.0000	0.0000	6.8000
E	389.570	90.000	33.1027	272.6036	0.1108	0.2446	0.0000	6.8000
dPolE	389.570	90.000	99.9996	1.0000	0.0000	6.8000
uR	389.570	90.000	0.0002	1.0000	0.0000	6.8000
E	391.186	90.000	69.1585	2.5954	0.1200	0.3420	0.0000	6.8000
dPolE	391.186	90.000	99.9609	1.0000	0.0000	6.8000
uR	391.186	90.000	0.0005	1.0000	0.0000	6.8000
E	392.802	90.000	14.1119	3.9000	0.1239	0.4996	0.0000	6.8000
dPolE	392.802	90.000	99.9906	1.0000	0.0000	6.8000
uR	392.802	90.000	0.0003	1.0000	0.0000	6.8000
E	394.418	90.000	31.2451	340.1472	0.1211	0.2613	0.0000	6.8000
dPolE	394.418	90.000	99.9854	1.0000	0.0000	6.8000
uR	394.418	90.000	0.0003	1.0000	0.0000	6.8000
E	396.034	90.000	56.0088	34.7479	0.1251	0.2601	0.0000	6.8000
dPolE	396.034	90.000	99.9857	1.0000	0.0000	6.8000
uR	396.034	90.000	0.0003	1.0000	0.0000	6.8000
E	397.650	90.000	69.7847	298.0547	0.1170	0.3660	0.0000	6.8000
dPolE	397.650	90.000	99.9942	1.0000	0.0000	6.8000
uR	397.650	90.000	0.0002	1.0000	0.0000	6.8000
E	399.266	90.000	34.0922	356.1195	0.1198	0.2425	0.0000	6.8000
dPolE	399.266	90.000	99.9878	1.0000	0.0000	6.8000
uR	399.266	90.000	0.0003	1.0000	0.0000	6.8000
E	400.882	90.000	55.5281	23.6220	0.1206	0.2471	0.0000	6.8000
dPolE	400.882	90.000	99.9453	1.0000	0.0000	6.8000
uR	400.882	90.000	0.0005	1.0000	0.0000	6.8000
E	402.498	90.000	38.9268	36.1325	0.1154	0.2288	0.0000	6.8000
dPolE	402.498	90.000	99.9447	1.0000	0.0000	6.8000
uR	402.498	90.000	0.0005	1.0000	0.0000	6.8000
E	404.114	90.000	37.1588	27.3692	0.1210	0.2413	0.0000	6.8000
dPolE	404.114	90.000	99.9755	1.0000	0.0000	6.8000
uR	404.114	90.000	0.0004	1.0000	0.0000	6.8000
E	405.730	90.000	60.2122	15.4046	0.1192	0.2609	0.0000	6.8000
dPolE	405.730	90.000	99.9587	1.0000	0.0000	6.8000
uR	405.730	90.000	0.0004	1.0000	0.0000	6.8000
E	407.346	90.000	51.2707	11.3254	0.1164	0.2230	0.0000	6.8000
dPolE	407.346	90.000	99.9162	1.0000	0.0000	6.8000
uR	407.346	90.000	0.0006	1.0000	0.0000	6.8000
E	408.962	90.000	47.6766	13.7985	0.1138	0.2139	0.0000	6.8000
dPolE	408.962	90.000	99.8030	1.0000	0.0000	6.8000
uR	408.962	90.000	0.0009	1.0000	0.0000	6.8000
E	410.578	90.000	42.4332	17.3048	0.1266	0.2395	0.0000	6.8000
dPolE	410.578	90.000	99.8017	1.0000	0.0000	6.8000
uR	410.578	90.000	0.0008	1.0000	0.0000	6.8000
E	412.194	90.000	47.7461	359.2193	0.1157	0.2191	0.0000	6.8000
dPolE	412.194	90.000	99.7213	1.0000	0.0000	6.8000
uR	412.194	90.000	0.0010	1.0000	0.0000	6.8000
E	413.810	90.000	43.8381	5.7274	0.1171	0.2207	0.0000	6.8000
dPolE	413.810	90.000	99.7181	1.0000	0.0000	6.8000
uR	413.810	90.000	0.0010	1.0000	0.0000	6.8000
E	415.426	90.000	45.7296	5.7240	0.1129	0.2108	0.0000	6.8000
dPolE	415.426	90.000	99.5161	1.0000	0.0000	6.8000
uR	415.426	90.000	0.0013	1.0000	0.0000	6.8000
E	417.042	90.000	47.6885	0.4437	0.1208	0.2238	0.0000	6.8000
dPolE	417.042	90.000	99.4432	1.0000	0.0000	6.8000
uR	417.042	90.000	0.0014	1.0000	0.0000	6.8000
E	418.658	90.000	45.7824	3.9949	0.1184	0.2173	0.0000	6.8000
dPolE	418.658	90.000	99.2561	1.0000	0.0000	6.8000
uR	418.658	90.000	0.0016	1.0000	0.0000	6.8000
E	420.274	90.000	45.0985	3.1904	0.1180	0.2166	0.0000	6.8000
dPolE	420.274	90.000	99.1197	1.0000	0.0000	6.8000
uR	420.274	90.000	0.0017	1.0000	0.0000	6.8000
E	421.890	90.000	46.7028	1.3873	0.1105	0.2043	0.0000	6.8000
dPolE	421.890	90.000	98.9949	1.0000	0.0000	6.8000
uR	421.890	90.000	0.0020	1.0000	0.0000	6.8000
E	423.506	90.000	44.9958	3.4832	0.1086	0.2009	0.0000	6.8000
dPolE	423.506	90.000	98.7364	1.0000	0.0000	6.8000
uR	423.506	90.000	0.0023	1.0000	0.0000	6.8000
E	425.122	90.000	44.7349	3.2937	0.1135	0.2092	0.0000	6.8000
dPolE	425.122	90.000	98.6881	1.0000	0.0000	6.8000
uR	425.122	90.000	0.0024	1.0000	0.0000	6.8000
E	426.738	90.000	44.0796	5.8847	0.1103	0.2016	0.0000	6.8000
dPolE	426.738	90.000	98.3182	1.0000	0.0000	6.8000
uR	426.738	90.000	0.0026	1.0000	0.0000	6.8000
E	428.355	90.000	44.3845	3.5531	0.1087	0.1962	0.0000	6.8000
dPolE	428.355	90.000	98.3163	1.0000	0.0000	6.8000
uR	428.355	90.000	0.0028	1.0000	0.0000	6.8000
E	429.971	90.000	45.3820	3.6296	0.1046	0.1873	0.0000	6.8000
dPolE	429.971	90.000	97.8986	1.0000	0.0000	6.8000
uR	429.971	90.000	0.0031	1.0000	0.0000	6.8000
E	431.587	90.000	48.1423	4.2517	0.1079	0.1944	0.0000	6.8000
dPolE	431.587	90.000	97.0097	1.0000	0.0000	6.8000
uR	431.587	90.000	0.0036	1.0000	0.0000	6.8000
E	433.203	90.000	45.9447	2.3535	0.1060	0.1907	0.0000	6.8000
dPolE	433.203	90.000	97.4099	1.0000	0.0000	6.8000
uR	433.203	90.000	0.0036	1.0000	0.0000	6.8000
E	434.819	90.000	45.3601	4.5394	0.1007	0.1817	0.0000	6.8000
dPolE	434.819	90.000	97.4462	1.0000	0.0000	6.8000
uR	434.819	90.000	0.0036	1.0000	0.0000	6.8000
E	436.435	90.000	45.2023	3.4008	0.1102	0.1982	0.0000	6.8000
dPolE	436.435	90.000	96.7475	1.0000	0.0000	6.8000
uR	436.435	90.000	0.0038	1.0000	0.0000	6.8000
E	438.051	90.000	44.9614	5.1364	0.1103	0.1966	0.0000	6.8000
dPolE	438.051	90.000	96.1932	1.0000	0.0000	6.8000
uR	438.051	90.000	0.0040	1.0000	0.0000	6.8000
E	439.667	90.000	45.3228	2.8396	0.1111	0.1954	0.0000	6.8000
dPolE	439.667	90.000	95.5859	1.0000	0.0000	6.8000
uR	439.667	90.000	0.0043	1.0000	0.0000	6.8000
E	441.283	90.000	44.9032	3.7725	0.1093	0.1905	0.0000	6.8000
dPolE	441.283	90.000	95.0333	1.0000	0.0000	6.8000
uR	441.283	90.000	0.0045	1.0000	0.0000	6.8000
E	442.899	90.000	45.6912	1.7510	0.1031	0.1788	0.0000	6.8000
dPolE	442.899	90.000	95.2195	1.0000	0.0000	6.8000
uR	442.899	90.000	0.0046	1.0000	0.0000	6.8000
E	444.515	90.000	44.4283	3.8097	0.1096	0.1906	0.0000	6.8000
dPolE	444.515	90.000	94.3834	1.0000	0.0000	6.8000
uR	444.515	90.000	0.0050	1.0000	0.0000	6.8000
E	446.131	90.000	43.8367	0.6395	0.1042	0.1818	0.0000	6.8000
dPolE	446.131	90.000	94.6500	1.0000	0.0000	6.8000
uR	446.131	90.000	0.0051	1.0000	0.0000	6.8000
E	447.747	90.000	44.9807	2.8761	0.0996	0.1738	0.0000	6.8000
dPolE	447.747	90.000	94.5367	1.0000	0.0000	6.8000
uR	447.747	90.000	0.0050	1.0000	0.0000	6.8000
E	449.363	90.000	45.0313	3.1531	0.1022	0.1774	0.0000	6.8000
dPolE	449.363	90.000	93.7589	1.0000	0.0000	6.8000
uR	449.363	90.000	0.0052	1.0000	0.0000	6.8000
E	450.979	90.000	45.2859	3.8820	0.1002	0.1721	0.0000	6.8000
dPolE	450.979	90.000	91.6708	1.0000	0.0000	6.8000
uR	450.979	90.000	0.0056	1.0000	0.0000	6.8000
E	452.594	90.000	45.2357	3.0669	0.1055	0.1790	0.0000	6.8000
dPolE	452.594	90.000	91.3209	1.0000	0.0000	6.8000
uR	452.594	90.000	0.0057	1.0000	0.0000	6.8000
E	454.210	90.000	44.5462	3.2976	0.0998	0.1676	0.0000	6.8000
dPolE	454.210	90.000	91.6677	1.0000	0.0000	6.8000
uR	454.210	90.000	0.0060	1.0000	0.0000	6.8000
E	455.826	90.000	44.5289	1.1988	0.1042	0.1742	0.0000	6.8000
dPolE	455.826	90.000	91.4137	1.0000	0.0000	6.8000
uR	455.826	90.000	0.0060	1.0000	0.0000	6.8000
E	457.442	90.000	44.4925	3.2488	0.1027	0.1719	0.0000	6.8000
dPolE	457.442	90.000	90.8480	1.0000	0.0000	6.8000
uR	457.442	90.000	0.0062	1.0000	0.0000	6.8000
E	459.058	90.000	44.6726	3.2538	0.1002	0.1682	0.0000	6.8000
dPolE	459.058	90.000	89.6856	1.0000	0.0000	6.8000
uR	459.058	90.000	0.0065	1.0000	0.0000	6.8000
E	460.674	90.000	44.7757	1.1100	0.1005	0.1688	0.0000	6.8000
dPolE	460.674	90.000	89.3387	1.0000	0.0000	6.8000
uR	460.674	90.000	0.0065	1.0000	0.0000	6.8000
E	462.290	90.000	44.8533	2.1734	0.0950	0.1589	0.0000	6.8000
dPolE	462.290	90.000	88.0834	1.0000	0.0000	6.8000
uR	462.290	90.000	0.0067	1.0000	0.0000	6.8000
E	463.906	90.000	44.6398	3.2055	0.0972	0.1612	0.0000	6.8000
dPolE	463.906	90.000	86.8315	1.0000	0.0000	6.8000
uR	463.906	90.000	0.0069	1.0000	0.0000	6.8000
E	465.521	90.000	44.3117	2.9772	0.0980	0.1606	0.0000	6.8000
dPolE	465.521	90.000	85.4908	1.0000	0.0000	6.8000
uR	465.521	90.000	0.0071	1.0000	0.0000	6.8000
E	467.137	90.000	45.2267	2.3784	0.0908	0.1468	0.0000	6.8000
dPolE	467.137	90.000	83.8118	1.0000	0.0000	6.8000
uR	467.137	90.000	0.0072	1.0000	0.0000	6.8000
E	468.753	90.000	45.1851	2.1558	0.0901	0.1448	0.0000	6.8000
dPolE	468.753	90.000	80.7124	1.0000	0.0000	6.8000
uR	468.753	90.000	0.0075	1.0000	0.0000	6.8000
E	470.369	90.000	44.9245	2.4124	0.0935	0.1499	0.0000	6.8000
dPolE	470.369	90.000	81.9453	1.0000	0.0000	6.8000
uR	470.369	90.000	0.0076	1.0000	0.0000	6.8000
E	471.985	90.000	45.0141	2.5985	0.0893	0.1434	0.0000	6.8000
dPolE	471.985	90.000	83.3634	1.0000	0.0000	6.8000
uR	471.985	90.000	0.0077	1.0000	0.0000	6.8000
E	473.600	90.000	44.9976	1.6799	0.0956	0.1539	0.0000	6.8000
dPolE	473.600	90.000	83.3113	1.0000	0.0000	6.8000
uR	473.600	90.000	0.0079	1.0000	0.0000	6.8000
E	475.216	90.000	45.1844	2.3257	0.0961	0.1546	0.0000	6.8000
dPolE	475.216	90.000	84.7340	1.0000	0.0000	6.8000
uR	475.216	90.000	0.0081	1.0000	0.0000	6.8000
E	476.832	90.000	44.9291	1.7550	0.0947	0.1516	0.0000	6.8000
dPolE	476.832	90.000	85.9179	1.0000	0.0000	6.8000
uR	476.832	90.000	0.0083	1.0000	0.0000	6.8000
E	478.448	90.000	44.7121	2.6629	0.0946	0.1500	0.0000	6.8000
dPolE	478.448	90.000	85.8883	1.0000	0.0000	6.8000
uR	478.448	90.000	0.0083	1.0000	0.0000	6.8000
E	480.063	90.000	44.7782	2.1550	0.0959	0.1503	0.0000	6.8000
dPolE	480.063	90.000	84.2136	1.0000	0.0000	6.8000
uR	480.063	90.000	0.0086	1.0000	0.0000	6.8000
E	481.679	90.000	45.1804	1.5013	0.0912	0.1412	0.0000	6.8000
dPolE	481.679	90.000	84.3459	1.0000	0.0000	6.8000
uR	481.679	90.000	0.0087	1.0000	0.0000	6.8000
E	483.294	90.000	44.0814	2.0346	0.0931	0.1430	0.0000	6.8000
dPolE	483.294	90.000	81.5777	1.0000	0.0000	6.8000
uR	483.294	90.000	0.0090	1.0000	0.0000	6.8000
E	484.910	90.000	45.0244	2.5790	0.0983	0.1504	0.0000	6.8000
dPolE	484.910	90.000	83.0394	1.0000	0.0000	6.8000
uR	484.910	90.000	0.0091	1.0000	0.0000	6.8000
E	486.526	90.000	45.2707	1.9861	0.0959	0.1470	0.0000	6.8000
dPolE	486.526	90.000	84.1439	1.0000	0.0000	6.8000
uR	486.526	90.000	0.0093	1.0000	0.0000	6.8000
E	488.141	90.000	44.9112	1.6421	0.1009	0.1549	0.0000	6.8000
dPolE	488.141	90.000	83.0824	1.0000	0.0000	6.8000
uR	488.141	90.000	0.0094	1.0000	0.0000	6.8000
E	489.757	90.000	45.1826	1.3623	0.0984	0.1511	0.0000	6.8000
dPolE	489.757	90.000	82.9163	1.0000	0.0000	6.8000
uR	489.757	90.000	0.0094	1.0000	0.0000	6.8000
E	491.372	90.000	44.2334	1.6407	0.0991	0.1517	0.0000	6.8000
dPolE	491.372	90.000	81.9521	1.0000	0.0000	6.8000
uR	491.372	90.000	0.0093	1.0000	0.0000	6.8000
E	492.988	90.000	45.0929	1.8172	0.0944	0.1435	0.0000	6.8000
dPolE	492.988	90.000	80.9051	1.0000	0.0000	6.8000
uR	492.988	90.000	0.0095	1.0000	0.0000	6.8000
E	494.603	90.000	44.7396	1.4406	0.0901	0.1358	0.0000	6.8000
dPolE	494.603	90.000	81.2237	1.0000	0.0000	6.8000
uR	494.603	90.000	0.0098	1.0000	0.0000	6.8000
E	496.219	90.000	44.8791	1.6792	0.0967	0.1440	0.0000	6.8000
dPolE	496.219	90.000	81.6085	1.0000	0.0000	6.8000
uR	496.219	90.000	0.0100	1.0000	0.0000	6.8000
E	497.834	90.000	44.7692	1.2131	0.0990	0.1458	0.0000	6.8000
dPolE	497.834	90.000	81.9041	1.0000	0.0000	6.8000
uR	497.834	90.000	0.0099	1.0000	0.0000	6.8000
E	499.450	90.000	45.4898	1.3823	0.0984	0.1438	0.0000	6.8000
dPolE	499.450	90.000	81.7969	1.0000	0.0000	6.8000
uR	499.450	90.000	0.0100	1.0000	0.0000	6.8000
E	501.065	90.000	44.7742	1.9043	0.1006	0.1467	0.0000	6.8000
dPolE	501.065	90.000	82.9099	1.0000	0.0000	6.8000
uR	501.065	90.000	0.0099	1.0000	0.0000	6.8000
E	502.680	90.000	44.9747	1.0643	0.0987	0.1438	0.0000	6.8000
dPolE	502.680	90.000	82.2230	1.0000	0.0000	6.8000
uR	502.680	90.000	0.0102	1.0000	0.0000	6.8000
E	504.296	90.000	44.4918	1.7266	0.1018	0.1488	0.0000	6.8000
dPolE	504.296	90.000	81.2933	1.0000	0.0000	6.8000
uR	504.296	90.000	0.0105	1.0000	0.0000	6.8000
E	505.911	90.000	44.5069	1.8815	0.0983	0.1436	0.0000	6.8000
dPolE	505.911	90.000	81.3450	1.0000	0.0000	6.8000
uR	505.911	90.000	0.0105	1.0000	0.0000	6.8000
E	507.526	90.000	44.8975	1.8526	0.1017	0.1484	0.0000	6.8000
dPolE	507.526	90.000	79.3340	1.0000	0.0000	6.8000
uR	507.526	90.000	0.0107	1.0000	0.0000	6.8000
E	509.141	90.000	44.9089	1.7973	0.1019	0.1479	0.0000	6.8000
dPolE	509.141	90.000	79.1024	1.0000	0.0000	6.8000
uR	509.141	90.000	0.0107	1.0000	0.0000	6.8000
E	510.756	90.000	44.7325	1.5626	0.1013	0.1457	0.0000	6.8000
dPolE	510.756	90.000	79.6301	1.0000	0.0000	6.8000
uR	510.756	90.000	0.0108	1.0000	0.0000	6.8000
E	512.372	90.000	44.7495	1.5078	0.0988	0.1406	0.0000	6.8000
dPolE	512.372	90.000	80.1649	1.0000	0.0000	6.8000
uR	512.372	90.000	0.0113	1.0000	0.0000	6.8000
E	513.987	90.000	44.5235	1.5037	0.1004	0.1414	0.0000	6.8000
dPolE	513.987	90.000	80.0954	1.0000	0.0000	6.8000
uR	513.987	90.000	0.0118	1.0000	0.0000	6.8000
E	515.602	90.000	45.3323	1.4365	0.1043	0.1456	0.0000	6.8000
dPolE	515.602	90.000	80.7144	1.0000	0.0000	6.8000
uR	515.602	90.000	0.0121	1.0000	0.0000	6.8000
E	517.217	90.000	45.3547	1.0762	0.1076	0.1493	0.0000	6.8000
dPolE	517.217	90.000	81.4347	1.0000	0.0000	6.8000
uR	517.217	90.000	0.0117	1.0000	0.0000	6.8000
E	518.832	90.000	45.3306	1.3019	0.1120	0.1550	0.0000	6.8000
dPolE	518.832	90.000	83.8602	1.0000	0.0000	6.8000
uR	518.832	90.000	0.0107	1.0000	0.0000	6.8000
E	520.447	90.000	45.0004	1.4888	0.1083	0.1496	0.0000	6.8000
dPolE	520.447	90.000	83.3477	1.0000	0.0000	6.8000
uR	520.447	90.000	0.0106	1.0000	0.0000	6.8000
E	522.062	90.000	44.7151	1.7798	0.1107	0.1534	0.0000	6.8000
dPolE	522.062	90.000	82.8361	1.0000	0.0000	6.8000
uR	522.062	90.000	0.0101	1.0000	0.0000	6.8000
E	523.677	90.000	45.3003	1.3356	0.1061	0.1469	0.0000	6.8000
dPolE	523.677	90.000	80.5232	1.0000	0.0000	6.8000
uR	523.677	90.000	0.0105	1.0000	0.0000	6.8000
E	525.292	90.000	44.8103	1.0054	0.1030	0.1423	0.0000	6.8000
dPolE	525.292	90.000	78.7889	1.0000	0.0000	6.8000
uR	525.292	90.000	0.0111	1.0000	0.0000	6.8000
E	526.907	90.000	44.6446	1.3376	0.1037	0.1427	0.0000	6.8000
dPolE	526.907	90.000	78.4797	1.0000	0.0000	6.8000
uR	526.907	90.000	0.0111	1.0000	0.0000	6.8000
E	528.521	90.000	44.8826	1.2210	0.1048	0.1431	0.0000	6.8000
dPolE	528.521	90.000	79.6429	1.0000	0.0000	6.8000
uR	528.521	90.000	0.0112	1.0000	0.0000	6.8000
E	530.136	90.000	45.0107	1.0964	0.1051	0.1420	0.0000	6.8000
dPolE	530.136	90.000	76.7247	1.0000	0.0000	6.8000
uR	530.136	90.000	0.0116	1.0000	0.0000	6.8000
E	531.751	90.000	44.6539	1.0551	0.1020	0.1366	0.0000	6.8000
dPolE	531.751	90.000	78.3909	1.0000	0.0000	6.8000
uR	531.751	90.000	0.0116	1.0000	0.0000	6.8000
E	533.366	90.000	44.5572	0.6930	0.1019	0.1351	0.0000	6.8000
dPolE	533.366	90.000	77.4085	1.0000	0.0000	6.8000
uR	533.366	90.000	0.0119	1.0000	0.0000	6.8000
E	534.980	90.000	45.0250	1.1079	0.1057	0.1392	0.0000	6.8000
dPolE	534.980	90.000	75.9709	1.0000	0.0000	6.8000
uR	534.980	90.000	0.0120	1.0000	0.0000	6.8000
E	536.595	90.000	44.4934	1.6958	0.1051	0.1380	0.0000	6.8000
dPolE	536.595	90.000	77.4444	1.0000	0.0000	6.8000
uR	536.595	90.000	0.0119	1.0000	0.0000	6.8000
E	538.210	90.000	45.0584	1.0779	0.1026	0.1343	0.0000	6.8000
dPolE	538.210	90.000	77.8729	1.0000	0.0000	6.8000
uR	538.210	90.000	0.0121	1.0000	0.0000	6.8000
E	539.824	90.000	45.2847	1.8202	0.1072	0.1405	0.0000	6.8000
dPolE	539.824	90.000	76.8389	1.0000	0.0000	6.8000
uR	539.824	90.000	0.0117	1.0000	0.0000	6.8000
E	541.439	90.000	45.3126	1.2592	0.1025	0.1345	0.0000	6.8000
dPolE	541.439	90.000	76.4637	1.0000	0.0000	6.8000
uR	541.439	90.000	0.0120	1.0000	0.0000	6.8000
E	543.053	90.000	44.8479	0.8529	0.1039	0.1362	0.0000	6.8000
dPolE	543.053	90.000	76.6489	1.0000	0.0000	6.8000
uR	543.053	90.000	0.0121	1.0000	0.0000	6.8000
E	544.668	90.000	45.0846	1.5720	0.1030	0.1349	0.0000	6.8000
dPolE	544.668	90.000	74.9500	1.0000	0.0000	6.8000
uR	544.668	90.000	0.0122	1.0000	0.0000	6.8000
E	546.282	90.000	44.4909	1.5290	0.1048	0.1366	0.0000	6.8000
dPolE	546.282	90.000	77.0002	1.0000	0.0000	6.8000
uR	546.282	90.000	0.0122	1.0000	0.0000	6.8000
E	547.896	90.000	44.8601	1.0860	0.1117	0.1442	0.0000	6.8000
dPolE	547.896	90.000	75.0892	1.0000	0.0000	6.8000
uR	547.896	90.000	0.0123	1.0000	0.0000	6.8000
E	549.511	90.000	44.5402	1.2478	0.1106	0.1418	0.0000	6.8000
dPolE	549.511	90.000	76.6850	1.0000	0.0000	6.8000
uR	549.511	90.000	0.0119	1.0000	0.0000	6.8000
E	551.125	90.000	45.1866	1.0735	0.1055	0.1337	0.0000	6.8000
dPolE	551.125	90.000	75.1054	1.0000	0.0000	6.8000
uR	551.125	90.000	0.0123	1.0000	0.0000	6.8000
E	552.739	90.000	44.8396	1.3841	0.1080	0.1357	0.0000	6.8000
dPolE	552.739	90.000	75.3571	1.0000	0.0000	6.8000
uR	552.739	90.000	0.0121	1.0000	0.0000	6.8000
E	554.353	90.000	44.9709	1.4826	0.1064	0.1328	0.0000	6.8000
dPolE	554.353	90.000	75.5470	1.0000	0.0000	6.8000
uR	554.353	90.000	0.0122	1.0000	0.0000	6.8000
E	555.968	90.000	44.5365	1.2033	0.1130	0.1403	0.0000	6.8000
dPolE	555.968	90.000	74.0521	1.0000	0.0000	6.8000
uR	555.968	90.000	0.0121	1.0000	0.0000	6.8000
E	557.582	90.000	45.0246	0.9237	0.1117	0.1383	0.0000	6.8000
dPolE	557.582	90.000	73.8787	1.0000	0.0000	6.8000
uR	557.582	90.000	0.0121	1.0000	0.0000	6.8000
E	559.196	90.000	44.8001	1.2962	0.1106	0.1368	0.0000	6.8000
dPolE	559.196	90.000	74.7391	1.0000	0.0000	6.8000
uR	559.196	90.000	0.0121	1.0000	0.0000	6.8000
E	560.810	90.000	44.7819	1.5074	0.1063	0.1315	0.0000	6.8000
dPolE	560.810	90.000	75.3620	1.0000	0.0000	6.8000
uR	560.810	90.000	0.0124	1.0000	0.0000	6.8000
E	562.424	90.000	44.6647	0.9328	0.1081	0.1339	0.0000	6.8000
dPolE	562.424	90.000	73.1744	1.0000	0.0000	6.8000
uR	562.424	90.000	0.0123	1.0000	0.0000	6.8000
E	564.038	90.000	44.8735	1.1323	0.1122	0.1388	0.0000	6.8000
dPolE	564.038	90.000	70.8907	1.0000	0.0000	6.8000
uR	564.038	90.000	0.0126	1.0000	0.0000	6.8000
E	565.651	90.000	44.4645	0.9669	0.1105	0.1365	0.0000	6.8000
dPolE	565.651	90.000	75.7245	1.0000	0.0000	6.8000
uR	565.651	90.000	0.0122	1.0000	0.0000	6.8000
E	567.265	90.000	44.8086	1.3682	0.1113	0.1368	0.0000	6.8000
dPolE	567.265	90.000	71.8129	1.0000	0.0000	6.8000
uR	567.265	90.000	0.0124	1.0000	0.0000	6.8000
E	568.879	90.000	45.0452	1.0671	0.1075	0.1312	0.0000	6.8000
dPolE	568.879	90.000	72.8319	1.0000	0.0000	6.8000
uR	568.879	90.000	0.0125	1.0000	0.0000	6.8000
E	570.493	90.000	44.7340	0.9686	0.1138	0.1377	0.0000	6.8000
dPolE	570.493	90.000	71.4443	1.0000	0.0000	6.8000
uR	570.493	90.000	0.0125	1.0000	0.0000	6.8000
E	572.106	90.000	44.8929	1.2610	0.1134	0.1362	0.0000	6.8000
dPolE	572.106	90.000	70.3057	1.0000	0.0000	6.8000
uR	572.106	90.000	0.0124	1.0000	0.0000	6.8000
E	573.720	90.000	44.6426	1.4374	0.1132	0.1348	0.0000	6.8000
dPolE	573.720	90.000	71.4514	1.0000	0.0000	6.8000
uR	573.720	90.000	0.0121	1.0000	0.0000	6.8000
E	575.333	90.000	44.8677	0.5816	0.1125	0.1328	0.0000	6.8000
dPolE	575.333	90.000	71.3573	1.0000	0.0000	6.8000
uR	575.333	90.000	0.0124	1.0000	0.0000	6.8000
E	576.947	90.000	44.9770	0.5131	0.1127	0.1322	0.0000	6.8000
dPolE	576.947	90.000	71.8365	1.0000	0.0000	6.8000
uR	576.947	90.000	0.0126	1.0000	0.0000	6.8000
E	578.560	90.000	45.3899	1.0606	0.1158	0.1354	0.0000	6.8000
dPolE	578.560	90.000	71.2560	1.0000	0.0000	6.8000
uR	578.560	90.000	0.0125	1.0000	0.0000	6.8000
E	580.174	90.000	44.6970	0.7710	0.1113	0.1297	0.0000	6.8000
dPolE	580.174	90.000	71.0479	1.0000	0.0000	6.8000
uR	580.174	90.000	0.0126	1.0000	0.0000	6.8000
E	581.787	90.000	44.9442	0.7291	0.1179	0.1373	0.0000	6.8000
dPolE	581.787	90.000	70.0412	1.0000	0.0000	6.8000
uR	581.787	90.000	0.0129	1.0000	0.0000	6.8000
E	583.400	90.000	45.1814	0.9479	0.1174	0.1366	0.0000	6.8000
dPolE	583.400	90.000	69.8009	1.0000	0.0000	6.8000
uR	583.400	90.000	0.0128	1.0000	0.0000	6.8000
E	585.014	90.000	45.0410	1.1707	0.1140	0.1328	0.0000	6.8000
dPolE	585.014	90.000	70.0899	1.0000	0.0000	6.8000
uR	585.014	90.000	0.0126	1.0000	0.0000	6.8000
E	586.627	90.000	44.6006	0.6081	0.1165	0.1356	0.0000	6.8000
dPolE	586.627	90.000	69.8368	1.0000	0.0000	6.8000
uR	586.627	90.000	0.0127	1.0000	0.0000	6.8000
E	588.240	90.000	44.7821	0.3032	0.1137	0.1319	0.0000	6.8000
dPolE	588.240	90.000	70.0698	1.0000	0.0000	6.8000
uR	588.240	90.000	0.0128	1.0000	0.0000	6.8000
E	589.853	90.000	44.9525	0.8830	0.1149	0.1330	0.0000	6.8000
dPolE	589.853	90.000	69.0518	1.0000	0.0000	6.8000
uR	589.853	90.000	0.0127	1.0000	0.0000	6.8000
E	591.466	90.000	45.5643	0.5593	0.1136	0.1306	0.0000	6.8000
dPolE	591.466	90.000	68.5262	1.0000	0.0000	6.8000
uR	591.466	90.000	0.0129	1.0000	0.0000	6.8000
E	593.079	90.000	44.6962	1.2234	0.1205	0.1379	0.0000	6.8000
dPolE	593.079	90.000	68.7415	1.0000	0.0000	6.8000
uR	593.079	90.000	0.0129	1.0000	0.0000	6.8000
E	594.692	90.000	44.8950	0.9185	0.1215	0.1377	0.0000	6.8000
dPolE	594.692	90.000	68.6454	1.0000	0.0000	6.8000
uR	594.692	90.000	0.0128	1.0000	0.0000	6.8000
E	596.305	90.000	45.0537	0.6740	0.1178	0.1324	0.0000	6.8000
dPolE	596.305	90.000	69.5088	1.0000	0.0000	6.8000
uR	596.305	90.000	0.0128	1.0000	0.0000	6.8000
E	597.918	90.000	45.0617	0.3874	0.1151	0.1285	0.0000	6.8000
dPolE	597.918	90.000	71.8640	1.0000	0.0000	6.8000
uR	597.918	90.000	0.0128	1.0000	0.0000	6.8000
E	599.530	90.000	44.7853	0.1606	0.1224	0.1357	0.0000	6.8000
dPolE	599.530	90.000	68.8680	1.0000	0.0000	6.8000
uR	599.530	90.000	0.0130	1.0000	0.0000	6.8000
E	601.143	90.000	45.2706	0.4246	0.1272	0.1403	0.0000	6.8000
dPolE	601.143	90.000	69.2014	1.0000	0.0000	6.8000
uR	601.143	90.000	0.0128	1.0000	0.0000	6.8000
E	602.755	90.000	44.9066	0.5670	0.1237	0.1359	0.0000	6.8000
dPolE	602.755	90.000	66.9182	1.0000	0.0000	6.8000
uR	602.755	90.000	0.0132	1.0000	0.0000	6.8000
E	604.368	90.000	44.9944	1.0559	0.1205	0.1319	0.0000	6.8000
dPolE	604.368	90.000	69.4878	1.0000	0.0000	6.8000
uR	604.368	90.000	0.0129	1.0000	0.0000	6.8000
E	605.981	90.000	44.6588	0.9080	0.1222	0.1338	0.0000	6.8000
dPolE	605.981	90.000	69.8319	1.0000	0.0000	6.8000
uR	605.981	90.000	0.0129	1.0000	0.0000	6.8000
E	607.593	90.000	45.0683	0.5794	0.1244	0.1362	0.0000	6.8000
dPolE	607.593	90.000	68.7826	1.0000	0.0000	6.8000
uR	607.593	90.000	0.0128	1.0000	0.0000	6.8000
E	609.205	90.000	44.6090	0.2509	0.1317	0.1441	0.0000	6.8000
dPolE	609.205	90.000	67.0797	1.0000	0.0000	6.8000
uR	609.205	90.000	0.0129	1.0000	0.0000	6.8000
E	610.818	90.000	44.6491	0.2865	0.1205	0.1318	0.0000	6.8000
dPolE	610.818	90.000	71.2097	1.0000	0.0000	6.8000
uR	610.818	90.000	0.0128	1.0000	0.0000	6.8000
E	612.430	90.000	44.9750	0.7147	0.1264	0.1380	0.0000	6.8000
dPolE	612.430	90.000	67.3690	1.0000	0.0000	6.8000
uR	612.430	90.000	0.0131	1.0000	0.0000	6.8000
E	614.042	90.000	45.2118	0.9269	0.1222	0.1331	0.0000	6.8000
dPolE	614.042	90.000	68.9410	1.0000	0.0000	6.8000
uR	614.042	90.000	0.0131	1.0000	0.0000	6.8000
E	615.654	90.000	45.0267	0.4549	0.1259	0.1364	0.0000	6.8000
dPolE	615.654	90.000	63.5823	1.0000	0.0000	6.8000
uR	615.654	90.000	0.0133	1.0000	0.0000	6.8000
E	617.266	90.000	44.6141	0.6365	0.1214	0.1309	0.0000	6.8000
dPolE	617.266	90.000	68.4580	1.0000	0.0000	6.8000
uR	617.266	90.000	0.0130	1.0000	0.0000	6.8000
E	618.878	90.000	45.2117	0.4999	0.1275	0.1366	0.0000	6.8000
dPolE	618.878	90.000	65.9039	1.0000	0.0000	6.8000
uR	618.878	90.000	0.0132	1.0000	0.0000	6.8000
E	620.490	90.000	44.9634	0.5113	0.1282	0.1363	0.0000	6.8000
dPolE	620.490	90.000	65.0733	1.0000	0.0000	6.8000
uR	620.490	90.000	0.0129	1.0000	0.0000	6.8000
E	622.102	90.000	44.9068	0.6788	0.1298	0.1370	0.0000	6.8000
dPolE	622.102	90.000	64.0582	1.0000	0.0000	6.8000
uR	622.102	90.000	0.0131	1.0000	0.0000	6.8000
E	623.714	90.000	44.9277	0.1801	0.1280	0.1340	0.0000	6.8000
dPolE	623.714	90.000	64.7526	1.0000	0.0000	6.8000
uR	623.714	90.000	0.0130	1.0000	0.0000	6.8000
E	625.325	90.000	45.0098	0.7080	0.1284	0.1336	0.0000	6.8000
dPolE	625.325	90.000	67.0490	1.0000	0.0000	6.8000
uR	625.325	90.000	0.0133	1.0000	0.0000	6.8000
E	626.937	90.000	44.5755	0.8220	0.1293	0.1339	0.0000	6.8000
dPolE	626.937	90.000	63.5995	1.0000	0.0000	6.8000
uR	626.937	90.000	0.0133	1.0000	0.0000	6.8000
E	628.548	90.000	44.7811	0.3125	0.1298	0.1338	0.0000	6.8000
dPolE	628.548	90.000	65.5796	1.0000	0.0000	6.8000
uR	628.548	90.000	0.0128	1.0000	0.0000	6.8000
E	630.160	90.000	44.8791	0.5906	0.1341	0.1378	0.0000	6.8000
dPolE	630.160	90.000	63.6838	1.0000	0.0000	6.8000
uR	630.160	90.000	0.0131	1.0000	0.0000	6.8000
E	631.771	90.000	44.6115	0.2928	0.1368	0.1405	0.0000	6.8000
dPolE	631.771	90.000	65.0560	1.0000	0.0000	6.8000
uR	631.771	90.000	0.0130	1.0000	0.0000	6.8000
E	633.383	90.000	45.1005	0.8661	0.1317	0.1352	0.0000	6.8000
dPolE	633.383	90.000	64.5179	1.0000	0.0000	6.8000
uR	633.383	90.000	0.0135	1.0000	0.0000	6.8000
E	634.994	90.000	44.8074	0.8325	0.1340	0.1374	0.0000	6.8000
dPolE	634.994	90.000	62.1884	1.0000	0.0000	6.8000
uR	634.994	90.000	0.0133	1.0000	0.0000	6.8000
E	636.605	90.000	44.9493	0.8268	0.1348	0.1383	0.0000	6.8000
dPolE	636.605	90.000	66.5421	1.0000	0.0000	6.8000
uR	636.605	90.000	0.0130	1.0000	0.0000	6.8000
E	638.216	90.000	44.6762	0.6167	0.1337	0.1371	0.0000	6.8000
dPolE	638.216	90.000	67.4251	1.0000	0.0000	6.8000
uR	638.216	90.000	0.0131	1.0000	0.0000	6.8000
E	639.827	90.000	45.4631	0.2011	0.1371	0.1403	0.0000	6.8000
dPolE	639.827	90.000	66.3854	1.0000	0.0000	6.8000
uR	639.827	90.000	0.0129	1.0000	0.0000	6.8000
E	641.438	90.000	45.2084	0.5474	0.1373	0.1400	0.0000	6.8000
dPolE	641.438	90.000	67.9754	1.0000	0.0000	6.8000
uR	641.438	90.000	0.0131	1.0000	0.0000	6.8000
E	643.049	90.000	45.7283	0.6812	0.1462	0.1487	0.0000	6.8000
dPolE	643.049	90.000	63.5517	1.0000	0.0000	6.8000
uR	643.049	90.000	0.0129	1.0000	0.0000	6.8000
E	644.660	90.000	44.9633	1.0625	0.1405	0.1422	0.0000	6.8000
dPolE	644.660	90.000	64.5498	1.0000	0.0000	6.8000
uR	644.660	90.000	0.0129	1.0000	0.0000	6.8000
E	646.271	90.000	45.6378	0.6493	0.1367	0.1375	0.0000	6.8000
dPolE	646.271	90.000	65.6273	1.0000	0.0000	6.8000
uR	646.271	90.000	0.0130	1.0000	0.0000	6.8000
E	647.881	90.000	44.5685	0.4179	0.1387	0.1385	0.0000	6.8000
dPolE	647.881	90.000	63.9799	1.0000	0.0000	6.8000
uR	647.881	90.000	0.0129	1.0000	0.0000	6.8000
E	649.492	90.000	45.0800	0.4827	0.1422	0.1411	0.0000	6.8000
dPolE	649.492	90.000	62.1771	1.0000	0.0000	6.8000
uR	649.492	90.000	0.0130	1.0000	0.0000	6.8000
E	651.103	90.000	44.8796	0.7824	0.1423	0.1401	0.0000	6.8000
dPolE	651.103	90.000	63.1968	1.0000	0.0000	6.8000
uR	651.103	90.000	0.0130	1.0000	0.0000	6.8000
E	652.713	90.000	44.9153	0.3075	0.1432	0.1402	0.0000	6.8000
dPolE	652.713	90.000	64.9057	1.0000	0.0000	6.8000
uR	652.713	90.000	0.0133	1.0000	0.0000	6.8000
E	654.323	90.000	44.5930	0.4190	0.1490	0.1448	0.0000	6.8000
dPolE	654.323	90.000	64.7372	1.0000	0.0000	6.8000
uR	654.323	90.000	0.0133	1.0000	0.0000	6.8000
E	655.934	90.000	44.3703	0.4244	0.1463	0.1418	0.0000	6.8000
dPolE	655.934	90.000	65.3928	1.0000	0.0000	6.8000
uR	655.934	90.000	0.0131	1.0000	0.0000	6.8000
E	657.544	90.000	44.8732	0.5194	0.1547	0.1493	0.0000	6.8000
dPolE	657.544	90.000	64.1943	1.0000	0.0000	6.8000
uR	657.544	90.000	0.0132	1.0000	0.0000	6.8000
E	659.154	90.000	45.1256	0.4914	0.1592	0.1535	0.0000	6.8000
dPolE	659.154	90.000	65.6293	1.0000	0.0000	6.8000
uR	659.154	90.000	0.0132	1.0000	0.0000	6.8000
E	660.764	90.000	45.2110	0.1202	0.1446	0.1390	0.0000	6.8000
dPolE	660.764	90.000	64.7392	1.0000	0.0000	6.8000
uR	660.764	90.000	0.0132	1.0000	0.0000	6.8000
E	662.374	90.000	44.7039	0.5382	0.1493	0.1436	0.0000	6.8000
dPolE	662.374	90.000	66.4102	1.0000	0.0000	6.8000
uR	662.374	90.000	0.0130	1.0000	0.0000	6.8000
E	663.984	90.000	44.8808	0.6393	0.1521	0.1460	0.0000	6.8000
dPolE	663.984	90.000	66.7938	1.0000	0.0000	6.8000
uR	663.984	90.000	0.0129	1.0000	0.0000	6.8000
E	665.594	90.000	44.9067	0.5051	0.1457	0.1399	0.0000	6.8000
dPolE	665.594	90.000	66.7040	1.0000	0.0000	6.8000
uR	665.594	90.000	0.0131	1.0000	0.0000	6.8000
E	667.204	90.000	45.2721	0.1220	0.1508	0.1448	0.0000	6.8000
dPolE	667.204	90.000	65.2402	1.0000	0.0000	6.8000
uR	667.204	90.000	0.0131	1.0000	0.0000	6.8000
E	668.813	90.000	44.6547	0.2358	0.1544	0.1480	0.0000	6.8000
dPolE	668.813	90.000	60.8381	1.0000	0.0000	6.8000
uR	668.813	90.000	0.0132	1.0000	0.0000	6.8000
E	670.423	90.000	45.9809	0.3659	0.1576	0.1506	0.0000	6.8000
dPolE	670.423	90.000	62.4030	1.0000	0.0000	6.8000
uR	670.423	90.000	0.0129	1.0000	0.0000	6.8000
E	672.032	90.000	45.2610	0.0700	0.1562	0.1490	0.0000	6.8000
dPolE	672.032	90.000	61.7706	1.0000	0.0000	6.8000
uR	672.032	90.000	0.0131	1.0000	0.0000	6.8000
E	673.642	90.000	44.7100	0.6710	0.1557	0.1481	0.0000	6.8000
dPolE	673.642	90.000	59.6229	1.0000	0.0000	6.8000
uR	673.642	90.000	0.0132	1.0000	0.0000	6.8000
E	675.251	90.000	45.2626	0.0709	0.1465	0.1387	0.0000	6.8000
dPolE	675.251	90.000	66.8651	1.0000	0.0000	6.8000
uR	675.251	90.000	0.0127	1.0000	0.0000	6.8000
E	676.860	90.000	44.8256	0.1451	0.1513	0.1425	0.0000	6.8000
dPolE	676.860	90.000	61.7320	1.0000	0.0000	6.8000
uR	676.860	90.000	0.0133	1.0000	0.0000	6.8000
E	678.469	90.000	44.8263	0.4708	0.1574	0.1472	0.0000	6.8000
dPolE	678.469	90.000	62.7786	1.0000	0.0000	6.8000
uR	678.469	90.000	0.0128	1.0000	0.0000	6.8000
E	680.079	90.000	44.8840	0.2864	0.1647	0.1531	0.0000	6.8000
dPolE	680.079	90.000	61.8897	1.0000	0.0000	6.8000
uR	680.079	90.000	0.0126	1.0000	0.0000	6.8000
E	681.688	90.000	44.9223	0.4439	0.1472	0.1360	0.0000	6.8000
dPolE	681.688	90.000	63.4472	1.0000	0.0000	6.8000
uR	681.688	90.000	0.0128	1.0000	0.0000	6.8000
E	683.296	90.000	45.3006	0.1964	0.1529	0.1402	0.0000	6.8000
dPolE	683.296	90.000	56.5639	1.0000	0.0000	6.8000
uR	683.296	90.000	0.0131	1.0000	0.0000	6.8000
E	684.905	90.000	45.2420	0.2752	0.1564	0.1426	0.0000	6.8000
dPolE	684.905	90.000	56.3658	1.0000	0.0000	6.8000
uR	684.905	90.000	0.0128	1.0000	0.0000	6.8000
E	686.514	90.000	44.8894	0.1904	0.1489	0.1350	0.0000	6.8000
dPolE	686.514	90.000	58.3674	1.0000	0.0000	6.8000
uR	686.514	90.000	0.0125	1.0000	0.0000	6.8000
E	688.123	90.000	45.2365	0.1421	0.1478	0.1336	0.0000	6.8000
dPolE	688.123	90.000	59.1666	1.0000	0.0000	6.8000
uR	688.123	90.000	0.0126	1.0000	0.0000	6.8000
E	689.731	90.000	44.9642	0.1090	0.1454	0.1310	0.0000	6.8000
dPolE	689.731	90.000	50.7917	1.0000	0.0000	6.8000
uR	689.731	90.000	0.0132	1.0000	0.0000	6.8000
E	691.340	90.000	44.7626	0.3865	0.1502	0.1349	0.0000	6.8000
dPolE	691.340	90.000	57.4587	1.0000	0.0000	6.8000
uR	691.340	90.000	0.0134	1.0000	0.0000	6.8000
E	692.948	90.000	45.2368	0.9084	0.1610	0.1444	0.0000	6.8000
dPolE	692.948	90.000	54.3973	1.0000	0.0000	6.8000
uR	692.948	90.000	0.0134	1.0000	0.0000	6.8000
E	694.556	90.000	45.2724	0.5078	0.1681	0.1506	0.0000	6.8000
dPolE	694.556	90.000	59.8965	1.0000	0.0000	6.8000
uR	694.556	90.000	0.0133	1.0000	0.0000	6.8000
E	696.164	90.000	45.1125	0.7520	0.1607	0.1440	0.0000	6.8000
dPolE	696.164	90.000	61.8826	1.0000	0.0000	6.8000
uR	696.164	90.000	0.0131	1.0000	0.0000	6.8000
E	697.772	90.000	44.9782	0.4408	0.1763	0.1580	0.0000	6.8000
dPolE	697.772	90.000	62.7211	1.0000	0.0000	6.8000
uR	697.772	90.000	0.0131	1.0000	0.0000	6.8000
E	699.380	90.000	45.1265	0.2744	0.1665	0.1492	0.0000	6.8000
dPolE	699.380	90.000	62.9567	1.0000	0.0000	6.8000
uR	699.380	90.000	0.0131	1.0000	0.0000	6.8000
E	700.988	90.000	44.5692	0.2990	0.1746	0.1561	0.0000	6.8000
dPolE	700.988	90.000	63.2711	1.0000	0.0000	6.8000
uR	700.988	90.000	0.0130	1.0000	0.0000	6.8000
E	702.596	90.000	45.3283	0.6986	0.1743	0.1556	0.0000	6.8000
dPolE	702.596	90.000	64.0715	1.0000	0.0000	6.8000
uR	702.596	90.000	0.0128	1.0000	0.0000	6.8000
E	704.204	90.000	45.3153	0.1606	0.1736	0.1547	0.0000	6.8000
dPolE	704.204	90.000	64.3872	1.0000	0.0000	6.8000
uR	704.204	90.000	0.0127	1.0000	0.0000	6.8000
E	705.811	90.000	45.1563	0.3268	0.1748	0.1549	0.0000	6.8000
dPolE	705.811	90.000	66.1401	1.0000	0.0000	6.8000
uR	705.811	90.000	0.0127	1.0000	0.0000	6.8000
E	707.419	90.000	44.6794	0.0637	0.1843	0.1631	0.0000	6.8000
dPolE	707.419	90.000	64.2184	1.0000	0.0000	6.8000
uR	707.419	90.000	0.0131	1.0000	0.0000	6.8000
E	709.026	90.000	45.3017	0.6883	0.1764	0.1556	0.0000	6.8000
dPolE	709.026	90.000	60.0486	1.0000	0.0000	6.8000
uR	709.026	90.000	0.0131	1.0000	0.0000	6.8000
E	710.634	90.000	45.2442	0.5334	0.1740	0.1527	0.0000	6.8000
dPolE	710.634	90.000	59.5788	1.0000	0.0000	6.8000
uR	710.634	90.000	0.0137	1.0000	0.0000	6.8000
E	712.241	90.000	45.2028	0.7553	0.1750	0.1529	0.0000	6.8000
dPolE	712.241	90.000	58.7181	1.0000	0.0000	6.8000
uR	712.241	90.000	0.0147	1.0000	0.0000	6.8000
E	713.848	90.000	45.4076	0.6655	0.2043	0.1773	0.0000	6.8000
dPolE	713.848	90.000	63.8212	1.0000	0.0000	6.8000
uR	713.848	90.000	0.0141	1.0000	0.0000	6.8000
E	715.455	90.000	46.6367	0.2779	0.2108	0.1821	0.0000	6.8000
dPolE	715.455	90.000	68.1557	1.0000	0.0000	6.8000
uR	715.455	90.000	0.0119	1.0000	0.0000	6.8000
E	717.062	90.000	44.6044	0.7049	0.1934	0.1661	0.0000	6.8000
dPolE	717.062	90.000	70.1829	1.0000	0.0000	6.8000
uR	717.062	90.000	0.0108	1.0000	0.0000	6.8000
E	718.669	90.000	45.3690	0.4175	0.1862	0.1591	0.0000	6.8000
dPolE	718.669	90.000	66.1201	1.0000	0.0000	6.8000
uR	718.669	90.000	0.0116	1.0000	0.0000	6.8000
E	720.276	90.000	45.3094	0.1138	0.1828	0.1555	0.0000	6.8000
dPolE	720.276	90.000	64.7458	1.0000	0.0000	6.8000
uR	720.276	90.000	0.0131	1.0000	0.0000	6.8000
E	721.882	90.000	45.1841	0.7546	0.1871	0.1584	0.0000	6.8000
dPolE	721.882	90.000	65.9592	1.0000	0.0000	6.8000
uR	721.882	90.000	0.0134	1.0000	0.0000	6.8000
E	723.489	90.000	44.7313	0.4948	0.2036	0.1716	0.0000	6.8000
dPolE	723.489	90.000	60.9253	1.0000	0.0000	6.8000
uR	723.489	90.000	0.0134	1.0000	0.0000	6.8000
E	725.095	90.000	44.9032	0.4420	0.2073	0.1743	0.0000	6.8000
dPolE	725.095	90.000	67.4083	1.0000	0.0000	6.8000
uR	725.095	90.000	0.0127	1.0000	0.0000	6.8000
E	726.701	90.000	45.0835	0.4971	0.2107	0.1766	0.0000	6.8000
dPolE	726.701	90.000	66.8806	1.0000	0.0000	6.8000
uR	726.701	90.000	0.0125	1.0000	0.0000	6.8000
E	728.308	90.000	44.6727	0.6655	0.1926	0.1613	0.0000	6.8000
dPolE	728.308	90.000	65.9440	1.0000	0.0000	6.8000
uR	728.308	90.000	0.0124	1.0000	0.0000	6.8000
E	729.914	90.000	44.4674	0.4222	0.1978	0.1651	0.0000	6.8000
dPolE	729.914	90.000	64.1594	1.0000	0.0000	6.8000
uR	729.914	90.000	0.0123	1.0000	0.0000	6.8000
E	731.520	90.000	44.3527	0.3604	0.1978	0.1652	0.0000	6.8000
dPolE	731.520	90.000	62.6183	1.0000	0.0000	6.8000
uR	731.520	90.000	0.0124	1.0000	0.0000	6.8000
E	733.126	90.000	44.7651	0.2497	0.1847	0.1543	0.0000	6.8000
dPolE	733.126	90.000	60.8807	1.0000	0.0000	6.8000
uR	733.126	90.000	0.0127	1.0000	0.0000	6.8000
E	734.732	90.000	44.7675	359.9608	0.1906	0.1591	0.0000	6.8000
dPolE	734.732	90.000	54.7094	1.0000	0.0000	6.8000
uR	734.732	90.000	0.0134	1.0000	0.0000	6.8000
E	736.337	90.000	44.7320	0.5836	0.1961	0.1636	0.0000	6.8000
dPolE	736.337	90.000	63.3661	1.0000	0.0000	6.8000
uR	736.337	90.000	0.0131	1.0000	0.0000	6.8000
E	737.943	90.000	45.4553	0.5036	0.1926	0.1607	0.0000	6.8000
dPolE	737.943	90.000	62.6438	1.0000	0.0000	6.8000
uR	737.943	90.000	0.0131	1.0000	0.0000	6.8000
E	739.548	90.000	45.6593	0.2338	0.1916	0.1593	0.0000	6.8000
dPolE	739.548	90.000	57.8991	1.0000	0.0000	6.8000
uR	739.548	90.000	0.0132	1.0000	0.0000	6.8000
E	741.154	90.000	44.7462	0.4342	0.1911	0.1588	0.0000	6.8000
dPolE	741.154	90.000	60.8844	1.0000	0.0000	6.8000
uR	741.154	90.000	0.0131	1.0000	0.0000	6.8000
E	742.759	90.000	44.6619	0.7781	0.1964	0.1627	0.0000	6.8000
dPolE	742.759	90.000	58.0597	1.0000	0.0000	6.8000
uR	742.759	90.000	0.0133	1.0000	0.0000	6.8000
E	744.364	90.000	45.0468	0.6158	0.2022	0.1668	0.0000	6.8000
dPolE	744.364	90.000	57.7913	1.0000	0.0000	6.8000
uR	744.364	90.000	0.0135	1.0000	0.0000	6.8000
E	745.969	90.000	45.5871	0.7488	0.2038	0.1676	0.0000	6.8000
dPolE	745.969	90.000	61.0340	1.0000	0.0000	6.8000
uR	745.969	90.000	0.0133	1.0000	0.0000	6.8000
E	747.574	90.000	44.8956	0.1436	0.2076	0.1698	0.0000	6.8000
dPolE	747.574	90.000	60.1011	1.0000	0.0000	6.8000
uR	747.574	90.000	0.0132	1.0000	0.0000	6.8000
E	749.179	90.000	45.1126	359.6403	0.2031	0.1654	0.0000	6.8000
dPolE	749.179	90.000	64.8435	1.0000	0.0000	6.8000
uR	749.179	90.000	0.0127	1.0000	0.0000	6.8000
E	750.784	90.000	44.5750	0.5791	0.2150	0.1745	0.0000	6.8000
dPolE	750.784	90.000	60.8960	1.0000	0.0000	6.8000
uR	750.784	90.000	0.0127	1.0000	0.0000	6.8000
E	752.388	90.000	45.6296	0.2983	0.2123	0.1713	0.0000	6.8000
dPolE	752.388	90.000	60.6883	1.0000	0.0000	6.8000
uR	752.388	90.000	0.0131	1.0000	0.0000	6.8000
E	753.993	90.000	45.3051	0.3159	0.2190	0.1757	0.0000	6.8000
dPolE	753.993	90.000	64.1044	1.0000	0.0000	6.8000
uR	753.993	90.000	0.0132	1.0000	0.0000	6.8000
E	755.597	90.000	43.9995	0.5767	0.2072	0.1655	0.0000	6.8000
dPolE	755.597	90.000	59.6945	1.0000	0.0000	6.8000
uR	755.597	90.000	0.0139	1.0000	0.0000	6.8000
E	757.202	90.000	44.5801	0.5566	0.2095	0.1669	0.0000	6.8000
dPolE	757.202	90.000	62.4279	1.0000	0.0000	6.8000
uR	757.202	90.000	0.0134	1.0000	0.0000	6.8000
E	758.806	90.000	45.7023	359.9767	0.2051	0.1623	0.0000	6.8000
dPolE	758.806	90.000	62.3723	1.0000	0.0000	6.8000
uR	758.806	90.000	0.0132	1.0000	0.0000	6.8000
E	760.410	90.000	44.9609	0.6464	0.2043	0.1611	0.0000	6.8000
dPolE	760.410	90.000	54.7674	1.0000	0.0000	6.8000
uR	760.410	90.000	0.0139	1.0000	0.0000	6.8000
E	762.014	90.000	45.3314	0.7210	0.1897	0.1487	0.0000	6.8000
dPolE	762.014	90.000	54.9889	1.0000	0.0000	6.8000
uR	762.014	90.000	0.0136	1.0000	0.0000	6.8000
E	763.618	90.000	44.7020	0.2799	0.1637	0.1281	0.0000	6.8000
dPolE	763.618	90.000	42.7699	1.0000	0.0000	6.8000
uR	763.618	90.000	0.0144	1.0000	0.0000	6.8000
E	765.221	90.000	44.7441	0.1328	0.1518	0.1185	0.0000	6.8000
dPolE	765.221	90.000	42.0718	1.0000	0.0000	6.8000
uR	765.221	90.000	0.0143	1.0000	0.0000	6.8000
E	766.825	90.000	45.0750	359.9873	0.1744	0.1359	0.0000	6.8000
dPolE	766.825	90.000	42.5968	1.0000	0.0000	6.8000
uR	766.825	90.000	0.0138	1.0000	0.0000	6.8000
E	768.429	90.000	44.1162	0.0853	0.1920	0.1493	0.0000	6.8000
dPolE	768.429	90.000	52.5798	1.0000	0.0000	6.8000
uR	768.429	90.000	0.0136	1.0000	0.0000	6.8000
E	770.032	90.000	44.4468	0.6298	0.2064	0.1604	0.0000	6.8000
dPolE	770.032	90.000	61.4112	1.0000	0.0000	6.8000
uR	770.032	90.000	0.0139	1.0000	0.0000	6.8000
E	771.635	90.000	44.4501	0.8319	0.2302	0.1789	0.0000	6.8000
dPolE	771.635	90.000	60.8739	1.0000	0.0000	6.8000
uR	771.635	90.000	0.0141	1.0000	0.0000	6.8000
E	773.238	90.000	44.7685	0.0575	0.2434	0.1889	0.0000	6.8000
dPolE	773.238	90.000	64.0962	1.0000	0.0000	6.8000
uR	773.238	90.000	0.0138	1.0000	0.0000	6.8000
E	774.841	90.000	44.9438	0.3486	0.2463	0.1911	0.0000	6.8000
dPolE	774.841	90.000	65.5638	1.0000	0.0000	6.8000
uR	774.841	90.000	0.0138	1.0000	0.0000	6.8000
E	776.444	90.000	45.0916	359.7775	0.2424	0.1879	0.0000	6.8000
dPolE	776.444	90.000	71.8286	1.0000	0.0000	6.8000
uR	776.444	90.000	0.0130	1.0000	0.0000	6.8000
E	778.047	90.000	44.8329	359.7267	0.2695	0.2081	0.0000	6.8000
dPolE	778.047	90.000	73.7299	1.0000	0.0000	6.8000
uR	778.047	90.000	0.0123	1.0000	0.0000	6.8000
E	779.650	90.000	45.4301	0.2108	0.2645	0.2042	0.0000	6.8000
dPolE	779.650	90.000	74.9791	1.0000	0.0000	6.8000
uR	779.650	90.000	0.0120	1.0000	0.0000	6.8000
E	781.252	90.000	45.0567	359.8742	0.2755	0.2129	0.0000	6.8000
dPolE	781.252	90.000	70.8974	1.0000	0.0000	6.8000
uR	781.252	90.000	0.0128	1.0000	0.0000	6.8000
E	782.855	90.000	44.8691	0.2331	0.2543	0.1959	0.0000	6.8000
dPolE	782.855	90.000	76.4812	1.0000	0.0000	6.8000
uR	782.855	90.000	0.0129	1.0000	0.0000	6.8000
E	784.457	90.000	45.1808	359.9652	0.2594	0.1997	0.0000	6.8000
dPolE	784.457	90.000	69.1708	1.0000	0.0000	6.8000
uR	784.457	90.000	0.0138	1.0000	0.0000	6.8000
E	786.059	90.000	44.8930	0.5262	0.2652	0.2034	0.0000	6.8000
dPolE	786.059	90.000	71.3469	1.0000	0.0000	6.8000
uR	786.059	90.000	0.0132	1.0000	0.0000	6.8000
E	787.661	90.000	44.5799	359.6147	0.2445	0.1861	0.0000	6.8000
dPolE	787.661	90.000	70.2996	1.0000	0.0000	6.8000
uR	787.661	90.000	0.0127	1.0000	0.0000	6.8000
E	789.263	90.000	45.2846	359.9780	0.2312	0.1761	0.0000	6.8000
dPolE	789.263	90.000	69.2838	1.0000	0.0000	6.8000
uR	789.263	90.000	0.0128	1.0000	0.0000	6.8000
E	790.865	90.000	46.7114	0.4124	0.2354	0.1786	0.0000	6.8000
dPolE	790.865	90.000	61.1475	1.0000	0.0000	6.8000
uR	790.865	90.000	0.0129	1.0000	0.0000	6.8000
E	792.467	90.000	44.6762	359.9649	0.2517	0.1903	0.0000	6.8000
dPolE	792.467	90.000	62.8769	1.0000	0.0000	6.8000
uR	792.467	90.000	0.0128	1.0000	0.0000	6.8000
E	794.068	90.000	44.9461	0.2169	0.2446	0.1837	0.0000	6.8000
dPolE	794.068	90.000	69.1686	1.0000	0.0000	6.8000
uR	794.068	90.000	0.0129	1.0000	0.0000	6.8000
E	795.670	90.000	44.8519	0.1777	0.2467	0.1845	0.0000	6.8000
dPolE	795.670	90.000	67.1797	1.0000	0.0000	6.8000
uR	795.670	90.000	0.0135	1.0000	0.0000	6.8000
E	797.271	90.000	45.1388	359.6229	0.2337	0.1743	0.0000	6.8000
dPolE	797.271	90.000	64.2142	1.0000	0.0000	6.8000
uR	797.271	90.000	0.0141	1.0000	0.0000	6.8000
E	798.872	90.000	44.7495	359.8018	0.2390	0.1774	0.0000	6.8000
dPolE	798.872	90.000	58.9370	1.0000	0.0000	6.8000
uR	798.872	90.000	0.0141	1.0000	0.0000	6.8000
E	800.473	90.000	46.1330	0.3054	0.2307	0.1709	0.0000	6.8000
dPolE	800.473	90.000	63.2994	1.0000	0.0000	6.8000
uR	800.473	90.000	0.0135	1.0000	0.0000	6.8000
E	802.074	90.000	45.6972	0.5878	0.2571	0.1894	0.0000	6.8000
dPolE	802.074	90.000	64.8621	1.0000	0.0000	6.8000
uR	802.074	90.000	0.0131	1.0000	0.0000	6.8000
E	803.675	90.000	45.3874	0.1872	0.2516	0.1840	0.0000	6.8000
dPolE	803.675	90.000	68.2616	1.0000	0.0000	6.8000
uR	803.675	90.000	0.0138	1.0000	0.0000	6.8000
E	805.276	90.000	44.3244	0.4018	0.2603	0.1899	0.0000	6.8000
dPolE	805.276	90.000	66.6832	1.0000	0.0000	6.8000
uR	805.276	90.000	0.0138	1.0000	0.0000	6.8000
E	806.876	90.000	44.4547	0.5155	0.2658	0.1938	0.0000	6.8000
dPolE	806.876	90.000	69.8714	1.0000	0.0000	6.8000
uR	806.876	90.000	0.0127	1.0000	0.0000	6.8000
E	808.477	90.000	45.3125	0.3777	0.2644	0.1923	0.0000	6.8000
dPolE	808.477	90.000	66.4729	1.0000	0.0000	6.8000
uR	808.477	90.000	0.0130	1.0000	0.0000	6.8000
E	810.077	90.000	44.8472	0.3596	0.2626	0.1903	0.0000	6.8000
dPolE	810.077	90.000	65.3005	1.0000	0.0000	6.8000
uR	810.077	90.000	0.0132	1.0000	0.0000	6.8000
E	811.677	90.000	43.8283	0.3073	0.2543	0.1840	0.0000	6.8000
dPolE	811.677	90.000	66.0800	1.0000	0.0000	6.8000
uR	811.677	90.000	0.0140	1.0000	0.0000	6.8000
E	813.277	90.000	44.7142	0.0794	0.2582	0.1867	0.0000	6.8000
dPolE	813.277	90.000	65.4519	1.0000	0.0000	6.8000
uR	813.277	90.000	0.0133	1.0000	0.0000	6.8000
E	814.877	90.000	45.9479	0.3048	0.2536	0.1831	0.0000	6.8000
dPolE	814.877	90.000	65.7122	1.0000	0.0000	6.8000
uR	814.877	90.000	0.0125	1.0000	0.0000	6.8000
E	816.477	90.000	44.3311	0.2892	0.2473	0.1781	0.0000	6.8000
dPolE	816.477	90.000	57.3390	1.0000	0.0000	6.8000
uR	816.477	90.000	0.0132	1.0000	0.0000	6.8000
E	818.077	90.000	44.8508	359.7928	0.2974	0.2146	0.0000	6.8000
dPolE	818.077	90.000	51.2011	1.0000	0.0000	6.8000
uR	818.077	90.000	0.0129	1.0000	0.0000	6.8000
E	819.676	90.000	44.6235	0.0084	0.2037	0.1467	0.0000	6.8000
dPolE	819.676	90.000	37.2099	1.0000	0.0000	6.8000
uR	819.676	90.000	0.0121	1.0000	0.0000	6.8000
E	821.276	90.000	44.8375	0.0730	0.1043	0.0750	0.0000	6.8000
dPolE	821.276	90.000	18.7495	1.0000	0.0000	6.8000
uR	821.276	90.000	0.0121	1.0000	0.0000	6.8000
E	822.875	90.000	44.8817	0.0591	0.0694	0.0498	0.0000	6.8000
dPolE	822.875	90.000	13.9087	1.0000	0.0000	6.8000
uR	822.875	90.000	0.0135	1.0000	0.0000	6.8000
E	824.474	90.000	44.9663	0.0723	0.0608	0.0436	0.0000	6.8000
dPolE	824.474	90.000	10.2673	1.0000	0.0000	6.8000
uR	824.474	90.000	0.0143	1.0000	0.0000	6.8000
E	826.073	90.000	44.8333	0.0298	0.0660	0.0474	0.0000	6.8000
dPolE	826.073	90.000	11.9949	1.0000	0.0000	6.8000
uR	826.073	90.000	0.0137	1.0000	0.0000	6.8000
E	827.672	90.000	44.9724	0.1589	0.0807	0.0578	0.0000	6.8000
dPolE	827.672	90.000	16.3132	1.0000	0.0000	6.8000
uR	827.672	90.000	0.0132	1.0000	0.0000	6.8000
E	829.271	90.000	44.7396	0.1455	0.0899	0.0643	0.0000	6.8000
dPolE	829.271	90.000	21.8613	1.0000	0.0000	6.8000
uR	829.271	90.000	0.0138	1.0000	0.0000	6.8000
E	830.869	90.000	44.6464	0.0163	0.1151	0.0820	0.0000	6.8000
dPolE	830.869	90.000	25.6483	1.0000	0.0000	6.8000
uR	830.869	90.000	0.0131	1.0000	0.0000	6.8000
E	832.468	90.000	44.5920	0.4470	0.1351	0.0962	0.0000	6.8000
dPolE	832.468	90.000	38.6672	1.0000	0.0000	6.8000
uR	832.468	90.000	0.0128	1.0000	0.0000	6.8000
E	834.066	90.000	44.6419	0.2558	0.1396	0.0991	0.0000	6.8000
dPolE	834.066	90.000	38.2994	1.0000	0.0000	6.8000
uR	834.066	90.000	0.0126	1.0000	0.0000	6.8000
E	835.664	90.000	45.1222	0.2403	0.1291	0.0914	0.0000	6.8000
dPolE	835.664	90.000	36.9640	1.0000	0.0000	6.8000
uR	835.664	90.000	0.0130	1.0000	0.0000	6.8000
E	837.262	90.000	45.0922	0.2689	0.1506	0.1062	0.0000	6.8000
dPolE	837.262	90.000	39.8731	1.0000	0.0000	6.8000
uR	837.262	90.000	0.0133	1.0000	0.0000	6.8000
E	838.860	90.000	45.0250	359.8706	0.1739	0.1221	0.0000	6.8000
dPolE	838.860	90.000	47.7702	1.0000	0.0000	6.8000
uR	838.860	90.000	0.0133	1.0000	0.0000	6.8000
E	840.458	90.000	44.7847	0.3534	0.1857	0.1297	0.0000	6.8000
dPolE	840.458	90.000	52.4257	1.0000	0.0000	6.8000
uR	840.458	90.000	0.0143	1.0000	0.0000	6.8000
E	842.055	90.000	45.2148	0.2742	0.1811	0.1264	0.0000	6.8000
dPolE	842.055	90.000	52.2499	1.0000	0.0000	6.8000
uR	842.055	90.000	0.0151	1.0000	0.0000	6.8000
E	843.653	90.000	44.1303	0.0534	0.2256	0.1570	0.0000	6.8000
dPolE	843.653	90.000	57.9127	1.0000	0.0000	6.8000
uR	843.653	90.000	0.0137	1.0000	0.0000	6.8000
E	845.250	90.000	44.3672	0.3928	0.2719	0.1879	0.0000	6.8000
dPolE	845.250	90.000	66.5982	1.0000	0.0000	6.8000
uR	845.250	90.000	0.0142	1.0000	0.0000	6.8000
E	846.847	90.000	45.4075	0.1560	0.3279	0.2256	0.0000	6.8000
dPolE	846.847	90.000	71.7841	1.0000	0.0000	6.8000
uR	846.847	90.000	0.0130	1.0000	0.0000	6.8000
E	848.444	90.000	46.4878	0.3952	0.3339	0.2293	0.0000	6.8000
dPolE	848.444	90.000	79.8572	1.0000	0.0000	6.8000
uR	848.444	90.000	0.0121	1.0000	0.0000	6.8000
E	850.041	90.000	43.4032	0.7195	0.3440	0.2353	0.0000	6.8000
dPolE	850.041	90.000	86.5417	1.0000	0.0000	6.8000
uR	850.041	90.000	0.0114	1.0000	0.0000	6.8000
E	851.638	90.000	44.4869	359.7881	0.3396	0.2310	0.0000	6.8000
dPolE	851.638	90.000	79.8886	1.0000	0.0000	6.8000
uR	851.638	90.000	0.0134	1.0000	0.0000	6.8000
E	853.234	90.000	43.3981	0.1350	0.3541	0.2403	0.0000	6.8000
dPolE	853.234	90.000	83.9115	1.0000	0.0000	6.8000
uR	853.234	90.000	0.0120	1.0000	0.0000	6.8000
E	854.831	90.000	44.3428	0.0605	0.3773	0.2543	0.0000	6.8000
dPolE	854.831	90.000	79.3532	1.0000	0.0000	6.8000
uR	854.831	90.000	0.0125	1.0000	0.0000	6.8000
E	856.427	90.000	44.9759	0.6425	0.3732	0.2518	0.0000	6.8000
dPolE	856.427	90.000	80.4726	1.0000	0.0000	6.8000
uR	856.427	90.000	0.0122	1.0000	0.0000	6.8000
E	858.023	90.000	46.1496	359.9940	0.3687	0.2482	0.0000	6.8000
dPolE	858.023	90.000	78.5275	1.0000	0.0000	6.8000
uR	858.023	90.000	0.0120	1.0000	0.0000	6.8000
E	859.619	90.000	44.1606	0.7056	0.3556	0.2384	0.0000	6.8000
dPolE	859.619	90.000	78.0866	1.0000	0.0000	6.8000
uR	859.619	90.000	0.0118	1.0000	0.0000	6.8000
E	861.215	90.000	45.1222	359.7708	0.3598	0.2408	0.0000	6.8000
dPolE	861.215	90.000	80.1067	1.0000	0.0000	6.8000
uR	861.215	90.000	0.0108	1.0000	0.0000	6.8000
E	862.811	90.000	43.2460	0.4359	0.3656	0.2450	0.0000	6.8000
dPolE	862.811	90.000	74.4757	1.0000	0.0000	6.8000
uR	862.811	90.000	0.0121	1.0000	0.0000	6.8000
E	864.407	90.000	43.9414	0.0759	0.3216	0.2147	0.0000	6.8000
dPolE	864.407	90.000	76.3379	1.0000	0.0000	6.8000
uR	864.407	90.000	0.0120	1.0000	0.0000	6.8000
E	866.002	90.000	44.9898	0.1750	0.3140	0.2093	0.0000	6.8000
dPolE	866.002	90.000	73.6096	1.0000	0.0000	6.8000
uR	866.002	90.000	0.0118	1.0000	0.0000	6.8000
E	867.597	90.000	45.1657	359.8276	0.3033	0.2024	0.0000	6.8000
dPolE	867.597	90.000	65.1389	1.0000	0.0000	6.8000
uR	867.597	90.000	0.0127	1.0000	0.0000	6.8000
E	869.192	90.000	44.9373	359.6971	0.3189	0.2124	0.0000	6.8000
dPolE	869.192	90.000	67.6900	1.0000	0.0000	6.8000
uR	869.192	90.000	0.0119	1.0000	0.0000	6.8000
E	870.787	90.000	44.8718	359.8164	0.2901	0.1933	0.0000	6.8000
dPolE	870.787	90.000	64.6121	1.0000	0.0000	6.8000
uR	870.787	90.000	0.0124	1.0000	0.0000	6.8000
E	872.382	90.000	44.7513	0.2041	0.2760	0.1835	0.0000	6.8000
dPolE	872.382	90.000	56.8944	1.0000	0.0000	6.8000
uR	872.382	90.000	0.0126	1.0000	0.0000	6.8000
E	873.977	90.000	45.2415	359.8649	0.2653	0.1766	0.0000	6.8000
dPolE	873.977	90.000	52.7809	1.0000	0.0000	6.8000
uR	873.977	90.000	0.0127	1.0000	0.0000	6.8000
E	875.571	90.000	45.4151	0.3068	0.2438	0.1623	0.0000	6.8000
dPolE	875.571	90.000	48.4792	1.0000	0.0000	6.8000
uR	875.571	90.000	0.0127	1.0000	0.0000	6.8000
E	877.166	90.000	45.4854	359.8365	0.1864	0.1239	0.0000	6.8000
dPolE	877.166	90.000	39.3785	1.0000	0.0000	6.8000
uR	877.166	90.000	0.0124	1.0000	0.0000	6.8000
E	878.760	90.000	44.6801	0.0590	0.1447	0.0961	0.0000	6.8000
dPolE	878.760	90.000	27.8191	1.0000	0.0000	6.8000
uR	878.760	90.000	0.0119	1.0000	0.0000	6.8000
E	880.354	90.000	44.8389	0.1912	0.0953	0.0632	0.0000	6.8000
dPolE	880.354	90.000	16.3914	1.0000	0.0000	6.8000
uR	880.354	90.000	0.0125	1.0000	0.0000	6.8000
E	881.948	90.000	45.0727	359.9658	0.0748	0.0494	0.0000	6.8000
dPolE	881.948	90.000	10.8785	1.0000	0.0000	6.8000
uR	881.948	90.000	0.0135	1.0000	0.0000	6.8000
E	883.542	90.000	45.0447	0.0057	0.0718	0.0473	0.0000	6.8000
dPolE	883.542	90.000	11.3959	1.0000	0.0000	6.8000
uR	883.542	90.000	0.0139	1.0000	0.0000	6.8000
E	885.135	90.000	44.8701	359.9879	0.0821	0.0541	0.0000	6.8000
dPolE	885.135	90.000	12.3779	1.0000	0.0000	6.8000
uR	885.135	90.000	0.0131	1.0000	0.0000	6.8000
E	886.729	90.000	44.7156	359.9853	0.1075	0.0705	0.0000	6.8000
dPolE	886.729	90.000	24.5751	1.0000	0.0000	6.8000
uR	886.729	90.000	0.0122	1.0000	0.0000	6.8000
E	888.322	90.000	45.0426	0.1588	0.1363	0.0893	0.0000	6.8000
dPolE	888.322	90.000	30.6632	1.0000	0.0000	6.8000
uR	888.322	90.000	0.0123	1.0000	0.0000	6.8000
E	889.915	90.000	45.0649	0.0654	0.1710	0.1116	0.0000	6.8000
dPolE	889.915	90.000	37.4998	1.0000	0.0000	6.8000
uR	889.915	90.000	0.0119	1.0000	0.0000	6.8000
E	891.508	90.000	45.0159	0.2321	0.1717	0.1117	0.0000	6.8000
dPolE	891.508	90.000	39.2998	1.0000	0.0000	6.8000
uR	891.508	90.000	0.0120	1.0000	0.0000	6.8000
E	893.101	90.000	44.4872	0.2587	0.1572	0.1019	0.0000	6.8000
dPolE	893.101	90.000	37.6436	1.0000	0.0000	6.8000
uR	893.101	90.000	0.0119	1.0000	0.0000	6.8000
E	894.694	90.000	44.7317	0.0623	0.1394	0.0900	0.0000	6.8000
dPolE	894.694	90.000	30.0631	1.0000	0.0000	6.8000
uR	894.694	90.000	0.0129	1.0000	0.0000	6.8000
E	896.286	90.000	44.8506	0.0605	0.1351	0.0869	0.0000	6.8000
dPolE	896.286	90.000	29.4765	1.0000	0.0000	6.8000
uR	896.286	90.000	0.0124	1.0000	0.0000	6.8000
E	897.879	90.000	44.6752	359.8496	0.1430	0.0916	0.0000	6.8000
dPolE	897.879	90.000	28.5385	1.0000	0.0000	6.8000
uR	897.879	90.000	0.0125	1.0000	0.0000	6.8000
E	899.471	90.000	45.1968	0.1720	0.1583	0.1011	0.0000	6.8000
dPolE	899.471	90.000	36.0601	1.0000	0.0000	6.8000
uR	899.471	90.000	0.0122	1.0000	0.0000	6.8000
E	901.063	90.000	44.6501	0.3642	0.1786	0.1134	0.0000	6.8000
dPolE	901.063	90.000	37.8385	1.0000	0.0000	6.8000
uR	901.063	90.000	0.0121	1.0000	0.0000	6.8000
E	902.655	90.000	44.8444	359.8792	0.1575	0.0998	0.0000	6.8000
dPolE	902.655	90.000	33.2242	1.0000	0.0000	6.8000
uR	902.655	90.000	0.0127	1.0000	0.0000	6.8000
E	904.247	90.000	45.1551	0.0768	0.1357	0.0857	0.0000	6.8000
dPolE	904.247	90.000	27.7412	1.0000	0.0000	6.8000
uR	904.247	90.000	0.0136	1.0000	0.0000	6.8000
E	905.838	90.000	45.1406	0.2011	0.1390	0.0876	0.0000	6.8000
dPolE	905.838	90.000	25.1981	1.0000	0.0000	6.8000
uR	905.838	90.000	0.0137	1.0000	0.0000	6.8000
E	907.429	90.000	44.9462	0.0562	0.1538	0.0967	0.0000	6.8000
dPolE	907.429	90.000	29.9085	1.0000	0.0000	6.8000
uR	907.429	90.000	0.0131	1.0000	0.0000	6.8000
E	909.021	90.000	45.1990	0.1485	0.1938	0.1217	0.0000	6.8000
dPolE	909.021	90.000	43.6688	1.0000	0.0000	6.8000
uR	909.021	90.000	0.0117	1.0000	0.0000	6.8000
E	910.612	90.000	44.9183	0.1197	0.2181	0.1360	0.0000	6.8000
dPolE	910.612	90.000	46.5052	1.0000	0.0000	6.8000
uR	910.612	90.000	0.0116	1.0000	0.0000	6.8000
E	912.203	90.000	44.8381	0.1371	0.1995	0.1243	0.0000	6.8000
dPolE	912.203	90.000	38.8783	1.0000	0.0000	6.8000
uR	912.203	90.000	0.0123	1.0000	0.0000	6.8000
E	913.793	90.000	44.9682	0.0360	0.1591	0.0988	0.0000	6.8000
dPolE	913.793	90.000	29.6426	1.0000	0.0000	6.8000
uR	913.793	90.000	0.0131	1.0000	0.0000	6.8000
E	915.384	90.000	44.7466	359.8804	0.1259	0.0781	0.0000	6.8000
dPolE	915.384	90.000	25.3406	1.0000	0.0000	6.8000
uR	915.384	90.000	0.0134	1.0000	0.0000	6.8000
E	916.974	90.000	45.0761	359.7559	0.1172	0.0726	0.0000	6.8000
dPolE	916.974	90.000	19.6855	1.0000	0.0000	6.8000
uR	916.974	90.000	0.0136	1.0000	0.0000	6.8000
E	918.565	90.000	44.8714	359.7588	0.1223	0.0757	0.0000	6.8000
dPolE	918.565	90.000	24.1185	1.0000	0.0000	6.8000
uR	918.565	90.000	0.0128	1.0000	0.0000	6.8000
E	920.155	90.000	45.1653	0.1174	0.1529	0.0944	0.0000	6.8000
dPolE	920.155	90.000	29.6097	1.0000	0.0000	6.8000
uR	920.155	90.000	0.0122	1.0000	0.0000	6.8000
E	921.745	90.000	45.3044	0.0685	0.1861	0.1147	0.0000	6.8000
dPolE	921.745	90.000	41.6535	1.0000	0.0000	6.8000
uR	921.745	90.000	0.0120	1.0000	0.0000	6.8000
E	923.334	90.000	45.0414	0.0891	0.2332	0.1436	0.0000	6.8000
dPolE	923.334	90.000	48.4939	1.0000	0.0000	6.8000
uR	923.334	90.000	0.0122	1.0000	0.0000	6.8000
E	924.924	90.000	45.1924	0.1737	0.2754	0.1693	0.0000	6.8000
dPolE	924.924	90.000	46.5017	1.0000	0.0000	6.8000
uR	924.924	90.000	0.0130	1.0000	0.0000	6.8000
E	926.513	90.000	45.7424	359.9309	0.2971	0.1824	0.0000	6.8000
dPolE	926.513	90.000	55.1797	1.0000	0.0000	6.8000
uR	926.513	90.000	0.0138	1.0000	0.0000	6.8000
E	928.103	90.000	44.0199	0.1095	0.3403	0.2089	0.0000	6.8000
dPolE	928.103	90.000	58.9310	1.0000	0.0000	6.8000
uR	928.103	90.000	0.0132	1.0000	0.0000	6.8000
E	929.692	90.000	44.5799	0.5077	0.3267	0.2000	0.0000	6.8000
dPolE	929.692	90.000	73.7328	1.0000	0.0000	6.8000
uR	929.692	90.000	0.0115	1.0000	0.0000	6.8000
E	931.280	90.000	44.5360	359.9103	0.3581	0.2198	0.0000	6.8000
dPolE	931.280	90.000	69.2952	1.0000	0.0000	6.8000
uR	931.280	90.000	0.0122	1.0000	0.0000	6.8000
E	932.869	90.000	44.7256	359.4942	0.3572	0.2189	0.0000	6.8000
dPolE	932.869	90.000	70.1133	1.0000	0.0000	6.8000
uR	932.869	90.000	0.0116	1.0000	0.0000	6.8000
E	934.458	90.000	44.4587	0.2690	0.3301	0.2015	0.0000	6.8000
dPolE	934.458	90.000	75.0930	1.0000	0.0000	6.8000
uR	934.458	90.000	0.0113	1.0000	0.0000	6.8000
E	936.046	90.000	45.5189	359.9687	0.3123	0.1908	0.0000	6.8000
dPolE	936.046	90.000	66.3853	1.0000	0.0000	6.8000
uR	936.046	90.000	0.0127	1.0000	0.0000	6.8000
E	937.634	90.000	44.8815	0.2276	0.3078	0.1879	0.0000	6.8000
dPolE	937.634	90.000	56.7486	1.0000	0.0000	6.8000
uR	937.634	90.000	0.0134	1.0000	0.0000	6.8000
E	939.222	90.000	44.7399	0.4238	0.2976	0.1816	0.0000	6.8000
dPolE	939.222	90.000	60.8194	1.0000	0.0000	6.8000
uR	939.222	90.000	0.0134	1.0000	0.0000	6.8000
E	940.810	90.000	45.2511	359.6504	0.3203	0.1938	0.0000	6.8000
dPolE	940.810	90.000	59.2400	1.0000	0.0000	6.8000
uR	940.810	90.000	0.0136	1.0000	0.0000	6.8000
E	942.398	90.000	44.7301	359.9980	0.3386	0.2043	0.0000	6.8000
dPolE	942.398	90.000	65.1206	1.0000	0.0000	6.8000
uR	942.398	90.000	0.0128	1.0000	0.0000	6.8000
E	943.985	90.000	43.6709	359.7377	0.3573	0.2170	0.0000	6.8000
dPolE	943.985	90.000	63.3742	1.0000	0.0000	6.8000
uR	943.985	90.000	0.0129	1.0000	0.0000	6.8000
E	945.573	90.000	43.5812	0.2785	0.3503	0.2124	0.0000	6.8000
dPolE	945.573	90.000	75.3339	1.0000	0.0000	6.8000
uR	945.573	90.000	0.0115	1.0000	0.0000	6.8000
E	947.160	90.000	45.3485	0.8027	0.3572	0.2161	0.0000	6.8000
dPolE	947.160	90.000	61.6987	1.0000	0.0000	6.8000
uR	947.160	90.000	0.0123	1.0000	0.0000	6.8000
E	948.747	90.000	45.5187	0.2337	0.3349	0.2014	0.0000	6.8000
dPolE	948.747	90.000	65.3614	1.0000	0.0000	6.8000
uR	948.747	90.000	0.0126	1.0000	0.0000	6.8000
E	950.334	90.000	44.3638	359.9404	0.3442	0.2070	0.0000	6.8000
dPolE	950.334	90.000	62.9045	1.0000	0.0000	6.8000
uR	950.334	90.000	0.0132	1.0000	0.0000	6.8000
E	951.920	90.000	43.9507	359.6630	0.3364	0.2013	0.0000	6.8000
dPolE	951.920	90.000	66.8713	1.0000	0.0000	6.8000
uR	951.920	90.000	0.0119	1.0000	0.0000	6.8000
E	953.507	90.000	44.7740	0.0961	0.3654	0.2179	0.0000	6.8000
dPolE	953.507	90.000	66.5496	1.0000	0.0000	6.8000
uR	953.507	90.000	0.0120	1.0000	0.0000	6.8000
E	955.093	90.000	45.0492	0.5324	0.3711	0.2201	0.0000	6.8000
dPolE	955.093	90.000	69.9986	1.0000	0.0000	6.8000
uR	955.093	90.000	0.0114	1.0000	0.0000	6.8000
E	956.679	90.000	45.7159	359.8420	0.4080	0.2428	0.0000	6.8000
dPolE	956.679	90.000	73.8739	1.0000	0.0000	6.8000
uR	956.679	90.000	0.0110	1.0000	0.0000	6.8000
E	958.265	90.000	44.1278	359.7140	0.4198	0.2486	0.0000	6.8000
dPolE	958.265	90.000	80.6094	1.0000	0.0000	6.8000
uR	958.265	90.000	0.0107	1.0000	0.0000	6.8000
E	959.851	90.000	43.1497	358.2398	0.4458	0.2643	0.0000	6.8000
dPolE	959.851	90.000	83.5287	1.0000	0.0000	6.8000
uR	959.851	90.000	0.0104	1.0000	0.0000	6.8000
E	961.436	90.000	44.1608	359.7755	0.4510	0.2649	0.0000	6.8000
dPolE	961.436	90.000	83.3222	1.0000	0.0000	6.8000
uR	961.436	90.000	0.0112	1.0000	0.0000	6.8000
E	963.022	90.000	43.1323	359.9641	0.4608	0.2710	0.0000	6.8000
dPolE	963.022	90.000	85.4882	1.0000	0.0000	6.8000
uR	963.022	90.000	0.0105	1.0000	0.0000	6.8000
E	964.607	90.000	45.3123	0.6154	0.4951	0.2894	0.0000	6.8000
dPolE	964.607	90.000	76.7162	1.0000	0.0000	6.8000
uR	964.607	90.000	0.0117	1.0000	0.0000	6.8000
E	966.192	90.000	44.0820	0.3284	0.4305	0.2510	0.0000	6.8000
dPolE	966.192	90.000	73.3571	1.0000	0.0000	6.8000
uR	966.192	90.000	0.0130	1.0000	0.0000	6.8000
E	967.777	90.000	44.5427	359.6225	0.3946	0.2286	0.0000	6.8000
dPolE	967.777	90.000	76.0240	1.0000	0.0000	6.8000
uR	967.777	90.000	0.0113	1.0000	0.0000	6.8000
E	969.361	90.000	44.6392	0.7610	0.3868	0.2240	0.0000	6.8000
dPolE	969.361	90.000	69.6741	1.0000	0.0000	6.8000
uR	969.361	90.000	0.0117	1.0000	0.0000	6.8000
E	970.946	90.000	43.9638	0.2712	0.3586	0.2067	0.0000	6.8000
dPolE	970.946	90.000	67.2952	1.0000	0.0000	6.8000
uR	970.946	90.000	0.0118	1.0000	0.0000	6.8000
E	972.530	90.000	43.9879	359.6607	0.3374	0.1945	0.0000	6.8000
dPolE	972.530	90.000	66.6014	1.0000	0.0000	6.8000
uR	972.530	90.000	0.0120	1.0000	0.0000	6.8000
E	974.114	90.000	43.9444	359.6764	0.3417	0.1968	0.0000	6.8000
dPolE	974.114	90.000	54.7062	1.0000	0.0000	6.8000
uR	974.114	90.000	0.0128	1.0000	0.0000	6.8000
E	975.698	90.000	44.9253	359.9677	0.2949	0.1689	0.0000	6.8000
dPolE	975.698	90.000	47.6010	1.0000	0.0000	6.8000
uR	975.698	90.000	0.0123	1.0000	0.0000	6.8000
E	977.282	90.000	44.7921	0.0174	0.2403	0.1372	0.0000	6.8000
dPolE	977.282	90.000	35.5100	1.0000	0.0000	6.8000
uR	977.282	90.000	0.0133	1.0000	0.0000	6.8000
E	978.865	90.000	44.1357	359.7959	0.2216	0.1260	0.0000	6.8000
dPolE	978.865	90.000	26.6297	1.0000	0.0000	6.8000
uR	978.865	90.000	0.0135	1.0000	0.0000	6.8000
E	980.449	90.000	45.0989	0.0432	0.2037	0.1158	0.0000	6.8000
dPolE	980.449	90.000	30.4709	1.0000	0.0000	6.8000
uR	980.449	90.000	0.0133	1.0000	0.0000	6.8000
E	982.032	90.000	44.6375	359.9005	0.2263	0.1290	0.0000	6.8000
dPolE	982.032	90.000	40.5776	1.0000	0.0000	6.8000
uR	982.032	90.000	0.0131	1.0000	0.0000	6.8000
E	983.615	90.000	45.5694	0.5105	0.2883	0.1641	0.0000	6.8000
dPolE	983.615	90.000	38.0668	1.0000	0.0000	6.8000
uR	983.615	90.000	0.0122	1.0000	0.0000	6.8000
E	985.198	90.000	45.3304	0.0725	0.3237	0.1837	0.0000	6.8000
dPolE	985.198	90.000	43.9486	1.0000	0.0000	6.8000
uR	985.198	90.000	0.0127	1.0000	0.0000	6.8000
E	986.780	90.000	44.1377	0.5906	0.3353	0.1908	0.0000	6.8000
dPolE	986.780	90.000	47.7114	1.0000	0.0000	6.8000
uR	986.780	90.000	0.0126	1.0000	0.0000	6.8000
E	988.363	90.000	45.4485	359.8170	0.2851	0.1616	0.0000	6.8000
dPolE	988.363	90.000	48.5427	1.0000	0.0000	6.8000
uR	988.363	90.000	0.0129	1.0000	0.0000	6.8000
E	989.945	90.000	44.5698	359.6853	0.2521	0.1428	0.0000	6.8000
dPolE	989.945	90.000	34.7515	1.0000	0.0000	6.8000
uR	989.945	90.000	0.0136	1.0000	0.0000	6.8000
E	991.527	90.000	44.7605	0.0481	0.2371	0.1337	0.0000	6.8000
dPolE	991.527	90.000	32.3905	1.0000	0.0000	6.8000
uR	991.527	90.000	0.0143	1.0000	0.0000	6.8000
E	993.109	90.000	44.9352	359.9034	0.2454	0.1386	0.0000	6.8000
dPolE	993.109	90.000	32.5224	1.0000	0.0000	6.8000
uR	993.109	90.000	0.0129	1.0000	0.0000	6.8000
E	994.690	90.000	45.0830	0.0127	0.2409	0.1357	0.0000	6.8000
dPolE	994.690	90.000	30.5490	1.0000	0.0000	6.8000
uR	994.690	90.000	0.0131	1.0000	0.0000	6.8000
E	996.272	90.000	44.8536	359.9641	0.2884	0.1624	0.0000	6.8000
dPolE	996.272	90.000	34.8400	1.0000	0.0000	6.8000
uR	996.272	90.000	0.0135	1.0000	0.0000	6.8000
E	997.853	90.000	45.8954	359.6587	0.3378	0.1897	0.0000	6.8000
dPolE	997.853	90.000	45.7599	1.0000	0.0000	6.8000
uR	997.853	90.000	0.0124	1.0000	0.0000	6.8000
E	999.434	90.000	45.0398	359.7350	0.3802	0.2132	0.0000	6.8000
dPolE	999.434	90.000	61.1908	1.0000	0.0000	6.8000
uR	999.434	90.000	0.0123	1.0000	0.0000	6.8000
