
FM-removed
XY-Scan
nm
E	210.379	90.000	31.7494	252.4375	0.2512	0.5633	0.0000	6.8000
dPolE	210.379	90.000	99.9928	1.0000	0.0000	6.8000
uR	210.379	90.000	0.0261	1.0000	0.0000	6.8000
E	211.990	90.000	73.4464	72.7412	0.2649	0.9941	0.0000	6.8000
dPolE	211.990	90.000	99.9747	1.0000	0.0000	6.8000
uR	211.990	90.000	0.0157	1.0000	0.0000	6.8000
E	213.602	90.000	44.1486	167.6640	0.2601	0.4885	0.0000	6.8000
dPolE	213.602	90.000	99.9709	1.0000	0.0000	6.8000
uR	213.602	90.000	0.0102	1.0000	0.0000	6.8000
E	215.214	90.000	39.4041	169.8228	0.2334	0.4353	0.0000	6.8000
dPolE	215.214	90.000	99.9678	1.0000	0.0000	6.8000
uR	215.214	90.000	0.0080	1.0000	0.0000	6.8000
E	216.826	90.000	40.9971	270.3539	0.2695	0.5455	0.0000	6.8000
dPolE	216.826	90.000	99.9998	1.0000	0.0000	6.8000
uR	216.826	90.000	0.0067	1.0000	0.0000	6.8000
E	218.438	90.000	15.4325	69.1652	0.2452	1.0350	0.0000	6.8000
dPolE	218.438	90.000	99.9999	1.0000	0.0000	6.8000
uR	218.438	90.000	0.0048	1.0000	0.0000	6.8000
E	220.050	90.000	55.2288	157.1543	0.2636	0.4801	0.0000	6.8000
dPolE	220.050	90.000	99.9443	1.0000	0.0000	6.8000
uR	220.050	90.000	0.0062	1.0000	0.0000	6.8000
E	221.662	90.000	14.7754	21.5914	0.2380	0.8089	0.0000	6.8000
dPolE	221.662	90.000	99.9731	1.0000	0.0000	6.8000
uR	221.662	90.000	0.0050	1.0000	0.0000	6.8000
E	223.274	90.000	57.3543	221.3158	0.2624	0.5128	0.0000	6.8000
dPolE	223.274	90.000	99.9713	1.0000	0.0000	6.8000
uR	223.274	90.000	0.0034	1.0000	0.0000	6.8000
E	224.886	90.000	9.2739	99.1859	0.2220	1.7969	0.0000	6.8000
dPolE	224.886	90.000	99.9669	1.0000	0.0000	6.8000
uR	224.886	90.000	0.0035	1.0000	0.0000	6.8000
E	226.498	90.000	54.9825	214.0822	0.3119	0.5429	0.0000	6.8000
dPolE	226.498	90.000	99.9632	1.0000	0.0000	6.8000
uR	226.498	90.000	0.0034	1.0000	0.0000	6.8000
E	228.111	90.000	63.3122	334.2807	0.2620	0.5003	0.0000	6.8000
dPolE	228.111	90.000	99.9637	1.0000	0.0000	6.8000
uR	228.111	90.000	0.0031	1.0000	0.0000	6.8000
E	229.723	90.000	37.9021	94.4764	0.2924	0.6127	0.0000	6.8000
dPolE	229.723	90.000	99.9924	1.0000	0.0000	6.8000
uR	229.723	90.000	0.0012	1.0000	0.0000	6.8000
E	231.335	90.000	26.3237	274.8610	0.2544	0.7217	0.0000	6.8000
dPolE	231.335	90.000	99.9922	1.0000	0.0000	6.8000
uR	231.335	90.000	0.0011	1.0000	0.0000	6.8000
E	232.948	90.000	89.9900	179.9251	0.2852	1012.6379	0.0000	6.8000
dPolE	232.948	90.000	99.9384	1.0000	0.0000	6.8000
uR	232.948	90.000	0.0033	1.0000	0.0000	6.8000
E	234.560	90.000	7.9762	204.2029	0.2734	1.4386	0.0000	6.8000
dPolE	234.560	90.000	99.9836	1.0000	0.0000	6.8000
uR	234.560	90.000	0.0017	1.0000	0.0000	6.8000
E	236.173	90.000	12.8960	285.3986	0.2143	1.3511	0.0000	6.8000
dPolE	236.173	90.000	99.9391	1.0000	0.0000	6.8000
uR	236.173	90.000	0.0018	1.0000	0.0000	6.8000
E	237.786	90.000	34.6953	104.2816	0.3027	0.6598	0.0000	6.8000
dPolE	237.786	90.000	99.9709	1.0000	0.0000	6.8000
uR	237.786	90.000	0.0019	1.0000	0.0000	6.8000
E	239.398	90.000	19.0225	189.5477	0.3077	0.5798	0.0000	6.8000
dPolE	239.398	90.000	99.9954	1.0000	0.0000	6.8000
uR	239.398	90.000	0.0012	1.0000	0.0000	6.8000
E	241.011	90.000	33.8377	35.8475	0.3229	0.5227	0.0000	6.8000
dPolE	241.011	90.000	99.9854	1.0000	0.0000	6.8000
uR	241.011	90.000	0.0009	1.0000	0.0000	6.8000
E	242.624	90.000	59.3143	283.7618	0.2875	0.6976	0.0000	6.8000
dPolE	242.624	90.000	99.9985	1.0000	0.0000	6.8000
uR	242.624	90.000	0.0013	1.0000	0.0000	6.8000
E	244.237	90.000	35.6700	333.1748	0.3259	0.4539	0.0000	6.8000
dPolE	244.237	90.000	99.9614	1.0000	0.0000	6.8000
uR	244.237	90.000	0.0009	1.0000	0.0000	6.8000
E	245.850	90.000	3.9680	223.6481	0.2590	3.6344	0.0000	6.8000
dPolE	245.850	90.000	99.8966	1.0000	0.0000	6.8000
uR	245.850	90.000	0.0013	1.0000	0.0000	6.8000
E	247.463	90.000	29.2656	155.9879	0.2885	0.4297	0.0000	6.8000
dPolE	247.463	90.000	99.9359	1.0000	0.0000	6.8000
uR	247.463	90.000	0.0010	1.0000	0.0000	6.8000
E	249.076	90.000	44.9823	339.6762	0.3113	0.3700	0.0000	6.8000
dPolE	249.076	90.000	99.9818	1.0000	0.0000	6.8000
uR	249.076	90.000	0.0008	1.0000	0.0000	6.8000
E	250.689	90.000	20.7994	340.7208	0.3121	0.5619	0.0000	6.8000
dPolE	250.689	90.000	99.9545	1.0000	0.0000	6.8000
uR	250.689	90.000	0.0010	1.0000	0.0000	6.8000
E	252.302	90.000	60.0074	183.1478	0.3335	0.3926	0.0000	6.8000
dPolE	252.302	90.000	99.9702	1.0000	0.0000	6.8000
uR	252.302	90.000	0.0013	1.0000	0.0000	6.8000
E	253.916	90.000	45.4709	195.9189	0.2895	0.3229	0.0000	6.8000
dPolE	253.916	90.000	99.9972	1.0000	0.0000	6.8000
uR	253.916	90.000	0.0005	1.0000	0.0000	6.8000
E	255.529	90.000	2.9892	295.0681	0.1893	5.3900	0.0000	6.8000
dPolE	255.529	90.000	99.9882	1.0000	0.0000	6.8000
uR	255.529	90.000	0.0007	1.0000	0.0000	6.8000
E	257.142	90.000	57.8338	227.8692	0.3084	0.5802	0.0000	6.8000
dPolE	257.142	90.000	99.9941	1.0000	0.0000	6.8000
uR	257.142	90.000	0.0003	1.0000	0.0000	6.8000
E	258.756	90.000	34.8052	159.4146	0.2843	0.3577	0.0000	6.8000
dPolE	258.756	90.000	99.9811	1.0000	0.0000	6.8000
uR	258.756	90.000	0.0007	1.0000	0.0000	6.8000
E	260.369	90.000	49.5275	186.8348	0.3128	0.3244	0.0000	6.8000
dPolE	260.369	90.000	99.9424	1.0000	0.0000	6.8000
uR	260.369	90.000	0.0009	1.0000	0.0000	6.8000
E	261.983	90.000	59.2624	65.4387	0.2782	0.6376	0.0000	6.8000
dPolE	261.983	90.000	99.9999	1.0000	0.0000	6.8000
uR	261.983	90.000	0.0007	1.0000	0.0000	6.8000
E	263.596	90.000	36.7423	206.5720	0.2976	0.3962	0.0000	6.8000
dPolE	263.596	90.000	99.9816	1.0000	0.0000	6.8000
uR	263.596	90.000	0.0005	1.0000	0.0000	6.8000
E	265.210	90.000	24.3593	186.5404	0.3026	0.4156	0.0000	6.8000
dPolE	265.210	90.000	99.9199	1.0000	0.0000	6.8000
uR	265.210	90.000	0.0009	1.0000	0.0000	6.8000
E	266.823	90.000	23.7501	34.4376	0.2777	0.5612	0.0000	6.8000
dPolE	266.823	90.000	99.9812	1.0000	0.0000	6.8000
uR	266.823	90.000	0.0006	1.0000	0.0000	6.8000
E	268.437	90.000	8.2938	160.9662	0.2739	1.1614	0.0000	6.8000
dPolE	268.437	90.000	99.9732	1.0000	0.0000	6.8000
uR	268.437	90.000	0.0007	1.0000	0.0000	6.8000
E	270.051	90.000	56.9772	13.6388	0.2738	0.3321	0.0000	6.8000
dPolE	270.051	90.000	99.9555	1.0000	0.0000	6.8000
uR	270.051	90.000	0.0008	1.0000	0.0000	6.8000
E	271.665	90.000	22.9656	335.1114	0.2643	0.4796	0.0000	6.8000
dPolE	271.665	90.000	99.9908	1.0000	0.0000	6.8000
uR	271.665	90.000	0.0006	1.0000	0.0000	6.8000
E	273.279	90.000	13.2046	287.8895	0.1886	1.1917	0.0000	6.8000
dPolE	273.279	90.000	99.9968	1.0000	0.0000	6.8000
uR	273.279	90.000	0.0004	1.0000	0.0000	6.8000
E	274.892	90.000	24.4003	206.8000	0.2791	0.4998	0.0000	6.8000
dPolE	274.892	90.000	99.9994	1.0000	0.0000	6.8000
uR	274.892	90.000	0.0004	1.0000	0.0000	6.8000
E	276.506	90.000	10.7938	358.3462	0.2441	0.7064	0.0000	6.8000
dPolE	276.506	90.000	99.9670	1.0000	0.0000	6.8000
uR	276.506	90.000	0.0007	1.0000	0.0000	6.8000
E	278.120	90.000	27.2767	10.1538	0.2630	0.3609	0.0000	6.8000
dPolE	278.120	90.000	99.9454	1.0000	0.0000	6.8000
uR	278.120	90.000	0.0007	1.0000	0.0000	6.8000
E	279.734	90.000	74.0193	97.7811	0.1789	0.9485	0.0000	6.8000
dPolE	279.734	90.000	99.9787	1.0000	0.0000	6.8000
uR	279.734	90.000	0.0006	1.0000	0.0000	6.8000
E	281.349	90.000	25.8136	60.7241	0.2378	0.6209	0.0000	6.8000
dPolE	281.349	90.000	99.9765	1.0000	0.0000	6.8000
uR	281.349	90.000	0.0007	1.0000	0.0000	6.8000
E	282.963	90.000	52.2170	133.0426	0.2554	0.4392	0.0000	6.8000
dPolE	282.963	90.000	99.9704	1.0000	0.0000	6.8000
uR	282.963	90.000	0.0006	1.0000	0.0000	6.8000
E	284.577	90.000	53.9699	232.1081	0.2476	0.4576	0.0000	6.8000
dPolE	284.577	90.000	99.9831	1.0000	0.0000	6.8000
uR	284.577	90.000	0.0005	1.0000	0.0000	6.8000
E	286.191	90.000	18.0956	331.7426	0.2355	0.5778	0.0000	6.8000
dPolE	286.191	90.000	99.9926	1.0000	0.0000	6.8000
uR	286.191	90.000	0.0005	1.0000	0.0000	6.8000
E	287.805	90.000	77.6942	81.8729	0.1689	1.1945	0.0000	6.8000
dPolE	287.805	90.000	99.9470	1.0000	0.0000	6.8000
uR	287.805	90.000	0.0006	1.0000	0.0000	6.8000
E	289.420	90.000	71.2709	154.6217	0.2346	0.5427	0.0000	6.8000
dPolE	289.420	90.000	99.9662	1.0000	0.0000	6.8000
uR	289.420	90.000	0.0006	1.0000	0.0000	6.8000
E	291.034	90.000	12.2921	165.3014	0.2328	0.7063	0.0000	6.8000
dPolE	291.034	90.000	99.9698	1.0000	0.0000	6.8000
uR	291.034	90.000	0.0005	1.0000	0.0000	6.8000
E	292.649	90.000	74.4570	250.6801	0.1715	0.8435	0.0000	6.8000
dPolE	292.649	90.000	99.9875	1.0000	0.0000	6.8000
uR	292.649	90.000	0.0005	1.0000	0.0000	6.8000
E	294.263	90.000	29.3142	227.1001	0.2168	0.4471	0.0000	6.8000
dPolE	294.263	90.000	99.9877	1.0000	0.0000	6.8000
uR	294.263	90.000	0.0003	1.0000	0.0000	6.8000
E	295.877	90.000	46.2592	46.9139	0.2281	0.3838	0.0000	6.8000
dPolE	295.877	90.000	99.9812	1.0000	0.0000	6.8000
uR	295.877	90.000	0.0004	1.0000	0.0000	6.8000
E	297.492	90.000	60.3737	182.0957	0.2209	0.3164	0.0000	6.8000
dPolE	297.492	90.000	99.9481	1.0000	0.0000	6.8000
uR	297.492	90.000	0.0005	1.0000	0.0000	6.8000
E	299.107	90.000	51.6016	185.6262	0.2015	0.2595	0.0000	6.8000
dPolE	299.107	90.000	99.9926	1.0000	0.0000	6.8000
uR	299.107	90.000	0.0003	1.0000	0.0000	6.8000
E	300.721	90.000	25.4057	13.7484	0.2133	0.3647	0.0000	6.8000
dPolE	300.721	90.000	99.9885	1.0000	0.0000	6.8000
uR	300.721	90.000	0.0004	1.0000	0.0000	6.8000
E	302.336	90.000	26.6171	260.5876	0.1804	0.5017	0.0000	6.8000
dPolE	302.336	90.000	99.9979	1.0000	0.0000	6.8000
uR	302.336	90.000	0.0005	1.0000	0.0000	6.8000
E	303.950	90.000	5.5815	256.7698	0.1280	1.9011	0.0000	6.8000
dPolE	303.950	90.000	99.9771	1.0000	0.0000	6.8000
uR	303.950	90.000	0.0006	1.0000	0.0000	6.8000
E	305.565	90.000	11.2442	125.9222	0.1687	0.9579	0.0000	6.8000
dPolE	305.565	90.000	99.9861	1.0000	0.0000	6.8000
uR	305.565	90.000	0.0003	1.0000	0.0000	6.8000
E	307.180	90.000	75.7456	42.6820	0.1747	0.6830	0.0000	6.8000
dPolE	307.180	90.000	99.9904	1.0000	0.0000	6.8000
uR	307.180	90.000	0.0003	1.0000	0.0000	6.8000
E	308.795	90.000	11.7114	295.5571	0.1569	0.9467	0.0000	6.8000
dPolE	308.795	90.000	99.9785	1.0000	0.0000	6.8000
uR	308.795	90.000	0.0004	1.0000	0.0000	6.8000
E	310.410	90.000	49.1655	102.3248	0.1841	0.3695	0.0000	6.8000
dPolE	310.410	90.000	99.9853	1.0000	0.0000	6.8000
uR	310.410	90.000	0.0003	1.0000	0.0000	6.8000
E	312.024	90.000	11.9048	319.5757	0.1724	0.7888	0.0000	6.8000
dPolE	312.024	90.000	99.9990	1.0000	0.0000	6.8000
uR	312.024	90.000	0.0005	1.0000	0.0000	6.8000
E	313.639	90.000	55.8865	354.3882	0.1908	0.2875	0.0000	6.8000
dPolE	313.639	90.000	99.9977	1.0000	0.0000	6.8000
uR	313.639	90.000	0.0002	1.0000	0.0000	6.8000
E	315.254	90.000	30.4249	356.3401	0.1842	0.2993	0.0000	6.8000
dPolE	315.254	90.000	99.9999	1.0000	0.0000	6.8000
uR	315.254	90.000	0.0003	1.0000	0.0000	6.8000
E	316.869	90.000	46.4622	2.8736	0.1825	0.2609	0.0000	6.8000
dPolE	316.869	90.000	99.9796	1.0000	0.0000	6.8000
uR	316.869	90.000	0.0004	1.0000	0.0000	6.8000
E	318.484	90.000	61.9343	164.5999	0.1678	0.3018	0.0000	6.8000
dPolE	318.484	90.000	99.9486	1.0000	0.0000	6.8000
uR	318.484	90.000	0.0006	1.0000	0.0000	6.8000
E	320.099	90.000	71.2435	233.2776	0.1501	0.4995	0.0000	6.8000
dPolE	320.099	90.000	99.9995	1.0000	0.0000	6.8000
uR	320.099	90.000	0.0003	1.0000	0.0000	6.8000
E	321.714	90.000	40.7320	206.9799	0.1711	0.2770	0.0000	6.8000
dPolE	321.714	90.000	99.9977	1.0000	0.0000	6.8000
uR	321.714	90.000	0.0003	1.0000	0.0000	6.8000
E	323.330	90.000	72.6497	110.3107	0.1466	0.5848	0.0000	6.8000
dPolE	323.330	90.000	99.9603	1.0000	0.0000	6.8000
uR	323.330	90.000	0.0006	1.0000	0.0000	6.8000
E	324.945	90.000	62.1562	267.3838	0.1625	0.4234	0.0000	6.8000
dPolE	324.945	90.000	99.9928	1.0000	0.0000	6.8000
uR	324.945	90.000	0.0006	1.0000	0.0000	6.8000
E	326.560	90.000	45.1199	105.5173	0.1729	0.3406	0.0000	6.8000
dPolE	326.560	90.000	99.9980	1.0000	0.0000	6.8000
uR	326.560	90.000	0.0003	1.0000	0.0000	6.8000
E	328.175	90.000	13.9799	153.3272	0.1698	0.6147	0.0000	6.8000
dPolE	328.175	90.000	99.9785	1.0000	0.0000	6.8000
uR	328.175	90.000	0.0004	1.0000	0.0000	6.8000
E	329.790	90.000	17.5013	107.5934	0.1376	0.5413	0.0000	6.8000
dPolE	329.790	90.000	99.9874	1.0000	0.0000	6.8000
uR	329.790	90.000	0.0004	1.0000	0.0000	6.8000
E	331.406	90.000	65.5010	161.6810	0.1535	0.3333	0.0000	6.8000
dPolE	331.406	90.000	99.9967	1.0000	0.0000	6.8000
uR	331.406	90.000	0.0003	1.0000	0.0000	6.8000
E	333.021	90.000	57.1288	292.4174	0.1581	0.3468	0.0000	6.8000
dPolE	333.021	90.000	99.9927	1.0000	0.0000	6.8000
uR	333.021	90.000	0.0003	1.0000	0.0000	6.8000
E	334.636	90.000	17.8537	81.3331	0.1230	0.4790	0.0000	6.8000
dPolE	334.636	90.000	99.9982	1.0000	0.0000	6.8000
uR	334.636	90.000	0.0002	1.0000	0.0000	6.8000
E	336.251	90.000	41.9249	42.2686	0.1530	0.2772	0.0000	6.8000
dPolE	336.251	90.000	99.9948	1.0000	0.0000	6.8000
uR	336.251	90.000	0.0002	1.0000	0.0000	6.8000
E	337.867	90.000	36.9275	26.4809	0.1507	0.2704	0.0000	6.8000
dPolE	337.867	90.000	99.9807	1.0000	0.0000	6.8000
uR	337.867	90.000	0.0004	1.0000	0.0000	6.8000
E	339.482	90.000	54.4552	185.0876	0.1518	0.2660	0.0000	6.8000
dPolE	339.482	90.000	99.9862	1.0000	0.0000	6.8000
uR	339.482	90.000	0.0003	1.0000	0.0000	6.8000
E	341.098	90.000	16.8663	67.3451	0.1395	0.5433	0.0000	6.8000
dPolE	341.098	90.000	99.9996	1.0000	0.0000	6.8000
uR	341.098	90.000	0.0004	1.0000	0.0000	6.8000
E	342.713	90.000	51.7616	171.8867	0.1597	0.2758	0.0000	6.8000
dPolE	342.713	90.000	99.9965	1.0000	0.0000	6.8000
uR	342.713	90.000	0.0003	1.0000	0.0000	6.8000
E	344.329	90.000	24.1964	348.8951	0.1515	0.3473	0.0000	6.8000
dPolE	344.329	90.000	99.9878	1.0000	0.0000	6.8000
uR	344.329	90.000	0.0003	1.0000	0.0000	6.8000
E	345.944	90.000	73.3500	125.5913	0.1344	0.4987	0.0000	6.8000
dPolE	345.944	90.000	99.9949	1.0000	0.0000	6.8000
uR	345.944	90.000	0.0003	1.0000	0.0000	6.8000
E	347.560	90.000	53.6621	19.1865	0.1427	0.2610	0.0000	6.8000
dPolE	347.560	90.000	99.9898	1.0000	0.0000	6.8000
uR	347.560	90.000	0.0003	1.0000	0.0000	6.8000
E	349.175	90.000	19.3059	68.2713	0.1372	0.4645	0.0000	6.8000
dPolE	349.175	90.000	99.9875	1.0000	0.0000	6.8000
uR	349.175	90.000	0.0003	1.0000	0.0000	6.8000
E	350.791	90.000	24.9916	174.3087	0.1483	0.3396	0.0000	6.8000
dPolE	350.791	90.000	99.9962	1.0000	0.0000	6.8000
uR	350.791	90.000	0.0002	1.0000	0.0000	6.8000
E	352.406	90.000	60.6217	51.4011	0.1431	0.3261	0.0000	6.8000
dPolE	352.406	90.000	99.9928	1.0000	0.0000	6.8000
uR	352.406	90.000	0.0004	1.0000	0.0000	6.8000
E	354.022	90.000	23.9629	253.4953	0.1358	0.3802	0.0000	6.8000
dPolE	354.022	90.000	99.9974	1.0000	0.0000	6.8000
uR	354.022	90.000	0.0003	1.0000	0.0000	6.8000
E	355.638	90.000	49.6661	110.7839	0.1443	0.2892	0.0000	6.8000
dPolE	355.638	90.000	99.9902	1.0000	0.0000	6.8000
uR	355.638	90.000	0.0004	1.0000	0.0000	6.8000
E	357.253	90.000	42.5075	338.3044	0.1415	0.2596	0.0000	6.8000
dPolE	357.253	90.000	99.9943	1.0000	0.0000	6.8000
uR	357.253	90.000	0.0003	1.0000	0.0000	6.8000
E	358.869	90.000	34.6725	144.2305	0.1397	0.2823	0.0000	6.8000
dPolE	358.869	90.000	99.9666	1.0000	0.0000	6.8000
uR	358.869	90.000	0.0004	1.0000	0.0000	6.8000
E	360.485	90.000	35.4106	201.1345	0.1415	0.2772	0.0000	6.8000
dPolE	360.485	90.000	99.9897	1.0000	0.0000	6.8000
uR	360.485	90.000	0.0003	1.0000	0.0000	6.8000
E	362.100	90.000	76.6533	77.3264	0.1293	0.6159	0.0000	6.8000
dPolE	362.100	90.000	99.9758	1.0000	0.0000	6.8000
uR	362.100	90.000	0.0004	1.0000	0.0000	6.8000
E	363.716	90.000	71.8204	23.0552	0.1396	0.4388	0.0000	6.8000
dPolE	363.716	90.000	99.9638	1.0000	0.0000	6.8000
uR	363.716	90.000	0.0004	1.0000	0.0000	6.8000
E	365.332	90.000	50.9709	164.4934	0.1348	0.2545	0.0000	6.8000
dPolE	365.332	90.000	99.9802	1.0000	0.0000	6.8000
uR	365.332	90.000	0.0003	1.0000	0.0000	6.8000
E	366.948	90.000	13.5711	66.6284	0.1214	0.5539	0.0000	6.8000
dPolE	366.948	90.000	99.9955	1.0000	0.0000	6.8000
uR	366.948	90.000	0.0003	1.0000	0.0000	6.8000
E	368.563	90.000	35.4311	145.6739	0.1370	0.2753	0.0000	6.8000
dPolE	368.563	90.000	99.9961	1.0000	0.0000	6.8000
uR	368.563	90.000	0.0002	1.0000	0.0000	6.8000
E	370.179	90.000	24.1804	304.8219	0.1241	0.3312	0.0000	6.8000
dPolE	370.179	90.000	99.9952	1.0000	0.0000	6.8000
uR	370.179	90.000	0.0003	1.0000	0.0000	6.8000
E	371.795	90.000	41.1942	152.4728	0.1328	0.2509	0.0000	6.8000
dPolE	371.795	90.000	99.9934	1.0000	0.0000	6.8000
uR	371.795	90.000	0.0003	1.0000	0.0000	6.8000
E	373.411	90.000	47.0514	5.7024	0.1208	0.2248	0.0000	6.8000
dPolE	373.411	90.000	99.9941	1.0000	0.0000	6.8000
uR	373.411	90.000	0.0002	1.0000	0.0000	6.8000
E	375.027	90.000	34.1534	263.3112	0.1247	0.2704	0.0000	6.8000
dPolE	375.027	90.000	99.9933	1.0000	0.0000	6.8000
uR	375.027	90.000	0.0006	1.0000	0.0000	6.8000
E	376.643	90.000	73.2172	93.8103	0.1281	0.4829	0.0000	6.8000
dPolE	376.643	90.000	99.9925	1.0000	0.0000	6.8000
uR	376.643	90.000	0.0003	1.0000	0.0000	6.8000
E	378.258	90.000	10.4231	122.3817	0.1249	0.7183	0.0000	6.8000
dPolE	378.258	90.000	99.9999	1.0000	0.0000	6.8000
uR	378.258	90.000	0.0004	1.0000	0.0000	6.8000
E	379.874	90.000	22.6212	319.3503	0.1284	0.3529	0.0000	6.8000
dPolE	379.874	90.000	99.9851	1.0000	0.0000	6.8000
uR	379.874	90.000	0.0004	1.0000	0.0000	6.8000
E	381.490	90.000	39.4807	13.7443	0.1174	0.2262	0.0000	6.8000
dPolE	381.490	90.000	99.9726	1.0000	0.0000	6.8000
uR	381.490	90.000	0.0005	1.0000	0.0000	6.8000
E	383.106	90.000	64.3489	54.9415	0.1248	0.3188	0.0000	6.8000
dPolE	383.106	90.000	99.9806	1.0000	0.0000	6.8000
uR	383.106	90.000	0.0004	1.0000	0.0000	6.8000
E	384.722	90.000	48.2408	301.0973	0.1319	0.2622	0.0000	6.8000
dPolE	384.722	90.000	99.9917	1.0000	0.0000	6.8000
uR	384.722	90.000	0.0003	1.0000	0.0000	6.8000
E	386.338	90.000	71.5963	269.6141	0.1208	0.4182	0.0000	6.8000
dPolE	386.338	90.000	99.9938	1.0000	0.0000	6.8000
uR	386.338	90.000	0.0002	1.0000	0.0000	6.8000
E	387.954	90.000	53.3612	328.9960	0.1257	0.2509	0.0000	6.8000
dPolE	387.954	90.000	99.9988	1.0000	0.0000	6.8000
uR	387.954	90.000	0.0002	1.0000	0.0000	6.8000
E	389.570	90.000	42.1257	55.4208	0.1078	0.2126	0.0000	6.8000
dPolE	389.570	90.000	99.9968	1.0000	0.0000	6.8000
uR	389.570	90.000	0.0002	1.0000	0.0000	6.8000
E	391.186	90.000	49.2792	17.2920	0.1221	0.2352	0.0000	6.8000
dPolE	391.186	90.000	99.9918	1.0000	0.0000	6.8000
uR	391.186	90.000	0.0003	1.0000	0.0000	6.8000
E	392.802	90.000	39.3007	37.2327	0.1235	0.2447	0.0000	6.8000
dPolE	392.802	90.000	99.9927	1.0000	0.0000	6.8000
uR	392.802	90.000	0.0003	1.0000	0.0000	6.8000
E	394.418	90.000	9.5961	194.7582	0.1276	0.7423	0.0000	6.8000
dPolE	394.418	90.000	99.9901	1.0000	0.0000	6.8000
uR	394.418	90.000	0.0002	1.0000	0.0000	6.8000
E	396.034	90.000	47.4103	69.3877	0.1250	0.2492	0.0000	6.8000
dPolE	396.034	90.000	99.9959	1.0000	0.0000	6.8000
uR	396.034	90.000	0.0002	1.0000	0.0000	6.8000
E	397.650	90.000	59.8061	63.4724	0.1146	0.2636	0.0000	6.8000
dPolE	397.650	90.000	99.9986	1.0000	0.0000	6.8000
uR	397.650	90.000	0.0002	1.0000	0.0000	6.8000
E	399.266	90.000	52.2451	351.4209	0.1158	0.2250	0.0000	6.8000
dPolE	399.266	90.000	99.9869	1.0000	0.0000	6.8000
uR	399.266	90.000	0.0002	1.0000	0.0000	6.8000
E	400.882	90.000	60.1321	20.5877	0.1174	0.2595	0.0000	6.8000
dPolE	400.882	90.000	99.9896	1.0000	0.0000	6.8000
uR	400.882	90.000	0.0002	1.0000	0.0000	6.8000
E	402.498	90.000	36.6884	32.1719	0.1174	0.2367	0.0000	6.8000
dPolE	402.498	90.000	99.9654	1.0000	0.0000	6.8000
uR	402.498	90.000	0.0004	1.0000	0.0000	6.8000
E	404.114	90.000	43.5485	351.0297	0.1134	0.2156	0.0000	6.8000
dPolE	404.114	90.000	99.9697	1.0000	0.0000	6.8000
uR	404.114	90.000	0.0004	1.0000	0.0000	6.8000
E	405.730	90.000	43.4563	26.1270	0.1196	0.2276	0.0000	6.8000
dPolE	405.730	90.000	99.9663	1.0000	0.0000	6.8000
uR	405.730	90.000	0.0004	1.0000	0.0000	6.8000
E	407.346	90.000	28.7809	350.5887	0.1175	0.2603	0.0000	6.8000
dPolE	407.346	90.000	99.9011	1.0000	0.0000	6.8000
uR	407.346	90.000	0.0006	1.0000	0.0000	6.8000
E	408.962	90.000	49.3487	9.2907	0.1179	0.2227	0.0000	6.8000
dPolE	408.962	90.000	99.8567	1.0000	0.0000	6.8000
uR	408.962	90.000	0.0008	1.0000	0.0000	6.8000
E	410.578	90.000	50.4389	5.9755	0.1173	0.2238	0.0000	6.8000
dPolE	410.578	90.000	99.8537	1.0000	0.0000	6.8000
uR	410.578	90.000	0.0007	1.0000	0.0000	6.8000
E	412.194	90.000	45.9103	8.7424	0.1180	0.2227	0.0000	6.8000
dPolE	412.194	90.000	99.7758	1.0000	0.0000	6.8000
uR	412.194	90.000	0.0010	1.0000	0.0000	6.8000
E	413.810	90.000	44.0620	5.8605	0.1173	0.2210	0.0000	6.8000
dPolE	413.810	90.000	99.6548	1.0000	0.0000	6.8000
uR	413.810	90.000	0.0011	1.0000	0.0000	6.8000
E	415.426	90.000	45.4613	8.7509	0.1187	0.2217	0.0000	6.8000
dPolE	415.426	90.000	99.6291	1.0000	0.0000	6.8000
uR	415.426	90.000	0.0012	1.0000	0.0000	6.8000
E	417.042	90.000	45.5448	12.5310	0.1215	0.2250	0.0000	6.8000
dPolE	417.042	90.000	99.4429	1.0000	0.0000	6.8000
uR	417.042	90.000	0.0014	1.0000	0.0000	6.8000
E	418.658	90.000	42.9245	11.0148	0.1177	0.2172	0.0000	6.8000
dPolE	418.658	90.000	99.2636	1.0000	0.0000	6.8000
uR	418.658	90.000	0.0016	1.0000	0.0000	6.8000
E	420.274	90.000	42.7822	9.5711	0.1212	0.2237	0.0000	6.8000
dPolE	420.274	90.000	99.3050	1.0000	0.0000	6.8000
uR	420.274	90.000	0.0015	1.0000	0.0000	6.8000
E	421.890	90.000	44.7569	9.3860	0.1118	0.2068	0.0000	6.8000
dPolE	421.890	90.000	99.2316	1.0000	0.0000	6.8000
uR	421.890	90.000	0.0017	1.0000	0.0000	6.8000
E	423.506	90.000	45.2655	9.9792	0.1111	0.2061	0.0000	6.8000
dPolE	423.506	90.000	98.7312	1.0000	0.0000	6.8000
uR	423.506	90.000	0.0023	1.0000	0.0000	6.8000
E	425.122	90.000	44.0775	6.0061	0.1098	0.2026	0.0000	6.8000
dPolE	425.122	90.000	98.7219	1.0000	0.0000	6.8000
uR	425.122	90.000	0.0024	1.0000	0.0000	6.8000
E	426.738	90.000	45.5715	6.5616	0.1113	0.2034	0.0000	6.8000
dPolE	426.738	90.000	98.3967	1.0000	0.0000	6.8000
uR	426.738	90.000	0.0026	1.0000	0.0000	6.8000
E	428.355	90.000	45.3774	5.5725	0.1065	0.1921	0.0000	6.8000
dPolE	428.355	90.000	98.2277	1.0000	0.0000	6.8000
uR	428.355	90.000	0.0028	1.0000	0.0000	6.8000
E	429.971	90.000	45.7294	9.5874	0.1137	0.2042	0.0000	6.8000
dPolE	429.971	90.000	97.9337	1.0000	0.0000	6.8000
uR	429.971	90.000	0.0030	1.0000	0.0000	6.8000
E	431.587	90.000	46.5585	6.4413	0.1108	0.1990	0.0000	6.8000
dPolE	431.587	90.000	97.3170	1.0000	0.0000	6.8000
uR	431.587	90.000	0.0034	1.0000	0.0000	6.8000
E	433.203	90.000	43.5400	6.4969	0.1005	0.1811	0.0000	6.8000
dPolE	433.203	90.000	97.6304	1.0000	0.0000	6.8000
uR	433.203	90.000	0.0034	1.0000	0.0000	6.8000
E	434.819	90.000	45.5250	7.2863	0.1035	0.1871	0.0000	6.8000
dPolE	434.819	90.000	97.2463	1.0000	0.0000	6.8000
uR	434.819	90.000	0.0037	1.0000	0.0000	6.8000
E	436.435	90.000	45.1314	7.4768	0.1056	0.1901	0.0000	6.8000
dPolE	436.435	90.000	96.6208	1.0000	0.0000	6.8000
uR	436.435	90.000	0.0039	1.0000	0.0000	6.8000
E	438.051	90.000	43.7518	7.2250	0.1074	0.1919	0.0000	6.8000
dPolE	438.051	90.000	96.2860	1.0000	0.0000	6.8000
uR	438.051	90.000	0.0040	1.0000	0.0000	6.8000
E	439.667	90.000	43.2268	6.6676	0.1096	0.1935	0.0000	6.8000
dPolE	439.667	90.000	95.5199	1.0000	0.0000	6.8000
uR	439.667	90.000	0.0043	1.0000	0.0000	6.8000
E	441.283	90.000	45.5874	5.9552	0.1080	0.1885	0.0000	6.8000
dPolE	441.283	90.000	95.0266	1.0000	0.0000	6.8000
uR	441.283	90.000	0.0045	1.0000	0.0000	6.8000
E	442.899	90.000	44.8241	7.1460	0.1064	0.1850	0.0000	6.8000
dPolE	442.899	90.000	94.9510	1.0000	0.0000	6.8000
uR	442.899	90.000	0.0047	1.0000	0.0000	6.8000
E	444.515	90.000	44.6310	4.8382	0.1038	0.1805	0.0000	6.8000
dPolE	444.515	90.000	94.4861	1.0000	0.0000	6.8000
uR	444.515	90.000	0.0049	1.0000	0.0000	6.8000
E	446.131	90.000	45.5519	5.4412	0.1040	0.1815	0.0000	6.8000
dPolE	446.131	90.000	94.5115	1.0000	0.0000	6.8000
uR	446.131	90.000	0.0051	1.0000	0.0000	6.8000
E	447.747	90.000	44.4538	5.9726	0.1068	0.1867	0.0000	6.8000
dPolE	447.747	90.000	94.3505	1.0000	0.0000	6.8000
uR	447.747	90.000	0.0051	1.0000	0.0000	6.8000
E	449.363	90.000	45.2907	4.5208	0.1025	0.1780	0.0000	6.8000
dPolE	449.363	90.000	94.1869	1.0000	0.0000	6.8000
uR	449.363	90.000	0.0050	1.0000	0.0000	6.8000
E	450.979	90.000	44.4989	6.7224	0.1012	0.1742	0.0000	6.8000
dPolE	450.979	90.000	92.2883	1.0000	0.0000	6.8000
uR	450.979	90.000	0.0054	1.0000	0.0000	6.8000
E	452.594	90.000	45.0846	4.5824	0.1090	0.1850	0.0000	6.8000
dPolE	452.594	90.000	91.6064	1.0000	0.0000	6.8000
uR	452.594	90.000	0.0055	1.0000	0.0000	6.8000
E	454.210	90.000	44.8178	6.9671	0.0991	0.1668	0.0000	6.8000
dPolE	454.210	90.000	92.2801	1.0000	0.0000	6.8000
uR	454.210	90.000	0.0058	1.0000	0.0000	6.8000
E	455.826	90.000	45.1868	5.8400	0.1019	0.1706	0.0000	6.8000
dPolE	455.826	90.000	91.1495	1.0000	0.0000	6.8000
uR	455.826	90.000	0.0061	1.0000	0.0000	6.8000
E	457.442	90.000	44.9824	6.8315	0.0974	0.1635	0.0000	6.8000
dPolE	457.442	90.000	90.8881	1.0000	0.0000	6.8000
uR	457.442	90.000	0.0062	1.0000	0.0000	6.8000
E	459.058	90.000	44.8669	4.8451	0.0990	0.1663	0.0000	6.8000
dPolE	459.058	90.000	89.7298	1.0000	0.0000	6.8000
uR	459.058	90.000	0.0064	1.0000	0.0000	6.8000
E	460.674	90.000	45.1002	6.2933	0.1011	0.1702	0.0000	6.8000
dPolE	460.674	90.000	88.5660	1.0000	0.0000	6.8000
uR	460.674	90.000	0.0067	1.0000	0.0000	6.8000
E	462.290	90.000	44.1654	4.7295	0.0974	0.1633	0.0000	6.8000
dPolE	462.290	90.000	88.4561	1.0000	0.0000	6.8000
uR	462.290	90.000	0.0065	1.0000	0.0000	6.8000
E	463.906	90.000	45.3143	5.6053	0.0942	0.1565	0.0000	6.8000
dPolE	463.906	90.000	86.9850	1.0000	0.0000	6.8000
uR	463.906	90.000	0.0068	1.0000	0.0000	6.8000
E	465.521	90.000	44.5498	5.7841	0.0996	0.1635	0.0000	6.8000
dPolE	465.521	90.000	86.1460	1.0000	0.0000	6.8000
uR	465.521	90.000	0.0068	1.0000	0.0000	6.8000
E	467.137	90.000	44.5935	5.3918	0.0918	0.1487	0.0000	6.8000
dPolE	467.137	90.000	83.9869	1.0000	0.0000	6.8000
uR	467.137	90.000	0.0071	1.0000	0.0000	6.8000
E	468.753	90.000	44.2057	4.5536	0.0939	0.1511	0.0000	6.8000
dPolE	468.753	90.000	80.4996	1.0000	0.0000	6.8000
uR	468.753	90.000	0.0074	1.0000	0.0000	6.8000
E	470.369	90.000	44.7776	5.1026	0.0916	0.1471	0.0000	6.8000
dPolE	470.369	90.000	81.8007	1.0000	0.0000	6.8000
uR	470.369	90.000	0.0075	1.0000	0.0000	6.8000
E	471.985	90.000	45.0606	5.4961	0.0920	0.1480	0.0000	6.8000
dPolE	471.985	90.000	83.8232	1.0000	0.0000	6.8000
uR	471.985	90.000	0.0076	1.0000	0.0000	6.8000
E	473.600	90.000	44.4457	4.6459	0.0920	0.1484	0.0000	6.8000
dPolE	473.600	90.000	84.4342	1.0000	0.0000	6.8000
uR	473.600	90.000	0.0076	1.0000	0.0000	6.8000
E	475.216	90.000	45.0628	5.1406	0.0928	0.1495	0.0000	6.8000
dPolE	475.216	90.000	85.7256	1.0000	0.0000	6.8000
uR	475.216	90.000	0.0077	1.0000	0.0000	6.8000
E	476.832	90.000	44.6149	4.2764	0.0961	0.1541	0.0000	6.8000
dPolE	476.832	90.000	86.8930	1.0000	0.0000	6.8000
uR	476.832	90.000	0.0079	1.0000	0.0000	6.8000
E	478.448	90.000	45.7301	4.6458	0.1012	0.1608	0.0000	6.8000
dPolE	478.448	90.000	86.2776	1.0000	0.0000	6.8000
uR	478.448	90.000	0.0081	1.0000	0.0000	6.8000
E	480.063	90.000	45.3173	5.5384	0.0956	0.1503	0.0000	6.8000
dPolE	480.063	90.000	85.3578	1.0000	0.0000	6.8000
uR	480.063	90.000	0.0082	1.0000	0.0000	6.8000
E	481.679	90.000	45.2349	4.9725	0.0958	0.1486	0.0000	6.8000
dPolE	481.679	90.000	85.8762	1.0000	0.0000	6.8000
uR	481.679	90.000	0.0082	1.0000	0.0000	6.8000
E	483.294	90.000	44.1590	4.2045	0.0968	0.1489	0.0000	6.8000
dPolE	483.294	90.000	82.0172	1.0000	0.0000	6.8000
uR	483.294	90.000	0.0088	1.0000	0.0000	6.8000
E	484.910	90.000	45.0208	3.6845	0.0971	0.1487	0.0000	6.8000
dPolE	484.910	90.000	84.5354	1.0000	0.0000	6.8000
uR	484.910	90.000	0.0086	1.0000	0.0000	6.8000
E	486.526	90.000	44.4060	4.4386	0.0948	0.1456	0.0000	6.8000
dPolE	486.526	90.000	84.5711	1.0000	0.0000	6.8000
uR	486.526	90.000	0.0091	1.0000	0.0000	6.8000
E	488.141	90.000	44.7173	4.7820	0.0965	0.1485	0.0000	6.8000
dPolE	488.141	90.000	83.3260	1.0000	0.0000	6.8000
uR	488.141	90.000	0.0092	1.0000	0.0000	6.8000
E	489.757	90.000	44.8609	4.5035	0.0967	0.1487	0.0000	6.8000
dPolE	489.757	90.000	83.4324	1.0000	0.0000	6.8000
uR	489.757	90.000	0.0091	1.0000	0.0000	6.8000
E	491.372	90.000	44.7248	4.5955	0.0967	0.1484	0.0000	6.8000
dPolE	491.372	90.000	82.6568	1.0000	0.0000	6.8000
uR	491.372	90.000	0.0090	1.0000	0.0000	6.8000
E	492.988	90.000	44.7262	4.3790	0.0973	0.1483	0.0000	6.8000
dPolE	492.988	90.000	81.2009	1.0000	0.0000	6.8000
uR	492.988	90.000	0.0093	1.0000	0.0000	6.8000
E	494.603	90.000	44.8200	3.4472	0.0950	0.1433	0.0000	6.8000
dPolE	494.603	90.000	81.5190	1.0000	0.0000	6.8000
uR	494.603	90.000	0.0095	1.0000	0.0000	6.8000
E	496.219	90.000	44.4659	4.4148	0.0996	0.1486	0.0000	6.8000
dPolE	496.219	90.000	82.9459	1.0000	0.0000	6.8000
uR	496.219	90.000	0.0095	1.0000	0.0000	6.8000
E	497.834	90.000	45.0808	4.1506	0.1024	0.1510	0.0000	6.8000
dPolE	497.834	90.000	82.4902	1.0000	0.0000	6.8000
uR	497.834	90.000	0.0096	1.0000	0.0000	6.8000
E	499.450	90.000	45.0609	3.8813	0.1009	0.1478	0.0000	6.8000
dPolE	499.450	90.000	82.8066	1.0000	0.0000	6.8000
uR	499.450	90.000	0.0096	1.0000	0.0000	6.8000
E	501.065	90.000	44.8870	4.7160	0.1037	0.1516	0.0000	6.8000
dPolE	501.065	90.000	82.5250	1.0000	0.0000	6.8000
uR	501.065	90.000	0.0099	1.0000	0.0000	6.8000
E	502.680	90.000	45.3393	3.9619	0.0964	0.1406	0.0000	6.8000
dPolE	502.680	90.000	82.7254	1.0000	0.0000	6.8000
uR	502.680	90.000	0.0098	1.0000	0.0000	6.8000
E	504.296	90.000	45.1422	3.2178	0.0984	0.1438	0.0000	6.8000
dPolE	504.296	90.000	82.2447	1.0000	0.0000	6.8000
uR	504.296	90.000	0.0100	1.0000	0.0000	6.8000
E	505.911	90.000	44.5452	3.3766	0.0991	0.1450	0.0000	6.8000
dPolE	505.911	90.000	81.8935	1.0000	0.0000	6.8000
uR	505.911	90.000	0.0102	1.0000	0.0000	6.8000
E	507.526	90.000	44.5749	3.7171	0.0958	0.1400	0.0000	6.8000
dPolE	507.526	90.000	80.4115	1.0000	0.0000	6.8000
uR	507.526	90.000	0.0104	1.0000	0.0000	6.8000
E	509.141	90.000	45.2264	3.9781	0.1021	0.1484	0.0000	6.8000
dPolE	509.141	90.000	80.3233	1.0000	0.0000	6.8000
uR	509.141	90.000	0.0102	1.0000	0.0000	6.8000
E	510.756	90.000	44.8079	3.9857	0.1011	0.1457	0.0000	6.8000
dPolE	510.756	90.000	80.5069	1.0000	0.0000	6.8000
uR	510.756	90.000	0.0104	1.0000	0.0000	6.8000
E	512.372	90.000	44.5702	3.2030	0.0993	0.1414	0.0000	6.8000
dPolE	512.372	90.000	81.1896	1.0000	0.0000	6.8000
uR	512.372	90.000	0.0108	1.0000	0.0000	6.8000
E	513.987	90.000	44.6050	3.4474	0.1018	0.1435	0.0000	6.8000
dPolE	513.987	90.000	80.4924	1.0000	0.0000	6.8000
uR	513.987	90.000	0.0115	1.0000	0.0000	6.8000
E	515.602	90.000	44.7756	4.0164	0.1068	0.1494	0.0000	6.8000
dPolE	515.602	90.000	80.7563	1.0000	0.0000	6.8000
uR	515.602	90.000	0.0120	1.0000	0.0000	6.8000
E	517.217	90.000	45.0204	3.5423	0.1086	0.1510	0.0000	6.8000
dPolE	517.217	90.000	81.7445	1.0000	0.0000	6.8000
uR	517.217	90.000	0.0116	1.0000	0.0000	6.8000
E	518.832	90.000	45.3753	3.4245	0.1069	0.1481	0.0000	6.8000
dPolE	518.832	90.000	83.7706	1.0000	0.0000	6.8000
uR	518.832	90.000	0.0106	1.0000	0.0000	6.8000
E	520.447	90.000	44.7541	3.6141	0.1121	0.1552	0.0000	6.8000
dPolE	520.447	90.000	84.2662	1.0000	0.0000	6.8000
uR	520.447	90.000	0.0103	1.0000	0.0000	6.8000
E	522.062	90.000	44.8059	2.9833	0.1080	0.1498	0.0000	6.8000
dPolE	522.062	90.000	82.1954	1.0000	0.0000	6.8000
uR	522.062	90.000	0.0102	1.0000	0.0000	6.8000
E	523.677	90.000	44.8458	3.7042	0.1083	0.1503	0.0000	6.8000
dPolE	523.677	90.000	81.6430	1.0000	0.0000	6.8000
uR	523.677	90.000	0.0102	1.0000	0.0000	6.8000
E	525.292	90.000	44.4667	2.4510	0.1103	0.1525	0.0000	6.8000
dPolE	525.292	90.000	80.7173	1.0000	0.0000	6.8000
uR	525.292	90.000	0.0106	1.0000	0.0000	6.8000
E	526.907	90.000	44.5312	2.9335	0.1103	0.1519	0.0000	6.8000
dPolE	526.907	90.000	78.7230	1.0000	0.0000	6.8000
uR	526.907	90.000	0.0109	1.0000	0.0000	6.8000
E	528.521	90.000	44.5141	3.4878	0.1025	0.1402	0.0000	6.8000
dPolE	528.521	90.000	78.9465	1.0000	0.0000	6.8000
uR	528.521	90.000	0.0112	1.0000	0.0000	6.8000
E	530.136	90.000	44.9509	3.0061	0.1074	0.1454	0.0000	6.8000
dPolE	530.136	90.000	77.6003	1.0000	0.0000	6.8000
uR	530.136	90.000	0.0113	1.0000	0.0000	6.8000
E	531.751	90.000	44.8769	2.5594	0.1011	0.1354	0.0000	6.8000
dPolE	531.751	90.000	79.3204	1.0000	0.0000	6.8000
uR	531.751	90.000	0.0112	1.0000	0.0000	6.8000
E	533.366	90.000	44.7574	2.7116	0.1071	0.1423	0.0000	6.8000
dPolE	533.366	90.000	77.8306	1.0000	0.0000	6.8000
uR	533.366	90.000	0.0116	1.0000	0.0000	6.8000
E	534.980	90.000	44.8924	3.2329	0.1090	0.1438	0.0000	6.8000
dPolE	534.980	90.000	76.4697	1.0000	0.0000	6.8000
uR	534.980	90.000	0.0117	1.0000	0.0000	6.8000
E	536.595	90.000	45.2919	2.4331	0.1124	0.1477	0.0000	6.8000
dPolE	536.595	90.000	77.7219	1.0000	0.0000	6.8000
uR	536.595	90.000	0.0116	1.0000	0.0000	6.8000
E	538.210	90.000	45.3387	3.3903	0.1048	0.1375	0.0000	6.8000
dPolE	538.210	90.000	78.1236	1.0000	0.0000	6.8000
uR	538.210	90.000	0.0118	1.0000	0.0000	6.8000
E	539.824	90.000	44.7258	3.2331	0.1114	0.1463	0.0000	6.8000
dPolE	539.824	90.000	76.9975	1.0000	0.0000	6.8000
uR	539.824	90.000	0.0116	1.0000	0.0000	6.8000
E	541.439	90.000	44.5721	2.5136	0.1061	0.1394	0.0000	6.8000
dPolE	541.439	90.000	76.7782	1.0000	0.0000	6.8000
uR	541.439	90.000	0.0117	1.0000	0.0000	6.8000
E	543.053	90.000	45.4408	3.0896	0.1068	0.1403	0.0000	6.8000
dPolE	543.053	90.000	77.3042	1.0000	0.0000	6.8000
uR	543.053	90.000	0.0118	1.0000	0.0000	6.8000
E	544.668	90.000	44.3973	3.2632	0.1090	0.1430	0.0000	6.8000
dPolE	544.668	90.000	75.5760	1.0000	0.0000	6.8000
uR	544.668	90.000	0.0120	1.0000	0.0000	6.8000
E	546.282	90.000	45.0115	2.9499	0.1034	0.1349	0.0000	6.8000
dPolE	546.282	90.000	77.7951	1.0000	0.0000	6.8000
uR	546.282	90.000	0.0119	1.0000	0.0000	6.8000
E	547.896	90.000	44.7809	2.9700	0.1094	0.1415	0.0000	6.8000
dPolE	547.896	90.000	76.1028	1.0000	0.0000	6.8000
uR	547.896	90.000	0.0119	1.0000	0.0000	6.8000
E	549.511	90.000	44.8663	2.9834	0.1122	0.1440	0.0000	6.8000
dPolE	549.511	90.000	76.5015	1.0000	0.0000	6.8000
uR	549.511	90.000	0.0120	1.0000	0.0000	6.8000
E	551.125	90.000	44.7484	2.7753	0.1096	0.1391	0.0000	6.8000
dPolE	551.125	90.000	76.3389	1.0000	0.0000	6.8000
uR	551.125	90.000	0.0119	1.0000	0.0000	6.8000
E	552.739	90.000	44.8019	2.6634	0.1100	0.1383	0.0000	6.8000
dPolE	552.739	90.000	75.8825	1.0000	0.0000	6.8000
uR	552.739	90.000	0.0119	1.0000	0.0000	6.8000
E	554.353	90.000	44.8806	2.9779	0.1131	0.1414	0.0000	6.8000
dPolE	554.353	90.000	75.7924	1.0000	0.0000	6.8000
uR	554.353	90.000	0.0120	1.0000	0.0000	6.8000
E	555.968	90.000	44.6871	2.5354	0.1147	0.1426	0.0000	6.8000
dPolE	555.968	90.000	74.4814	1.0000	0.0000	6.8000
uR	555.968	90.000	0.0119	1.0000	0.0000	6.8000
E	557.582	90.000	44.9364	2.4162	0.1146	0.1421	0.0000	6.8000
dPolE	557.582	90.000	74.7049	1.0000	0.0000	6.8000
uR	557.582	90.000	0.0118	1.0000	0.0000	6.8000
E	559.196	90.000	44.7343	3.2842	0.1089	0.1350	0.0000	6.8000
dPolE	559.196	90.000	74.1023	1.0000	0.0000	6.8000
uR	559.196	90.000	0.0121	1.0000	0.0000	6.8000
E	560.810	90.000	44.9189	2.7293	0.1144	0.1417	0.0000	6.8000
dPolE	560.810	90.000	76.4576	1.0000	0.0000	6.8000
uR	560.810	90.000	0.0119	1.0000	0.0000	6.8000
E	562.424	90.000	45.1137	2.7346	0.1109	0.1376	0.0000	6.8000
dPolE	562.424	90.000	73.6715	1.0000	0.0000	6.8000
uR	562.424	90.000	0.0122	1.0000	0.0000	6.8000
E	564.038	90.000	44.9954	2.9161	0.1145	0.1419	0.0000	6.8000
dPolE	564.038	90.000	72.0869	1.0000	0.0000	6.8000
uR	564.038	90.000	0.0123	1.0000	0.0000	6.8000
E	565.651	90.000	44.8396	2.4851	0.1077	0.1331	0.0000	6.8000
dPolE	565.651	90.000	75.5348	1.0000	0.0000	6.8000
uR	565.651	90.000	0.0121	1.0000	0.0000	6.8000
E	567.265	90.000	44.9096	2.4996	0.1133	0.1394	0.0000	6.8000
dPolE	567.265	90.000	71.3890	1.0000	0.0000	6.8000
uR	567.265	90.000	0.0123	1.0000	0.0000	6.8000
E	568.879	90.000	44.7528	2.2494	0.1131	0.1381	0.0000	6.8000
dPolE	568.879	90.000	72.5998	1.0000	0.0000	6.8000
uR	568.879	90.000	0.0124	1.0000	0.0000	6.8000
E	570.493	90.000	44.9689	2.9578	0.1186	0.1440	0.0000	6.8000
dPolE	570.493	90.000	71.0630	1.0000	0.0000	6.8000
uR	570.493	90.000	0.0124	1.0000	0.0000	6.8000
E	572.106	90.000	45.0262	2.7197	0.1200	0.1444	0.0000	6.8000
dPolE	572.106	90.000	70.0547	1.0000	0.0000	6.8000
uR	572.106	90.000	0.0122	1.0000	0.0000	6.8000
E	573.720	90.000	44.2041	2.3642	0.1189	0.1417	0.0000	6.8000
dPolE	573.720	90.000	70.4147	1.0000	0.0000	6.8000
uR	573.720	90.000	0.0122	1.0000	0.0000	6.8000
E	575.333	90.000	45.2010	2.6136	0.1120	0.1324	0.0000	6.8000
dPolE	575.333	90.000	70.8226	1.0000	0.0000	6.8000
uR	575.333	90.000	0.0123	1.0000	0.0000	6.8000
E	576.947	90.000	44.7987	2.7167	0.1154	0.1357	0.0000	6.8000
dPolE	576.947	90.000	72.7331	1.0000	0.0000	6.8000
uR	576.947	90.000	0.0124	1.0000	0.0000	6.8000
E	578.560	90.000	44.4604	2.5169	0.1140	0.1334	0.0000	6.8000
dPolE	578.560	90.000	72.2985	1.0000	0.0000	6.8000
uR	578.560	90.000	0.0121	1.0000	0.0000	6.8000
E	580.174	90.000	44.7976	1.9471	0.1176	0.1370	0.0000	6.8000
dPolE	580.174	90.000	71.3665	1.0000	0.0000	6.8000
uR	580.174	90.000	0.0122	1.0000	0.0000	6.8000
E	581.787	90.000	44.7270	2.3471	0.1146	0.1336	0.0000	6.8000
dPolE	581.787	90.000	71.8799	1.0000	0.0000	6.8000
uR	581.787	90.000	0.0123	1.0000	0.0000	6.8000
E	583.400	90.000	44.6250	2.0780	0.1118	0.1302	0.0000	6.8000
dPolE	583.400	90.000	70.6260	1.0000	0.0000	6.8000
uR	583.400	90.000	0.0125	1.0000	0.0000	6.8000
E	585.014	90.000	45.1662	2.5160	0.1108	0.1293	0.0000	6.8000
dPolE	585.014	90.000	69.4152	1.0000	0.0000	6.8000
uR	585.014	90.000	0.0126	1.0000	0.0000	6.8000
E	586.627	90.000	44.7454	2.1525	0.1151	0.1342	0.0000	6.8000
dPolE	586.627	90.000	69.8399	1.0000	0.0000	6.8000
uR	586.627	90.000	0.0125	1.0000	0.0000	6.8000
E	588.240	90.000	44.4041	2.0571	0.1149	0.1335	0.0000	6.8000
dPolE	588.240	90.000	71.4506	1.0000	0.0000	6.8000
uR	588.240	90.000	0.0124	1.0000	0.0000	6.8000
E	589.853	90.000	44.6918	2.3854	0.1159	0.1344	0.0000	6.8000
dPolE	589.853	90.000	70.1242	1.0000	0.0000	6.8000
uR	589.853	90.000	0.0124	1.0000	0.0000	6.8000
E	591.466	90.000	45.1218	2.2024	0.1161	0.1337	0.0000	6.8000
dPolE	591.466	90.000	69.9888	1.0000	0.0000	6.8000
uR	591.466	90.000	0.0125	1.0000	0.0000	6.8000
E	593.079	90.000	45.1614	1.8722	0.1163	0.1331	0.0000	6.8000
dPolE	593.079	90.000	69.5730	1.0000	0.0000	6.8000
uR	593.079	90.000	0.0125	1.0000	0.0000	6.8000
E	594.692	90.000	44.9500	1.9368	0.1210	0.1372	0.0000	6.8000
dPolE	594.692	90.000	68.8580	1.0000	0.0000	6.8000
uR	594.692	90.000	0.0127	1.0000	0.0000	6.8000
E	596.305	90.000	44.9301	2.0716	0.1219	0.1372	0.0000	6.8000
dPolE	596.305	90.000	70.5725	1.0000	0.0000	6.8000
uR	596.305	90.000	0.0124	1.0000	0.0000	6.8000
E	597.918	90.000	45.0147	1.8823	0.1224	0.1368	0.0000	6.8000
dPolE	597.918	90.000	71.9891	1.0000	0.0000	6.8000
uR	597.918	90.000	0.0126	1.0000	0.0000	6.8000
E	599.530	90.000	44.6976	2.3206	0.1255	0.1393	0.0000	6.8000
dPolE	599.530	90.000	69.9482	1.0000	0.0000	6.8000
uR	599.530	90.000	0.0128	1.0000	0.0000	6.8000
E	601.143	90.000	45.1563	2.6326	0.1255	0.1387	0.0000	6.8000
dPolE	601.143	90.000	69.4508	1.0000	0.0000	6.8000
uR	601.143	90.000	0.0126	1.0000	0.0000	6.8000
E	602.755	90.000	45.5196	1.8764	0.1265	0.1391	0.0000	6.8000
dPolE	602.755	90.000	68.5508	1.0000	0.0000	6.8000
uR	602.755	90.000	0.0126	1.0000	0.0000	6.8000
E	604.368	90.000	45.4283	2.0085	0.1284	0.1407	0.0000	6.8000
dPolE	604.368	90.000	70.3521	1.0000	0.0000	6.8000
uR	604.368	90.000	0.0126	1.0000	0.0000	6.8000
E	605.981	90.000	44.9042	1.9138	0.1287	0.1410	0.0000	6.8000
dPolE	605.981	90.000	68.6773	1.0000	0.0000	6.8000
uR	605.981	90.000	0.0130	1.0000	0.0000	6.8000
E	607.593	90.000	45.0929	1.7162	0.1255	0.1376	0.0000	6.8000
dPolE	607.593	90.000	68.7401	1.0000	0.0000	6.8000
uR	607.593	90.000	0.0126	1.0000	0.0000	6.8000
E	609.205	90.000	44.6074	1.8365	0.1320	0.1446	0.0000	6.8000
dPolE	609.205	90.000	68.1372	1.0000	0.0000	6.8000
uR	609.205	90.000	0.0126	1.0000	0.0000	6.8000
E	610.818	90.000	45.1712	1.9914	0.1240	0.1358	0.0000	6.8000
dPolE	610.818	90.000	71.8870	1.0000	0.0000	6.8000
uR	610.818	90.000	0.0124	1.0000	0.0000	6.8000
E	612.430	90.000	44.2570	2.0452	0.1248	0.1365	0.0000	6.8000
dPolE	612.430	90.000	68.1935	1.0000	0.0000	6.8000
uR	612.430	90.000	0.0128	1.0000	0.0000	6.8000
E	614.042	90.000	45.2746	1.6124	0.1241	0.1353	0.0000	6.8000
dPolE	614.042	90.000	70.7982	1.0000	0.0000	6.8000
uR	614.042	90.000	0.0125	1.0000	0.0000	6.8000
E	615.654	90.000	44.6692	2.3170	0.1256	0.1364	0.0000	6.8000
dPolE	615.654	90.000	64.4570	1.0000	0.0000	6.8000
uR	615.654	90.000	0.0130	1.0000	0.0000	6.8000
E	617.266	90.000	45.2581	1.8800	0.1250	0.1349	0.0000	6.8000
dPolE	617.266	90.000	69.7639	1.0000	0.0000	6.8000
uR	617.266	90.000	0.0126	1.0000	0.0000	6.8000
E	618.878	90.000	44.2588	1.7799	0.1229	0.1318	0.0000	6.8000
dPolE	618.878	90.000	68.1483	1.0000	0.0000	6.8000
uR	618.878	90.000	0.0128	1.0000	0.0000	6.8000
E	620.490	90.000	45.0742	1.7278	0.1267	0.1348	0.0000	6.8000
dPolE	620.490	90.000	65.8830	1.0000	0.0000	6.8000
uR	620.490	90.000	0.0127	1.0000	0.0000	6.8000
E	622.102	90.000	44.9575	1.8381	0.1259	0.1331	0.0000	6.8000
dPolE	622.102	90.000	66.2761	1.0000	0.0000	6.8000
uR	622.102	90.000	0.0125	1.0000	0.0000	6.8000
E	623.714	90.000	44.7710	1.7389	0.1265	0.1327	0.0000	6.8000
dPolE	623.714	90.000	65.3174	1.0000	0.0000	6.8000
uR	623.714	90.000	0.0127	1.0000	0.0000	6.8000
E	625.325	90.000	44.7946	2.1170	0.1241	0.1293	0.0000	6.8000
dPolE	625.325	90.000	68.3394	1.0000	0.0000	6.8000
uR	625.325	90.000	0.0127	1.0000	0.0000	6.8000
E	626.937	90.000	44.7391	1.7924	0.1365	0.1415	0.0000	6.8000
dPolE	626.937	90.000	64.2056	1.0000	0.0000	6.8000
uR	626.937	90.000	0.0130	1.0000	0.0000	6.8000
E	628.548	90.000	45.1030	1.9919	0.1319	0.1362	0.0000	6.8000
dPolE	628.548	90.000	65.6562	1.0000	0.0000	6.8000
uR	628.548	90.000	0.0127	1.0000	0.0000	6.8000
E	630.160	90.000	45.2237	1.8296	0.1340	0.1379	0.0000	6.8000
dPolE	630.160	90.000	65.0751	1.0000	0.0000	6.8000
uR	630.160	90.000	0.0127	1.0000	0.0000	6.8000
E	631.771	90.000	44.7197	1.3466	0.1314	0.1350	0.0000	6.8000
dPolE	631.771	90.000	66.3573	1.0000	0.0000	6.8000
uR	631.771	90.000	0.0127	1.0000	0.0000	6.8000
E	633.383	90.000	44.9234	1.8415	0.1344	0.1382	0.0000	6.8000
dPolE	633.383	90.000	66.8815	1.0000	0.0000	6.8000
uR	633.383	90.000	0.0130	1.0000	0.0000	6.8000
E	634.994	90.000	45.1628	1.6756	0.1379	0.1416	0.0000	6.8000
dPolE	634.994	90.000	63.2111	1.0000	0.0000	6.8000
uR	634.994	90.000	0.0130	1.0000	0.0000	6.8000
E	636.605	90.000	44.5769	1.6403	0.1417	0.1454	0.0000	6.8000
dPolE	636.605	90.000	67.0569	1.0000	0.0000	6.8000
uR	636.605	90.000	0.0127	1.0000	0.0000	6.8000
E	638.216	90.000	45.1874	1.8439	0.1301	0.1335	0.0000	6.8000
dPolE	638.216	90.000	67.4470	1.0000	0.0000	6.8000
uR	638.216	90.000	0.0128	1.0000	0.0000	6.8000
E	639.827	90.000	45.3204	2.6323	0.1390	0.1427	0.0000	6.8000
dPolE	639.827	90.000	67.1390	1.0000	0.0000	6.8000
uR	639.827	90.000	0.0127	1.0000	0.0000	6.8000
E	641.438	90.000	45.2322	2.0172	0.1377	0.1407	0.0000	6.8000
dPolE	641.438	90.000	68.7623	1.0000	0.0000	6.8000
uR	641.438	90.000	0.0127	1.0000	0.0000	6.8000
E	643.049	90.000	45.1589	1.4065	0.1428	0.1453	0.0000	6.8000
dPolE	643.049	90.000	64.9675	1.0000	0.0000	6.8000
uR	643.049	90.000	0.0125	1.0000	0.0000	6.8000
E	644.660	90.000	44.4669	1.0014	0.1414	0.1432	0.0000	6.8000
dPolE	644.660	90.000	65.1474	1.0000	0.0000	6.8000
uR	644.660	90.000	0.0127	1.0000	0.0000	6.8000
E	646.271	90.000	44.7012	1.6378	0.1378	0.1387	0.0000	6.8000
dPolE	646.271	90.000	67.1414	1.0000	0.0000	6.8000
uR	646.271	90.000	0.0126	1.0000	0.0000	6.8000
E	647.881	90.000	44.9185	1.7549	0.1367	0.1367	0.0000	6.8000
dPolE	647.881	90.000	63.5054	1.0000	0.0000	6.8000
uR	647.881	90.000	0.0128	1.0000	0.0000	6.8000
E	649.492	90.000	44.6124	1.9479	0.1407	0.1397	0.0000	6.8000
dPolE	649.492	90.000	65.0555	1.0000	0.0000	6.8000
uR	649.492	90.000	0.0124	1.0000	0.0000	6.8000
E	651.103	90.000	45.2192	1.4763	0.1429	0.1407	0.0000	6.8000
dPolE	651.103	90.000	64.1922	1.0000	0.0000	6.8000
uR	651.103	90.000	0.0127	1.0000	0.0000	6.8000
E	652.713	90.000	44.7867	1.1626	0.1447	0.1417	0.0000	6.8000
dPolE	652.713	90.000	65.9645	1.0000	0.0000	6.8000
uR	652.713	90.000	0.0129	1.0000	0.0000	6.8000
E	654.323	90.000	44.7876	1.4303	0.1457	0.1418	0.0000	6.8000
dPolE	654.323	90.000	64.9066	1.0000	0.0000	6.8000
uR	654.323	90.000	0.0129	1.0000	0.0000	6.8000
E	655.934	90.000	44.9778	1.4669	0.1496	0.1451	0.0000	6.8000
dPolE	655.934	90.000	66.2536	1.0000	0.0000	6.8000
uR	655.934	90.000	0.0128	1.0000	0.0000	6.8000
E	657.544	90.000	44.7058	1.5939	0.1531	0.1480	0.0000	6.8000
dPolE	657.544	90.000	64.7905	1.0000	0.0000	6.8000
uR	657.544	90.000	0.0130	1.0000	0.0000	6.8000
E	659.154	90.000	44.9474	1.7764	0.1621	0.1564	0.0000	6.8000
dPolE	659.154	90.000	64.1715	1.0000	0.0000	6.8000
uR	659.154	90.000	0.0133	1.0000	0.0000	6.8000
E	660.764	90.000	45.3038	1.5005	0.1468	0.1413	0.0000	6.8000
dPolE	660.764	90.000	64.7522	1.0000	0.0000	6.8000
uR	660.764	90.000	0.0130	1.0000	0.0000	6.8000
E	662.374	90.000	44.8827	1.4759	0.1522	0.1464	0.0000	6.8000
dPolE	662.374	90.000	67.3429	1.0000	0.0000	6.8000
uR	662.374	90.000	0.0127	1.0000	0.0000	6.8000
E	663.984	90.000	45.4306	1.5289	0.1537	0.1477	0.0000	6.8000
dPolE	663.984	90.000	66.5709	1.0000	0.0000	6.8000
uR	663.984	90.000	0.0127	1.0000	0.0000	6.8000
E	665.594	90.000	45.3530	1.7147	0.1482	0.1425	0.0000	6.8000
dPolE	665.594	90.000	67.1848	1.0000	0.0000	6.8000
uR	665.594	90.000	0.0128	1.0000	0.0000	6.8000
E	667.204	90.000	44.4509	1.2599	0.1485	0.1427	0.0000	6.8000
dPolE	667.204	90.000	65.6422	1.0000	0.0000	6.8000
uR	667.204	90.000	0.0129	1.0000	0.0000	6.8000
E	668.813	90.000	44.7812	1.4371	0.1533	0.1471	0.0000	6.8000
dPolE	668.813	90.000	61.2556	1.0000	0.0000	6.8000
uR	668.813	90.000	0.0129	1.0000	0.0000	6.8000
E	670.423	90.000	44.7516	1.5263	0.1508	0.1442	0.0000	6.8000
dPolE	670.423	90.000	63.5995	1.0000	0.0000	6.8000
uR	670.423	90.000	0.0127	1.0000	0.0000	6.8000
E	672.032	90.000	44.9275	1.6913	0.1509	0.1441	0.0000	6.8000
dPolE	672.032	90.000	63.3821	1.0000	0.0000	6.8000
uR	672.032	90.000	0.0127	1.0000	0.0000	6.8000
E	673.642	90.000	45.0025	1.1159	0.1521	0.1447	0.0000	6.8000
dPolE	673.642	90.000	60.1671	1.0000	0.0000	6.8000
uR	673.642	90.000	0.0128	1.0000	0.0000	6.8000
E	675.251	90.000	44.9346	1.3559	0.1520	0.1440	0.0000	6.8000
dPolE	675.251	90.000	65.6197	1.0000	0.0000	6.8000
uR	675.251	90.000	0.0127	1.0000	0.0000	6.8000
E	676.860	90.000	44.8137	0.9608	0.1577	0.1486	0.0000	6.8000
dPolE	676.860	90.000	61.0268	1.0000	0.0000	6.8000
uR	676.860	90.000	0.0131	1.0000	0.0000	6.8000
E	678.469	90.000	44.4926	1.1135	0.1576	0.1475	0.0000	6.8000
dPolE	678.469	90.000	62.1167	1.0000	0.0000	6.8000
uR	678.469	90.000	0.0129	1.0000	0.0000	6.8000
E	680.079	90.000	45.0450	1.3909	0.1617	0.1505	0.0000	6.8000
dPolE	680.079	90.000	62.4269	1.0000	0.0000	6.8000
uR	680.079	90.000	0.0124	1.0000	0.0000	6.8000
E	681.688	90.000	44.5238	1.2608	0.1556	0.1439	0.0000	6.8000
dPolE	681.688	90.000	63.7005	1.0000	0.0000	6.8000
uR	681.688	90.000	0.0126	1.0000	0.0000	6.8000
E	683.296	90.000	44.5779	1.4623	0.1573	0.1444	0.0000	6.8000
dPolE	683.296	90.000	58.6945	1.0000	0.0000	6.8000
uR	683.296	90.000	0.0128	1.0000	0.0000	6.8000
E	684.905	90.000	44.6853	1.9111	0.1598	0.1460	0.0000	6.8000
dPolE	684.905	90.000	56.8172	1.0000	0.0000	6.8000
uR	684.905	90.000	0.0126	1.0000	0.0000	6.8000
E	686.514	90.000	44.7609	1.2141	0.1552	0.1408	0.0000	6.8000
dPolE	686.514	90.000	60.6238	1.0000	0.0000	6.8000
uR	686.514	90.000	0.0120	1.0000	0.0000	6.8000
E	688.123	90.000	45.1353	1.5066	0.1543	0.1397	0.0000	6.8000
dPolE	688.123	90.000	59.4230	1.0000	0.0000	6.8000
uR	688.123	90.000	0.0125	1.0000	0.0000	6.8000
E	689.731	90.000	44.7628	1.8149	0.1502	0.1355	0.0000	6.8000
dPolE	689.731	90.000	53.7548	1.0000	0.0000	6.8000
uR	689.731	90.000	0.0128	1.0000	0.0000	6.8000
E	691.340	90.000	44.6019	1.5484	0.1516	0.1364	0.0000	6.8000
dPolE	691.340	90.000	61.2882	1.0000	0.0000	6.8000
uR	691.340	90.000	0.0127	1.0000	0.0000	6.8000
E	692.948	90.000	44.5610	1.0706	0.1670	0.1498	0.0000	6.8000
dPolE	692.948	90.000	57.3595	1.0000	0.0000	6.8000
uR	692.948	90.000	0.0130	1.0000	0.0000	6.8000
E	694.556	90.000	45.1625	1.2394	0.1602	0.1437	0.0000	6.8000
dPolE	694.556	90.000	62.0107	1.0000	0.0000	6.8000
uR	694.556	90.000	0.0128	1.0000	0.0000	6.8000
E	696.164	90.000	44.3689	1.5022	0.1708	0.1533	0.0000	6.8000
dPolE	696.164	90.000	62.0689	1.0000	0.0000	6.8000
uR	696.164	90.000	0.0130	1.0000	0.0000	6.8000
E	697.772	90.000	45.2232	1.5290	0.1745	0.1565	0.0000	6.8000
dPolE	697.772	90.000	59.9779	1.0000	0.0000	6.8000
uR	697.772	90.000	0.0134	1.0000	0.0000	6.8000
E	699.380	90.000	45.5808	1.9373	0.1787	0.1605	0.0000	6.8000
dPolE	699.380	90.000	65.0824	1.0000	0.0000	6.8000
uR	699.380	90.000	0.0126	1.0000	0.0000	6.8000
E	700.988	90.000	45.2358	1.2814	0.1726	0.1544	0.0000	6.8000
dPolE	700.988	90.000	63.9415	1.0000	0.0000	6.8000
uR	700.988	90.000	0.0127	1.0000	0.0000	6.8000
E	702.596	90.000	44.6737	1.3934	0.1776	0.1587	0.0000	6.8000
dPolE	702.596	90.000	65.7272	1.0000	0.0000	6.8000
uR	702.596	90.000	0.0125	1.0000	0.0000	6.8000
E	704.204	90.000	45.1792	1.7865	0.1787	0.1596	0.0000	6.8000
dPolE	704.204	90.000	65.2331	1.0000	0.0000	6.8000
uR	704.204	90.000	0.0125	1.0000	0.0000	6.8000
E	705.811	90.000	44.4291	1.5526	0.1841	0.1635	0.0000	6.8000
dPolE	705.811	90.000	65.0484	1.0000	0.0000	6.8000
uR	705.811	90.000	0.0128	1.0000	0.0000	6.8000
E	707.419	90.000	45.1952	1.0021	0.1797	0.1592	0.0000	6.8000
dPolE	707.419	90.000	64.4744	1.0000	0.0000	6.8000
uR	707.419	90.000	0.0128	1.0000	0.0000	6.8000
E	709.026	90.000	44.9719	1.4853	0.1774	0.1566	0.0000	6.8000
dPolE	709.026	90.000	62.2401	1.0000	0.0000	6.8000
uR	709.026	90.000	0.0127	1.0000	0.0000	6.8000
E	710.634	90.000	45.5689	1.5795	0.1714	0.1506	0.0000	6.8000
dPolE	710.634	90.000	63.8467	1.0000	0.0000	6.8000
uR	710.634	90.000	0.0127	1.0000	0.0000	6.8000
E	712.241	90.000	44.7278	1.3593	0.1838	0.1607	0.0000	6.8000
dPolE	712.241	90.000	60.7550	1.0000	0.0000	6.8000
uR	712.241	90.000	0.0144	1.0000	0.0000	6.8000
E	713.848	90.000	45.1018	0.6714	0.2049	0.1779	0.0000	6.8000
dPolE	713.848	90.000	64.9153	1.0000	0.0000	6.8000
uR	713.848	90.000	0.0136	1.0000	0.0000	6.8000
E	715.455	90.000	45.1433	1.3378	0.2169	0.1873	0.0000	6.8000
dPolE	715.455	90.000	71.9447	1.0000	0.0000	6.8000
uR	715.455	90.000	0.0112	1.0000	0.0000	6.8000
E	717.062	90.000	45.4434	1.4807	0.2060	0.1771	0.0000	6.8000
dPolE	717.062	90.000	72.0214	1.0000	0.0000	6.8000
uR	717.062	90.000	0.0103	1.0000	0.0000	6.8000
E	718.669	90.000	45.1471	0.9980	0.1952	0.1669	0.0000	6.8000
dPolE	718.669	90.000	65.8570	1.0000	0.0000	6.8000
uR	718.669	90.000	0.0116	1.0000	0.0000	6.8000
E	720.276	90.000	44.8129	0.7470	0.1902	0.1619	0.0000	6.8000
dPolE	720.276	90.000	65.0809	1.0000	0.0000	6.8000
uR	720.276	90.000	0.0129	1.0000	0.0000	6.8000
E	721.882	90.000	45.4768	1.3983	0.1971	0.1671	0.0000	6.8000
dPolE	721.882	90.000	67.5110	1.0000	0.0000	6.8000
uR	721.882	90.000	0.0129	1.0000	0.0000	6.8000
E	723.489	90.000	45.3508	1.3452	0.2127	0.1794	0.0000	6.8000
dPolE	723.489	90.000	61.7280	1.0000	0.0000	6.8000
uR	723.489	90.000	0.0130	1.0000	0.0000	6.8000
E	725.095	90.000	44.6113	1.2940	0.1982	0.1669	0.0000	6.8000
dPolE	725.095	90.000	70.0218	1.0000	0.0000	6.8000
uR	725.095	90.000	0.0120	1.0000	0.0000	6.8000
E	726.701	90.000	44.9213	1.3158	0.2159	0.1812	0.0000	6.8000
dPolE	726.701	90.000	67.9784	1.0000	0.0000	6.8000
uR	726.701	90.000	0.0120	1.0000	0.0000	6.8000
E	728.308	90.000	45.1929	0.7983	0.2011	0.1684	0.0000	6.8000
dPolE	728.308	90.000	67.3097	1.0000	0.0000	6.8000
uR	728.308	90.000	0.0120	1.0000	0.0000	6.8000
E	729.914	90.000	44.1224	1.6077	0.2170	0.1816	0.0000	6.8000
dPolE	729.914	90.000	64.8926	1.0000	0.0000	6.8000
uR	729.914	90.000	0.0121	1.0000	0.0000	6.8000
E	731.520	90.000	45.2764	1.0318	0.1944	0.1625	0.0000	6.8000
dPolE	731.520	90.000	62.0736	1.0000	0.0000	6.8000
uR	731.520	90.000	0.0122	1.0000	0.0000	6.8000
E	733.126	90.000	44.4354	1.4925	0.1868	0.1563	0.0000	6.8000
dPolE	733.126	90.000	61.5438	1.0000	0.0000	6.8000
uR	733.126	90.000	0.0125	1.0000	0.0000	6.8000
E	734.732	90.000	44.9746	1.0137	0.1978	0.1652	0.0000	6.8000
dPolE	734.732	90.000	58.8839	1.0000	0.0000	6.8000
uR	734.732	90.000	0.0127	1.0000	0.0000	6.8000
E	736.337	90.000	45.7576	1.5591	0.1920	0.1605	0.0000	6.8000
dPolE	736.337	90.000	62.7326	1.0000	0.0000	6.8000
uR	736.337	90.000	0.0131	1.0000	0.0000	6.8000
E	737.943	90.000	45.0345	1.4165	0.1972	0.1647	0.0000	6.8000
dPolE	737.943	90.000	62.1896	1.0000	0.0000	6.8000
uR	737.943	90.000	0.0130	1.0000	0.0000	6.8000
E	739.548	90.000	45.1602	0.8227	0.2023	0.1682	0.0000	6.8000
dPolE	739.548	90.000	59.0955	1.0000	0.0000	6.8000
uR	739.548	90.000	0.0128	1.0000	0.0000	6.8000
E	741.154	90.000	44.5803	1.2480	0.1883	0.1566	0.0000	6.8000
dPolE	741.154	90.000	60.9405	1.0000	0.0000	6.8000
uR	741.154	90.000	0.0128	1.0000	0.0000	6.8000
E	742.759	90.000	44.9474	1.2735	0.1851	0.1535	0.0000	6.8000
dPolE	742.759	90.000	58.6721	1.0000	0.0000	6.8000
uR	742.759	90.000	0.0129	1.0000	0.0000	6.8000
E	744.364	90.000	44.5081	1.3465	0.2027	0.1674	0.0000	6.8000
dPolE	744.364	90.000	60.8297	1.0000	0.0000	6.8000
uR	744.364	90.000	0.0130	1.0000	0.0000	6.8000
E	745.969	90.000	44.4601	1.1393	0.2007	0.1651	0.0000	6.8000
dPolE	745.969	90.000	61.5905	1.0000	0.0000	6.8000
uR	745.969	90.000	0.0132	1.0000	0.0000	6.8000
E	747.574	90.000	45.4091	0.9250	0.2273	0.1861	0.0000	6.8000
dPolE	747.574	90.000	63.8708	1.0000	0.0000	6.8000
uR	747.574	90.000	0.0123	1.0000	0.0000	6.8000
E	749.179	90.000	44.9420	0.9154	0.2071	0.1688	0.0000	6.8000
dPolE	749.179	90.000	64.1463	1.0000	0.0000	6.8000
uR	749.179	90.000	0.0125	1.0000	0.0000	6.8000
E	750.784	90.000	44.1074	1.3172	0.2157	0.1753	0.0000	6.8000
dPolE	750.784	90.000	62.0740	1.0000	0.0000	6.8000
uR	750.784	90.000	0.0124	1.0000	0.0000	6.8000
E	752.388	90.000	45.0735	0.9653	0.2120	0.1711	0.0000	6.8000
dPolE	752.388	90.000	65.5676	1.0000	0.0000	6.8000
uR	752.388	90.000	0.0122	1.0000	0.0000	6.8000
E	753.993	90.000	44.9469	0.3256	0.2136	0.1714	0.0000	6.8000
dPolE	753.993	90.000	64.5068	1.0000	0.0000	6.8000
uR	753.993	90.000	0.0130	1.0000	0.0000	6.8000
E	755.597	90.000	44.8609	1.1841	0.2223	0.1776	0.0000	6.8000
dPolE	755.597	90.000	60.7483	1.0000	0.0000	6.8000
uR	755.597	90.000	0.0134	1.0000	0.0000	6.8000
E	757.202	90.000	45.2686	1.0964	0.2193	0.1748	0.0000	6.8000
dPolE	757.202	90.000	59.4966	1.0000	0.0000	6.8000
uR	757.202	90.000	0.0137	1.0000	0.0000	6.8000
E	758.806	90.000	45.0689	0.6975	0.2068	0.1636	0.0000	6.8000
dPolE	758.806	90.000	60.1067	1.0000	0.0000	6.8000
uR	758.806	90.000	0.0134	1.0000	0.0000	6.8000
E	760.410	90.000	45.1795	0.8478	0.2130	0.1681	0.0000	6.8000
dPolE	760.410	90.000	55.2269	1.0000	0.0000	6.8000
uR	760.410	90.000	0.0135	1.0000	0.0000	6.8000
E	762.014	90.000	45.3192	1.1421	0.1880	0.1474	0.0000	6.8000
dPolE	762.014	90.000	58.0029	1.0000	0.0000	6.8000
uR	762.014	90.000	0.0130	1.0000	0.0000	6.8000
E	763.618	90.000	45.2060	1.1525	0.1690	0.1324	0.0000	6.8000
dPolE	763.618	90.000	43.0317	1.0000	0.0000	6.8000
uR	763.618	90.000	0.0140	1.0000	0.0000	6.8000
E	765.221	90.000	44.7862	0.8317	0.1491	0.1165	0.0000	6.8000
dPolE	765.221	90.000	44.3462	1.0000	0.0000	6.8000
uR	765.221	90.000	0.0137	1.0000	0.0000	6.8000
E	766.825	90.000	44.9173	0.8407	0.1741	0.1357	0.0000	6.8000
dPolE	766.825	90.000	43.1340	1.0000	0.0000	6.8000
uR	766.825	90.000	0.0135	1.0000	0.0000	6.8000
E	768.429	90.000	45.0697	0.7308	0.2052	0.1597	0.0000	6.8000
dPolE	768.429	90.000	52.4051	1.0000	0.0000	6.8000
uR	768.429	90.000	0.0132	1.0000	0.0000	6.8000
E	770.032	90.000	44.6070	1.3580	0.2124	0.1653	0.0000	6.8000
dPolE	770.032	90.000	63.3459	1.0000	0.0000	6.8000
uR	770.032	90.000	0.0134	1.0000	0.0000	6.8000
E	771.635	90.000	45.4664	0.2866	0.2358	0.1831	0.0000	6.8000
dPolE	771.635	90.000	55.6107	1.0000	0.0000	6.8000
uR	771.635	90.000	0.0144	1.0000	0.0000	6.8000
E	773.238	90.000	45.1768	1.7332	0.2468	0.1921	0.0000	6.8000
dPolE	773.238	90.000	64.5419	1.0000	0.0000	6.8000
uR	773.238	90.000	0.0133	1.0000	0.0000	6.8000
E	774.841	90.000	44.7962	0.7117	0.2541	0.1973	0.0000	6.8000
dPolE	774.841	90.000	67.0094	1.0000	0.0000	6.8000
uR	774.841	90.000	0.0133	1.0000	0.0000	6.8000
E	776.444	90.000	44.7486	1.3511	0.2516	0.1953	0.0000	6.8000
dPolE	776.444	90.000	72.0946	1.0000	0.0000	6.8000
uR	776.444	90.000	0.0130	1.0000	0.0000	6.8000
E	778.047	90.000	44.9685	0.6355	0.2628	0.2030	0.0000	6.8000
dPolE	778.047	90.000	73.1707	1.0000	0.0000	6.8000
uR	778.047	90.000	0.0122	1.0000	0.0000	6.8000
E	779.650	90.000	44.2505	1.3647	0.2634	0.2037	0.0000	6.8000
dPolE	779.650	90.000	75.6738	1.0000	0.0000	6.8000
uR	779.650	90.000	0.0119	1.0000	0.0000	6.8000
E	781.252	90.000	44.4648	0.5932	0.2654	0.2052	0.0000	6.8000
dPolE	781.252	90.000	73.4609	1.0000	0.0000	6.8000
uR	781.252	90.000	0.0121	1.0000	0.0000	6.8000
E	782.855	90.000	44.9445	0.9190	0.2550	0.1966	0.0000	6.8000
dPolE	782.855	90.000	76.7267	1.0000	0.0000	6.8000
uR	782.855	90.000	0.0126	1.0000	0.0000	6.8000
E	784.457	90.000	45.5392	0.7752	0.2695	0.2076	0.0000	6.8000
dPolE	784.457	90.000	69.7941	1.0000	0.0000	6.8000
uR	784.457	90.000	0.0136	1.0000	0.0000	6.8000
E	786.059	90.000	44.3824	1.1380	0.2620	0.2013	0.0000	6.8000
dPolE	786.059	90.000	72.5768	1.0000	0.0000	6.8000
uR	786.059	90.000	0.0127	1.0000	0.0000	6.8000
E	787.661	90.000	45.5595	0.3668	0.2548	0.1940	0.0000	6.8000
dPolE	787.661	90.000	71.0887	1.0000	0.0000	6.8000
uR	787.661	90.000	0.0121	1.0000	0.0000	6.8000
E	789.263	90.000	44.6256	0.6000	0.2403	0.1831	0.0000	6.8000
dPolE	789.263	90.000	70.6564	1.0000	0.0000	6.8000
uR	789.263	90.000	0.0123	1.0000	0.0000	6.8000
E	790.865	90.000	44.7798	1.0227	0.2389	0.1811	0.0000	6.8000
dPolE	790.865	90.000	63.6480	1.0000	0.0000	6.8000
uR	790.865	90.000	0.0128	1.0000	0.0000	6.8000
E	792.467	90.000	45.4215	1.1014	0.2581	0.1953	0.0000	6.8000
dPolE	792.467	90.000	63.3222	1.0000	0.0000	6.8000
uR	792.467	90.000	0.0125	1.0000	0.0000	6.8000
E	794.068	90.000	45.9834	0.7571	0.2440	0.1835	0.0000	6.8000
dPolE	794.068	90.000	69.0679	1.0000	0.0000	6.8000
uR	794.068	90.000	0.0126	1.0000	0.0000	6.8000
E	795.670	90.000	46.1819	0.6129	0.2474	0.1853	0.0000	6.8000
dPolE	795.670	90.000	65.1600	1.0000	0.0000	6.8000
uR	795.670	90.000	0.0135	1.0000	0.0000	6.8000
E	797.271	90.000	45.0893	0.9536	0.2495	0.1862	0.0000	6.8000
dPolE	797.271	90.000	65.0386	1.0000	0.0000	6.8000
uR	797.271	90.000	0.0138	1.0000	0.0000	6.8000
E	798.872	90.000	44.8174	1.0265	0.2475	0.1838	0.0000	6.8000
dPolE	798.872	90.000	59.2984	1.0000	0.0000	6.8000
uR	798.872	90.000	0.0138	1.0000	0.0000	6.8000
E	800.473	90.000	45.6025	1.2253	0.2560	0.1898	0.0000	6.8000
dPolE	800.473	90.000	66.7500	1.0000	0.0000	6.8000
uR	800.473	90.000	0.0130	1.0000	0.0000	6.8000
E	802.074	90.000	45.3339	0.7112	0.2548	0.1877	0.0000	6.8000
dPolE	802.074	90.000	62.3513	1.0000	0.0000	6.8000
uR	802.074	90.000	0.0135	1.0000	0.0000	6.8000
E	803.675	90.000	44.4739	0.4187	0.2552	0.1867	0.0000	6.8000
dPolE	803.675	90.000	71.4977	1.0000	0.0000	6.8000
uR	803.675	90.000	0.0130	1.0000	0.0000	6.8000
E	805.276	90.000	44.9466	0.2839	0.2668	0.1946	0.0000	6.8000
dPolE	805.276	90.000	70.5712	1.0000	0.0000	6.8000
uR	805.276	90.000	0.0128	1.0000	0.0000	6.8000
E	806.876	90.000	45.1972	0.6271	0.2658	0.1938	0.0000	6.8000
dPolE	806.876	90.000	67.1996	1.0000	0.0000	6.8000
uR	806.876	90.000	0.0130	1.0000	0.0000	6.8000
E	808.477	90.000	44.3817	1.0683	0.2472	0.1799	0.0000	6.8000
dPolE	808.477	90.000	68.2895	1.0000	0.0000	6.8000
uR	808.477	90.000	0.0126	1.0000	0.0000	6.8000
E	810.077	90.000	44.2863	0.5398	0.2561	0.1857	0.0000	6.8000
dPolE	810.077	90.000	67.0193	1.0000	0.0000	6.8000
uR	810.077	90.000	0.0130	1.0000	0.0000	6.8000
E	811.677	90.000	44.1884	0.3715	0.2561	0.1852	0.0000	6.8000
dPolE	811.677	90.000	69.1690	1.0000	0.0000	6.8000
uR	811.677	90.000	0.0132	1.0000	0.0000	6.8000
E	813.277	90.000	45.0667	1.2438	0.2583	0.1871	0.0000	6.8000
dPolE	813.277	90.000	66.4643	1.0000	0.0000	6.8000
uR	813.277	90.000	0.0129	1.0000	0.0000	6.8000
E	814.877	90.000	45.5167	1.0596	0.2560	0.1850	0.0000	6.8000
dPolE	814.877	90.000	63.8129	1.0000	0.0000	6.8000
uR	814.877	90.000	0.0126	1.0000	0.0000	6.8000
E	816.477	90.000	45.6929	0.7735	0.2669	0.1923	0.0000	6.8000
dPolE	816.477	90.000	57.9156	1.0000	0.0000	6.8000
uR	816.477	90.000	0.0128	1.0000	0.0000	6.8000
E	818.077	90.000	44.2023	0.7070	0.2143	0.1547	0.0000	6.8000
dPolE	818.077	90.000	56.6938	1.0000	0.0000	6.8000
uR	818.077	90.000	0.0120	1.0000	0.0000	6.8000
E	819.676	90.000	45.0645	0.6288	0.1627	0.1172	0.0000	6.8000
dPolE	819.676	90.000	36.2737	1.0000	0.0000	6.8000
uR	819.676	90.000	0.0119	1.0000	0.0000	6.8000
E	821.276	90.000	45.0078	0.9405	0.1029	0.0741	0.0000	6.8000
dPolE	821.276	90.000	20.1120	1.0000	0.0000	6.8000
uR	821.276	90.000	0.0118	1.0000	0.0000	6.8000
E	822.875	90.000	44.9647	0.5820	0.0744	0.0534	0.0000	6.8000
dPolE	822.875	90.000	13.0390	1.0000	0.0000	6.8000
uR	822.875	90.000	0.0135	1.0000	0.0000	6.8000
E	824.474	90.000	45.0960	0.6287	0.0644	0.0462	0.0000	6.8000
dPolE	824.474	90.000	10.6154	1.0000	0.0000	6.8000
uR	824.474	90.000	0.0141	1.0000	0.0000	6.8000
E	826.073	90.000	44.8796	0.6004	0.0700	0.0502	0.0000	6.8000
dPolE	826.073	90.000	11.8412	1.0000	0.0000	6.8000
uR	826.073	90.000	0.0135	1.0000	0.0000	6.8000
E	827.672	90.000	45.1247	0.8292	0.0827	0.0592	0.0000	6.8000
dPolE	827.672	90.000	17.4409	1.0000	0.0000	6.8000
uR	827.672	90.000	0.0130	1.0000	0.0000	6.8000
E	829.271	90.000	44.9396	0.6922	0.0905	0.0647	0.0000	6.8000
dPolE	829.271	90.000	20.4902	1.0000	0.0000	6.8000
uR	829.271	90.000	0.0137	1.0000	0.0000	6.8000
E	830.869	90.000	44.8170	0.5692	0.1159	0.0826	0.0000	6.8000
dPolE	830.869	90.000	25.1235	1.0000	0.0000	6.8000
uR	830.869	90.000	0.0130	1.0000	0.0000	6.8000
E	832.468	90.000	45.0983	0.6346	0.1313	0.0935	0.0000	6.8000
dPolE	832.468	90.000	38.2508	1.0000	0.0000	6.8000
uR	832.468	90.000	0.0126	1.0000	0.0000	6.8000
E	834.066	90.000	45.0548	0.6846	0.1333	0.0946	0.0000	6.8000
dPolE	834.066	90.000	37.2946	1.0000	0.0000	6.8000
uR	834.066	90.000	0.0125	1.0000	0.0000	6.8000
E	835.664	90.000	45.3084	0.8091	0.1324	0.0938	0.0000	6.8000
dPolE	835.664	90.000	35.4193	1.0000	0.0000	6.8000
uR	835.664	90.000	0.0128	1.0000	0.0000	6.8000
E	837.262	90.000	44.8248	0.3134	0.1509	0.1064	0.0000	6.8000
dPolE	837.262	90.000	42.4943	1.0000	0.0000	6.8000
uR	837.262	90.000	0.0129	1.0000	0.0000	6.8000
E	838.860	90.000	44.6031	0.9405	0.1750	0.1230	0.0000	6.8000
dPolE	838.860	90.000	50.2001	1.0000	0.0000	6.8000
uR	838.860	90.000	0.0128	1.0000	0.0000	6.8000
E	840.458	90.000	44.7201	0.9130	0.1865	0.1304	0.0000	6.8000
dPolE	840.458	90.000	51.8845	1.0000	0.0000	6.8000
uR	840.458	90.000	0.0142	1.0000	0.0000	6.8000
E	842.055	90.000	45.5383	0.8299	0.1837	0.1283	0.0000	6.8000
dPolE	842.055	90.000	54.9111	1.0000	0.0000	6.8000
uR	842.055	90.000	0.0145	1.0000	0.0000	6.8000
E	843.653	90.000	44.6009	0.9253	0.2293	0.1596	0.0000	6.8000
dPolE	843.653	90.000	57.8242	1.0000	0.0000	6.8000
uR	843.653	90.000	0.0135	1.0000	0.0000	6.8000
E	845.250	90.000	44.4144	1.0217	0.2653	0.1835	0.0000	6.8000
dPolE	845.250	90.000	68.3401	1.0000	0.0000	6.8000
uR	845.250	90.000	0.0137	1.0000	0.0000	6.8000
E	846.847	90.000	44.7266	359.8736	0.3384	0.2328	0.0000	6.8000
dPolE	846.847	90.000	74.6407	1.0000	0.0000	6.8000
uR	846.847	90.000	0.0126	1.0000	0.0000	6.8000
E	848.444	90.000	45.1681	0.3761	0.3404	0.2334	0.0000	6.8000
dPolE	848.444	90.000	83.5159	1.0000	0.0000	6.8000
uR	848.444	90.000	0.0111	1.0000	0.0000	6.8000
E	850.041	90.000	44.6477	0.2375	0.3359	0.2293	0.0000	6.8000
dPolE	850.041	90.000	85.4911	1.0000	0.0000	6.8000
uR	850.041	90.000	0.0116	1.0000	0.0000	6.8000
E	851.638	90.000	47.5440	0.0918	0.3645	0.2489	0.0000	6.8000
dPolE	851.638	90.000	83.1864	1.0000	0.0000	6.8000
uR	851.638	90.000	0.0119	1.0000	0.0000	6.8000
E	853.234	90.000	45.8838	359.8493	0.3561	0.2414	0.0000	6.8000
dPolE	853.234	90.000	81.0855	1.0000	0.0000	6.8000
uR	853.234	90.000	0.0126	1.0000	0.0000	6.8000
E	854.831	90.000	44.7115	0.0686	0.3750	0.2527	0.0000	6.8000
dPolE	854.831	90.000	78.6843	1.0000	0.0000	6.8000
uR	854.831	90.000	0.0122	1.0000	0.0000	6.8000
E	856.427	90.000	46.3329	359.6905	0.3678	0.2483	0.0000	6.8000
dPolE	856.427	90.000	77.4850	1.0000	0.0000	6.8000
uR	856.427	90.000	0.0127	1.0000	0.0000	6.8000
E	858.023	90.000	44.4483	0.5548	0.3605	0.2426	0.0000	6.8000
dPolE	858.023	90.000	77.2422	1.0000	0.0000	6.8000
uR	858.023	90.000	0.0123	1.0000	0.0000	6.8000
E	859.619	90.000	44.3046	0.6602	0.3779	0.2533	0.0000	6.8000
dPolE	859.619	90.000	81.9139	1.0000	0.0000	6.8000
uR	859.619	90.000	0.0107	1.0000	0.0000	6.8000
E	861.215	90.000	45.1058	1.2704	0.3466	0.2324	0.0000	6.8000
dPolE	861.215	90.000	79.1293	1.0000	0.0000	6.8000
uR	861.215	90.000	0.0110	1.0000	0.0000	6.8000
E	862.811	90.000	44.9789	0.6733	0.3518	0.2354	0.0000	6.8000
dPolE	862.811	90.000	74.6762	1.0000	0.0000	6.8000
uR	862.811	90.000	0.0119	1.0000	0.0000	6.8000
E	864.407	90.000	43.9499	359.8887	0.3205	0.2140	0.0000	6.8000
dPolE	864.407	90.000	77.4601	1.0000	0.0000	6.8000
uR	864.407	90.000	0.0117	1.0000	0.0000	6.8000
E	866.002	90.000	44.7463	1.1409	0.3344	0.2233	0.0000	6.8000
dPolE	866.002	90.000	70.0565	1.0000	0.0000	6.8000
uR	866.002	90.000	0.0126	1.0000	0.0000	6.8000
E	867.597	90.000	44.9577	0.9727	0.3236	0.2162	0.0000	6.8000
dPolE	867.597	90.000	69.7440	1.0000	0.0000	6.8000
uR	867.597	90.000	0.0118	1.0000	0.0000	6.8000
E	869.192	90.000	44.4677	0.2968	0.3048	0.2031	0.0000	6.8000
dPolE	869.192	90.000	66.2425	1.0000	0.0000	6.8000
uR	869.192	90.000	0.0121	1.0000	0.0000	6.8000
E	870.787	90.000	44.9109	0.1633	0.2860	0.1905	0.0000	6.8000
dPolE	870.787	90.000	64.4370	1.0000	0.0000	6.8000
uR	870.787	90.000	0.0122	1.0000	0.0000	6.8000
E	872.382	90.000	45.2008	0.4883	0.2897	0.1926	0.0000	6.8000
dPolE	872.382	90.000	58.9129	1.0000	0.0000	6.8000
uR	872.382	90.000	0.0121	1.0000	0.0000	6.8000
E	873.977	90.000	44.6120	0.4274	0.2667	0.1776	0.0000	6.8000
dPolE	873.977	90.000	51.7820	1.0000	0.0000	6.8000
uR	873.977	90.000	0.0127	1.0000	0.0000	6.8000
E	875.571	90.000	44.9314	1.0613	0.2357	0.1570	0.0000	6.8000
dPolE	875.571	90.000	50.1416	1.0000	0.0000	6.8000
uR	875.571	90.000	0.0125	1.0000	0.0000	6.8000
E	877.166	90.000	45.0263	0.9791	0.1950	0.1297	0.0000	6.8000
dPolE	877.166	90.000	42.1265	1.0000	0.0000	6.8000
uR	877.166	90.000	0.0121	1.0000	0.0000	6.8000
E	878.760	90.000	44.8184	0.5463	0.1431	0.0951	0.0000	6.8000
dPolE	878.760	90.000	26.1187	1.0000	0.0000	6.8000
uR	878.760	90.000	0.0118	1.0000	0.0000	6.8000
E	880.354	90.000	44.7897	0.6873	0.0969	0.0642	0.0000	6.8000
dPolE	880.354	90.000	17.2917	1.0000	0.0000	6.8000
uR	880.354	90.000	0.0123	1.0000	0.0000	6.8000
E	881.948	90.000	44.8749	0.5968	0.0740	0.0489	0.0000	6.8000
dPolE	881.948	90.000	11.4424	1.0000	0.0000	6.8000
uR	881.948	90.000	0.0134	1.0000	0.0000	6.8000
E	883.542	90.000	44.7303	0.4609	0.0728	0.0480	0.0000	6.8000
dPolE	883.542	90.000	12.9072	1.0000	0.0000	6.8000
uR	883.542	90.000	0.0138	1.0000	0.0000	6.8000
E	885.135	90.000	45.0584	0.5099	0.0844	0.0556	0.0000	6.8000
dPolE	885.135	90.000	13.3270	1.0000	0.0000	6.8000
uR	885.135	90.000	0.0128	1.0000	0.0000	6.8000
E	886.729	90.000	44.7935	0.5608	0.1079	0.0708	0.0000	6.8000
dPolE	886.729	90.000	25.3756	1.0000	0.0000	6.8000
uR	886.729	90.000	0.0119	1.0000	0.0000	6.8000
E	888.322	90.000	44.6456	0.4765	0.1436	0.0941	0.0000	6.8000
dPolE	888.322	90.000	31.5726	1.0000	0.0000	6.8000
uR	888.322	90.000	0.0122	1.0000	0.0000	6.8000
E	889.915	90.000	44.5469	0.4624	0.1692	0.1105	0.0000	6.8000
dPolE	889.915	90.000	40.5086	1.0000	0.0000	6.8000
uR	889.915	90.000	0.0117	1.0000	0.0000	6.8000
E	891.508	90.000	45.0924	0.2630	0.1667	0.1084	0.0000	6.8000
dPolE	891.508	90.000	40.3040	1.0000	0.0000	6.8000
uR	891.508	90.000	0.0119	1.0000	0.0000	6.8000
E	893.101	90.000	44.7281	0.5333	0.1603	0.1040	0.0000	6.8000
dPolE	893.101	90.000	37.8050	1.0000	0.0000	6.8000
uR	893.101	90.000	0.0118	1.0000	0.0000	6.8000
E	894.694	90.000	44.7628	0.6600	0.1344	0.0868	0.0000	6.8000
dPolE	894.694	90.000	32.1799	1.0000	0.0000	6.8000
uR	894.694	90.000	0.0125	1.0000	0.0000	6.8000
E	896.286	90.000	44.9498	0.6055	0.1340	0.0862	0.0000	6.8000
dPolE	896.286	90.000	27.5796	1.0000	0.0000	6.8000
uR	896.286	90.000	0.0125	1.0000	0.0000	6.8000
E	897.879	90.000	44.8547	0.4076	0.1389	0.0890	0.0000	6.8000
dPolE	897.879	90.000	28.3110	1.0000	0.0000	6.8000
uR	897.879	90.000	0.0124	1.0000	0.0000	6.8000
E	899.471	90.000	44.9222	0.5007	0.1525	0.0974	0.0000	6.8000
dPolE	899.471	90.000	37.4122	1.0000	0.0000	6.8000
uR	899.471	90.000	0.0121	1.0000	0.0000	6.8000
E	901.063	90.000	44.9744	0.6059	0.1690	0.1074	0.0000	6.8000
dPolE	901.063	90.000	35.6294	1.0000	0.0000	6.8000
uR	901.063	90.000	0.0120	1.0000	0.0000	6.8000
E	902.655	90.000	44.9520	0.6279	0.1602	0.1016	0.0000	6.8000
dPolE	902.655	90.000	32.4910	1.0000	0.0000	6.8000
uR	902.655	90.000	0.0126	1.0000	0.0000	6.8000
E	904.247	90.000	44.9802	0.6517	0.1330	0.0840	0.0000	6.8000
dPolE	904.247	90.000	26.9122	1.0000	0.0000	6.8000
uR	904.247	90.000	0.0137	1.0000	0.0000	6.8000
E	905.838	90.000	44.6414	0.4671	0.1409	0.0889	0.0000	6.8000
dPolE	905.838	90.000	28.2610	1.0000	0.0000	6.8000
uR	905.838	90.000	0.0135	1.0000	0.0000	6.8000
E	907.429	90.000	44.7111	0.3832	0.1584	0.0996	0.0000	6.8000
dPolE	907.429	90.000	32.7970	1.0000	0.0000	6.8000
uR	907.429	90.000	0.0128	1.0000	0.0000	6.8000
E	909.021	90.000	44.8952	0.3823	0.2012	0.1263	0.0000	6.8000
dPolE	909.021	90.000	44.1688	1.0000	0.0000	6.8000
uR	909.021	90.000	0.0118	1.0000	0.0000	6.8000
E	910.612	90.000	44.9473	0.8082	0.2196	0.1370	0.0000	6.8000
dPolE	910.612	90.000	43.8236	1.0000	0.0000	6.8000
uR	910.612	90.000	0.0118	1.0000	0.0000	6.8000
E	912.203	90.000	44.7309	0.3620	0.1918	0.1196	0.0000	6.8000
dPolE	912.203	90.000	37.1146	1.0000	0.0000	6.8000
uR	912.203	90.000	0.0123	1.0000	0.0000	6.8000
E	913.793	90.000	45.0803	0.4811	0.1578	0.0979	0.0000	6.8000
dPolE	913.793	90.000	27.7274	1.0000	0.0000	6.8000
uR	913.793	90.000	0.0130	1.0000	0.0000	6.8000
E	915.384	90.000	44.9020	0.4785	0.1190	0.0738	0.0000	6.8000
dPolE	915.384	90.000	23.5992	1.0000	0.0000	6.8000
uR	915.384	90.000	0.0134	1.0000	0.0000	6.8000
E	916.974	90.000	45.1900	0.4805	0.1140	0.0706	0.0000	6.8000
dPolE	916.974	90.000	16.0451	1.0000	0.0000	6.8000
uR	916.974	90.000	0.0137	1.0000	0.0000	6.8000
E	918.565	90.000	45.0103	0.5960	0.1288	0.0797	0.0000	6.8000
dPolE	918.565	90.000	22.3090	1.0000	0.0000	6.8000
uR	918.565	90.000	0.0128	1.0000	0.0000	6.8000
E	920.155	90.000	45.3475	0.3864	0.1524	0.0941	0.0000	6.8000
dPolE	920.155	90.000	28.1461	1.0000	0.0000	6.8000
uR	920.155	90.000	0.0123	1.0000	0.0000	6.8000
E	921.745	90.000	45.1935	0.5601	0.2033	0.1253	0.0000	6.8000
dPolE	921.745	90.000	42.3686	1.0000	0.0000	6.8000
uR	921.745	90.000	0.0118	1.0000	0.0000	6.8000
E	923.334	90.000	44.7395	0.6060	0.2316	0.1427	0.0000	6.8000
dPolE	923.334	90.000	46.3224	1.0000	0.0000	6.8000
uR	923.334	90.000	0.0124	1.0000	0.0000	6.8000
E	924.924	90.000	44.7515	0.4517	0.2721	0.1673	0.0000	6.8000
dPolE	924.924	90.000	44.7855	1.0000	0.0000	6.8000
uR	924.924	90.000	0.0132	1.0000	0.0000	6.8000
E	926.513	90.000	45.3713	0.7957	0.3039	0.1867	0.0000	6.8000
dPolE	926.513	90.000	58.5299	1.0000	0.0000	6.8000
uR	926.513	90.000	0.0132	1.0000	0.0000	6.8000
E	928.103	90.000	46.2563	0.2071	0.3533	0.2170	0.0000	6.8000
dPolE	928.103	90.000	58.3704	1.0000	0.0000	6.8000
uR	928.103	90.000	0.0126	1.0000	0.0000	6.8000
E	929.692	90.000	45.5787	0.6022	0.3413	0.2090	0.0000	6.8000
dPolE	929.692	90.000	72.4360	1.0000	0.0000	6.8000
uR	929.692	90.000	0.0116	1.0000	0.0000	6.8000
E	931.280	90.000	45.4172	359.8320	0.3436	0.2109	0.0000	6.8000
dPolE	931.280	90.000	67.7826	1.0000	0.0000	6.8000
uR	931.280	90.000	0.0122	1.0000	0.0000	6.8000
E	932.869	90.000	44.6696	0.3791	0.3539	0.2169	0.0000	6.8000
dPolE	932.869	90.000	69.5613	1.0000	0.0000	6.8000
uR	932.869	90.000	0.0115	1.0000	0.0000	6.8000
E	934.458	90.000	45.6365	0.5021	0.3665	0.2238	0.0000	6.8000
dPolE	934.458	90.000	65.9093	1.0000	0.0000	6.8000
uR	934.458	90.000	0.0128	1.0000	0.0000	6.8000
E	936.046	90.000	44.9369	0.2678	0.3084	0.1885	0.0000	6.8000
dPolE	936.046	90.000	65.9000	1.0000	0.0000	6.8000
uR	936.046	90.000	0.0127	1.0000	0.0000	6.8000
E	937.634	90.000	44.5887	0.6642	0.3066	0.1873	0.0000	6.8000
dPolE	937.634	90.000	58.7718	1.0000	0.0000	6.8000
uR	937.634	90.000	0.0130	1.0000	0.0000	6.8000
E	939.222	90.000	44.7484	0.8748	0.3122	0.1907	0.0000	6.8000
dPolE	939.222	90.000	60.2908	1.0000	0.0000	6.8000
uR	939.222	90.000	0.0135	1.0000	0.0000	6.8000
E	940.810	90.000	45.7384	0.6522	0.3276	0.1984	0.0000	6.8000
dPolE	940.810	90.000	55.2553	1.0000	0.0000	6.8000
uR	940.810	90.000	0.0142	1.0000	0.0000	6.8000
E	942.398	90.000	46.4218	0.3509	0.3312	0.2001	0.0000	6.8000
dPolE	942.398	90.000	63.7248	1.0000	0.0000	6.8000
uR	942.398	90.000	0.0127	1.0000	0.0000	6.8000
E	943.985	90.000	44.1680	0.6383	0.3575	0.2171	0.0000	6.8000
dPolE	943.985	90.000	65.6045	1.0000	0.0000	6.8000
uR	943.985	90.000	0.0126	1.0000	0.0000	6.8000
E	945.573	90.000	45.0522	0.3156	0.3584	0.2170	0.0000	6.8000
dPolE	945.573	90.000	70.7477	1.0000	0.0000	6.8000
uR	945.573	90.000	0.0122	1.0000	0.0000	6.8000
E	947.160	90.000	45.1299	0.2107	0.3529	0.2133	0.0000	6.8000
dPolE	947.160	90.000	61.4207	1.0000	0.0000	6.8000
uR	947.160	90.000	0.0124	1.0000	0.0000	6.8000
E	948.747	90.000	44.4515	0.2645	0.3311	0.1991	0.0000	6.8000
dPolE	948.747	90.000	66.4138	1.0000	0.0000	6.8000
uR	948.747	90.000	0.0124	1.0000	0.0000	6.8000
E	950.334	90.000	45.0477	0.1025	0.3487	0.2097	0.0000	6.8000
dPolE	950.334	90.000	63.8725	1.0000	0.0000	6.8000
uR	950.334	90.000	0.0127	1.0000	0.0000	6.8000
E	951.920	90.000	44.6213	0.7731	0.3264	0.1954	0.0000	6.8000
dPolE	951.920	90.000	66.7955	1.0000	0.0000	6.8000
uR	951.920	90.000	0.0118	1.0000	0.0000	6.8000
E	953.507	90.000	44.5936	0.6156	0.3556	0.2122	0.0000	6.8000
dPolE	953.507	90.000	65.0273	1.0000	0.0000	6.8000
uR	953.507	90.000	0.0125	1.0000	0.0000	6.8000
E	955.093	90.000	46.4729	0.3658	0.3684	0.2188	0.0000	6.8000
dPolE	955.093	90.000	73.2042	1.0000	0.0000	6.8000
uR	955.093	90.000	0.0106	1.0000	0.0000	6.8000
E	956.679	90.000	43.6175	0.5767	0.4023	0.2397	0.0000	6.8000
dPolE	956.679	90.000	73.5190	1.0000	0.0000	6.8000
uR	956.679	90.000	0.0113	1.0000	0.0000	6.8000
E	958.265	90.000	46.2334	359.9728	0.4254	0.2520	0.0000	6.8000
dPolE	958.265	90.000	76.1760	1.0000	0.0000	6.8000
uR	958.265	90.000	0.0113	1.0000	0.0000	6.8000
E	959.851	90.000	45.9450	1.1506	0.4486	0.2648	0.0000	6.8000
dPolE	959.851	90.000	81.0747	1.0000	0.0000	6.8000
uR	959.851	90.000	0.0107	1.0000	0.0000	6.8000
E	961.436	90.000	43.2554	0.6787	0.4427	0.2606	0.0000	6.8000
dPolE	961.436	90.000	82.4305	1.0000	0.0000	6.8000
uR	961.436	90.000	0.0115	1.0000	0.0000	6.8000
E	963.022	90.000	46.1421	359.2964	0.4577	0.2690	0.0000	6.8000
dPolE	963.022	90.000	82.1745	1.0000	0.0000	6.8000
uR	963.022	90.000	0.0111	1.0000	0.0000	6.8000
E	964.607	90.000	45.8438	0.4598	0.4768	0.2788	0.0000	6.8000
dPolE	964.607	90.000	77.2758	1.0000	0.0000	6.8000
uR	964.607	90.000	0.0115	1.0000	0.0000	6.8000
E	966.192	90.000	45.5313	0.2811	0.4223	0.2462	0.0000	6.8000
dPolE	966.192	90.000	75.3448	1.0000	0.0000	6.8000
uR	966.192	90.000	0.0120	1.0000	0.0000	6.8000
E	967.777	90.000	45.8870	0.4170	0.4170	0.2417	0.0000	6.8000
dPolE	967.777	90.000	76.2975	1.0000	0.0000	6.8000
uR	967.777	90.000	0.0110	1.0000	0.0000	6.8000
E	969.361	90.000	45.9105	0.9587	0.3918	0.2271	0.0000	6.8000
dPolE	969.361	90.000	65.8810	1.0000	0.0000	6.8000
uR	969.361	90.000	0.0121	1.0000	0.0000	6.8000
E	970.946	90.000	43.9490	0.2540	0.3744	0.2158	0.0000	6.8000
dPolE	970.946	90.000	66.3256	1.0000	0.0000	6.8000
uR	970.946	90.000	0.0119	1.0000	0.0000	6.8000
E	972.530	90.000	46.0128	359.9131	0.3351	0.1932	0.0000	6.8000
dPolE	972.530	90.000	64.6555	1.0000	0.0000	6.8000
uR	972.530	90.000	0.0121	1.0000	0.0000	6.8000
E	974.114	90.000	45.2518	0.6061	0.3389	0.1952	0.0000	6.8000
dPolE	974.114	90.000	51.5179	1.0000	0.0000	6.8000
uR	974.114	90.000	0.0127	1.0000	0.0000	6.8000
E	975.698	90.000	43.9578	0.3322	0.3011	0.1725	0.0000	6.8000
dPolE	975.698	90.000	51.3959	1.0000	0.0000	6.8000
uR	975.698	90.000	0.0120	1.0000	0.0000	6.8000
E	977.282	90.000	44.7904	0.3040	0.2521	0.1440	0.0000	6.8000
dPolE	977.282	90.000	34.7413	1.0000	0.0000	6.8000
uR	977.282	90.000	0.0133	1.0000	0.0000	6.8000
E	978.865	90.000	44.6936	0.5068	0.2283	0.1298	0.0000	6.8000
dPolE	978.865	90.000	27.3620	1.0000	0.0000	6.8000
uR	978.865	90.000	0.0132	1.0000	0.0000	6.8000
E	980.449	90.000	45.1159	0.3327	0.2213	0.1259	0.0000	6.8000
dPolE	980.449	90.000	31.4007	1.0000	0.0000	6.8000
uR	980.449	90.000	0.0131	1.0000	0.0000	6.8000
E	982.032	90.000	44.9763	0.4249	0.2409	0.1373	0.0000	6.8000
dPolE	982.032	90.000	37.4644	1.0000	0.0000	6.8000
uR	982.032	90.000	0.0132	1.0000	0.0000	6.8000
E	983.615	90.000	44.8275	0.3777	0.2785	0.1585	0.0000	6.8000
dPolE	983.615	90.000	38.0759	1.0000	0.0000	6.8000
uR	983.615	90.000	0.0121	1.0000	0.0000	6.8000
E	985.198	90.000	44.9397	0.6047	0.3176	0.1803	0.0000	6.8000
dPolE	985.198	90.000	44.5704	1.0000	0.0000	6.8000
uR	985.198	90.000	0.0126	1.0000	0.0000	6.8000
E	986.780	90.000	44.9022	0.4233	0.3229	0.1836	0.0000	6.8000
dPolE	986.780	90.000	45.3848	1.0000	0.0000	6.8000
uR	986.780	90.000	0.0127	1.0000	0.0000	6.8000
E	988.363	90.000	44.7028	0.7921	0.2941	0.1668	0.0000	6.8000
dPolE	988.363	90.000	49.1650	1.0000	0.0000	6.8000
uR	988.363	90.000	0.0128	1.0000	0.0000	6.8000
E	989.945	90.000	45.1456	0.1785	0.2643	0.1496	0.0000	6.8000
dPolE	989.945	90.000	29.8523	1.0000	0.0000	6.8000
uR	989.945	90.000	0.0138	1.0000	0.0000	6.8000
E	991.527	90.000	45.0966	0.4708	0.2479	0.1399	0.0000	6.8000
dPolE	991.527	90.000	35.3821	1.0000	0.0000	6.8000
uR	991.527	90.000	0.0138	1.0000	0.0000	6.8000
E	993.109	90.000	44.5781	0.4745	0.2455	0.1388	0.0000	6.8000
dPolE	993.109	90.000	33.0140	1.0000	0.0000	6.8000
uR	993.109	90.000	0.0129	1.0000	0.0000	6.8000
E	994.690	90.000	44.0757	0.6732	0.2560	0.1444	0.0000	6.8000
dPolE	994.690	90.000	34.2144	1.0000	0.0000	6.8000
uR	994.690	90.000	0.0129	1.0000	0.0000	6.8000
E	996.272	90.000	45.0896	0.3690	0.2884	0.1625	0.0000	6.8000
dPolE	996.272	90.000	39.2319	1.0000	0.0000	6.8000
uR	996.272	90.000	0.0129	1.0000	0.0000	6.8000
E	997.853	90.000	45.1634	0.8105	0.3520	0.1978	0.0000	6.8000
dPolE	997.853	90.000	41.6702	1.0000	0.0000	6.8000
uR	997.853	90.000	0.0129	1.0000	0.0000	6.8000
E	999.434	90.000	46.2990	0.0716	0.3768	0.2115	0.0000	6.8000
dPolE	999.434	90.000	60.5789	1.0000	0.0000	6.8000
uR	999.434	90.000	0.0120	1.0000	0.0000	6.8000
