
FM-removed
XY-Scan
nm
E	210.379	90.000	38.4295	61.7491	0.2480	0.5057	0.0000	6.8000
dPolE	210.379	90.000	99.9831	1.0000	0.0000	6.8000
uR	210.379	90.000	0.0239	1.0000	0.0000	6.8000
E	211.990	90.000	35.8130	334.9310	0.2749	0.5589	0.0000	6.8000
dPolE	211.990	90.000	99.9618	1.0000	0.0000	6.8000
uR	211.990	90.000	0.0135	1.0000	0.0000	6.8000
E	213.602	90.000	65.1259	147.4991	0.2575	0.6491	0.0000	6.8000
dPolE	213.602	90.000	99.9925	1.0000	0.0000	6.8000
uR	213.602	90.000	0.0119	1.0000	0.0000	6.8000
E	215.214	90.000	42.1886	335.1996	0.2434	0.4539	0.0000	6.8000
dPolE	215.214	90.000	99.9881	1.0000	0.0000	6.8000
uR	215.214	90.000	0.0062	1.0000	0.0000	6.8000
E	216.826	90.000	24.6257	75.9962	0.2590	0.7117	0.0000	6.8000
dPolE	216.826	90.000	99.9797	1.0000	0.0000	6.8000
uR	216.826	90.000	0.0077	1.0000	0.0000	6.8000
E	218.438	90.000	36.3475	300.7419	0.2744	0.5588	0.0000	6.8000
dPolE	218.438	90.000	99.9193	1.0000	0.0000	6.8000
uR	218.438	90.000	0.0082	1.0000	0.0000	6.8000
E	220.050	90.000	72.6773	277.2752	0.2327	0.9224	0.0000	6.8000
dPolE	220.050	90.000	99.9626	1.0000	0.0000	6.8000
uR	220.050	90.000	0.0048	1.0000	0.0000	6.8000
E	221.662	90.000	66.0229	348.9342	0.2424	0.5232	0.0000	6.8000
dPolE	221.662	90.000	99.9670	1.0000	0.0000	6.8000
uR	221.662	90.000	0.0050	1.0000	0.0000	6.8000
E	223.274	90.000	70.2051	279.8917	0.2455	0.8795	0.0000	6.8000
dPolE	223.274	90.000	99.9466	1.0000	0.0000	6.8000
uR	223.274	90.000	0.0053	1.0000	0.0000	6.8000
E	224.886	90.000	44.5231	239.2542	0.2888	0.5417	0.0000	6.8000
dPolE	224.886	90.000	99.9523	1.0000	0.0000	6.8000
uR	224.886	90.000	0.0037	1.0000	0.0000	6.8000
E	226.498	90.000	59.2968	28.2505	0.2898	0.5231	0.0000	6.8000
dPolE	226.498	90.000	99.9157	1.0000	0.0000	6.8000
uR	226.498	90.000	0.0038	1.0000	0.0000	6.8000
E	228.111	90.000	49.6699	6.8984	0.2497	0.3482	0.0000	6.8000
dPolE	228.111	90.000	99.9623	1.0000	0.0000	6.8000
uR	228.111	90.000	0.0036	1.0000	0.0000	6.8000
E	229.723	90.000	12.3723	175.0013	0.2942	0.9332	0.0000	6.8000
dPolE	229.723	90.000	99.9329	1.0000	0.0000	6.8000
uR	229.723	90.000	0.0029	1.0000	0.0000	6.8000
E	231.335	90.000	35.7557	288.2195	0.2815	0.5923	0.0000	6.8000
dPolE	231.335	90.000	99.9999	1.0000	0.0000	6.8000
uR	231.335	90.000	0.0018	1.0000	0.0000	6.8000
E	232.948	90.000	47.2490	185.1647	0.2751	0.3444	0.0000	6.8000
dPolE	232.948	90.000	99.9700	1.0000	0.0000	6.8000
uR	232.948	90.000	0.0024	1.0000	0.0000	6.8000
E	234.560	90.000	41.3719	257.7226	0.2981	0.5951	0.0000	6.8000
dPolE	234.560	90.000	99.9962	1.0000	0.0000	6.8000
uR	234.560	90.000	0.0008	1.0000	0.0000	6.8000
E	236.173	90.000	35.9620	163.5467	0.3170	0.4218	0.0000	6.8000
dPolE	236.173	90.000	99.9849	1.0000	0.0000	6.8000
uR	236.173	90.000	0.0017	1.0000	0.0000	6.8000
E	237.786	90.000	69.5351	193.3013	0.3256	0.6062	0.0000	6.8000
dPolE	237.786	90.000	99.9720	1.0000	0.0000	6.8000
uR	237.786	90.000	0.0014	1.0000	0.0000	6.8000
E	239.398	90.000	58.8851	156.2116	0.3129	0.4673	0.0000	6.8000
dPolE	239.398	90.000	99.9778	1.0000	0.0000	6.8000
uR	239.398	90.000	0.0014	1.0000	0.0000	6.8000
E	241.011	90.000	36.0730	337.4705	0.3288	0.4414	0.0000	6.8000
dPolE	241.011	90.000	99.9966	1.0000	0.0000	6.8000
uR	241.011	90.000	0.0009	1.0000	0.0000	6.8000
E	242.624	90.000	45.2642	26.1295	0.3162	0.4142	0.0000	6.8000
dPolE	242.624	90.000	99.9597	1.0000	0.0000	6.8000
uR	242.624	90.000	0.0009	1.0000	0.0000	6.8000
E	244.237	90.000	55.7814	190.4812	0.3111	0.3710	0.0000	6.8000
dPolE	244.237	90.000	99.9470	1.0000	0.0000	6.8000
uR	244.237	90.000	0.0018	1.0000	0.0000	6.8000
E	245.850	90.000	15.5816	30.3125	0.2808	0.7917	0.0000	6.8000
dPolE	245.850	90.000	99.8728	1.0000	0.0000	6.8000
uR	245.850	90.000	0.0016	1.0000	0.0000	6.8000
E	247.463	90.000	40.2964	225.1032	0.2978	0.4838	0.0000	6.8000
dPolE	247.463	90.000	99.9811	1.0000	0.0000	6.8000
uR	247.463	90.000	0.0014	1.0000	0.0000	6.8000
E	249.076	90.000	54.4989	2.1787	0.3151	0.3436	0.0000	6.8000
dPolE	249.076	90.000	99.8579	1.0000	0.0000	6.8000
uR	249.076	90.000	0.0014	1.0000	0.0000	6.8000
E	250.689	90.000	24.7551	284.6442	0.2735	0.8343	0.0000	6.8000
dPolE	250.689	90.000	99.9540	1.0000	0.0000	6.8000
uR	250.689	90.000	0.0013	1.0000	0.0000	6.8000
E	252.302	90.000	63.7162	105.8309	0.2851	0.8079	0.0000	6.8000
dPolE	252.302	90.000	99.9983	1.0000	0.0000	6.8000
uR	252.302	90.000	0.0009	1.0000	0.0000	6.8000
E	253.916	90.000	73.7049	299.4928	0.2254	0.9785	0.0000	6.8000
dPolE	253.916	90.000	99.9818	1.0000	0.0000	6.8000
uR	253.916	90.000	0.0007	1.0000	0.0000	6.8000
E	255.529	90.000	54.1107	181.3039	0.3065	0.3248	0.0000	6.8000
dPolE	255.529	90.000	99.9377	1.0000	0.0000	6.8000
uR	255.529	90.000	0.0011	1.0000	0.0000	6.8000
E	257.142	90.000	56.7517	188.3747	0.3219	0.3639	0.0000	6.8000
dPolE	257.142	90.000	99.9236	1.0000	0.0000	6.8000
uR	257.142	90.000	0.0010	1.0000	0.0000	6.8000
E	258.756	90.000	24.1069	356.3895	0.3001	0.4063	0.0000	6.8000
dPolE	258.756	90.000	99.9602	1.0000	0.0000	6.8000
uR	258.756	90.000	0.0007	1.0000	0.0000	6.8000
E	260.369	90.000	38.1395	146.4405	0.3193	0.4586	0.0000	6.8000
dPolE	260.369	90.000	99.9935	1.0000	0.0000	6.8000
uR	260.369	90.000	0.0006	1.0000	0.0000	6.8000
E	261.983	90.000	63.5156	332.8637	0.2813	0.4633	0.0000	6.8000
dPolE	261.983	90.000	99.9780	1.0000	0.0000	6.8000
uR	261.983	90.000	0.0005	1.0000	0.0000	6.8000
E	263.596	90.000	64.8107	3.8952	0.3038	0.3996	0.0000	6.8000
dPolE	263.596	90.000	99.8934	1.0000	0.0000	6.8000
uR	263.596	90.000	0.0010	1.0000	0.0000	6.8000
E	265.210	90.000	70.0739	305.4919	0.2538	0.8140	0.0000	6.8000
dPolE	265.210	90.000	99.9411	1.0000	0.0000	6.8000
uR	265.210	90.000	0.0008	1.0000	0.0000	6.8000
E	266.823	90.000	8.0229	303.5448	0.2119	1.8631	0.0000	6.8000
dPolE	266.823	90.000	99.9577	1.0000	0.0000	6.8000
uR	266.823	90.000	0.0007	1.0000	0.0000	6.8000
E	268.437	90.000	24.8156	279.4128	0.2514	0.7818	0.0000	6.8000
dPolE	268.437	90.000	99.9997	1.0000	0.0000	6.8000
uR	268.437	90.000	0.0002	1.0000	0.0000	6.8000
E	270.051	90.000	16.7408	324.9235	0.2455	0.6953	0.0000	6.8000
dPolE	270.051	90.000	99.9999	1.0000	0.0000	6.8000
uR	270.051	90.000	0.0004	1.0000	0.0000	6.8000
E	271.665	90.000	24.1258	201.2554	0.2778	0.4599	0.0000	6.8000
dPolE	271.665	90.000	99.9657	1.0000	0.0000	6.8000
uR	271.665	90.000	0.0007	1.0000	0.0000	6.8000
E	273.279	90.000	85.2469	89.1427	0.1529	3.4210	0.0000	6.8000
dPolE	273.279	90.000	99.9530	1.0000	0.0000	6.8000
uR	273.279	90.000	0.0006	1.0000	0.0000	6.8000
E	274.892	90.000	89.9900	90.6029	0.1529	1659.2386	0.0000	6.8000
dPolE	274.892	90.000	99.9454	1.0000	0.0000	6.8000
uR	274.892	90.000	0.0007	1.0000	0.0000	6.8000
E	276.506	90.000	13.2194	313.8829	0.2133	0.9261	0.0000	6.8000
dPolE	276.506	90.000	99.9906	1.0000	0.0000	6.8000
uR	276.506	90.000	0.0007	1.0000	0.0000	6.8000
E	278.120	90.000	73.3052	187.0901	0.2679	0.5342	0.0000	6.8000
dPolE	278.120	90.000	99.9771	1.0000	0.0000	6.8000
uR	278.120	90.000	0.0005	1.0000	0.0000	6.8000
E	279.734	90.000	6.6203	220.0353	0.2313	1.8183	0.0000	6.8000
dPolE	279.734	90.000	99.9790	1.0000	0.0000	6.8000
uR	279.734	90.000	0.0007	1.0000	0.0000	6.8000
E	281.349	90.000	70.0891	158.0329	0.2637	0.5355	0.0000	6.8000
dPolE	281.349	90.000	99.9415	1.0000	0.0000	6.8000
uR	281.349	90.000	0.0006	1.0000	0.0000	6.8000
E	282.963	90.000	27.4552	182.5350	0.2574	0.3500	0.0000	6.8000
dPolE	282.963	90.000	99.9528	1.0000	0.0000	6.8000
uR	282.963	90.000	0.0006	1.0000	0.0000	6.8000
E	284.577	90.000	25.4719	337.3012	0.2469	0.4190	0.0000	6.8000
dPolE	284.577	90.000	99.9969	1.0000	0.0000	6.8000
uR	284.577	90.000	0.0004	1.0000	0.0000	6.8000
E	286.191	90.000	75.5804	186.8669	0.2374	0.5677	0.0000	6.8000
dPolE	286.191	90.000	99.9244	1.0000	0.0000	6.8000
uR	286.191	90.000	0.0007	1.0000	0.0000	6.8000
E	287.805	90.000	8.6426	277.9804	0.1544	1.6353	0.0000	6.8000
dPolE	287.805	90.000	99.9853	1.0000	0.0000	6.8000
uR	287.805	90.000	0.0006	1.0000	0.0000	6.8000
E	289.420	90.000	16.7096	256.0527	0.1739	0.8249	0.0000	6.8000
dPolE	289.420	90.000	99.9992	1.0000	0.0000	6.8000
uR	289.420	90.000	0.0005	1.0000	0.0000	6.8000
E	291.034	90.000	29.4473	192.4203	0.2377	0.3402	0.0000	6.8000
dPolE	291.034	90.000	99.9251	1.0000	0.0000	6.8000
uR	291.034	90.000	0.0007	1.0000	0.0000	6.8000
E	292.649	90.000	68.7394	294.3053	0.1892	0.6280	0.0000	6.8000
dPolE	292.649	90.000	99.9907	1.0000	0.0000	6.8000
uR	292.649	90.000	0.0005	1.0000	0.0000	6.8000
E	294.263	90.000	24.6948	156.3754	0.2192	0.4013	0.0000	6.8000
dPolE	294.263	90.000	99.9669	1.0000	0.0000	6.8000
uR	294.263	90.000	0.0006	1.0000	0.0000	6.8000
E	295.877	90.000	63.1629	78.4955	0.2066	0.5706	0.0000	6.8000
dPolE	295.877	90.000	99.9868	1.0000	0.0000	6.8000
uR	295.877	90.000	0.0005	1.0000	0.0000	6.8000
E	297.492	90.000	21.6840	23.1215	0.2094	0.4308	0.0000	6.8000
dPolE	297.492	90.000	99.8812	1.0000	0.0000	6.8000
uR	297.492	90.000	0.0008	1.0000	0.0000	6.8000
E	299.107	90.000	39.6983	182.8900	0.1989	0.2523	0.0000	6.8000
dPolE	299.107	90.000	99.9821	1.0000	0.0000	6.8000
uR	299.107	90.000	0.0004	1.0000	0.0000	6.8000
E	300.721	90.000	31.0973	348.0609	0.2134	0.3153	0.0000	6.8000
dPolE	300.721	90.000	99.9801	1.0000	0.0000	6.8000
uR	300.721	90.000	0.0005	1.0000	0.0000	6.8000
E	302.336	90.000	59.3928	288.8607	0.1839	0.4340	0.0000	6.8000
dPolE	302.336	90.000	99.9957	1.0000	0.0000	6.8000
uR	302.336	90.000	0.0005	1.0000	0.0000	6.8000
E	303.950	90.000	57.4473	162.5201	0.2009	0.3053	0.0000	6.8000
dPolE	303.950	90.000	99.9766	1.0000	0.0000	6.8000
uR	303.950	90.000	0.0005	1.0000	0.0000	6.8000
E	305.565	90.000	18.7054	239.4747	0.1843	0.6541	0.0000	6.8000
dPolE	305.565	90.000	99.9826	1.0000	0.0000	6.8000
uR	305.565	90.000	0.0004	1.0000	0.0000	6.8000
E	307.180	90.000	23.3579	168.4791	0.1971	0.3700	0.0000	6.8000
dPolE	307.180	90.000	99.9999	1.0000	0.0000	6.8000
uR	307.180	90.000	0.0003	1.0000	0.0000	6.8000
E	308.795	90.000	30.4841	208.1589	0.1845	0.3243	0.0000	6.8000
dPolE	308.795	90.000	99.9669	1.0000	0.0000	6.8000
uR	308.795	90.000	0.0004	1.0000	0.0000	6.8000
E	310.410	90.000	72.2071	12.0781	0.1935	0.4687	0.0000	6.8000
dPolE	310.410	90.000	99.9865	1.0000	0.0000	6.8000
uR	310.410	90.000	0.0004	1.0000	0.0000	6.8000
E	312.024	90.000	72.7611	189.9735	0.1982	0.4924	0.0000	6.8000
dPolE	312.024	90.000	99.9592	1.0000	0.0000	6.8000
uR	312.024	90.000	0.0005	1.0000	0.0000	6.8000
E	313.639	90.000	54.5097	0.2745	0.1845	0.2716	0.0000	6.8000
dPolE	313.639	90.000	99.9980	1.0000	0.0000	6.8000
uR	313.639	90.000	0.0003	1.0000	0.0000	6.8000
E	315.254	90.000	42.1192	139.8445	0.1864	0.3157	0.0000	6.8000
dPolE	315.254	90.000	99.9974	1.0000	0.0000	6.8000
uR	315.254	90.000	0.0004	1.0000	0.0000	6.8000
E	316.869	90.000	30.6103	345.2283	0.1965	0.3308	0.0000	6.8000
dPolE	316.869	90.000	99.9850	1.0000	0.0000	6.8000
uR	316.869	90.000	0.0004	1.0000	0.0000	6.8000
E	318.484	90.000	44.4351	210.7765	0.1709	0.2744	0.0000	6.8000
dPolE	318.484	90.000	99.9991	1.0000	0.0000	6.8000
uR	318.484	90.000	0.0003	1.0000	0.0000	6.8000
E	320.099	90.000	65.3477	196.3675	0.1726	0.3472	0.0000	6.8000
dPolE	320.099	90.000	99.9491	1.0000	0.0000	6.8000
uR	320.099	90.000	0.0005	1.0000	0.0000	6.8000
E	321.714	90.000	73.2975	93.4023	0.1368	0.6000	0.0000	6.8000
dPolE	321.714	90.000	99.9914	1.0000	0.0000	6.8000
uR	321.714	90.000	0.0003	1.0000	0.0000	6.8000
E	323.330	90.000	47.1932	67.7651	0.1697	0.3297	0.0000	6.8000
dPolE	323.330	90.000	99.9990	1.0000	0.0000	6.8000
uR	323.330	90.000	0.0002	1.0000	0.0000	6.8000
E	324.945	90.000	8.4236	294.9595	0.1472	1.1878	0.0000	6.8000
dPolE	324.945	90.000	99.9999	1.0000	0.0000	6.8000
uR	324.945	90.000	0.0003	1.0000	0.0000	6.8000
E	326.560	90.000	49.5673	359.9637	0.1653	0.2563	0.0000	6.8000
dPolE	326.560	90.000	99.9929	1.0000	0.0000	6.8000
uR	326.560	90.000	0.0003	1.0000	0.0000	6.8000
E	328.175	90.000	27.8401	200.2932	0.1684	0.3288	0.0000	6.8000
dPolE	328.175	90.000	99.9830	1.0000	0.0000	6.8000
uR	328.175	90.000	0.0004	1.0000	0.0000	6.8000
E	329.790	90.000	73.4577	320.9099	0.1466	0.4966	0.0000	6.8000
dPolE	329.790	90.000	99.9729	1.0000	0.0000	6.8000
uR	329.790	90.000	0.0004	1.0000	0.0000	6.8000
E	331.406	90.000	6.1099	195.9950	0.1587	1.2272	0.0000	6.8000
dPolE	331.406	90.000	99.9893	1.0000	0.0000	6.8000
uR	331.406	90.000	0.0003	1.0000	0.0000	6.8000
E	333.021	90.000	29.3170	309.3968	0.1639	0.3656	0.0000	6.8000
dPolE	333.021	90.000	99.9866	1.0000	0.0000	6.8000
uR	333.021	90.000	0.0004	1.0000	0.0000	6.8000
E	334.636	90.000	29.5845	299.3687	0.1362	0.3147	0.0000	6.8000
dPolE	334.636	90.000	99.9846	1.0000	0.0000	6.8000
uR	334.636	90.000	0.0004	1.0000	0.0000	6.8000
E	336.251	90.000	27.4664	54.2531	0.1443	0.3444	0.0000	6.8000
dPolE	336.251	90.000	99.9881	1.0000	0.0000	6.8000
uR	336.251	90.000	0.0004	1.0000	0.0000	6.8000
E	337.867	90.000	31.0223	253.6433	0.1552	0.3589	0.0000	6.8000
dPolE	337.867	90.000	99.9969	1.0000	0.0000	6.8000
uR	337.867	90.000	0.0002	1.0000	0.0000	6.8000
E	339.482	90.000	40.6246	347.1983	0.1577	0.2670	0.0000	6.8000
dPolE	339.482	90.000	99.9867	1.0000	0.0000	6.8000
uR	339.482	90.000	0.0004	1.0000	0.0000	6.8000
E	341.098	90.000	23.2517	326.4203	0.1524	0.3804	0.0000	6.8000
dPolE	341.098	90.000	99.9765	1.0000	0.0000	6.8000
uR	341.098	90.000	0.0004	1.0000	0.0000	6.8000
E	342.713	90.000	49.4521	219.1498	0.1543	0.2830	0.0000	6.8000
dPolE	342.713	90.000	99.9913	1.0000	0.0000	6.8000
uR	342.713	90.000	0.0004	1.0000	0.0000	6.8000
E	344.329	90.000	57.2856	170.1596	0.1458	0.2740	0.0000	6.8000
dPolE	344.329	90.000	99.9676	1.0000	0.0000	6.8000
uR	344.329	90.000	0.0005	1.0000	0.0000	6.8000
E	345.944	90.000	65.7080	185.9488	0.1468	0.3358	0.0000	6.8000
dPolE	345.944	90.000	99.9803	1.0000	0.0000	6.8000
uR	345.944	90.000	0.0004	1.0000	0.0000	6.8000
E	347.560	90.000	49.6555	227.3980	0.1433	0.2724	0.0000	6.8000
dPolE	347.560	90.000	99.9986	1.0000	0.0000	6.8000
uR	347.560	90.000	0.0003	1.0000	0.0000	6.8000
E	349.175	90.000	22.8249	53.9612	0.1391	0.3876	0.0000	6.8000
dPolE	349.175	90.000	99.9982	1.0000	0.0000	6.8000
uR	349.175	90.000	0.0004	1.0000	0.0000	6.8000
E	350.791	90.000	50.7084	14.4230	0.1502	0.2708	0.0000	6.8000
dPolE	350.791	90.000	99.9906	1.0000	0.0000	6.8000
uR	350.791	90.000	0.0003	1.0000	0.0000	6.8000
E	352.406	90.000	59.2373	125.9695	0.1352	0.3006	0.0000	6.8000
dPolE	352.406	90.000	99.9907	1.0000	0.0000	6.8000
uR	352.406	90.000	0.0003	1.0000	0.0000	6.8000
E	354.022	90.000	67.2580	208.0925	0.1459	0.3775	0.0000	6.8000
dPolE	354.022	90.000	99.9933	1.0000	0.0000	6.8000
uR	354.022	90.000	0.0003	1.0000	0.0000	6.8000
E	355.638	90.000	23.1825	212.8627	0.1432	0.3704	0.0000	6.8000
dPolE	355.638	90.000	99.9892	1.0000	0.0000	6.8000
uR	355.638	90.000	0.0003	1.0000	0.0000	6.8000
E	357.253	90.000	89.9900	0.9007	0.1423	733.3923	0.0000	6.8000
dPolE	357.253	90.000	99.9913	1.0000	0.0000	6.8000
uR	357.253	90.000	0.0005	1.0000	0.0000	6.8000
E	358.869	90.000	79.8391	97.2243	0.1320	0.8228	0.0000	6.8000
dPolE	358.869	90.000	99.9853	1.0000	0.0000	6.8000
uR	358.869	90.000	0.0004	1.0000	0.0000	6.8000
E	360.485	90.000	46.8934	35.4305	0.1440	0.2721	0.0000	6.8000
dPolE	360.485	90.000	99.9966	1.0000	0.0000	6.8000
uR	360.485	90.000	0.0003	1.0000	0.0000	6.8000
E	362.100	90.000	40.8968	224.2458	0.1376	0.2654	0.0000	6.8000
dPolE	362.100	90.000	99.9944	1.0000	0.0000	6.8000
uR	362.100	90.000	0.0003	1.0000	0.0000	6.8000
E	363.716	90.000	80.1536	336.6227	0.1377	0.7642	0.0000	6.8000
dPolE	363.716	90.000	99.9825	1.0000	0.0000	6.8000
uR	363.716	90.000	0.0003	1.0000	0.0000	6.8000
E	365.332	90.000	62.5047	334.5067	0.1371	0.3139	0.0000	6.8000
dPolE	365.332	90.000	99.9933	1.0000	0.0000	6.8000
uR	365.332	90.000	0.0003	1.0000	0.0000	6.8000
E	366.948	90.000	54.5544	142.1277	0.1259	0.2548	0.0000	6.8000
dPolE	366.948	90.000	99.9883	1.0000	0.0000	6.8000
uR	366.948	90.000	0.0003	1.0000	0.0000	6.8000
E	368.563	90.000	42.0931	346.4564	0.1359	0.2527	0.0000	6.8000
dPolE	368.563	90.000	99.9896	1.0000	0.0000	6.8000
uR	368.563	90.000	0.0003	1.0000	0.0000	6.8000
E	370.179	90.000	68.2198	101.4502	0.1286	0.3883	0.0000	6.8000
dPolE	370.179	90.000	99.9781	1.0000	0.0000	6.8000
uR	370.179	90.000	0.0004	1.0000	0.0000	6.8000
E	371.795	90.000	38.8825	160.8087	0.1362	0.2585	0.0000	6.8000
dPolE	371.795	90.000	99.9871	1.0000	0.0000	6.8000
uR	371.795	90.000	0.0004	1.0000	0.0000	6.8000
E	373.411	90.000	46.6912	242.1572	0.1236	0.2440	0.0000	6.8000
dPolE	373.411	90.000	99.9938	1.0000	0.0000	6.8000
uR	373.411	90.000	0.0004	1.0000	0.0000	6.8000
E	375.027	90.000	33.3375	148.2906	0.1289	0.2694	0.0000	6.8000
dPolE	375.027	90.000	99.9999	1.0000	0.0000	6.8000
uR	375.027	90.000	0.0003	1.0000	0.0000	6.8000
E	376.643	90.000	70.6543	346.8247	0.1324	0.4005	0.0000	6.8000
dPolE	376.643	90.000	99.9921	1.0000	0.0000	6.8000
uR	376.643	90.000	0.0004	1.0000	0.0000	6.8000
E	378.258	90.000	17.3715	306.9190	0.1241	0.4376	0.0000	6.8000
dPolE	378.258	90.000	99.9991	1.0000	0.0000	6.8000
uR	378.258	90.000	0.0004	1.0000	0.0000	6.8000
E	379.874	90.000	40.4730	342.1314	0.1267	0.2414	0.0000	6.8000
dPolE	379.874	90.000	99.9999	1.0000	0.0000	6.8000
uR	379.874	90.000	0.0004	1.0000	0.0000	6.8000
E	381.490	90.000	56.9646	27.7267	0.1203	0.2519	0.0000	6.8000
dPolE	381.490	90.000	99.9951	1.0000	0.0000	6.8000
uR	381.490	90.000	0.0003	1.0000	0.0000	6.8000
E	383.106	90.000	58.1382	23.5022	0.1295	0.2770	0.0000	6.8000
dPolE	383.106	90.000	99.9897	1.0000	0.0000	6.8000
uR	383.106	90.000	0.0004	1.0000	0.0000	6.8000
E	384.722	90.000	30.1287	264.3364	0.1278	0.2979	0.0000	6.8000
dPolE	384.722	90.000	99.9987	1.0000	0.0000	6.8000
uR	384.722	90.000	0.0004	1.0000	0.0000	6.8000
E	386.338	90.000	56.5481	203.8424	0.1182	0.2454	0.0000	6.8000
dPolE	386.338	90.000	99.9937	1.0000	0.0000	6.8000
uR	386.338	90.000	0.0003	1.0000	0.0000	6.8000
E	387.954	90.000	37.7747	332.0977	0.1329	0.2615	0.0000	6.8000
dPolE	387.954	90.000	99.9945	1.0000	0.0000	6.8000
uR	387.954	90.000	0.0003	1.0000	0.0000	6.8000
E	389.570	90.000	33.1980	29.0173	0.1159	0.2420	0.0000	6.8000
dPolE	389.570	90.000	99.9898	1.0000	0.0000	6.8000
uR	389.570	90.000	0.0003	1.0000	0.0000	6.8000
E	391.186	90.000	67.4442	151.0739	0.1183	0.3225	0.0000	6.8000
dPolE	391.186	90.000	99.9911	1.0000	0.0000	6.8000
uR	391.186	90.000	0.0002	1.0000	0.0000	6.8000
E	392.802	90.000	62.1878	203.6726	0.1251	0.2918	0.0000	6.8000
dPolE	392.802	90.000	99.9960	1.0000	0.0000	6.8000
uR	392.802	90.000	0.0002	1.0000	0.0000	6.8000
E	394.418	90.000	50.2528	20.2764	0.1311	0.2551	0.0000	6.8000
dPolE	394.418	90.000	99.9877	1.0000	0.0000	6.8000
uR	394.418	90.000	0.0002	1.0000	0.0000	6.8000
E	396.034	90.000	31.8126	37.4372	0.1298	0.2805	0.0000	6.8000
dPolE	396.034	90.000	99.9921	1.0000	0.0000	6.8000
uR	396.034	90.000	0.0002	1.0000	0.0000	6.8000
E	397.650	90.000	54.5111	70.8516	0.1156	0.2443	0.0000	6.8000
dPolE	397.650	90.000	99.9609	1.0000	0.0000	6.8000
uR	397.650	90.000	0.0004	1.0000	0.0000	6.8000
E	399.266	90.000	54.9690	355.7256	0.1200	0.2399	0.0000	6.8000
dPolE	399.266	90.000	99.9818	1.0000	0.0000	6.8000
uR	399.266	90.000	0.0003	1.0000	0.0000	6.8000
E	400.882	90.000	78.1754	73.8546	0.1106	0.5729	0.0000	6.8000
dPolE	400.882	90.000	99.9955	1.0000	0.0000	6.8000
uR	400.882	90.000	0.0002	1.0000	0.0000	6.8000
E	402.498	90.000	36.2888	45.3553	0.1124	0.2304	0.0000	6.8000
dPolE	402.498	90.000	99.9775	1.0000	0.0000	6.8000
uR	402.498	90.000	0.0003	1.0000	0.0000	6.8000
E	404.114	90.000	56.8643	6.9331	0.1153	0.2389	0.0000	6.8000
dPolE	404.114	90.000	99.9196	1.0000	0.0000	6.8000
uR	404.114	90.000	0.0006	1.0000	0.0000	6.8000
E	405.730	90.000	46.6659	22.0310	0.1194	0.2266	0.0000	6.8000
dPolE	405.730	90.000	99.9365	1.0000	0.0000	6.8000
uR	405.730	90.000	0.0005	1.0000	0.0000	6.8000
E	407.346	90.000	42.2083	7.5781	0.1129	0.2118	0.0000	6.8000
dPolE	407.346	90.000	99.8851	1.0000	0.0000	6.8000
uR	407.346	90.000	0.0007	1.0000	0.0000	6.8000
E	408.962	90.000	48.7315	25.5435	0.1187	0.2261	0.0000	6.8000
dPolE	408.962	90.000	99.8582	1.0000	0.0000	6.8000
uR	408.962	90.000	0.0007	1.0000	0.0000	6.8000
E	410.578	90.000	52.8480	9.5121	0.1217	0.2373	0.0000	6.8000
dPolE	410.578	90.000	99.8341	1.0000	0.0000	6.8000
uR	410.578	90.000	0.0008	1.0000	0.0000	6.8000
E	412.194	90.000	44.1752	10.6057	0.1172	0.2213	0.0000	6.8000
dPolE	412.194	90.000	99.7398	1.0000	0.0000	6.8000
uR	412.194	90.000	0.0010	1.0000	0.0000	6.8000
E	413.810	90.000	44.9364	8.5529	0.1166	0.2197	0.0000	6.8000
dPolE	413.810	90.000	99.7015	1.0000	0.0000	6.8000
uR	413.810	90.000	0.0011	1.0000	0.0000	6.8000
E	415.426	90.000	44.8264	16.5917	0.1169	0.2194	0.0000	6.8000
dPolE	415.426	90.000	99.5235	1.0000	0.0000	6.8000
uR	415.426	90.000	0.0013	1.0000	0.0000	6.8000
E	417.042	90.000	44.6731	14.1438	0.1130	0.2095	0.0000	6.8000
dPolE	417.042	90.000	99.5532	1.0000	0.0000	6.8000
uR	417.042	90.000	0.0012	1.0000	0.0000	6.8000
E	418.658	90.000	45.6807	13.6060	0.1126	0.2077	0.0000	6.8000
dPolE	418.658	90.000	99.2626	1.0000	0.0000	6.8000
uR	418.658	90.000	0.0016	1.0000	0.0000	6.8000
E	420.274	90.000	44.5127	11.0763	0.1151	0.2120	0.0000	6.8000
dPolE	420.274	90.000	99.1138	1.0000	0.0000	6.8000
uR	420.274	90.000	0.0017	1.0000	0.0000	6.8000
E	421.890	90.000	44.8242	13.5901	0.1120	0.2077	0.0000	6.8000
dPolE	421.890	90.000	98.9834	1.0000	0.0000	6.8000
uR	421.890	90.000	0.0020	1.0000	0.0000	6.8000
E	423.506	90.000	45.7137	11.3894	0.1145	0.2126	0.0000	6.8000
dPolE	423.506	90.000	98.7687	1.0000	0.0000	6.8000
uR	423.506	90.000	0.0022	1.0000	0.0000	6.8000
E	425.122	90.000	46.1938	10.0425	0.1082	0.2001	0.0000	6.8000
dPolE	425.122	90.000	98.8722	1.0000	0.0000	6.8000
uR	425.122	90.000	0.0022	1.0000	0.0000	6.8000
E	426.738	90.000	44.6684	12.6565	0.1109	0.2033	0.0000	6.8000
dPolE	426.738	90.000	98.3717	1.0000	0.0000	6.8000
uR	426.738	90.000	0.0026	1.0000	0.0000	6.8000
E	428.355	90.000	44.3430	12.9713	0.1109	0.2011	0.0000	6.8000
dPolE	428.355	90.000	98.2950	1.0000	0.0000	6.8000
uR	428.355	90.000	0.0028	1.0000	0.0000	6.8000
E	429.971	90.000	44.4728	13.5566	0.1087	0.1958	0.0000	6.8000
dPolE	429.971	90.000	97.7297	1.0000	0.0000	6.8000
uR	429.971	90.000	0.0032	1.0000	0.0000	6.8000
E	431.587	90.000	45.7424	10.8044	0.1094	0.1969	0.0000	6.8000
dPolE	431.587	90.000	97.7502	1.0000	0.0000	6.8000
uR	431.587	90.000	0.0031	1.0000	0.0000	6.8000
E	433.203	90.000	44.7085	11.5507	0.1009	0.1823	0.0000	6.8000
dPolE	433.203	90.000	97.5529	1.0000	0.0000	6.8000
uR	433.203	90.000	0.0034	1.0000	0.0000	6.8000
E	434.819	90.000	45.6651	13.5761	0.1057	0.1919	0.0000	6.8000
dPolE	434.819	90.000	97.5474	1.0000	0.0000	6.8000
uR	434.819	90.000	0.0034	1.0000	0.0000	6.8000
E	436.435	90.000	46.1168	10.4129	0.1070	0.1931	0.0000	6.8000
dPolE	436.435	90.000	96.7864	1.0000	0.0000	6.8000
uR	436.435	90.000	0.0038	1.0000	0.0000	6.8000
E	438.051	90.000	46.1239	10.0004	0.1079	0.1930	0.0000	6.8000
dPolE	438.051	90.000	96.3611	1.0000	0.0000	6.8000
uR	438.051	90.000	0.0039	1.0000	0.0000	6.8000
E	439.667	90.000	44.5523	10.4950	0.1108	0.1958	0.0000	6.8000
dPolE	439.667	90.000	95.5531	1.0000	0.0000	6.8000
uR	439.667	90.000	0.0043	1.0000	0.0000	6.8000
E	441.283	90.000	44.2310	11.7530	0.1108	0.1944	0.0000	6.8000
dPolE	441.283	90.000	95.6100	1.0000	0.0000	6.8000
uR	441.283	90.000	0.0042	1.0000	0.0000	6.8000
E	442.899	90.000	43.8098	10.3470	0.1061	0.1852	0.0000	6.8000
dPolE	442.899	90.000	94.8171	1.0000	0.0000	6.8000
uR	442.899	90.000	0.0048	1.0000	0.0000	6.8000
E	444.515	90.000	44.6501	9.7053	0.1031	0.1798	0.0000	6.8000
dPolE	444.515	90.000	94.8867	1.0000	0.0000	6.8000
uR	444.515	90.000	0.0048	1.0000	0.0000	6.8000
E	446.131	90.000	44.4336	10.0043	0.0971	0.1702	0.0000	6.8000
dPolE	446.131	90.000	94.7689	1.0000	0.0000	6.8000
uR	446.131	90.000	0.0050	1.0000	0.0000	6.8000
E	447.747	90.000	44.6737	10.2935	0.1050	0.1841	0.0000	6.8000
dPolE	447.747	90.000	94.3284	1.0000	0.0000	6.8000
uR	447.747	90.000	0.0051	1.0000	0.0000	6.8000
E	449.363	90.000	45.3756	10.2680	0.1017	0.1774	0.0000	6.8000
dPolE	449.363	90.000	94.0016	1.0000	0.0000	6.8000
uR	449.363	90.000	0.0051	1.0000	0.0000	6.8000
E	450.979	90.000	44.8621	9.2051	0.1042	0.1796	0.0000	6.8000
dPolE	450.979	90.000	92.6870	1.0000	0.0000	6.8000
uR	450.979	90.000	0.0052	1.0000	0.0000	6.8000
E	452.594	90.000	44.9234	9.9560	0.1036	0.1767	0.0000	6.8000
dPolE	452.594	90.000	91.6580	1.0000	0.0000	6.8000
uR	452.594	90.000	0.0055	1.0000	0.0000	6.8000
E	454.210	90.000	45.0651	9.1685	0.1023	0.1726	0.0000	6.8000
dPolE	454.210	90.000	92.1868	1.0000	0.0000	6.8000
uR	454.210	90.000	0.0058	1.0000	0.0000	6.8000
E	455.826	90.000	45.2552	9.9201	0.1056	0.1776	0.0000	6.8000
dPolE	455.826	90.000	91.6049	1.0000	0.0000	6.8000
uR	455.826	90.000	0.0059	1.0000	0.0000	6.8000
E	457.442	90.000	45.1933	8.4174	0.1013	0.1702	0.0000	6.8000
dPolE	457.442	90.000	91.3566	1.0000	0.0000	6.8000
uR	457.442	90.000	0.0060	1.0000	0.0000	6.8000
E	459.058	90.000	44.7218	9.7955	0.1025	0.1730	0.0000	6.8000
dPolE	459.058	90.000	90.0201	1.0000	0.0000	6.8000
uR	459.058	90.000	0.0063	1.0000	0.0000	6.8000
E	460.674	90.000	45.0792	8.8042	0.0962	0.1623	0.0000	6.8000
dPolE	460.674	90.000	90.0182	1.0000	0.0000	6.8000
uR	460.674	90.000	0.0062	1.0000	0.0000	6.8000
E	462.290	90.000	44.9039	8.2420	0.0952	0.1599	0.0000	6.8000
dPolE	462.290	90.000	88.5688	1.0000	0.0000	6.8000
uR	462.290	90.000	0.0065	1.0000	0.0000	6.8000
E	463.906	90.000	44.9087	8.6549	0.0927	0.1544	0.0000	6.8000
dPolE	463.906	90.000	87.3570	1.0000	0.0000	6.8000
uR	463.906	90.000	0.0066	1.0000	0.0000	6.8000
E	465.521	90.000	44.6736	8.7749	0.0995	0.1638	0.0000	6.8000
dPolE	465.521	90.000	86.8877	1.0000	0.0000	6.8000
uR	465.521	90.000	0.0066	1.0000	0.0000	6.8000
E	467.137	90.000	44.8960	8.2002	0.0963	0.1564	0.0000	6.8000
dPolE	467.137	90.000	84.4326	1.0000	0.0000	6.8000
uR	467.137	90.000	0.0070	1.0000	0.0000	6.8000
E	468.753	90.000	45.0422	7.2111	0.0933	0.1505	0.0000	6.8000
dPolE	468.753	90.000	81.5013	1.0000	0.0000	6.8000
uR	468.753	90.000	0.0072	1.0000	0.0000	6.8000
E	470.369	90.000	44.5673	7.5016	0.0941	0.1515	0.0000	6.8000
dPolE	470.369	90.000	82.1073	1.0000	0.0000	6.8000
uR	470.369	90.000	0.0074	1.0000	0.0000	6.8000
E	471.985	90.000	44.7891	7.6916	0.0947	0.1526	0.0000	6.8000
dPolE	471.985	90.000	83.7329	1.0000	0.0000	6.8000
uR	471.985	90.000	0.0076	1.0000	0.0000	6.8000
E	473.600	90.000	45.2243	7.1703	0.0976	0.1578	0.0000	6.8000
dPolE	473.600	90.000	83.7985	1.0000	0.0000	6.8000
uR	473.600	90.000	0.0077	1.0000	0.0000	6.8000
E	475.216	90.000	45.1240	7.4832	0.0946	0.1529	0.0000	6.8000
dPolE	475.216	90.000	85.5397	1.0000	0.0000	6.8000
uR	475.216	90.000	0.0078	1.0000	0.0000	6.8000
E	476.832	90.000	44.9207	7.3591	0.0982	0.1578	0.0000	6.8000
dPolE	476.832	90.000	86.7008	1.0000	0.0000	6.8000
uR	476.832	90.000	0.0080	1.0000	0.0000	6.8000
E	478.448	90.000	44.6079	6.4312	0.1031	0.1640	0.0000	6.8000
dPolE	478.448	90.000	86.6067	1.0000	0.0000	6.8000
uR	478.448	90.000	0.0079	1.0000	0.0000	6.8000
E	480.063	90.000	44.8093	6.7483	0.0964	0.1518	0.0000	6.8000
dPolE	480.063	90.000	85.9278	1.0000	0.0000	6.8000
uR	480.063	90.000	0.0080	1.0000	0.0000	6.8000
E	481.679	90.000	44.9692	7.1510	0.0899	0.1397	0.0000	6.8000
dPolE	481.679	90.000	85.6191	1.0000	0.0000	6.8000
uR	481.679	90.000	0.0082	1.0000	0.0000	6.8000
E	483.294	90.000	44.4653	6.6066	0.0963	0.1486	0.0000	6.8000
dPolE	483.294	90.000	81.7782	1.0000	0.0000	6.8000
uR	483.294	90.000	0.0087	1.0000	0.0000	6.8000
E	484.910	90.000	44.6757	6.7095	0.0933	0.1434	0.0000	6.8000
dPolE	484.910	90.000	84.6614	1.0000	0.0000	6.8000
uR	484.910	90.000	0.0085	1.0000	0.0000	6.8000
E	486.526	90.000	45.2147	6.5815	0.0947	0.1457	0.0000	6.8000
dPolE	486.526	90.000	85.3338	1.0000	0.0000	6.8000
uR	486.526	90.000	0.0088	1.0000	0.0000	6.8000
E	488.141	90.000	44.8508	6.9821	0.0993	0.1533	0.0000	6.8000
dPolE	488.141	90.000	84.0223	1.0000	0.0000	6.8000
uR	488.141	90.000	0.0090	1.0000	0.0000	6.8000
E	489.757	90.000	44.8942	6.0835	0.0943	0.1454	0.0000	6.8000
dPolE	489.757	90.000	83.7732	1.0000	0.0000	6.8000
uR	489.757	90.000	0.0090	1.0000	0.0000	6.8000
E	491.372	90.000	45.2344	7.2640	0.0954	0.1469	0.0000	6.8000
dPolE	491.372	90.000	83.3076	1.0000	0.0000	6.8000
uR	491.372	90.000	0.0088	1.0000	0.0000	6.8000
E	492.988	90.000	44.9959	6.0047	0.0934	0.1426	0.0000	6.8000
dPolE	492.988	90.000	82.1476	1.0000	0.0000	6.8000
uR	492.988	90.000	0.0090	1.0000	0.0000	6.8000
E	494.603	90.000	44.5146	7.0287	0.0950	0.1440	0.0000	6.8000
dPolE	494.603	90.000	82.1833	1.0000	0.0000	6.8000
uR	494.603	90.000	0.0093	1.0000	0.0000	6.8000
E	496.219	90.000	44.2890	6.7101	0.0997	0.1492	0.0000	6.8000
dPolE	496.219	90.000	83.4895	1.0000	0.0000	6.8000
uR	496.219	90.000	0.0093	1.0000	0.0000	6.8000
E	497.834	90.000	44.8487	5.9420	0.1083	0.1602	0.0000	6.8000
dPolE	497.834	90.000	82.2380	1.0000	0.0000	6.8000
uR	497.834	90.000	0.0096	1.0000	0.0000	6.8000
E	499.450	90.000	45.5310	6.0388	0.1020	0.1498	0.0000	6.8000
dPolE	499.450	90.000	82.6770	1.0000	0.0000	6.8000
uR	499.450	90.000	0.0096	1.0000	0.0000	6.8000
E	501.065	90.000	44.9150	6.5164	0.0975	0.1428	0.0000	6.8000
dPolE	501.065	90.000	83.5877	1.0000	0.0000	6.8000
uR	501.065	90.000	0.0096	1.0000	0.0000	6.8000
E	502.680	90.000	44.5179	6.0367	0.1004	0.1470	0.0000	6.8000
dPolE	502.680	90.000	83.1631	1.0000	0.0000	6.8000
uR	502.680	90.000	0.0096	1.0000	0.0000	6.8000
E	504.296	90.000	44.8098	5.7509	0.1029	0.1508	0.0000	6.8000
dPolE	504.296	90.000	83.0749	1.0000	0.0000	6.8000
uR	504.296	90.000	0.0097	1.0000	0.0000	6.8000
E	505.911	90.000	44.8686	5.6902	0.0989	0.1450	0.0000	6.8000
dPolE	505.911	90.000	81.9566	1.0000	0.0000	6.8000
uR	505.911	90.000	0.0102	1.0000	0.0000	6.8000
E	507.526	90.000	44.4783	5.5417	0.1025	0.1500	0.0000	6.8000
dPolE	507.526	90.000	81.1535	1.0000	0.0000	6.8000
uR	507.526	90.000	0.0101	1.0000	0.0000	6.8000
E	509.141	90.000	44.8112	5.6361	0.1040	0.1516	0.0000	6.8000
dPolE	509.141	90.000	80.1850	1.0000	0.0000	6.8000
uR	509.141	90.000	0.0102	1.0000	0.0000	6.8000
E	510.756	90.000	44.4065	5.5946	0.1032	0.1491	0.0000	6.8000
dPolE	510.756	90.000	80.3832	1.0000	0.0000	6.8000
uR	510.756	90.000	0.0104	1.0000	0.0000	6.8000
E	512.372	90.000	44.7247	5.6677	0.1014	0.1448	0.0000	6.8000
dPolE	512.372	90.000	80.9419	1.0000	0.0000	6.8000
uR	512.372	90.000	0.0108	1.0000	0.0000	6.8000
E	513.987	90.000	44.9394	5.3865	0.1013	0.1432	0.0000	6.8000
dPolE	513.987	90.000	80.4428	1.0000	0.0000	6.8000
uR	513.987	90.000	0.0115	1.0000	0.0000	6.8000
E	515.602	90.000	44.8674	5.2117	0.1094	0.1532	0.0000	6.8000
dPolE	515.602	90.000	81.6469	1.0000	0.0000	6.8000
uR	515.602	90.000	0.0116	1.0000	0.0000	6.8000
E	517.217	90.000	45.1580	5.4942	0.1113	0.1552	0.0000	6.8000
dPolE	517.217	90.000	81.7555	1.0000	0.0000	6.8000
uR	517.217	90.000	0.0115	1.0000	0.0000	6.8000
E	518.832	90.000	44.3537	5.8467	0.1128	0.1570	0.0000	6.8000
dPolE	518.832	90.000	84.1364	1.0000	0.0000	6.8000
uR	518.832	90.000	0.0104	1.0000	0.0000	6.8000
E	520.447	90.000	44.9366	5.0738	0.1088	0.1510	0.0000	6.8000
dPolE	520.447	90.000	84.9403	1.0000	0.0000	6.8000
uR	520.447	90.000	0.0100	1.0000	0.0000	6.8000
E	522.062	90.000	45.5133	5.0069	0.1100	0.1530	0.0000	6.8000
dPolE	522.062	90.000	83.2346	1.0000	0.0000	6.8000
uR	522.062	90.000	0.0099	1.0000	0.0000	6.8000
E	523.677	90.000	45.0511	5.6381	0.1055	0.1468	0.0000	6.8000
dPolE	523.677	90.000	81.4548	1.0000	0.0000	6.8000
uR	523.677	90.000	0.0101	1.0000	0.0000	6.8000
E	525.292	90.000	44.5651	5.0568	0.1023	0.1420	0.0000	6.8000
dPolE	525.292	90.000	80.4211	1.0000	0.0000	6.8000
uR	525.292	90.000	0.0105	1.0000	0.0000	6.8000
E	526.907	90.000	44.9831	4.0961	0.1095	0.1510	0.0000	6.8000
dPolE	526.907	90.000	79.2819	1.0000	0.0000	6.8000
uR	526.907	90.000	0.0107	1.0000	0.0000	6.8000
E	528.521	90.000	45.0278	5.2719	0.1100	0.1508	0.0000	6.8000
dPolE	528.521	90.000	79.6440	1.0000	0.0000	6.8000
uR	528.521	90.000	0.0110	1.0000	0.0000	6.8000
E	530.136	90.000	44.7928	4.4022	0.1085	0.1471	0.0000	6.8000
dPolE	530.136	90.000	79.1002	1.0000	0.0000	6.8000
uR	530.136	90.000	0.0108	1.0000	0.0000	6.8000
E	531.751	90.000	44.9073	5.1596	0.1060	0.1425	0.0000	6.8000
dPolE	531.751	90.000	79.2418	1.0000	0.0000	6.8000
uR	531.751	90.000	0.0112	1.0000	0.0000	6.8000
E	533.366	90.000	45.4853	5.1700	0.1036	0.1381	0.0000	6.8000
dPolE	533.366	90.000	78.6885	1.0000	0.0000	6.8000
uR	533.366	90.000	0.0113	1.0000	0.0000	6.8000
E	534.980	90.000	44.8513	4.3792	0.1085	0.1434	0.0000	6.8000
dPolE	534.980	90.000	77.5109	1.0000	0.0000	6.8000
uR	534.980	90.000	0.0114	1.0000	0.0000	6.8000
E	536.595	90.000	44.9094	5.0427	0.1061	0.1399	0.0000	6.8000
dPolE	536.595	90.000	77.8107	1.0000	0.0000	6.8000
uR	536.595	90.000	0.0115	1.0000	0.0000	6.8000
E	538.210	90.000	44.3866	5.0998	0.1041	0.1371	0.0000	6.8000
dPolE	538.210	90.000	78.9606	1.0000	0.0000	6.8000
uR	538.210	90.000	0.0115	1.0000	0.0000	6.8000
E	539.824	90.000	44.9660	5.2353	0.1096	0.1444	0.0000	6.8000
dPolE	539.824	90.000	77.2603	1.0000	0.0000	6.8000
uR	539.824	90.000	0.0115	1.0000	0.0000	6.8000
E	541.439	90.000	44.5506	4.6355	0.1051	0.1385	0.0000	6.8000
dPolE	541.439	90.000	76.1141	1.0000	0.0000	6.8000
uR	541.439	90.000	0.0118	1.0000	0.0000	6.8000
E	543.053	90.000	44.8273	4.2560	0.1076	0.1415	0.0000	6.8000
dPolE	543.053	90.000	76.9880	1.0000	0.0000	6.8000
uR	543.053	90.000	0.0118	1.0000	0.0000	6.8000
E	544.668	90.000	44.9296	4.7563	0.1079	0.1419	0.0000	6.8000
dPolE	544.668	90.000	76.4647	1.0000	0.0000	6.8000
uR	544.668	90.000	0.0116	1.0000	0.0000	6.8000
E	546.282	90.000	45.0478	4.5672	0.1051	0.1374	0.0000	6.8000
dPolE	546.282	90.000	78.4922	1.0000	0.0000	6.8000
uR	546.282	90.000	0.0116	1.0000	0.0000	6.8000
E	547.896	90.000	44.6559	4.4324	0.1105	0.1433	0.0000	6.8000
dPolE	547.896	90.000	77.1405	1.0000	0.0000	6.8000
uR	547.896	90.000	0.0115	1.0000	0.0000	6.8000
E	549.511	90.000	45.4527	4.2137	0.1093	0.1405	0.0000	6.8000
dPolE	549.511	90.000	76.6673	1.0000	0.0000	6.8000
uR	549.511	90.000	0.0117	1.0000	0.0000	6.8000
E	551.125	90.000	44.6081	4.0691	0.1081	0.1374	0.0000	6.8000
dPolE	551.125	90.000	77.2427	1.0000	0.0000	6.8000
uR	551.125	90.000	0.0117	1.0000	0.0000	6.8000
E	552.739	90.000	44.7897	4.3958	0.1068	0.1347	0.0000	6.8000
dPolE	552.739	90.000	76.2815	1.0000	0.0000	6.8000
uR	552.739	90.000	0.0116	1.0000	0.0000	6.8000
E	554.353	90.000	44.8830	4.5348	0.1101	0.1381	0.0000	6.8000
dPolE	554.353	90.000	77.1352	1.0000	0.0000	6.8000
uR	554.353	90.000	0.0116	1.0000	0.0000	6.8000
E	555.968	90.000	45.0187	3.9159	0.1121	0.1397	0.0000	6.8000
dPolE	555.968	90.000	75.4139	1.0000	0.0000	6.8000
uR	555.968	90.000	0.0116	1.0000	0.0000	6.8000
E	557.582	90.000	44.9705	4.3853	0.1098	0.1365	0.0000	6.8000
dPolE	557.582	90.000	75.0738	1.0000	0.0000	6.8000
uR	557.582	90.000	0.0115	1.0000	0.0000	6.8000
E	559.196	90.000	44.8358	4.2233	0.1110	0.1378	0.0000	6.8000
dPolE	559.196	90.000	75.4087	1.0000	0.0000	6.8000
uR	559.196	90.000	0.0118	1.0000	0.0000	6.8000
E	560.810	90.000	44.8938	3.9983	0.1113	0.1382	0.0000	6.8000
dPolE	560.810	90.000	76.9308	1.0000	0.0000	6.8000
uR	560.810	90.000	0.0117	1.0000	0.0000	6.8000
E	562.424	90.000	44.6981	3.6407	0.1095	0.1361	0.0000	6.8000
dPolE	562.424	90.000	74.7706	1.0000	0.0000	6.8000
uR	562.424	90.000	0.0118	1.0000	0.0000	6.8000
E	564.038	90.000	44.9013	4.1825	0.1114	0.1384	0.0000	6.8000
dPolE	564.038	90.000	73.4971	1.0000	0.0000	6.8000
uR	564.038	90.000	0.0119	1.0000	0.0000	6.8000
E	565.651	90.000	44.7042	3.6450	0.1056	0.1308	0.0000	6.8000
dPolE	565.651	90.000	76.1488	1.0000	0.0000	6.8000
uR	565.651	90.000	0.0118	1.0000	0.0000	6.8000
E	567.265	90.000	45.1073	3.8023	0.1135	0.1400	0.0000	6.8000
dPolE	567.265	90.000	72.2585	1.0000	0.0000	6.8000
uR	567.265	90.000	0.0121	1.0000	0.0000	6.8000
E	568.879	90.000	45.1107	3.9494	0.1179	0.1445	0.0000	6.8000
dPolE	568.879	90.000	73.6882	1.0000	0.0000	6.8000
uR	568.879	90.000	0.0119	1.0000	0.0000	6.8000
E	570.493	90.000	45.1671	4.2604	0.1189	0.1446	0.0000	6.8000
dPolE	570.493	90.000	71.7964	1.0000	0.0000	6.8000
uR	570.493	90.000	0.0121	1.0000	0.0000	6.8000
E	572.106	90.000	44.9459	3.4668	0.1130	0.1361	0.0000	6.8000
dPolE	572.106	90.000	71.6064	1.0000	0.0000	6.8000
uR	572.106	90.000	0.0119	1.0000	0.0000	6.8000
E	573.720	90.000	44.4032	3.4146	0.1216	0.1452	0.0000	6.8000
dPolE	573.720	90.000	71.5426	1.0000	0.0000	6.8000
uR	573.720	90.000	0.0119	1.0000	0.0000	6.8000
E	575.333	90.000	44.6280	3.8288	0.1178	0.1396	0.0000	6.8000
dPolE	575.333	90.000	72.8084	1.0000	0.0000	6.8000
uR	575.333	90.000	0.0119	1.0000	0.0000	6.8000
E	576.947	90.000	45.0659	3.6349	0.1210	0.1425	0.0000	6.8000
dPolE	576.947	90.000	72.1614	1.0000	0.0000	6.8000
uR	576.947	90.000	0.0123	1.0000	0.0000	6.8000
E	578.560	90.000	44.5240	3.9333	0.1138	0.1336	0.0000	6.8000
dPolE	578.560	90.000	72.2943	1.0000	0.0000	6.8000
uR	578.560	90.000	0.0121	1.0000	0.0000	6.8000
E	580.174	90.000	44.3154	3.2159	0.1125	0.1315	0.0000	6.8000
dPolE	580.174	90.000	71.4423	1.0000	0.0000	6.8000
uR	580.174	90.000	0.0122	1.0000	0.0000	6.8000
E	581.787	90.000	44.7767	3.7430	0.1140	0.1333	0.0000	6.8000
dPolE	581.787	90.000	71.6150	1.0000	0.0000	6.8000
uR	581.787	90.000	0.0122	1.0000	0.0000	6.8000
E	583.400	90.000	45.2208	3.4073	0.1134	0.1324	0.0000	6.8000
dPolE	583.400	90.000	70.5162	1.0000	0.0000	6.8000
uR	583.400	90.000	0.0125	1.0000	0.0000	6.8000
E	585.014	90.000	44.4369	3.7709	0.1199	0.1403	0.0000	6.8000
dPolE	585.014	90.000	69.9463	1.0000	0.0000	6.8000
uR	585.014	90.000	0.0124	1.0000	0.0000	6.8000
E	586.627	90.000	44.8354	3.8343	0.1193	0.1395	0.0000	6.8000
dPolE	586.627	90.000	70.7862	1.0000	0.0000	6.8000
uR	586.627	90.000	0.0122	1.0000	0.0000	6.8000
E	588.240	90.000	44.8189	3.6153	0.1114	0.1298	0.0000	6.8000
dPolE	588.240	90.000	72.4498	1.0000	0.0000	6.8000
uR	588.240	90.000	0.0121	1.0000	0.0000	6.8000
E	589.853	90.000	44.9249	3.4913	0.1152	0.1338	0.0000	6.8000
dPolE	589.853	90.000	70.0945	1.0000	0.0000	6.8000
uR	589.853	90.000	0.0123	1.0000	0.0000	6.8000
E	591.466	90.000	45.2386	3.5823	0.1190	0.1374	0.0000	6.8000
dPolE	591.466	90.000	70.1355	1.0000	0.0000	6.8000
uR	591.466	90.000	0.0123	1.0000	0.0000	6.8000
E	593.079	90.000	45.3320	3.5222	0.1151	0.1321	0.0000	6.8000
dPolE	593.079	90.000	69.0126	1.0000	0.0000	6.8000
uR	593.079	90.000	0.0125	1.0000	0.0000	6.8000
E	594.692	90.000	45.0156	3.6247	0.1166	0.1326	0.0000	6.8000
dPolE	594.692	90.000	68.8756	1.0000	0.0000	6.8000
uR	594.692	90.000	0.0126	1.0000	0.0000	6.8000
E	596.305	90.000	44.9603	3.2770	0.1131	0.1275	0.0000	6.8000
dPolE	596.305	90.000	70.4553	1.0000	0.0000	6.8000
uR	596.305	90.000	0.0123	1.0000	0.0000	6.8000
E	597.918	90.000	44.9567	3.4423	0.1122	0.1257	0.0000	6.8000
dPolE	597.918	90.000	73.1656	1.0000	0.0000	6.8000
uR	597.918	90.000	0.0123	1.0000	0.0000	6.8000
E	599.530	90.000	44.7934	3.3159	0.1249	0.1389	0.0000	6.8000
dPolE	599.530	90.000	69.6099	1.0000	0.0000	6.8000
uR	599.530	90.000	0.0126	1.0000	0.0000	6.8000
E	601.143	90.000	45.2018	3.5042	0.1273	0.1410	0.0000	6.8000
dPolE	601.143	90.000	68.7914	1.0000	0.0000	6.8000
uR	601.143	90.000	0.0126	1.0000	0.0000	6.8000
E	602.755	90.000	45.2626	3.5650	0.1251	0.1380	0.0000	6.8000
dPolE	602.755	90.000	68.7341	1.0000	0.0000	6.8000
uR	602.755	90.000	0.0125	1.0000	0.0000	6.8000
E	604.368	90.000	44.5936	3.5235	0.1229	0.1350	0.0000	6.8000
dPolE	604.368	90.000	70.1157	1.0000	0.0000	6.8000
uR	604.368	90.000	0.0126	1.0000	0.0000	6.8000
E	605.981	90.000	44.9911	3.1509	0.1257	0.1380	0.0000	6.8000
dPolE	605.981	90.000	70.1593	1.0000	0.0000	6.8000
uR	605.981	90.000	0.0127	1.0000	0.0000	6.8000
E	607.593	90.000	44.9815	3.5691	0.1304	0.1434	0.0000	6.8000
dPolE	607.593	90.000	69.1630	1.0000	0.0000	6.8000
uR	607.593	90.000	0.0126	1.0000	0.0000	6.8000
E	609.205	90.000	44.7386	3.2784	0.1281	0.1406	0.0000	6.8000
dPolE	609.205	90.000	68.1933	1.0000	0.0000	6.8000
uR	609.205	90.000	0.0124	1.0000	0.0000	6.8000
E	610.818	90.000	44.9047	3.1576	0.1176	0.1291	0.0000	6.8000
dPolE	610.818	90.000	71.7182	1.0000	0.0000	6.8000
uR	610.818	90.000	0.0125	1.0000	0.0000	6.8000
E	612.430	90.000	44.7524	2.9833	0.1245	0.1364	0.0000	6.8000
dPolE	612.430	90.000	68.0709	1.0000	0.0000	6.8000
uR	612.430	90.000	0.0127	1.0000	0.0000	6.8000
E	614.042	90.000	45.0753	3.1373	0.1201	0.1312	0.0000	6.8000
dPolE	614.042	90.000	70.4009	1.0000	0.0000	6.8000
uR	614.042	90.000	0.0125	1.0000	0.0000	6.8000
E	615.654	90.000	45.1500	2.8417	0.1322	0.1437	0.0000	6.8000
dPolE	615.654	90.000	64.5964	1.0000	0.0000	6.8000
uR	615.654	90.000	0.0129	1.0000	0.0000	6.8000
E	617.266	90.000	44.8197	3.0506	0.1254	0.1356	0.0000	6.8000
dPolE	617.266	90.000	69.7204	1.0000	0.0000	6.8000
uR	617.266	90.000	0.0125	1.0000	0.0000	6.8000
E	618.878	90.000	44.2639	2.7520	0.1218	0.1309	0.0000	6.8000
dPolE	618.878	90.000	68.0945	1.0000	0.0000	6.8000
uR	618.878	90.000	0.0128	1.0000	0.0000	6.8000
E	620.490	90.000	44.9512	3.1114	0.1291	0.1377	0.0000	6.8000
dPolE	620.490	90.000	66.3377	1.0000	0.0000	6.8000
uR	620.490	90.000	0.0125	1.0000	0.0000	6.8000
E	622.102	90.000	44.9621	3.2284	0.1257	0.1332	0.0000	6.8000
dPolE	622.102	90.000	67.6357	1.0000	0.0000	6.8000
uR	622.102	90.000	0.0123	1.0000	0.0000	6.8000
E	623.714	90.000	44.3631	2.7772	0.1320	0.1387	0.0000	6.8000
dPolE	623.714	90.000	67.4860	1.0000	0.0000	6.8000
uR	623.714	90.000	0.0123	1.0000	0.0000	6.8000
E	625.325	90.000	44.8732	2.6541	0.1297	0.1353	0.0000	6.8000
dPolE	625.325	90.000	68.0229	1.0000	0.0000	6.8000
uR	625.325	90.000	0.0128	1.0000	0.0000	6.8000
E	626.937	90.000	45.0105	3.1219	0.1347	0.1399	0.0000	6.8000
dPolE	626.937	90.000	64.8717	1.0000	0.0000	6.8000
uR	626.937	90.000	0.0128	1.0000	0.0000	6.8000
E	628.548	90.000	44.7909	2.5126	0.1369	0.1415	0.0000	6.8000
dPolE	628.548	90.000	66.5740	1.0000	0.0000	6.8000
uR	628.548	90.000	0.0124	1.0000	0.0000	6.8000
E	630.160	90.000	44.9418	2.4752	0.1390	0.1432	0.0000	6.8000
dPolE	630.160	90.000	65.9422	1.0000	0.0000	6.8000
uR	630.160	90.000	0.0124	1.0000	0.0000	6.8000
E	631.771	90.000	44.8860	3.1595	0.1395	0.1439	0.0000	6.8000
dPolE	631.771	90.000	65.4477	1.0000	0.0000	6.8000
uR	631.771	90.000	0.0128	1.0000	0.0000	6.8000
E	633.383	90.000	44.9724	2.3616	0.1274	0.1310	0.0000	6.8000
dPolE	633.383	90.000	67.7864	1.0000	0.0000	6.8000
uR	633.383	90.000	0.0126	1.0000	0.0000	6.8000
E	634.994	90.000	45.0098	2.1898	0.1370	0.1408	0.0000	6.8000
dPolE	634.994	90.000	62.9492	1.0000	0.0000	6.8000
uR	634.994	90.000	0.0130	1.0000	0.0000	6.8000
E	636.605	90.000	45.0825	2.6730	0.1367	0.1406	0.0000	6.8000
dPolE	636.605	90.000	67.4200	1.0000	0.0000	6.8000
uR	636.605	90.000	0.0126	1.0000	0.0000	6.8000
E	638.216	90.000	45.2827	2.9032	0.1378	0.1418	0.0000	6.8000
dPolE	638.216	90.000	68.1856	1.0000	0.0000	6.8000
uR	638.216	90.000	0.0127	1.0000	0.0000	6.8000
E	639.827	90.000	45.1665	2.3649	0.1486	0.1524	0.0000	6.8000
dPolE	639.827	90.000	67.8478	1.0000	0.0000	6.8000
uR	639.827	90.000	0.0126	1.0000	0.0000	6.8000
E	641.438	90.000	45.0643	3.0788	0.1390	0.1423	0.0000	6.8000
dPolE	641.438	90.000	69.2786	1.0000	0.0000	6.8000
uR	641.438	90.000	0.0126	1.0000	0.0000	6.8000
E	643.049	90.000	45.2618	3.4187	0.1447	0.1479	0.0000	6.8000
dPolE	643.049	90.000	65.9753	1.0000	0.0000	6.8000
uR	643.049	90.000	0.0124	1.0000	0.0000	6.8000
E	644.660	90.000	45.6327	3.0874	0.1473	0.1497	0.0000	6.8000
dPolE	644.660	90.000	65.4930	1.0000	0.0000	6.8000
uR	644.660	90.000	0.0124	1.0000	0.0000	6.8000
E	646.271	90.000	44.5401	2.3536	0.1348	0.1358	0.0000	6.8000
dPolE	646.271	90.000	67.5920	1.0000	0.0000	6.8000
uR	646.271	90.000	0.0126	1.0000	0.0000	6.8000
E	647.881	90.000	45.0464	2.5335	0.1413	0.1416	0.0000	6.8000
dPolE	647.881	90.000	64.4076	1.0000	0.0000	6.8000
uR	647.881	90.000	0.0125	1.0000	0.0000	6.8000
E	649.492	90.000	44.5996	2.7177	0.1441	0.1434	0.0000	6.8000
dPolE	649.492	90.000	63.4617	1.0000	0.0000	6.8000
uR	649.492	90.000	0.0125	1.0000	0.0000	6.8000
E	651.103	90.000	44.7771	2.6889	0.1415	0.1397	0.0000	6.8000
dPolE	651.103	90.000	64.0423	1.0000	0.0000	6.8000
uR	651.103	90.000	0.0126	1.0000	0.0000	6.8000
E	652.713	90.000	44.6151	2.7095	0.1454	0.1428	0.0000	6.8000
dPolE	652.713	90.000	66.7735	1.0000	0.0000	6.8000
uR	652.713	90.000	0.0127	1.0000	0.0000	6.8000
E	654.323	90.000	44.6831	2.5962	0.1475	0.1439	0.0000	6.8000
dPolE	654.323	90.000	65.9213	1.0000	0.0000	6.8000
uR	654.323	90.000	0.0129	1.0000	0.0000	6.8000
E	655.934	90.000	44.8202	2.9096	0.1534	0.1493	0.0000	6.8000
dPolE	655.934	90.000	66.8567	1.0000	0.0000	6.8000
uR	655.934	90.000	0.0125	1.0000	0.0000	6.8000
E	657.544	90.000	45.9413	2.6851	0.1552	0.1504	0.0000	6.8000
dPolE	657.544	90.000	64.8417	1.0000	0.0000	6.8000
uR	657.544	90.000	0.0127	1.0000	0.0000	6.8000
E	659.154	90.000	44.4549	2.2898	0.1515	0.1464	0.0000	6.8000
dPolE	659.154	90.000	66.5886	1.0000	0.0000	6.8000
uR	659.154	90.000	0.0128	1.0000	0.0000	6.8000
E	660.764	90.000	44.9716	2.2230	0.1499	0.1445	0.0000	6.8000
dPolE	660.764	90.000	64.0455	1.0000	0.0000	6.8000
uR	660.764	90.000	0.0131	1.0000	0.0000	6.8000
E	662.374	90.000	44.5577	1.9074	0.1481	0.1426	0.0000	6.8000
dPolE	662.374	90.000	65.8704	1.0000	0.0000	6.8000
uR	662.374	90.000	0.0130	1.0000	0.0000	6.8000
E	663.984	90.000	45.1103	2.1398	0.1519	0.1461	0.0000	6.8000
dPolE	663.984	90.000	67.1873	1.0000	0.0000	6.8000
uR	663.984	90.000	0.0126	1.0000	0.0000	6.8000
E	665.594	90.000	44.9458	2.1965	0.1482	0.1426	0.0000	6.8000
dPolE	665.594	90.000	67.0344	1.0000	0.0000	6.8000
uR	665.594	90.000	0.0129	1.0000	0.0000	6.8000
E	667.204	90.000	45.0072	2.4224	0.1523	0.1467	0.0000	6.8000
dPolE	667.204	90.000	66.2977	1.0000	0.0000	6.8000
uR	667.204	90.000	0.0126	1.0000	0.0000	6.8000
E	668.813	90.000	44.7873	2.5855	0.1452	0.1396	0.0000	6.8000
dPolE	668.813	90.000	63.3690	1.0000	0.0000	6.8000
uR	668.813	90.000	0.0124	1.0000	0.0000	6.8000
E	670.423	90.000	44.6368	2.3820	0.1472	0.1411	0.0000	6.8000
dPolE	670.423	90.000	66.2050	1.0000	0.0000	6.8000
uR	670.423	90.000	0.0123	1.0000	0.0000	6.8000
E	672.032	90.000	45.1369	2.0117	0.1541	0.1473	0.0000	6.8000
dPolE	672.032	90.000	61.6989	1.0000	0.0000	6.8000
uR	672.032	90.000	0.0129	1.0000	0.0000	6.8000
E	673.642	90.000	44.7047	2.2134	0.1532	0.1461	0.0000	6.8000
dPolE	673.642	90.000	62.1441	1.0000	0.0000	6.8000
uR	673.642	90.000	0.0125	1.0000	0.0000	6.8000
E	675.251	90.000	45.1016	2.1188	0.1504	0.1426	0.0000	6.8000
dPolE	675.251	90.000	66.9025	1.0000	0.0000	6.8000
uR	675.251	90.000	0.0123	1.0000	0.0000	6.8000
E	676.860	90.000	44.9649	2.3647	0.1538	0.1452	0.0000	6.8000
dPolE	676.860	90.000	60.9390	1.0000	0.0000	6.8000
uR	676.860	90.000	0.0131	1.0000	0.0000	6.8000
E	678.469	90.000	45.1029	2.9830	0.1588	0.1492	0.0000	6.8000
dPolE	678.469	90.000	62.3624	1.0000	0.0000	6.8000
uR	678.469	90.000	0.0126	1.0000	0.0000	6.8000
E	680.079	90.000	45.3216	2.3194	0.1561	0.1456	0.0000	6.8000
dPolE	680.079	90.000	62.0506	1.0000	0.0000	6.8000
uR	680.079	90.000	0.0124	1.0000	0.0000	6.8000
E	681.688	90.000	45.2975	2.5151	0.1591	0.1475	0.0000	6.8000
dPolE	681.688	90.000	64.8274	1.0000	0.0000	6.8000
uR	681.688	90.000	0.0123	1.0000	0.0000	6.8000
E	683.296	90.000	45.2795	2.3292	0.1520	0.1399	0.0000	6.8000
dPolE	683.296	90.000	57.4690	1.0000	0.0000	6.8000
uR	683.296	90.000	0.0127	1.0000	0.0000	6.8000
E	684.905	90.000	44.9805	2.2676	0.1576	0.1441	0.0000	6.8000
dPolE	684.905	90.000	59.8641	1.0000	0.0000	6.8000
uR	684.905	90.000	0.0122	1.0000	0.0000	6.8000
E	686.514	90.000	45.1095	2.0232	0.1563	0.1420	0.0000	6.8000
dPolE	686.514	90.000	57.8503	1.0000	0.0000	6.8000
uR	686.514	90.000	0.0123	1.0000	0.0000	6.8000
E	688.123	90.000	44.9856	1.7946	0.1457	0.1319	0.0000	6.8000
dPolE	688.123	90.000	58.6919	1.0000	0.0000	6.8000
uR	688.123	90.000	0.0126	1.0000	0.0000	6.8000
E	689.731	90.000	44.5822	2.0322	0.1606	0.1450	0.0000	6.8000
dPolE	689.731	90.000	53.2724	1.0000	0.0000	6.8000
uR	689.731	90.000	0.0128	1.0000	0.0000	6.8000
E	691.340	90.000	45.0048	2.2810	0.1514	0.1363	0.0000	6.8000
dPolE	691.340	90.000	60.3442	1.0000	0.0000	6.8000
uR	691.340	90.000	0.0127	1.0000	0.0000	6.8000
E	692.948	90.000	44.3157	1.7970	0.1652	0.1484	0.0000	6.8000
dPolE	692.948	90.000	55.9221	1.0000	0.0000	6.8000
uR	692.948	90.000	0.0131	1.0000	0.0000	6.8000
E	694.556	90.000	45.1706	2.1536	0.1670	0.1500	0.0000	6.8000
dPolE	694.556	90.000	60.9164	1.0000	0.0000	6.8000
uR	694.556	90.000	0.0126	1.0000	0.0000	6.8000
E	696.164	90.000	45.4151	2.4395	0.1698	0.1527	0.0000	6.8000
dPolE	696.164	90.000	61.8276	1.0000	0.0000	6.8000
uR	696.164	90.000	0.0128	1.0000	0.0000	6.8000
E	697.772	90.000	45.3551	2.4080	0.1760	0.1582	0.0000	6.8000
dPolE	697.772	90.000	60.7468	1.0000	0.0000	6.8000
uR	697.772	90.000	0.0129	1.0000	0.0000	6.8000
E	699.380	90.000	45.3764	1.8654	0.1786	0.1603	0.0000	6.8000
dPolE	699.380	90.000	65.3767	1.0000	0.0000	6.8000
uR	699.380	90.000	0.0124	1.0000	0.0000	6.8000
E	700.988	90.000	45.6519	2.6310	0.1794	0.1611	0.0000	6.8000
dPolE	700.988	90.000	62.8301	1.0000	0.0000	6.8000
uR	700.988	90.000	0.0128	1.0000	0.0000	6.8000
E	702.596	90.000	44.5072	2.2668	0.1731	0.1549	0.0000	6.8000
dPolE	702.596	90.000	66.0391	1.0000	0.0000	6.8000
uR	702.596	90.000	0.0124	1.0000	0.0000	6.8000
E	704.204	90.000	45.0000	2.2941	0.1862	0.1665	0.0000	6.8000
dPolE	704.204	90.000	66.6467	1.0000	0.0000	6.8000
uR	704.204	90.000	0.0121	1.0000	0.0000	6.8000
E	705.811	90.000	45.0334	1.5361	0.1909	0.1694	0.0000	6.8000
dPolE	705.811	90.000	66.8410	1.0000	0.0000	6.8000
uR	705.811	90.000	0.0123	1.0000	0.0000	6.8000
E	707.419	90.000	44.9847	1.7163	0.1867	0.1656	0.0000	6.8000
dPolE	707.419	90.000	63.7893	1.0000	0.0000	6.8000
uR	707.419	90.000	0.0129	1.0000	0.0000	6.8000
E	709.026	90.000	45.0824	2.2260	0.1784	0.1577	0.0000	6.8000
dPolE	709.026	90.000	61.0355	1.0000	0.0000	6.8000
uR	709.026	90.000	0.0126	1.0000	0.0000	6.8000
E	710.634	90.000	44.7782	2.0417	0.1684	0.1482	0.0000	6.8000
dPolE	710.634	90.000	64.5131	1.0000	0.0000	6.8000
uR	710.634	90.000	0.0126	1.0000	0.0000	6.8000
E	712.241	90.000	44.4408	1.9297	0.1818	0.1592	0.0000	6.8000
dPolE	712.241	90.000	62.0999	1.0000	0.0000	6.8000
uR	712.241	90.000	0.0140	1.0000	0.0000	6.8000
E	713.848	90.000	45.0393	1.7390	0.2077	0.1805	0.0000	6.8000
dPolE	713.848	90.000	64.8471	1.0000	0.0000	6.8000
uR	713.848	90.000	0.0137	1.0000	0.0000	6.8000
E	715.455	90.000	44.7803	1.8610	0.2179	0.1883	0.0000	6.8000
dPolE	715.455	90.000	72.6606	1.0000	0.0000	6.8000
uR	715.455	90.000	0.0109	1.0000	0.0000	6.8000
E	717.062	90.000	45.4488	2.3148	0.2033	0.1751	0.0000	6.8000
dPolE	717.062	90.000	70.4597	1.0000	0.0000	6.8000
uR	717.062	90.000	0.0106	1.0000	0.0000	6.8000
E	718.669	90.000	45.2628	1.7969	0.1899	0.1626	0.0000	6.8000
dPolE	718.669	90.000	67.4137	1.0000	0.0000	6.8000
uR	718.669	90.000	0.0113	1.0000	0.0000	6.8000
E	720.276	90.000	45.4998	2.3150	0.1867	0.1595	0.0000	6.8000
dPolE	720.276	90.000	67.1228	1.0000	0.0000	6.8000
uR	720.276	90.000	0.0124	1.0000	0.0000	6.8000
E	721.882	90.000	45.3173	1.7328	0.1874	0.1590	0.0000	6.8000
dPolE	721.882	90.000	67.7945	1.0000	0.0000	6.8000
uR	721.882	90.000	0.0128	1.0000	0.0000	6.8000
E	723.489	90.000	45.3407	1.3599	0.2107	0.1778	0.0000	6.8000
dPolE	723.489	90.000	63.4073	1.0000	0.0000	6.8000
uR	723.489	90.000	0.0126	1.0000	0.0000	6.8000
E	725.095	90.000	44.6750	1.7195	0.2091	0.1761	0.0000	6.8000
dPolE	725.095	90.000	68.3890	1.0000	0.0000	6.8000
uR	725.095	90.000	0.0122	1.0000	0.0000	6.8000
E	726.701	90.000	44.8528	2.1272	0.2069	0.1740	0.0000	6.8000
dPolE	726.701	90.000	67.9601	1.0000	0.0000	6.8000
uR	726.701	90.000	0.0120	1.0000	0.0000	6.8000
E	728.308	90.000	45.4901	1.3768	0.2017	0.1691	0.0000	6.8000
dPolE	728.308	90.000	65.7102	1.0000	0.0000	6.8000
uR	728.308	90.000	0.0121	1.0000	0.0000	6.8000
E	729.914	90.000	44.9768	2.1025	0.2024	0.1695	0.0000	6.8000
dPolE	729.914	90.000	66.1694	1.0000	0.0000	6.8000
uR	729.914	90.000	0.0117	1.0000	0.0000	6.8000
E	731.520	90.000	44.9250	1.4860	0.1947	0.1628	0.0000	6.8000
dPolE	731.520	90.000	62.0153	1.0000	0.0000	6.8000
uR	731.520	90.000	0.0122	1.0000	0.0000	6.8000
E	733.126	90.000	44.9621	1.7767	0.1863	0.1559	0.0000	6.8000
dPolE	733.126	90.000	61.3531	1.0000	0.0000	6.8000
uR	733.126	90.000	0.0125	1.0000	0.0000	6.8000
E	734.732	90.000	45.3280	2.0936	0.1985	0.1663	0.0000	6.8000
dPolE	734.732	90.000	56.1977	1.0000	0.0000	6.8000
uR	734.732	90.000	0.0129	1.0000	0.0000	6.8000
E	736.337	90.000	44.9436	2.2006	0.1892	0.1584	0.0000	6.8000
dPolE	736.337	90.000	63.7533	1.0000	0.0000	6.8000
uR	736.337	90.000	0.0128	1.0000	0.0000	6.8000
E	737.943	90.000	44.9407	1.5496	0.1887	0.1577	0.0000	6.8000
dPolE	737.943	90.000	63.8074	1.0000	0.0000	6.8000
uR	737.943	90.000	0.0127	1.0000	0.0000	6.8000
E	739.548	90.000	45.1567	1.7138	0.2003	0.1668	0.0000	6.8000
dPolE	739.548	90.000	58.6633	1.0000	0.0000	6.8000
uR	739.548	90.000	0.0128	1.0000	0.0000	6.8000
E	741.154	90.000	44.9090	1.8175	0.1890	0.1574	0.0000	6.8000
dPolE	741.154	90.000	61.3149	1.0000	0.0000	6.8000
uR	741.154	90.000	0.0127	1.0000	0.0000	6.8000
E	742.759	90.000	44.5288	1.9679	0.1994	0.1657	0.0000	6.8000
dPolE	742.759	90.000	58.8135	1.0000	0.0000	6.8000
uR	742.759	90.000	0.0128	1.0000	0.0000	6.8000
E	744.364	90.000	45.1550	1.7811	0.2088	0.1726	0.0000	6.8000
dPolE	744.364	90.000	60.4635	1.0000	0.0000	6.8000
uR	744.364	90.000	0.0128	1.0000	0.0000	6.8000
E	745.969	90.000	44.2848	1.9831	0.2130	0.1755	0.0000	6.8000
dPolE	745.969	90.000	63.9985	1.0000	0.0000	6.8000
uR	745.969	90.000	0.0127	1.0000	0.0000	6.8000
E	747.574	90.000	44.7829	1.7140	0.2138	0.1753	0.0000	6.8000
dPolE	747.574	90.000	62.0426	1.0000	0.0000	6.8000
uR	747.574	90.000	0.0126	1.0000	0.0000	6.8000
E	749.179	90.000	45.6684	1.7126	0.2115	0.1727	0.0000	6.8000
dPolE	749.179	90.000	68.3209	1.0000	0.0000	6.8000
uR	749.179	90.000	0.0118	1.0000	0.0000	6.8000
E	750.784	90.000	44.7774	1.9222	0.2294	0.1866	0.0000	6.8000
dPolE	750.784	90.000	60.1063	1.0000	0.0000	6.8000
uR	750.784	90.000	0.0125	1.0000	0.0000	6.8000
E	752.388	90.000	44.5833	1.2275	0.2189	0.1767	0.0000	6.8000
dPolE	752.388	90.000	62.6721	1.0000	0.0000	6.8000
uR	752.388	90.000	0.0126	1.0000	0.0000	6.8000
E	753.993	90.000	45.1701	1.3771	0.2052	0.1649	0.0000	6.8000
dPolE	753.993	90.000	63.0189	1.0000	0.0000	6.8000
uR	753.993	90.000	0.0131	1.0000	0.0000	6.8000
E	755.597	90.000	44.4298	1.5378	0.2176	0.1741	0.0000	6.8000
dPolE	755.597	90.000	61.5691	1.0000	0.0000	6.8000
uR	755.597	90.000	0.0133	1.0000	0.0000	6.8000
E	757.202	90.000	44.9903	1.6912	0.2155	0.1719	0.0000	6.8000
dPolE	757.202	90.000	63.6094	1.0000	0.0000	6.8000
uR	757.202	90.000	0.0129	1.0000	0.0000	6.8000
E	758.806	90.000	44.8116	0.9609	0.2130	0.1686	0.0000	6.8000
dPolE	758.806	90.000	63.6838	1.0000	0.0000	6.8000
uR	758.806	90.000	0.0128	1.0000	0.0000	6.8000
E	760.410	90.000	44.6667	1.7308	0.2160	0.1707	0.0000	6.8000
dPolE	760.410	90.000	58.0868	1.0000	0.0000	6.8000
uR	760.410	90.000	0.0131	1.0000	0.0000	6.8000
E	762.014	90.000	44.2696	1.8766	0.1918	0.1507	0.0000	6.8000
dPolE	762.014	90.000	60.1624	1.0000	0.0000	6.8000
uR	762.014	90.000	0.0128	1.0000	0.0000	6.8000
E	763.618	90.000	44.7489	1.5793	0.1693	0.1328	0.0000	6.8000
dPolE	763.618	90.000	43.3532	1.0000	0.0000	6.8000
uR	763.618	90.000	0.0139	1.0000	0.0000	6.8000
E	765.221	90.000	44.8827	1.5752	0.1528	0.1196	0.0000	6.8000
dPolE	765.221	90.000	43.0103	1.0000	0.0000	6.8000
uR	765.221	90.000	0.0138	1.0000	0.0000	6.8000
E	766.825	90.000	45.4332	1.8803	0.1727	0.1350	0.0000	6.8000
dPolE	766.825	90.000	42.6487	1.0000	0.0000	6.8000
uR	766.825	90.000	0.0133	1.0000	0.0000	6.8000
E	768.429	90.000	44.6288	1.8081	0.2049	0.1598	0.0000	6.8000
dPolE	768.429	90.000	50.5320	1.0000	0.0000	6.8000
uR	768.429	90.000	0.0133	1.0000	0.0000	6.8000
E	770.032	90.000	45.2329	1.7796	0.2147	0.1672	0.0000	6.8000
dPolE	770.032	90.000	62.6256	1.0000	0.0000	6.8000
uR	770.032	90.000	0.0131	1.0000	0.0000	6.8000
E	771.635	90.000	45.0433	1.7702	0.2485	0.1935	0.0000	6.8000
dPolE	771.635	90.000	59.5715	1.0000	0.0000	6.8000
uR	771.635	90.000	0.0139	1.0000	0.0000	6.8000
E	773.238	90.000	44.9293	1.6925	0.2372	0.1845	0.0000	6.8000
dPolE	773.238	90.000	66.3447	1.0000	0.0000	6.8000
uR	773.238	90.000	0.0130	1.0000	0.0000	6.8000
E	774.841	90.000	45.2354	1.4978	0.2513	0.1954	0.0000	6.8000
dPolE	774.841	90.000	69.4049	1.0000	0.0000	6.8000
uR	774.841	90.000	0.0127	1.0000	0.0000	6.8000
E	776.444	90.000	45.2257	1.7695	0.2600	0.2020	0.0000	6.8000
dPolE	776.444	90.000	74.9440	1.0000	0.0000	6.8000
uR	776.444	90.000	0.0121	1.0000	0.0000	6.8000
E	778.047	90.000	44.6877	2.1403	0.2658	0.2061	0.0000	6.8000
dPolE	778.047	90.000	73.9775	1.0000	0.0000	6.8000
uR	778.047	90.000	0.0124	1.0000	0.0000	6.8000
E	779.650	90.000	44.2615	1.3982	0.2666	0.2061	0.0000	6.8000
dPolE	779.650	90.000	76.1867	1.0000	0.0000	6.8000
uR	779.650	90.000	0.0119	1.0000	0.0000	6.8000
E	781.252	90.000	46.0386	2.2780	0.2703	0.2100	0.0000	6.8000
dPolE	781.252	90.000	70.7822	1.0000	0.0000	6.8000
uR	781.252	90.000	0.0125	1.0000	0.0000	6.8000
E	782.855	90.000	44.3767	0.8255	0.2537	0.1956	0.0000	6.8000
dPolE	782.855	90.000	76.2221	1.0000	0.0000	6.8000
uR	782.855	90.000	0.0130	1.0000	0.0000	6.8000
E	784.457	90.000	45.3602	0.9208	0.2703	0.2082	0.0000	6.8000
dPolE	784.457	90.000	71.6921	1.0000	0.0000	6.8000
uR	784.457	90.000	0.0131	1.0000	0.0000	6.8000
E	786.059	90.000	45.2054	2.0657	0.2606	0.2006	0.0000	6.8000
dPolE	786.059	90.000	73.0779	1.0000	0.0000	6.8000
uR	786.059	90.000	0.0125	1.0000	0.0000	6.8000
E	787.661	90.000	44.8866	1.5967	0.2581	0.1969	0.0000	6.8000
dPolE	787.661	90.000	68.7542	1.0000	0.0000	6.8000
uR	787.661	90.000	0.0126	1.0000	0.0000	6.8000
E	789.263	90.000	44.8943	1.0130	0.2337	0.1782	0.0000	6.8000
dPolE	789.263	90.000	70.4816	1.0000	0.0000	6.8000
uR	789.263	90.000	0.0123	1.0000	0.0000	6.8000
E	790.865	90.000	44.4413	1.3254	0.2450	0.1859	0.0000	6.8000
dPolE	790.865	90.000	64.2446	1.0000	0.0000	6.8000
uR	790.865	90.000	0.0125	1.0000	0.0000	6.8000
E	792.467	90.000	45.5113	1.8939	0.2531	0.1920	0.0000	6.8000
dPolE	792.467	90.000	64.3108	1.0000	0.0000	6.8000
uR	792.467	90.000	0.0121	1.0000	0.0000	6.8000
E	794.068	90.000	45.2193	1.9881	0.2561	0.1931	0.0000	6.8000
dPolE	794.068	90.000	69.3144	1.0000	0.0000	6.8000
uR	794.068	90.000	0.0125	1.0000	0.0000	6.8000
E	795.670	90.000	45.3905	1.4789	0.2530	0.1897	0.0000	6.8000
dPolE	795.670	90.000	65.6980	1.0000	0.0000	6.8000
uR	795.670	90.000	0.0133	1.0000	0.0000	6.8000
E	797.271	90.000	44.1315	1.2951	0.2387	0.1784	0.0000	6.8000
dPolE	797.271	90.000	66.1273	1.0000	0.0000	6.8000
uR	797.271	90.000	0.0137	1.0000	0.0000	6.8000
E	798.872	90.000	45.4828	1.2893	0.2439	0.1814	0.0000	6.8000
dPolE	798.872	90.000	59.0850	1.0000	0.0000	6.8000
uR	798.872	90.000	0.0137	1.0000	0.0000	6.8000
E	800.473	90.000	44.8490	1.3885	0.2413	0.1790	0.0000	6.8000
dPolE	800.473	90.000	64.7470	1.0000	0.0000	6.8000
uR	800.473	90.000	0.0133	1.0000	0.0000	6.8000
E	802.074	90.000	44.6922	1.2057	0.2609	0.1924	0.0000	6.8000
dPolE	802.074	90.000	67.4267	1.0000	0.0000	6.8000
uR	802.074	90.000	0.0129	1.0000	0.0000	6.8000
E	803.675	90.000	45.1796	1.1480	0.2549	0.1867	0.0000	6.8000
dPolE	803.675	90.000	70.1410	1.0000	0.0000	6.8000
uR	803.675	90.000	0.0131	1.0000	0.0000	6.8000
E	805.276	90.000	44.9627	0.8878	0.2650	0.1934	0.0000	6.8000
dPolE	805.276	90.000	69.0289	1.0000	0.0000	6.8000
uR	805.276	90.000	0.0128	1.0000	0.0000	6.8000
E	806.876	90.000	45.5076	1.4124	0.2629	0.1920	0.0000	6.8000
dPolE	806.876	90.000	69.0882	1.0000	0.0000	6.8000
uR	806.876	90.000	0.0126	1.0000	0.0000	6.8000
E	808.477	90.000	45.8816	1.6461	0.2631	0.1918	0.0000	6.8000
dPolE	808.477	90.000	65.5220	1.0000	0.0000	6.8000
uR	808.477	90.000	0.0127	1.0000	0.0000	6.8000
E	810.077	90.000	45.2965	1.4786	0.2457	0.1784	0.0000	6.8000
dPolE	810.077	90.000	67.3618	1.0000	0.0000	6.8000
uR	810.077	90.000	0.0127	1.0000	0.0000	6.8000
E	811.677	90.000	44.7117	1.0488	0.2518	0.1822	0.0000	6.8000
dPolE	811.677	90.000	67.4362	1.0000	0.0000	6.8000
uR	811.677	90.000	0.0136	1.0000	0.0000	6.8000
E	813.277	90.000	44.5685	1.7035	0.2534	0.1838	0.0000	6.8000
dPolE	813.277	90.000	66.8707	1.0000	0.0000	6.8000
uR	813.277	90.000	0.0129	1.0000	0.0000	6.8000
E	814.877	90.000	44.1573	1.9183	0.2621	0.1899	0.0000	6.8000
dPolE	814.877	90.000	67.6508	1.0000	0.0000	6.8000
uR	814.877	90.000	0.0121	1.0000	0.0000	6.8000
E	816.477	90.000	44.4432	1.3894	0.2501	0.1804	0.0000	6.8000
dPolE	816.477	90.000	60.4984	1.0000	0.0000	6.8000
uR	816.477	90.000	0.0125	1.0000	0.0000	6.8000
E	818.077	90.000	45.3336	1.0383	0.2244	0.1620	0.0000	6.8000
dPolE	818.077	90.000	52.2804	1.0000	0.0000	6.8000
uR	818.077	90.000	0.0125	1.0000	0.0000	6.8000
E	819.676	90.000	44.9322	0.9057	0.1574	0.1135	0.0000	6.8000
dPolE	819.676	90.000	38.1211	1.0000	0.0000	6.8000
uR	819.676	90.000	0.0117	1.0000	0.0000	6.8000
E	821.276	90.000	44.8929	1.3999	0.1051	0.0758	0.0000	6.8000
dPolE	821.276	90.000	19.5734	1.0000	0.0000	6.8000
uR	821.276	90.000	0.0118	1.0000	0.0000	6.8000
E	822.875	90.000	44.8700	1.1086	0.0725	0.0521	0.0000	6.8000
dPolE	822.875	90.000	14.0915	1.0000	0.0000	6.8000
uR	822.875	90.000	0.0133	1.0000	0.0000	6.8000
E	824.474	90.000	44.9390	1.2201	0.0630	0.0453	0.0000	6.8000
dPolE	824.474	90.000	11.1135	1.0000	0.0000	6.8000
uR	824.474	90.000	0.0139	1.0000	0.0000	6.8000
E	826.073	90.000	44.8232	1.1811	0.0679	0.0488	0.0000	6.8000
dPolE	826.073	90.000	12.8930	1.0000	0.0000	6.8000
uR	826.073	90.000	0.0133	1.0000	0.0000	6.8000
E	827.672	90.000	44.8291	1.1848	0.0833	0.0597	0.0000	6.8000
dPolE	827.672	90.000	17.8932	1.0000	0.0000	6.8000
uR	827.672	90.000	0.0129	1.0000	0.0000	6.8000
E	829.271	90.000	44.8675	1.3400	0.0941	0.0674	0.0000	6.8000
dPolE	829.271	90.000	20.7101	1.0000	0.0000	6.8000
uR	829.271	90.000	0.0135	1.0000	0.0000	6.8000
E	830.869	90.000	44.7167	1.3283	0.1144	0.0817	0.0000	6.8000
dPolE	830.869	90.000	25.8177	1.0000	0.0000	6.8000
uR	830.869	90.000	0.0128	1.0000	0.0000	6.8000
E	832.468	90.000	44.8376	1.3268	0.1380	0.0984	0.0000	6.8000
dPolE	832.468	90.000	39.7407	1.0000	0.0000	6.8000
uR	832.468	90.000	0.0125	1.0000	0.0000	6.8000
E	834.066	90.000	45.1067	1.1915	0.1340	0.0952	0.0000	6.8000
dPolE	834.066	90.000	37.3269	1.0000	0.0000	6.8000
uR	834.066	90.000	0.0125	1.0000	0.0000	6.8000
E	835.664	90.000	44.9176	1.1818	0.1348	0.0955	0.0000	6.8000
dPolE	835.664	90.000	36.4188	1.0000	0.0000	6.8000
uR	835.664	90.000	0.0127	1.0000	0.0000	6.8000
E	837.262	90.000	45.0550	1.3278	0.1570	0.1109	0.0000	6.8000
dPolE	837.262	90.000	40.4217	1.0000	0.0000	6.8000
uR	837.262	90.000	0.0130	1.0000	0.0000	6.8000
E	838.860	90.000	44.2195	1.0369	0.1725	0.1213	0.0000	6.8000
dPolE	838.860	90.000	50.3966	1.0000	0.0000	6.8000
uR	838.860	90.000	0.0129	1.0000	0.0000	6.8000
E	840.458	90.000	45.3713	1.5081	0.1810	0.1268	0.0000	6.8000
dPolE	840.458	90.000	53.5620	1.0000	0.0000	6.8000
uR	840.458	90.000	0.0138	1.0000	0.0000	6.8000
E	842.055	90.000	44.3946	1.1904	0.1994	0.1395	0.0000	6.8000
dPolE	842.055	90.000	56.5495	1.0000	0.0000	6.8000
uR	842.055	90.000	0.0144	1.0000	0.0000	6.8000
E	843.653	90.000	45.2591	1.3316	0.2322	0.1619	0.0000	6.8000
dPolE	843.653	90.000	57.1464	1.0000	0.0000	6.8000
uR	843.653	90.000	0.0136	1.0000	0.0000	6.8000
E	845.250	90.000	45.3561	0.9315	0.2774	0.1918	0.0000	6.8000
dPolE	845.250	90.000	64.4715	1.0000	0.0000	6.8000
uR	845.250	90.000	0.0142	1.0000	0.0000	6.8000
E	846.847	90.000	44.5389	1.6317	0.3419	0.2360	0.0000	6.8000
dPolE	846.847	90.000	73.6813	1.0000	0.0000	6.8000
uR	846.847	90.000	0.0125	1.0000	0.0000	6.8000
E	848.444	90.000	44.2351	1.5389	0.3410	0.2345	0.0000	6.8000
dPolE	848.444	90.000	80.6008	1.0000	0.0000	6.8000
uR	848.444	90.000	0.0121	1.0000	0.0000	6.8000
E	850.041	90.000	44.2488	1.1838	0.3364	0.2301	0.0000	6.8000
dPolE	850.041	90.000	85.3133	1.0000	0.0000	6.8000
uR	850.041	90.000	0.0118	1.0000	0.0000	6.8000
E	851.638	90.000	45.4704	1.1171	0.3461	0.2357	0.0000	6.8000
dPolE	851.638	90.000	82.5481	1.0000	0.0000	6.8000
uR	851.638	90.000	0.0124	1.0000	0.0000	6.8000
E	853.234	90.000	43.4283	359.7436	0.3599	0.2443	0.0000	6.8000
dPolE	853.234	90.000	82.3508	1.0000	0.0000	6.8000
uR	853.234	90.000	0.0123	1.0000	0.0000	6.8000
E	854.831	90.000	45.7480	1.9515	0.3796	0.2570	0.0000	6.8000
dPolE	854.831	90.000	80.8857	1.0000	0.0000	6.8000
uR	854.831	90.000	0.0115	1.0000	0.0000	6.8000
E	856.427	90.000	45.1457	0.7179	0.3730	0.2517	0.0000	6.8000
dPolE	856.427	90.000	81.7359	1.0000	0.0000	6.8000
uR	856.427	90.000	0.0115	1.0000	0.0000	6.8000
E	858.023	90.000	44.3152	1.3731	0.3807	0.2566	0.0000	6.8000
dPolE	858.023	90.000	79.0817	1.0000	0.0000	6.8000
uR	858.023	90.000	0.0118	1.0000	0.0000	6.8000
E	859.619	90.000	45.2086	0.8895	0.3654	0.2449	0.0000	6.8000
dPolE	859.619	90.000	79.9488	1.0000	0.0000	6.8000
uR	859.619	90.000	0.0110	1.0000	0.0000	6.8000
E	861.215	90.000	45.7599	359.9024	0.3668	0.2456	0.0000	6.8000
dPolE	861.215	90.000	75.8246	1.0000	0.0000	6.8000
uR	861.215	90.000	0.0118	1.0000	0.0000	6.8000
E	862.811	90.000	44.3807	0.7905	0.3671	0.2458	0.0000	6.8000
dPolE	862.811	90.000	74.8140	1.0000	0.0000	6.8000
uR	862.811	90.000	0.0118	1.0000	0.0000	6.8000
E	864.407	90.000	44.3896	0.7775	0.3220	0.2150	0.0000	6.8000
dPolE	864.407	90.000	79.2052	1.0000	0.0000	6.8000
uR	864.407	90.000	0.0111	1.0000	0.0000	6.8000
E	866.002	90.000	45.4337	1.0829	0.3389	0.2263	0.0000	6.8000
dPolE	866.002	90.000	72.7455	1.0000	0.0000	6.8000
uR	866.002	90.000	0.0119	1.0000	0.0000	6.8000
E	867.597	90.000	43.8499	0.9322	0.3182	0.2127	0.0000	6.8000
dPolE	867.597	90.000	71.3513	1.0000	0.0000	6.8000
uR	867.597	90.000	0.0116	1.0000	0.0000	6.8000
E	869.192	90.000	45.7863	0.9699	0.3098	0.2066	0.0000	6.8000
dPolE	869.192	90.000	67.6853	1.0000	0.0000	6.8000
uR	869.192	90.000	0.0115	1.0000	0.0000	6.8000
E	870.787	90.000	44.7651	1.2483	0.2917	0.1947	0.0000	6.8000
dPolE	870.787	90.000	66.5204	1.0000	0.0000	6.8000
uR	870.787	90.000	0.0118	1.0000	0.0000	6.8000
E	872.382	90.000	44.9234	1.5696	0.2863	0.1909	0.0000	6.8000
dPolE	872.382	90.000	58.1277	1.0000	0.0000	6.8000
uR	872.382	90.000	0.0122	1.0000	0.0000	6.8000
E	873.977	90.000	44.9115	1.2166	0.2675	0.1784	0.0000	6.8000
dPolE	873.977	90.000	54.3326	1.0000	0.0000	6.8000
uR	873.977	90.000	0.0123	1.0000	0.0000	6.8000
E	875.571	90.000	45.5249	1.0738	0.2355	0.1570	0.0000	6.8000
dPolE	875.571	90.000	51.1807	1.0000	0.0000	6.8000
uR	875.571	90.000	0.0122	1.0000	0.0000	6.8000
E	877.166	90.000	45.5249	1.0685	0.1920	0.1278	0.0000	6.8000
dPolE	877.166	90.000	42.0309	1.0000	0.0000	6.8000
uR	877.166	90.000	0.0120	1.0000	0.0000	6.8000
E	878.760	90.000	44.6351	0.9935	0.1418	0.0943	0.0000	6.8000
dPolE	878.760	90.000	27.4072	1.0000	0.0000	6.8000
uR	878.760	90.000	0.0117	1.0000	0.0000	6.8000
E	880.354	90.000	44.8964	1.1004	0.0949	0.0630	0.0000	6.8000
dPolE	880.354	90.000	16.3779	1.0000	0.0000	6.8000
uR	880.354	90.000	0.0123	1.0000	0.0000	6.8000
E	881.948	90.000	45.0750	0.9421	0.0761	0.0503	0.0000	6.8000
dPolE	881.948	90.000	11.0049	1.0000	0.0000	6.8000
uR	881.948	90.000	0.0133	1.0000	0.0000	6.8000
E	883.542	90.000	44.8417	1.0878	0.0750	0.0495	0.0000	6.8000
dPolE	883.542	90.000	11.7498	1.0000	0.0000	6.8000
uR	883.542	90.000	0.0137	1.0000	0.0000	6.8000
E	885.135	90.000	44.8697	0.9833	0.0891	0.0588	0.0000	6.8000
dPolE	885.135	90.000	14.5091	1.0000	0.0000	6.8000
uR	885.135	90.000	0.0128	1.0000	0.0000	6.8000
E	886.729	90.000	44.7001	0.9169	0.1161	0.0763	0.0000	6.8000
dPolE	886.729	90.000	25.4878	1.0000	0.0000	6.8000
uR	886.729	90.000	0.0119	1.0000	0.0000	6.8000
E	888.322	90.000	45.1947	1.0536	0.1443	0.0947	0.0000	6.8000
dPolE	888.322	90.000	31.6286	1.0000	0.0000	6.8000
uR	888.322	90.000	0.0120	1.0000	0.0000	6.8000
E	889.915	90.000	45.3019	1.3062	0.1644	0.1076	0.0000	6.8000
dPolE	889.915	90.000	37.6492	1.0000	0.0000	6.8000
uR	889.915	90.000	0.0117	1.0000	0.0000	6.8000
E	891.508	90.000	44.8145	1.0978	0.1749	0.1139	0.0000	6.8000
dPolE	891.508	90.000	38.9517	1.0000	0.0000	6.8000
uR	891.508	90.000	0.0120	1.0000	0.0000	6.8000
E	893.101	90.000	45.1458	0.9773	0.1621	0.1052	0.0000	6.8000
dPolE	893.101	90.000	34.5157	1.0000	0.0000	6.8000
uR	893.101	90.000	0.0118	1.0000	0.0000	6.8000
E	894.694	90.000	44.8675	1.1975	0.1371	0.0887	0.0000	6.8000
dPolE	894.694	90.000	30.0232	1.0000	0.0000	6.8000
uR	894.694	90.000	0.0127	1.0000	0.0000	6.8000
E	896.286	90.000	44.9189	0.8714	0.1297	0.0835	0.0000	6.8000
dPolE	896.286	90.000	28.3425	1.0000	0.0000	6.8000
uR	896.286	90.000	0.0124	1.0000	0.0000	6.8000
E	897.879	90.000	44.5524	1.0645	0.1442	0.0926	0.0000	6.8000
dPolE	897.879	90.000	25.2870	1.0000	0.0000	6.8000
uR	897.879	90.000	0.0126	1.0000	0.0000	6.8000
E	899.471	90.000	45.2437	0.9707	0.1596	0.1020	0.0000	6.8000
dPolE	899.471	90.000	37.8120	1.0000	0.0000	6.8000
uR	899.471	90.000	0.0118	1.0000	0.0000	6.8000
E	901.063	90.000	44.8780	1.1258	0.1776	0.1130	0.0000	6.8000
dPolE	901.063	90.000	38.2455	1.0000	0.0000	6.8000
uR	901.063	90.000	0.0118	1.0000	0.0000	6.8000
E	902.655	90.000	44.5646	0.9002	0.1608	0.1020	0.0000	6.8000
dPolE	902.655	90.000	33.9624	1.0000	0.0000	6.8000
uR	902.655	90.000	0.0126	1.0000	0.0000	6.8000
E	904.247	90.000	45.2195	0.7651	0.1404	0.0887	0.0000	6.8000
dPolE	904.247	90.000	28.2766	1.0000	0.0000	6.8000
uR	904.247	90.000	0.0135	1.0000	0.0000	6.8000
E	905.838	90.000	44.5682	1.0409	0.1441	0.0910	0.0000	6.8000
dPolE	905.838	90.000	28.2325	1.0000	0.0000	6.8000
uR	905.838	90.000	0.0134	1.0000	0.0000	6.8000
E	907.429	90.000	44.7501	1.0446	0.1523	0.0959	0.0000	6.8000
dPolE	907.429	90.000	35.6863	1.0000	0.0000	6.8000
uR	907.429	90.000	0.0123	1.0000	0.0000	6.8000
E	909.021	90.000	45.1550	0.7372	0.1955	0.1229	0.0000	6.8000
dPolE	909.021	90.000	43.7725	1.0000	0.0000	6.8000
uR	909.021	90.000	0.0116	1.0000	0.0000	6.8000
E	910.612	90.000	45.2087	0.7876	0.2179	0.1360	0.0000	6.8000
dPolE	910.612	90.000	44.0677	1.0000	0.0000	6.8000
uR	910.612	90.000	0.0116	1.0000	0.0000	6.8000
E	912.203	90.000	44.9812	1.2303	0.2081	0.1299	0.0000	6.8000
dPolE	912.203	90.000	38.1058	1.0000	0.0000	6.8000
uR	912.203	90.000	0.0122	1.0000	0.0000	6.8000
E	913.793	90.000	44.9510	0.8803	0.1607	0.0998	0.0000	6.8000
dPolE	913.793	90.000	31.9154	1.0000	0.0000	6.8000
uR	913.793	90.000	0.0127	1.0000	0.0000	6.8000
E	915.384	90.000	45.3742	1.0782	0.1284	0.0798	0.0000	6.8000
dPolE	915.384	90.000	24.3427	1.0000	0.0000	6.8000
uR	915.384	90.000	0.0131	1.0000	0.0000	6.8000
E	916.974	90.000	45.0102	1.1320	0.1177	0.0730	0.0000	6.8000
dPolE	916.974	90.000	19.0455	1.0000	0.0000	6.8000
uR	916.974	90.000	0.0133	1.0000	0.0000	6.8000
E	918.565	90.000	44.9456	0.9581	0.1302	0.0806	0.0000	6.8000
dPolE	918.565	90.000	23.5221	1.0000	0.0000	6.8000
uR	918.565	90.000	0.0126	1.0000	0.0000	6.8000
E	920.155	90.000	44.8124	0.9649	0.1572	0.0972	0.0000	6.8000
dPolE	920.155	90.000	31.3760	1.0000	0.0000	6.8000
uR	920.155	90.000	0.0120	1.0000	0.0000	6.8000
E	921.745	90.000	45.0246	0.7520	0.1920	0.1184	0.0000	6.8000
dPolE	921.745	90.000	44.0984	1.0000	0.0000	6.8000
uR	921.745	90.000	0.0116	1.0000	0.0000	6.8000
E	923.334	90.000	45.5197	0.7365	0.2247	0.1385	0.0000	6.8000
dPolE	923.334	90.000	44.9547	1.0000	0.0000	6.8000
uR	923.334	90.000	0.0123	1.0000	0.0000	6.8000
E	924.924	90.000	45.1933	0.8449	0.2719	0.1673	0.0000	6.8000
dPolE	924.924	90.000	45.8883	1.0000	0.0000	6.8000
uR	924.924	90.000	0.0128	1.0000	0.0000	6.8000
E	926.513	90.000	45.4732	1.0638	0.3032	0.1864	0.0000	6.8000
dPolE	926.513	90.000	59.1791	1.0000	0.0000	6.8000
uR	926.513	90.000	0.0129	1.0000	0.0000	6.8000
E	928.103	90.000	44.9875	1.1589	0.3561	0.2189	0.0000	6.8000
dPolE	928.103	90.000	60.4689	1.0000	0.0000	6.8000
uR	928.103	90.000	0.0125	1.0000	0.0000	6.8000
E	929.692	90.000	46.8991	0.8643	0.3434	0.2108	0.0000	6.8000
dPolE	929.692	90.000	73.3954	1.0000	0.0000	6.8000
uR	929.692	90.000	0.0111	1.0000	0.0000	6.8000
E	931.280	90.000	44.7787	1.1754	0.3649	0.2244	0.0000	6.8000
dPolE	931.280	90.000	68.4294	1.0000	0.0000	6.8000
uR	931.280	90.000	0.0122	1.0000	0.0000	6.8000
E	932.869	90.000	44.7805	1.4026	0.3598	0.2211	0.0000	6.8000
dPolE	932.869	90.000	71.8049	1.0000	0.0000	6.8000
uR	932.869	90.000	0.0112	1.0000	0.0000	6.8000
E	934.458	90.000	43.6073	0.8061	0.3418	0.2091	0.0000	6.8000
dPolE	934.458	90.000	72.7143	1.0000	0.0000	6.8000
uR	934.458	90.000	0.0118	1.0000	0.0000	6.8000
E	936.046	90.000	44.5446	0.7436	0.3256	0.1991	0.0000	6.8000
dPolE	936.046	90.000	66.2452	1.0000	0.0000	6.8000
uR	936.046	90.000	0.0128	1.0000	0.0000	6.8000
E	937.634	90.000	45.6859	0.8133	0.3151	0.1926	0.0000	6.8000
dPolE	937.634	90.000	57.8533	1.0000	0.0000	6.8000
uR	937.634	90.000	0.0129	1.0000	0.0000	6.8000
E	939.222	90.000	45.8905	0.5979	0.2997	0.1830	0.0000	6.8000
dPolE	939.222	90.000	57.5663	1.0000	0.0000	6.8000
uR	939.222	90.000	0.0136	1.0000	0.0000	6.8000
E	940.810	90.000	44.8180	1.3590	0.3219	0.1953	0.0000	6.8000
dPolE	940.810	90.000	63.2637	1.0000	0.0000	6.8000
uR	940.810	90.000	0.0131	1.0000	0.0000	6.8000
E	942.398	90.000	44.3915	0.4574	0.3339	0.2015	0.0000	6.8000
dPolE	942.398	90.000	67.6566	1.0000	0.0000	6.8000
uR	942.398	90.000	0.0123	1.0000	0.0000	6.8000
E	943.985	90.000	45.0456	1.6120	0.3580	0.2180	0.0000	6.8000
dPolE	943.985	90.000	62.9647	1.0000	0.0000	6.8000
uR	943.985	90.000	0.0128	1.0000	0.0000	6.8000
E	945.573	90.000	44.3519	0.9486	0.3505	0.2125	0.0000	6.8000
dPolE	945.573	90.000	72.9224	1.0000	0.0000	6.8000
uR	945.573	90.000	0.0118	1.0000	0.0000	6.8000
E	947.160	90.000	44.1454	0.9636	0.3709	0.2246	0.0000	6.8000
dPolE	947.160	90.000	62.2978	1.0000	0.0000	6.8000
uR	947.160	90.000	0.0123	1.0000	0.0000	6.8000
E	948.747	90.000	44.5368	1.2129	0.3495	0.2106	0.0000	6.8000
dPolE	948.747	90.000	70.1864	1.0000	0.0000	6.8000
uR	948.747	90.000	0.0118	1.0000	0.0000	6.8000
E	950.334	90.000	44.4480	0.8254	0.3341	0.2011	0.0000	6.8000
dPolE	950.334	90.000	61.1103	1.0000	0.0000	6.8000
uR	950.334	90.000	0.0133	1.0000	0.0000	6.8000
E	951.920	90.000	44.6756	0.7297	0.3401	0.2035	0.0000	6.8000
dPolE	951.920	90.000	64.3271	1.0000	0.0000	6.8000
uR	951.920	90.000	0.0121	1.0000	0.0000	6.8000
E	953.507	90.000	46.0283	0.6818	0.3578	0.2137	0.0000	6.8000
dPolE	953.507	90.000	64.1972	1.0000	0.0000	6.8000
uR	953.507	90.000	0.0122	1.0000	0.0000	6.8000
E	955.093	90.000	44.5111	0.4499	0.3808	0.2259	0.0000	6.8000
dPolE	955.093	90.000	66.1579	1.0000	0.0000	6.8000
uR	955.093	90.000	0.0119	1.0000	0.0000	6.8000
E	956.679	90.000	44.7479	0.9130	0.4194	0.2498	0.0000	6.8000
dPolE	956.679	90.000	75.3565	1.0000	0.0000	6.8000
uR	956.679	90.000	0.0109	1.0000	0.0000	6.8000
E	958.265	90.000	43.9280	0.7112	0.4224	0.2504	0.0000	6.8000
dPolE	958.265	90.000	79.4949	1.0000	0.0000	6.8000
uR	958.265	90.000	0.0107	1.0000	0.0000	6.8000
E	959.851	90.000	46.2494	0.7646	0.4680	0.2760	0.0000	6.8000
dPolE	959.851	90.000	80.0138	1.0000	0.0000	6.8000
uR	959.851	90.000	0.0109	1.0000	0.0000	6.8000
E	961.436	90.000	46.4364	0.3113	0.4665	0.2742	0.0000	6.8000
dPolE	961.436	90.000	82.8420	1.0000	0.0000	6.8000
uR	961.436	90.000	0.0112	1.0000	0.0000	6.8000
E	963.022	90.000	43.9488	0.1773	0.4421	0.2596	0.0000	6.8000
dPolE	963.022	90.000	84.1830	1.0000	0.0000	6.8000
uR	963.022	90.000	0.0110	1.0000	0.0000	6.8000
E	964.607	90.000	46.4332	1.8095	0.4735	0.2785	0.0000	6.8000
dPolE	964.607	90.000	78.4029	1.0000	0.0000	6.8000
uR	964.607	90.000	0.0111	1.0000	0.0000	6.8000
E	966.192	90.000	44.7181	0.3307	0.4368	0.2546	0.0000	6.8000
dPolE	966.192	90.000	76.9437	1.0000	0.0000	6.8000
uR	966.192	90.000	0.0119	1.0000	0.0000	6.8000
E	967.777	90.000	45.1175	0.9578	0.3946	0.2289	0.0000	6.8000
dPolE	967.777	90.000	77.8204	1.0000	0.0000	6.8000
uR	967.777	90.000	0.0108	1.0000	0.0000	6.8000
E	969.361	90.000	46.7569	1.6786	0.3875	0.2257	0.0000	6.8000
dPolE	969.361	90.000	67.3513	1.0000	0.0000	6.8000
uR	969.361	90.000	0.0114	1.0000	0.0000	6.8000
E	970.946	90.000	44.6739	0.3878	0.3593	0.2070	0.0000	6.8000
dPolE	970.946	90.000	68.6975	1.0000	0.0000	6.8000
uR	970.946	90.000	0.0114	1.0000	0.0000	6.8000
E	972.530	90.000	45.6631	0.9953	0.3264	0.1884	0.0000	6.8000
dPolE	972.530	90.000	65.4809	1.0000	0.0000	6.8000
uR	972.530	90.000	0.0120	1.0000	0.0000	6.8000
E	974.114	90.000	45.8950	0.6383	0.3394	0.1956	0.0000	6.8000
dPolE	974.114	90.000	51.6732	1.0000	0.0000	6.8000
uR	974.114	90.000	0.0125	1.0000	0.0000	6.8000
E	975.698	90.000	44.3321	1.1790	0.2999	0.1722	0.0000	6.8000
dPolE	975.698	90.000	50.4281	1.0000	0.0000	6.8000
uR	975.698	90.000	0.0120	1.0000	0.0000	6.8000
E	977.282	90.000	45.6619	0.6676	0.2527	0.1444	0.0000	6.8000
dPolE	977.282	90.000	33.4820	1.0000	0.0000	6.8000
uR	977.282	90.000	0.0130	1.0000	0.0000	6.8000
E	978.865	90.000	44.8369	0.6725	0.2176	0.1238	0.0000	6.8000
dPolE	978.865	90.000	26.6994	1.0000	0.0000	6.8000
uR	978.865	90.000	0.0131	1.0000	0.0000	6.8000
E	980.449	90.000	45.1101	0.8484	0.2180	0.1241	0.0000	6.8000
dPolE	980.449	90.000	29.8337	1.0000	0.0000	6.8000
uR	980.449	90.000	0.0132	1.0000	0.0000	6.8000
E	982.032	90.000	44.7347	0.5345	0.2375	0.1354	0.0000	6.8000
dPolE	982.032	90.000	42.1048	1.0000	0.0000	6.8000
uR	982.032	90.000	0.0128	1.0000	0.0000	6.8000
E	983.615	90.000	44.4004	1.2493	0.2867	0.1636	0.0000	6.8000
dPolE	983.615	90.000	39.1662	1.0000	0.0000	6.8000
uR	983.615	90.000	0.0120	1.0000	0.0000	6.8000
E	985.198	90.000	44.8428	0.9819	0.3307	0.1880	0.0000	6.8000
dPolE	985.198	90.000	49.1605	1.0000	0.0000	6.8000
uR	985.198	90.000	0.0121	1.0000	0.0000	6.8000
E	986.780	90.000	45.0487	1.0106	0.3338	0.1901	0.0000	6.8000
dPolE	986.780	90.000	49.4412	1.0000	0.0000	6.8000
uR	986.780	90.000	0.0121	1.0000	0.0000	6.8000
E	988.363	90.000	44.5746	0.8427	0.3028	0.1718	0.0000	6.8000
dPolE	988.363	90.000	50.3006	1.0000	0.0000	6.8000
uR	988.363	90.000	0.0126	1.0000	0.0000	6.8000
E	989.945	90.000	45.0559	1.0278	0.2590	0.1468	0.0000	6.8000
dPolE	989.945	90.000	36.2344	1.0000	0.0000	6.8000
uR	989.945	90.000	0.0132	1.0000	0.0000	6.8000
E	991.527	90.000	45.2556	0.9109	0.2367	0.1337	0.0000	6.8000
dPolE	991.527	90.000	33.5737	1.0000	0.0000	6.8000
uR	991.527	90.000	0.0140	1.0000	0.0000	6.8000
E	993.109	90.000	44.0623	0.6838	0.2515	0.1423	0.0000	6.8000
dPolE	993.109	90.000	34.1216	1.0000	0.0000	6.8000
uR	993.109	90.000	0.0129	1.0000	0.0000	6.8000
E	994.690	90.000	44.6766	0.7365	0.2466	0.1390	0.0000	6.8000
dPolE	994.690	90.000	32.4740	1.0000	0.0000	6.8000
uR	994.690	90.000	0.0126	1.0000	0.0000	6.8000
E	996.272	90.000	45.1748	0.7985	0.2859	0.1612	0.0000	6.8000
dPolE	996.272	90.000	37.5430	1.0000	0.0000	6.8000
uR	996.272	90.000	0.0129	1.0000	0.0000	6.8000
E	997.853	90.000	44.4653	0.7868	0.3420	0.1922	0.0000	6.8000
dPolE	997.853	90.000	43.6642	1.0000	0.0000	6.8000
uR	997.853	90.000	0.0127	1.0000	0.0000	6.8000
E	999.434	90.000	45.3453	0.9339	0.3841	0.2157	0.0000	6.8000
dPolE	999.434	90.000	60.3196	1.0000	0.0000	6.8000
uR	999.434	90.000	0.0121	1.0000	0.0000	6.8000
