
FM-removed
XY-Scan
nm
E	210.379	90.000	27.6636	262.6570	0.2496	0.6142	0.0000	6.8000
dPolE	210.379	90.000	99.9960	1.0000	0.0000	6.8000
uR	210.379	90.000	0.0279	1.0000	0.0000	6.8000
E	211.990	90.000	29.7441	28.5791	0.2826	0.6355	0.0000	6.8000
dPolE	211.990	90.000	99.9765	1.0000	0.0000	6.8000
uR	211.990	90.000	0.0123	1.0000	0.0000	6.8000
E	213.602	90.000	20.8670	105.8753	0.2434	0.7523	0.0000	6.8000
dPolE	213.602	90.000	99.9999	1.0000	0.0000	6.8000
uR	213.602	90.000	0.0083	1.0000	0.0000	6.8000
E	215.214	90.000	48.3704	42.4261	0.2398	0.4605	0.0000	6.8000
dPolE	215.214	90.000	99.9619	1.0000	0.0000	6.8000
uR	215.214	90.000	0.0120	1.0000	0.0000	6.8000
E	216.826	90.000	42.6174	287.2266	0.2705	0.5380	0.0000	6.8000
dPolE	216.826	90.000	99.9955	1.0000	0.0000	6.8000
uR	216.826	90.000	0.0056	1.0000	0.0000	6.8000
E	218.438	90.000	45.8202	208.9953	0.2800	0.4979	0.0000	6.8000
dPolE	218.438	90.000	99.9031	1.0000	0.0000	6.8000
uR	218.438	90.000	0.0090	1.0000	0.0000	6.8000
E	220.050	90.000	46.0981	206.1062	0.2688	0.4621	0.0000	6.8000
dPolE	220.050	90.000	99.9963	1.0000	0.0000	6.8000
uR	220.050	90.000	0.0031	1.0000	0.0000	6.8000
E	221.662	90.000	19.1980	169.7435	0.2338	0.6027	0.0000	6.8000
dPolE	221.662	90.000	99.9729	1.0000	0.0000	6.8000
uR	221.662	90.000	0.0047	1.0000	0.0000	6.8000
E	223.274	90.000	30.8068	159.4530	0.2712	0.4927	0.0000	6.8000
dPolE	223.274	90.000	99.9795	1.0000	0.0000	6.8000
uR	223.274	90.000	0.0036	1.0000	0.0000	6.8000
E	224.886	90.000	14.1232	243.1026	0.2463	1.1712	0.0000	6.8000
dPolE	224.886	90.000	99.9631	1.0000	0.0000	6.8000
uR	224.886	90.000	0.0047	1.0000	0.0000	6.8000
E	226.498	90.000	31.5808	346.7385	0.2871	0.4681	0.0000	6.8000
dPolE	226.498	90.000	99.9800	1.0000	0.0000	6.8000
uR	226.498	90.000	0.0025	1.0000	0.0000	6.8000
E	228.111	90.000	59.1466	72.5625	0.2375	0.5577	0.0000	6.8000
dPolE	228.111	90.000	99.9708	1.0000	0.0000	6.8000
uR	228.111	90.000	0.0026	1.0000	0.0000	6.8000
E	229.723	90.000	63.5174	354.0539	0.2892	0.4816	0.0000	6.8000
dPolE	229.723	90.000	99.9167	1.0000	0.0000	6.8000
uR	229.723	90.000	0.0032	1.0000	0.0000	6.8000
E	231.335	90.000	51.7930	161.5386	0.2817	0.3969	0.0000	6.8000
dPolE	231.335	90.000	99.9823	1.0000	0.0000	6.8000
uR	231.335	90.000	0.0019	1.0000	0.0000	6.8000
E	232.948	90.000	26.5437	105.7144	0.2550	0.6994	0.0000	6.8000
dPolE	232.948	90.000	99.9830	1.0000	0.0000	6.8000
uR	232.948	90.000	0.0016	1.0000	0.0000	6.8000
E	234.560	90.000	21.5333	302.2927	0.2440	0.7428	0.0000	6.8000
dPolE	234.560	90.000	99.9946	1.0000	0.0000	6.8000
uR	234.560	90.000	0.0016	1.0000	0.0000	6.8000
E	236.173	90.000	29.3477	133.9858	0.2955	0.6003	0.0000	6.8000
dPolE	236.173	90.000	99.9723	1.0000	0.0000	6.8000
uR	236.173	90.000	0.0019	1.0000	0.0000	6.8000
E	237.786	90.000	68.2117	68.5528	0.2493	0.8277	0.0000	6.8000
dPolE	237.786	90.000	99.9869	1.0000	0.0000	6.8000
uR	237.786	90.000	0.0027	1.0000	0.0000	6.8000
E	239.398	90.000	19.7034	108.6161	0.2452	0.9370	0.0000	6.8000
dPolE	239.398	90.000	99.9268	1.0000	0.0000	6.8000
uR	239.398	90.000	0.0016	1.0000	0.0000	6.8000
E	241.011	90.000	30.0713	156.1246	0.3077	0.4644	0.0000	6.8000
dPolE	241.011	90.000	99.9299	1.0000	0.0000	6.8000
uR	241.011	90.000	0.0015	1.0000	0.0000	6.8000
E	242.624	90.000	27.6786	346.5579	0.3162	0.4441	0.0000	6.8000
dPolE	242.624	90.000	99.9884	1.0000	0.0000	6.8000
uR	242.624	90.000	0.0013	1.0000	0.0000	6.8000
E	244.237	90.000	37.8431	134.9414	0.3150	0.5269	0.0000	6.8000
dPolE	244.237	90.000	99.9809	1.0000	0.0000	6.8000
uR	244.237	90.000	0.0006	1.0000	0.0000	6.8000
E	245.850	90.000	48.5779	204.3262	0.3180	0.4050	0.0000	6.8000
dPolE	245.850	90.000	99.9943	1.0000	0.0000	6.8000
uR	245.850	90.000	0.0010	1.0000	0.0000	6.8000
E	247.463	90.000	29.7130	80.4182	0.2652	0.6751	0.0000	6.8000
dPolE	247.463	90.000	99.9920	1.0000	0.0000	6.8000
uR	247.463	90.000	0.0006	1.0000	0.0000	6.8000
E	249.076	90.000	62.4334	281.9555	0.2818	0.7705	0.0000	6.8000
dPolE	249.076	90.000	99.9879	1.0000	0.0000	6.8000
uR	249.076	90.000	0.0008	1.0000	0.0000	6.8000
E	250.689	90.000	26.5616	1.8253	0.3375	0.4313	0.0000	6.8000
dPolE	250.689	90.000	99.9150	1.0000	0.0000	6.8000
uR	250.689	90.000	0.0015	1.0000	0.0000	6.8000
E	252.302	90.000	60.5371	175.6680	0.3208	0.3833	0.0000	6.8000
dPolE	252.302	90.000	99.9078	1.0000	0.0000	6.8000
uR	252.302	90.000	0.0010	1.0000	0.0000	6.8000
E	253.916	90.000	65.2023	24.6596	0.2752	0.4609	0.0000	6.8000
dPolE	253.916	90.000	99.9758	1.0000	0.0000	6.8000
uR	253.916	90.000	0.0008	1.0000	0.0000	6.8000
E	255.529	90.000	55.0790	306.4191	0.2916	0.5493	0.0000	6.8000
dPolE	255.529	90.000	99.9988	1.0000	0.0000	6.8000
uR	255.529	90.000	0.0008	1.0000	0.0000	6.8000
E	257.142	90.000	38.0839	178.6204	0.3133	0.3244	0.0000	6.8000
dPolE	257.142	90.000	99.9245	1.0000	0.0000	6.8000
uR	257.142	90.000	0.0010	1.0000	0.0000	6.8000
E	258.756	90.000	36.8375	357.7803	0.2992	0.3133	0.0000	6.8000
dPolE	258.756	90.000	99.9876	1.0000	0.0000	6.8000
uR	258.756	90.000	0.0015	1.0000	0.0000	6.8000
E	260.369	90.000	52.7950	148.7135	0.3060	0.4310	0.0000	6.8000
dPolE	260.369	90.000	99.9459	1.0000	0.0000	6.8000
uR	260.369	90.000	0.0009	1.0000	0.0000	6.8000
E	261.983	90.000	4.4597	0.5682	0.2938	1.9041	0.0000	6.8000
dPolE	261.983	90.000	99.8709	1.0000	0.0000	6.8000
uR	261.983	90.000	0.0011	1.0000	0.0000	6.8000
E	263.596	90.000	17.0860	7.3997	0.2976	0.5480	0.0000	6.8000
dPolE	263.596	90.000	99.9646	1.0000	0.0000	6.8000
uR	263.596	90.000	0.0007	1.0000	0.0000	6.8000
E	265.210	90.000	57.4444	286.4012	0.2888	0.6589	0.0000	6.8000
dPolE	265.210	90.000	99.9980	1.0000	0.0000	6.8000
uR	265.210	90.000	0.0007	1.0000	0.0000	6.8000
E	266.823	90.000	64.2401	194.3513	0.2945	0.4178	0.0000	6.8000
dPolE	266.823	90.000	99.9922	1.0000	0.0000	6.8000
uR	266.823	90.000	0.0006	1.0000	0.0000	6.8000
E	268.437	90.000	69.5729	68.6667	0.2359	0.8607	0.0000	6.8000
dPolE	268.437	90.000	99.9491	1.0000	0.0000	6.8000
uR	268.437	90.000	0.0007	1.0000	0.0000	6.8000
E	270.051	90.000	78.3208	254.2822	0.1795	1.3507	0.0000	6.8000
dPolE	270.051	90.000	99.9848	1.0000	0.0000	6.8000
uR	270.051	90.000	0.0004	1.0000	0.0000	6.8000
E	271.665	90.000	15.3728	270.3458	0.1885	1.0870	0.0000	6.8000
dPolE	271.665	90.000	99.9809	1.0000	0.0000	6.8000
uR	271.665	90.000	0.0005	1.0000	0.0000	6.8000
E	273.279	90.000	56.8143	183.6522	0.2650	0.3039	0.0000	6.8000
dPolE	273.279	90.000	99.9667	1.0000	0.0000	6.8000
uR	273.279	90.000	0.0010	1.0000	0.0000	6.8000
E	274.892	90.000	15.4454	156.6738	0.2703	0.6881	0.0000	6.8000
dPolE	274.892	90.000	99.9765	1.0000	0.0000	6.8000
uR	274.892	90.000	0.0008	1.0000	0.0000	6.8000
E	276.506	90.000	48.0614	346.5215	0.2534	0.2892	0.0000	6.8000
dPolE	276.506	90.000	99.9820	1.0000	0.0000	6.8000
uR	276.506	90.000	0.0007	1.0000	0.0000	6.8000
E	278.120	90.000	58.1331	16.4664	0.2689	0.3543	0.0000	6.8000
dPolE	278.120	90.000	99.9526	1.0000	0.0000	6.8000
uR	278.120	90.000	0.0008	1.0000	0.0000	6.8000
E	279.734	90.000	8.1145	121.1988	0.1869	1.6632	0.0000	6.8000
dPolE	279.734	90.000	99.9984	1.0000	0.0000	6.8000
uR	279.734	90.000	0.0003	1.0000	0.0000	6.8000
E	281.349	90.000	47.7471	231.8136	0.2720	0.4687	0.0000	6.8000
dPolE	281.349	90.000	99.9997	1.0000	0.0000	6.8000
uR	281.349	90.000	0.0005	1.0000	0.0000	6.8000
E	282.963	90.000	17.8342	170.6997	0.2629	0.5182	0.0000	6.8000
dPolE	282.963	90.000	99.8982	1.0000	0.0000	6.8000
uR	282.963	90.000	0.0009	1.0000	0.0000	6.8000
E	284.577	90.000	52.3606	21.8729	0.2464	0.3271	0.0000	6.8000
dPolE	284.577	90.000	99.9961	1.0000	0.0000	6.8000
uR	284.577	90.000	0.0004	1.0000	0.0000	6.8000
E	286.191	90.000	37.2712	198.2197	0.2485	0.3214	0.0000	6.8000
dPolE	286.191	90.000	99.9821	1.0000	0.0000	6.8000
uR	286.191	90.000	0.0005	1.0000	0.0000	6.8000
E	287.805	90.000	74.1436	342.9946	0.2361	0.5691	0.0000	6.8000
dPolE	287.805	90.000	99.9869	1.0000	0.0000	6.8000
uR	287.805	90.000	0.0004	1.0000	0.0000	6.8000
E	289.420	90.000	42.8343	354.4810	0.2274	0.2661	0.0000	6.8000
dPolE	289.420	90.000	99.9989	1.0000	0.0000	6.8000
uR	289.420	90.000	0.0003	1.0000	0.0000	6.8000
E	291.034	90.000	20.8426	206.9315	0.2385	0.5151	0.0000	6.8000
dPolE	291.034	90.000	99.9868	1.0000	0.0000	6.8000
uR	291.034	90.000	0.0006	1.0000	0.0000	6.8000
E	292.649	90.000	75.8324	153.6867	0.2154	0.6614	0.0000	6.8000
dPolE	292.649	90.000	99.9968	1.0000	0.0000	6.8000
uR	292.649	90.000	0.0004	1.0000	0.0000	6.8000
E	294.263	90.000	30.7781	18.3510	0.2281	0.3397	0.0000	6.8000
dPolE	294.263	90.000	99.9678	1.0000	0.0000	6.8000
uR	294.263	90.000	0.0005	1.0000	0.0000	6.8000
E	295.877	90.000	34.0036	162.6026	0.2159	0.3050	0.0000	6.8000
dPolE	295.877	90.000	99.9820	1.0000	0.0000	6.8000
uR	295.877	90.000	0.0004	1.0000	0.0000	6.8000
E	297.492	90.000	29.7337	96.7762	0.1991	0.5017	0.0000	6.8000
dPolE	297.492	90.000	99.9990	1.0000	0.0000	6.8000
uR	297.492	90.000	0.0004	1.0000	0.0000	6.8000
E	299.107	90.000	45.0474	296.8241	0.1949	0.3646	0.0000	6.8000
dPolE	299.107	90.000	99.9944	1.0000	0.0000	6.8000
uR	299.107	90.000	0.0004	1.0000	0.0000	6.8000
E	300.721	90.000	53.9899	319.6429	0.2274	0.3905	0.0000	6.8000
dPolE	300.721	90.000	99.9820	1.0000	0.0000	6.8000
uR	300.721	90.000	0.0003	1.0000	0.0000	6.8000
E	302.336	90.000	31.0736	354.0581	0.2011	0.2929	0.0000	6.8000
dPolE	302.336	90.000	99.9836	1.0000	0.0000	6.8000
uR	302.336	90.000	0.0004	1.0000	0.0000	6.8000
E	303.950	90.000	20.0528	120.1473	0.1701	0.5651	0.0000	6.8000
dPolE	303.950	90.000	99.9985	1.0000	0.0000	6.8000
uR	303.950	90.000	0.0002	1.0000	0.0000	6.8000
E	305.565	90.000	32.5952	332.9167	0.2016	0.3328	0.0000	6.8000
dPolE	305.565	90.000	99.9866	1.0000	0.0000	6.8000
uR	305.565	90.000	0.0003	1.0000	0.0000	6.8000
E	307.180	90.000	63.2620	37.4346	0.1785	0.3711	0.0000	6.8000
dPolE	307.180	90.000	99.9948	1.0000	0.0000	6.8000
uR	307.180	90.000	0.0004	1.0000	0.0000	6.8000
E	308.795	90.000	30.7527	99.9267	0.1817	0.4374	0.0000	6.8000
dPolE	308.795	90.000	99.9649	1.0000	0.0000	6.8000
uR	308.795	90.000	0.0005	1.0000	0.0000	6.8000
E	310.410	90.000	33.3387	170.7622	0.1915	0.2890	0.0000	6.8000
dPolE	310.410	90.000	99.9636	1.0000	0.0000	6.8000
uR	310.410	90.000	0.0005	1.0000	0.0000	6.8000
E	312.024	90.000	72.5296	349.0180	0.1953	0.4817	0.0000	6.8000
dPolE	312.024	90.000	99.9742	1.0000	0.0000	6.8000
uR	312.024	90.000	0.0004	1.0000	0.0000	6.8000
E	313.639	90.000	37.7148	350.7514	0.1821	0.2656	0.0000	6.8000
dPolE	313.639	90.000	99.9940	1.0000	0.0000	6.8000
uR	313.639	90.000	0.0004	1.0000	0.0000	6.8000
E	315.254	90.000	47.8172	323.9827	0.1876	0.3096	0.0000	6.8000
dPolE	315.254	90.000	99.9673	1.0000	0.0000	6.8000
uR	315.254	90.000	0.0005	1.0000	0.0000	6.8000
E	316.869	90.000	69.3536	149.2669	0.1864	0.4681	0.0000	6.8000
dPolE	316.869	90.000	99.9925	1.0000	0.0000	6.8000
uR	316.869	90.000	0.0003	1.0000	0.0000	6.8000
E	318.484	90.000	51.6201	184.5807	0.1645	0.2439	0.0000	6.8000
dPolE	318.484	90.000	99.9989	1.0000	0.0000	6.8000
uR	318.484	90.000	0.0004	1.0000	0.0000	6.8000
E	320.099	90.000	78.0348	272.7638	0.1343	0.8452	0.0000	6.8000
dPolE	320.099	90.000	99.9752	1.0000	0.0000	6.8000
uR	320.099	90.000	0.0004	1.0000	0.0000	6.8000
E	321.714	90.000	80.5012	204.7909	0.1634	0.8244	0.0000	6.8000
dPolE	321.714	90.000	99.9929	1.0000	0.0000	6.8000
uR	321.714	90.000	0.0005	1.0000	0.0000	6.8000
E	323.330	90.000	53.6821	349.7733	0.1717	0.2709	0.0000	6.8000
dPolE	323.330	90.000	99.9907	1.0000	0.0000	6.8000
uR	323.330	90.000	0.0003	1.0000	0.0000	6.8000
E	324.945	90.000	14.5715	265.7596	0.1415	0.7074	0.0000	6.8000
dPolE	324.945	90.000	99.9999	1.0000	0.0000	6.8000
uR	324.945	90.000	0.0003	1.0000	0.0000	6.8000
E	326.560	90.000	19.7348	5.9146	0.1678	0.4061	0.0000	6.8000
dPolE	326.560	90.000	99.9565	1.0000	0.0000	6.8000
uR	326.560	90.000	0.0005	1.0000	0.0000	6.8000
E	328.175	90.000	49.1602	357.3017	0.1712	0.2663	0.0000	6.8000
dPolE	328.175	90.000	99.9870	1.0000	0.0000	6.8000
uR	328.175	90.000	0.0003	1.0000	0.0000	6.8000
E	329.790	90.000	73.7601	181.8981	0.1652	0.4773	0.0000	6.8000
dPolE	329.790	90.000	99.9910	1.0000	0.0000	6.8000
uR	329.790	90.000	0.0003	1.0000	0.0000	6.8000
E	331.406	90.000	19.4499	219.6435	0.1466	0.4320	0.0000	6.8000
dPolE	331.406	90.000	99.9975	1.0000	0.0000	6.8000
uR	331.406	90.000	0.0003	1.0000	0.0000	6.8000
E	333.021	90.000	89.9900	270.8626	0.1317	946.2397	0.0000	6.8000
dPolE	333.021	90.000	99.9849	1.0000	0.0000	6.8000
uR	333.021	90.000	0.0004	1.0000	0.0000	6.8000
E	334.636	90.000	60.3369	322.5345	0.1343	0.2794	0.0000	6.8000
dPolE	334.636	90.000	99.9932	1.0000	0.0000	6.8000
uR	334.636	90.000	0.0004	1.0000	0.0000	6.8000
E	336.251	90.000	28.8935	138.4124	0.1483	0.3217	0.0000	6.8000
dPolE	336.251	90.000	99.9943	1.0000	0.0000	6.8000
uR	336.251	90.000	0.0004	1.0000	0.0000	6.8000
E	337.867	90.000	53.6792	202.6126	0.1539	0.2746	0.0000	6.8000
dPolE	337.867	90.000	99.9983	1.0000	0.0000	6.8000
uR	337.867	90.000	0.0002	1.0000	0.0000	6.8000
E	339.482	90.000	56.5329	143.9867	0.1533	0.2993	0.0000	6.8000
dPolE	339.482	90.000	99.9820	1.0000	0.0000	6.8000
uR	339.482	90.000	0.0004	1.0000	0.0000	6.8000
E	341.098	90.000	57.8749	256.5260	0.1510	0.3421	0.0000	6.8000
dPolE	341.098	90.000	99.9982	1.0000	0.0000	6.8000
uR	341.098	90.000	0.0003	1.0000	0.0000	6.8000
E	342.713	90.000	74.7116	342.4534	0.1571	0.5316	0.0000	6.8000
dPolE	342.713	90.000	99.9635	1.0000	0.0000	6.8000
uR	342.713	90.000	0.0005	1.0000	0.0000	6.8000
E	344.329	90.000	44.6863	339.0880	0.1562	0.2717	0.0000	6.8000
dPolE	344.329	90.000	99.9980	1.0000	0.0000	6.8000
uR	344.329	90.000	0.0003	1.0000	0.0000	6.8000
E	345.944	90.000	48.6090	10.8194	0.1457	0.2528	0.0000	6.8000
dPolE	345.944	90.000	99.9986	1.0000	0.0000	6.8000
uR	345.944	90.000	0.0003	1.0000	0.0000	6.8000
E	347.560	90.000	63.3233	201.1338	0.1463	0.3212	0.0000	6.8000
dPolE	347.560	90.000	99.9891	1.0000	0.0000	6.8000
uR	347.560	90.000	0.0003	1.0000	0.0000	6.8000
E	349.175	90.000	26.1088	344.2784	0.1474	0.3266	0.0000	6.8000
dPolE	349.175	90.000	99.9989	1.0000	0.0000	6.8000
uR	349.175	90.000	0.0004	1.0000	0.0000	6.8000
E	350.791	90.000	23.0882	174.3221	0.1417	0.3444	0.0000	6.8000
dPolE	350.791	90.000	99.9932	1.0000	0.0000	6.8000
uR	350.791	90.000	0.0002	1.0000	0.0000	6.8000
E	352.406	90.000	16.8094	335.4111	0.1373	0.4548	0.0000	6.8000
dPolE	352.406	90.000	99.9930	1.0000	0.0000	6.8000
uR	352.406	90.000	0.0004	1.0000	0.0000	6.8000
E	354.022	90.000	28.3996	347.3529	0.1458	0.3107	0.0000	6.8000
dPolE	354.022	90.000	99.9935	1.0000	0.0000	6.8000
uR	354.022	90.000	0.0003	1.0000	0.0000	6.8000
E	355.638	90.000	68.6619	15.4737	0.1414	0.3754	0.0000	6.8000
dPolE	355.638	90.000	99.9962	1.0000	0.0000	6.8000
uR	355.638	90.000	0.0002	1.0000	0.0000	6.8000
E	357.253	90.000	46.5673	304.9807	0.1443	0.2798	0.0000	6.8000
dPolE	357.253	90.000	99.9821	1.0000	0.0000	6.8000
uR	357.253	90.000	0.0004	1.0000	0.0000	6.8000
E	358.869	90.000	59.9227	204.0698	0.1447	0.3099	0.0000	6.8000
dPolE	358.869	90.000	99.9980	1.0000	0.0000	6.8000
uR	358.869	90.000	0.0002	1.0000	0.0000	6.8000
E	360.485	90.000	11.0355	268.6595	0.1335	0.7683	0.0000	6.8000
dPolE	360.485	90.000	99.9968	1.0000	0.0000	6.8000
uR	360.485	90.000	0.0003	1.0000	0.0000	6.8000
E	362.100	90.000	26.3058	182.6212	0.1403	0.3205	0.0000	6.8000
dPolE	362.100	90.000	99.9960	1.0000	0.0000	6.8000
uR	362.100	90.000	0.0002	1.0000	0.0000	6.8000
E	363.716	90.000	80.4362	16.9464	0.1337	0.7535	0.0000	6.8000
dPolE	363.716	90.000	99.9824	1.0000	0.0000	6.8000
uR	363.716	90.000	0.0004	1.0000	0.0000	6.8000
E	365.332	90.000	70.0411	171.4987	0.1366	0.3918	0.0000	6.8000
dPolE	365.332	90.000	99.9824	1.0000	0.0000	6.8000
uR	365.332	90.000	0.0004	1.0000	0.0000	6.8000
E	366.948	90.000	80.0929	194.2755	0.1254	0.6891	0.0000	6.8000
dPolE	366.948	90.000	99.9820	1.0000	0.0000	6.8000
uR	366.948	90.000	0.0003	1.0000	0.0000	6.8000
E	368.563	90.000	26.1908	304.4107	0.1350	0.3390	0.0000	6.8000
dPolE	368.563	90.000	99.9928	1.0000	0.0000	6.8000
uR	368.563	90.000	0.0003	1.0000	0.0000	6.8000
E	370.179	90.000	64.1465	13.3325	0.1343	0.3156	0.0000	6.8000
dPolE	370.179	90.000	99.9991	1.0000	0.0000	6.8000
uR	370.179	90.000	0.0002	1.0000	0.0000	6.8000
E	371.795	90.000	29.0240	11.7051	0.1355	0.2945	0.0000	6.8000
dPolE	371.795	90.000	99.9993	1.0000	0.0000	6.8000
uR	371.795	90.000	0.0003	1.0000	0.0000	6.8000
E	373.411	90.000	60.5037	301.0448	0.1207	0.2802	0.0000	6.8000
dPolE	373.411	90.000	99.9935	1.0000	0.0000	6.8000
uR	373.411	90.000	0.0004	1.0000	0.0000	6.8000
E	375.027	90.000	47.6827	178.6637	0.1299	0.2455	0.0000	6.8000
dPolE	375.027	90.000	99.9912	1.0000	0.0000	6.8000
uR	375.027	90.000	0.0004	1.0000	0.0000	6.8000
E	376.643	90.000	43.7049	278.9654	0.1334	0.2668	0.0000	6.8000
dPolE	376.643	90.000	99.9923	1.0000	0.0000	6.8000
uR	376.643	90.000	0.0003	1.0000	0.0000	6.8000
E	378.258	90.000	58.8702	29.3178	0.1304	0.2809	0.0000	6.8000
dPolE	378.258	90.000	99.9760	1.0000	0.0000	6.8000
uR	378.258	90.000	0.0004	1.0000	0.0000	6.8000
E	379.874	90.000	36.3593	305.4344	0.1325	0.2725	0.0000	6.8000
dPolE	379.874	90.000	99.9999	1.0000	0.0000	6.8000
uR	379.874	90.000	0.0003	1.0000	0.0000	6.8000
E	381.490	90.000	9.7247	12.0187	0.1228	0.6982	0.0000	6.8000
dPolE	381.490	90.000	99.9997	1.0000	0.0000	6.8000
uR	381.490	90.000	0.0002	1.0000	0.0000	6.8000
E	383.106	90.000	44.6681	316.2689	0.1299	0.2531	0.0000	6.8000
dPolE	383.106	90.000	99.9966	1.0000	0.0000	6.8000
uR	383.106	90.000	0.0002	1.0000	0.0000	6.8000
E	384.722	90.000	55.6024	50.6638	0.1254	0.2647	0.0000	6.8000
dPolE	384.722	90.000	99.9861	1.0000	0.0000	6.8000
uR	384.722	90.000	0.0003	1.0000	0.0000	6.8000
E	386.338	90.000	50.3630	353.0259	0.1215	0.2337	0.0000	6.8000
dPolE	386.338	90.000	99.9943	1.0000	0.0000	6.8000
uR	386.338	90.000	0.0004	1.0000	0.0000	6.8000
E	387.954	90.000	33.9731	276.7790	0.1191	0.2590	0.0000	6.8000
dPolE	387.954	90.000	99.9967	1.0000	0.0000	6.8000
uR	387.954	90.000	0.0003	1.0000	0.0000	6.8000
E	389.570	90.000	40.2554	2.7521	0.1168	0.2228	0.0000	6.8000
dPolE	389.570	90.000	99.9995	1.0000	0.0000	6.8000
uR	389.570	90.000	0.0003	1.0000	0.0000	6.8000
E	391.186	90.000	28.1271	211.0384	0.1107	0.2572	0.0000	6.8000
dPolE	391.186	90.000	99.9998	1.0000	0.0000	6.8000
uR	391.186	90.000	0.0002	1.0000	0.0000	6.8000
E	392.802	90.000	18.3427	343.8258	0.1273	0.4085	0.0000	6.8000
dPolE	392.802	90.000	99.9827	1.0000	0.0000	6.8000
uR	392.802	90.000	0.0003	1.0000	0.0000	6.8000
E	394.418	90.000	54.1624	157.2627	0.1273	0.2571	0.0000	6.8000
dPolE	394.418	90.000	99.9865	1.0000	0.0000	6.8000
uR	394.418	90.000	0.0003	1.0000	0.0000	6.8000
E	396.034	90.000	9.7721	60.4114	0.1210	0.7424	0.0000	6.8000
dPolE	396.034	90.000	99.9869	1.0000	0.0000	6.8000
uR	396.034	90.000	0.0002	1.0000	0.0000	6.8000
E	397.650	90.000	26.1033	51.6600	0.1206	0.3022	0.0000	6.8000
dPolE	397.650	90.000	99.9917	1.0000	0.0000	6.8000
uR	397.650	90.000	0.0003	1.0000	0.0000	6.8000
E	399.266	90.000	46.9660	75.5743	0.1167	0.2331	0.0000	6.8000
dPolE	399.266	90.000	99.9920	1.0000	0.0000	6.8000
uR	399.266	90.000	0.0003	1.0000	0.0000	6.8000
E	400.882	90.000	41.3298	21.1022	0.1201	0.2310	0.0000	6.8000
dPolE	400.882	90.000	99.9815	1.0000	0.0000	6.8000
uR	400.882	90.000	0.0003	1.0000	0.0000	6.8000
E	402.498	90.000	47.3441	27.5491	0.1193	0.2302	0.0000	6.8000
dPolE	402.498	90.000	99.9871	1.0000	0.0000	6.8000
uR	402.498	90.000	0.0003	1.0000	0.0000	6.8000
E	404.114	90.000	55.3855	19.6006	0.1186	0.2423	0.0000	6.8000
dPolE	404.114	90.000	99.9842	1.0000	0.0000	6.8000
uR	404.114	90.000	0.0003	1.0000	0.0000	6.8000
E	405.730	90.000	46.6188	25.9518	0.1202	0.2288	0.0000	6.8000
dPolE	405.730	90.000	99.9280	1.0000	0.0000	6.8000
uR	405.730	90.000	0.0005	1.0000	0.0000	6.8000
E	407.346	90.000	50.5336	2.6446	0.1252	0.2379	0.0000	6.8000
dPolE	407.346	90.000	99.9374	1.0000	0.0000	6.8000
uR	407.346	90.000	0.0005	1.0000	0.0000	6.8000
E	408.962	90.000	49.4085	18.3568	0.1181	0.2244	0.0000	6.8000
dPolE	408.962	90.000	99.9009	1.0000	0.0000	6.8000
uR	408.962	90.000	0.0006	1.0000	0.0000	6.8000
E	410.578	90.000	43.5731	27.4295	0.1147	0.2182	0.0000	6.8000
dPolE	410.578	90.000	99.8117	1.0000	0.0000	6.8000
uR	410.578	90.000	0.0008	1.0000	0.0000	6.8000
E	412.194	90.000	45.5516	24.5586	0.1089	0.2074	0.0000	6.8000
dPolE	412.194	90.000	99.7939	1.0000	0.0000	6.8000
uR	412.194	90.000	0.0009	1.0000	0.0000	6.8000
E	413.810	90.000	45.3065	20.3873	0.1166	0.2212	0.0000	6.8000
dPolE	413.810	90.000	99.6629	1.0000	0.0000	6.8000
uR	413.810	90.000	0.0011	1.0000	0.0000	6.8000
E	415.426	90.000	46.7004	19.3650	0.1146	0.2158	0.0000	6.8000
dPolE	415.426	90.000	99.5746	1.0000	0.0000	6.8000
uR	415.426	90.000	0.0012	1.0000	0.0000	6.8000
E	417.042	90.000	45.5235	20.5826	0.1218	0.2271	0.0000	6.8000
dPolE	417.042	90.000	99.4101	1.0000	0.0000	6.8000
uR	417.042	90.000	0.0014	1.0000	0.0000	6.8000
E	418.658	90.000	44.9123	22.3517	0.1195	0.2221	0.0000	6.8000
dPolE	418.658	90.000	99.4165	1.0000	0.0000	6.8000
uR	418.658	90.000	0.0014	1.0000	0.0000	6.8000
E	420.274	90.000	43.8374	18.5438	0.1182	0.2192	0.0000	6.8000
dPolE	420.274	90.000	99.1423	1.0000	0.0000	6.8000
uR	420.274	90.000	0.0017	1.0000	0.0000	6.8000
E	421.890	90.000	44.1822	17.8053	0.1108	0.2061	0.0000	6.8000
dPolE	421.890	90.000	99.1482	1.0000	0.0000	6.8000
uR	421.890	90.000	0.0018	1.0000	0.0000	6.8000
E	423.506	90.000	46.0474	19.2913	0.1107	0.2069	0.0000	6.8000
dPolE	423.506	90.000	99.0165	1.0000	0.0000	6.8000
uR	423.506	90.000	0.0020	1.0000	0.0000	6.8000
E	425.122	90.000	45.3503	16.2505	0.1097	0.2035	0.0000	6.8000
dPolE	425.122	90.000	98.8965	1.0000	0.0000	6.8000
uR	425.122	90.000	0.0022	1.0000	0.0000	6.8000
E	426.738	90.000	44.2204	17.8348	0.1141	0.2103	0.0000	6.8000
dPolE	426.738	90.000	98.4631	1.0000	0.0000	6.8000
uR	426.738	90.000	0.0025	1.0000	0.0000	6.8000
E	428.355	90.000	45.3661	16.7919	0.1037	0.1887	0.0000	6.8000
dPolE	428.355	90.000	98.0935	1.0000	0.0000	6.8000
uR	428.355	90.000	0.0029	1.0000	0.0000	6.8000
E	429.971	90.000	44.9230	17.2646	0.1128	0.2039	0.0000	6.8000
dPolE	429.971	90.000	98.2287	1.0000	0.0000	6.8000
uR	429.971	90.000	0.0028	1.0000	0.0000	6.8000
E	431.587	90.000	44.1049	15.8962	0.1128	0.2038	0.0000	6.8000
dPolE	431.587	90.000	97.6206	1.0000	0.0000	6.8000
uR	431.587	90.000	0.0032	1.0000	0.0000	6.8000
E	433.203	90.000	44.8222	15.7536	0.1020	0.1850	0.0000	6.8000
dPolE	433.203	90.000	97.7222	1.0000	0.0000	6.8000
uR	433.203	90.000	0.0033	1.0000	0.0000	6.8000
E	434.819	90.000	44.4446	15.1415	0.1047	0.1904	0.0000	6.8000
dPolE	434.819	90.000	97.3147	1.0000	0.0000	6.8000
uR	434.819	90.000	0.0036	1.0000	0.0000	6.8000
E	436.435	90.000	43.6505	17.1226	0.1081	0.1966	0.0000	6.8000
dPolE	436.435	90.000	97.1439	1.0000	0.0000	6.8000
uR	436.435	90.000	0.0036	1.0000	0.0000	6.8000
E	438.051	90.000	45.4607	14.7203	0.1085	0.1948	0.0000	6.8000
dPolE	438.051	90.000	96.4398	1.0000	0.0000	6.8000
uR	438.051	90.000	0.0039	1.0000	0.0000	6.8000
E	439.667	90.000	44.5291	13.4988	0.1095	0.1942	0.0000	6.8000
dPolE	439.667	90.000	95.8442	1.0000	0.0000	6.8000
uR	439.667	90.000	0.0042	1.0000	0.0000	6.8000
E	441.283	90.000	43.5546	14.5361	0.1122	0.1977	0.0000	6.8000
dPolE	441.283	90.000	95.3624	1.0000	0.0000	6.8000
uR	441.283	90.000	0.0043	1.0000	0.0000	6.8000
E	442.899	90.000	45.1023	14.4776	0.1107	0.1939	0.0000	6.8000
dPolE	442.899	90.000	95.1905	1.0000	0.0000	6.8000
uR	442.899	90.000	0.0046	1.0000	0.0000	6.8000
E	444.515	90.000	44.7657	14.1256	0.1083	0.1900	0.0000	6.8000
dPolE	444.515	90.000	94.9396	1.0000	0.0000	6.8000
uR	444.515	90.000	0.0047	1.0000	0.0000	6.8000
E	446.131	90.000	45.4829	14.2992	0.1020	0.1795	0.0000	6.8000
dPolE	446.131	90.000	95.1249	1.0000	0.0000	6.8000
uR	446.131	90.000	0.0048	1.0000	0.0000	6.8000
E	447.747	90.000	45.4257	13.5052	0.1069	0.1880	0.0000	6.8000
dPolE	447.747	90.000	94.4604	1.0000	0.0000	6.8000
uR	447.747	90.000	0.0050	1.0000	0.0000	6.8000
E	449.363	90.000	44.8907	12.4899	0.1035	0.1809	0.0000	6.8000
dPolE	449.363	90.000	93.9128	1.0000	0.0000	6.8000
uR	449.363	90.000	0.0051	1.0000	0.0000	6.8000
E	450.979	90.000	45.1859	13.3983	0.1031	0.1787	0.0000	6.8000
dPolE	450.979	90.000	92.3590	1.0000	0.0000	6.8000
uR	450.979	90.000	0.0053	1.0000	0.0000	6.8000
E	452.594	90.000	44.9516	13.0792	0.1034	0.1771	0.0000	6.8000
dPolE	452.594	90.000	91.9446	1.0000	0.0000	6.8000
uR	452.594	90.000	0.0054	1.0000	0.0000	6.8000
E	454.210	90.000	45.2270	12.4355	0.1042	0.1765	0.0000	6.8000
dPolE	454.210	90.000	92.5730	1.0000	0.0000	6.8000
uR	454.210	90.000	0.0056	1.0000	0.0000	6.8000
E	455.826	90.000	45.5051	13.0253	0.1038	0.1754	0.0000	6.8000
dPolE	455.826	90.000	92.2384	1.0000	0.0000	6.8000
uR	455.826	90.000	0.0057	1.0000	0.0000	6.8000
E	457.442	90.000	44.9796	12.5357	0.1023	0.1728	0.0000	6.8000
dPolE	457.442	90.000	91.7291	1.0000	0.0000	6.8000
uR	457.442	90.000	0.0058	1.0000	0.0000	6.8000
E	459.058	90.000	44.8770	12.6724	0.1004	0.1701	0.0000	6.8000
dPolE	459.058	90.000	90.7805	1.0000	0.0000	6.8000
uR	459.058	90.000	0.0060	1.0000	0.0000	6.8000
E	460.674	90.000	45.4239	12.0803	0.0989	0.1677	0.0000	6.8000
dPolE	460.674	90.000	90.0865	1.0000	0.0000	6.8000
uR	460.674	90.000	0.0061	1.0000	0.0000	6.8000
E	462.290	90.000	44.9698	9.9873	0.0982	0.1654	0.0000	6.8000
dPolE	462.290	90.000	88.7666	1.0000	0.0000	6.8000
uR	462.290	90.000	0.0064	1.0000	0.0000	6.8000
E	463.906	90.000	44.5555	11.7865	0.0940	0.1573	0.0000	6.8000
dPolE	463.906	90.000	87.8248	1.0000	0.0000	6.8000
uR	463.906	90.000	0.0065	1.0000	0.0000	6.8000
E	465.521	90.000	45.1365	10.8423	0.1006	0.1660	0.0000	6.8000
dPolE	465.521	90.000	86.2184	1.0000	0.0000	6.8000
uR	465.521	90.000	0.0067	1.0000	0.0000	6.8000
E	467.137	90.000	45.0048	11.2790	0.0965	0.1576	0.0000	6.8000
dPolE	467.137	90.000	84.6427	1.0000	0.0000	6.8000
uR	467.137	90.000	0.0068	1.0000	0.0000	6.8000
E	468.753	90.000	44.7312	11.4066	0.0905	0.1470	0.0000	6.8000
dPolE	468.753	90.000	81.5662	1.0000	0.0000	6.8000
uR	468.753	90.000	0.0071	1.0000	0.0000	6.8000
E	470.369	90.000	44.4665	11.3058	0.0930	0.1506	0.0000	6.8000
dPolE	470.369	90.000	82.8678	1.0000	0.0000	6.8000
uR	470.369	90.000	0.0072	1.0000	0.0000	6.8000
E	471.985	90.000	44.8904	10.4147	0.0936	0.1515	0.0000	6.8000
dPolE	471.985	90.000	84.5139	1.0000	0.0000	6.8000
uR	471.985	90.000	0.0073	1.0000	0.0000	6.8000
E	473.600	90.000	44.6388	10.0785	0.0981	0.1592	0.0000	6.8000
dPolE	473.600	90.000	83.7495	1.0000	0.0000	6.8000
uR	473.600	90.000	0.0076	1.0000	0.0000	6.8000
E	475.216	90.000	44.6351	10.6399	0.0944	0.1532	0.0000	6.8000
dPolE	475.216	90.000	86.0053	1.0000	0.0000	6.8000
uR	475.216	90.000	0.0076	1.0000	0.0000	6.8000
E	476.832	90.000	44.7912	10.6688	0.0988	0.1597	0.0000	6.8000
dPolE	476.832	90.000	87.1914	1.0000	0.0000	6.8000
uR	476.832	90.000	0.0077	1.0000	0.0000	6.8000
E	478.448	90.000	45.1438	9.7666	0.1028	0.1643	0.0000	6.8000
dPolE	478.448	90.000	86.2738	1.0000	0.0000	6.8000
uR	478.448	90.000	0.0080	1.0000	0.0000	6.8000
E	480.063	90.000	44.9867	9.5691	0.0984	0.1555	0.0000	6.8000
dPolE	480.063	90.000	85.4738	1.0000	0.0000	6.8000
uR	480.063	90.000	0.0081	1.0000	0.0000	6.8000
E	481.679	90.000	44.5732	9.9792	0.0909	0.1420	0.0000	6.8000
dPolE	481.679	90.000	85.8696	1.0000	0.0000	6.8000
uR	481.679	90.000	0.0081	1.0000	0.0000	6.8000
E	483.294	90.000	44.8042	9.5815	0.1035	0.1604	0.0000	6.8000
dPolE	483.294	90.000	82.9068	1.0000	0.0000	6.8000
uR	483.294	90.000	0.0083	1.0000	0.0000	6.8000
E	484.910	90.000	45.0364	10.2738	0.0955	0.1477	0.0000	6.8000
dPolE	484.910	90.000	84.4873	1.0000	0.0000	6.8000
uR	484.910	90.000	0.0084	1.0000	0.0000	6.8000
E	486.526	90.000	45.0689	9.7712	0.0951	0.1471	0.0000	6.8000
dPolE	486.526	90.000	85.7080	1.0000	0.0000	6.8000
uR	486.526	90.000	0.0086	1.0000	0.0000	6.8000
E	488.141	90.000	45.3264	9.0197	0.1001	0.1551	0.0000	6.8000
dPolE	488.141	90.000	84.5387	1.0000	0.0000	6.8000
uR	488.141	90.000	0.0087	1.0000	0.0000	6.8000
E	489.757	90.000	44.9824	9.7703	0.1020	0.1582	0.0000	6.8000
dPolE	489.757	90.000	85.1460	1.0000	0.0000	6.8000
uR	489.757	90.000	0.0085	1.0000	0.0000	6.8000
E	491.372	90.000	44.5070	9.0983	0.0972	0.1502	0.0000	6.8000
dPolE	491.372	90.000	83.7694	1.0000	0.0000	6.8000
uR	491.372	90.000	0.0087	1.0000	0.0000	6.8000
E	492.988	90.000	45.2738	9.0456	0.0940	0.1443	0.0000	6.8000
dPolE	492.988	90.000	82.3455	1.0000	0.0000	6.8000
uR	492.988	90.000	0.0089	1.0000	0.0000	6.8000
E	494.603	90.000	45.0050	8.3784	0.0951	0.1445	0.0000	6.8000
dPolE	494.603	90.000	81.8511	1.0000	0.0000	6.8000
uR	494.603	90.000	0.0093	1.0000	0.0000	6.8000
E	496.219	90.000	44.9634	8.7432	0.0987	0.1482	0.0000	6.8000
dPolE	496.219	90.000	83.6807	1.0000	0.0000	6.8000
uR	496.219	90.000	0.0091	1.0000	0.0000	6.8000
E	497.834	90.000	44.8382	9.7681	0.0991	0.1476	0.0000	6.8000
dPolE	497.834	90.000	82.4819	1.0000	0.0000	6.8000
uR	497.834	90.000	0.0094	1.0000	0.0000	6.8000
E	499.450	90.000	45.1806	9.1739	0.1027	0.1517	0.0000	6.8000
dPolE	499.450	90.000	82.9584	1.0000	0.0000	6.8000
uR	499.450	90.000	0.0094	1.0000	0.0000	6.8000
E	501.065	90.000	44.9418	8.7833	0.1005	0.1479	0.0000	6.8000
dPolE	501.065	90.000	83.7350	1.0000	0.0000	6.8000
uR	501.065	90.000	0.0094	1.0000	0.0000	6.8000
E	502.680	90.000	44.6737	7.8934	0.1031	0.1513	0.0000	6.8000
dPolE	502.680	90.000	83.5098	1.0000	0.0000	6.8000
uR	502.680	90.000	0.0095	1.0000	0.0000	6.8000
E	504.296	90.000	44.2172	8.0181	0.0992	0.1460	0.0000	6.8000
dPolE	504.296	90.000	83.3249	1.0000	0.0000	6.8000
uR	504.296	90.000	0.0096	1.0000	0.0000	6.8000
E	505.911	90.000	44.6485	8.0726	0.1015	0.1495	0.0000	6.8000
dPolE	505.911	90.000	82.0445	1.0000	0.0000	6.8000
uR	505.911	90.000	0.0100	1.0000	0.0000	6.8000
E	507.526	90.000	44.8406	8.3983	0.0988	0.1454	0.0000	6.8000
dPolE	507.526	90.000	81.8025	1.0000	0.0000	6.8000
uR	507.526	90.000	0.0098	1.0000	0.0000	6.8000
E	509.141	90.000	44.8628	7.6172	0.1050	0.1535	0.0000	6.8000
dPolE	509.141	90.000	80.9790	1.0000	0.0000	6.8000
uR	509.141	90.000	0.0099	1.0000	0.0000	6.8000
E	510.756	90.000	44.8454	7.9260	0.1032	0.1497	0.0000	6.8000
dPolE	510.756	90.000	80.9286	1.0000	0.0000	6.8000
uR	510.756	90.000	0.0101	1.0000	0.0000	6.8000
E	512.372	90.000	45.1379	7.7893	0.1039	0.1490	0.0000	6.8000
dPolE	512.372	90.000	81.7995	1.0000	0.0000	6.8000
uR	512.372	90.000	0.0104	1.0000	0.0000	6.8000
E	513.987	90.000	44.9844	8.0229	0.1037	0.1474	0.0000	6.8000
dPolE	513.987	90.000	81.7509	1.0000	0.0000	6.8000
uR	513.987	90.000	0.0110	1.0000	0.0000	6.8000
E	515.602	90.000	44.9046	7.2976	0.1086	0.1528	0.0000	6.8000
dPolE	515.602	90.000	81.2053	1.0000	0.0000	6.8000
uR	515.602	90.000	0.0116	1.0000	0.0000	6.8000
E	517.217	90.000	45.4267	7.5728	0.1127	0.1578	0.0000	6.8000
dPolE	517.217	90.000	82.3513	1.0000	0.0000	6.8000
uR	517.217	90.000	0.0111	1.0000	0.0000	6.8000
E	518.832	90.000	45.1048	7.9207	0.1143	0.1598	0.0000	6.8000
dPolE	518.832	90.000	84.4988	1.0000	0.0000	6.8000
uR	518.832	90.000	0.0102	1.0000	0.0000	6.8000
E	520.447	90.000	44.5736	7.8941	0.1116	0.1559	0.0000	6.8000
dPolE	520.447	90.000	84.7515	1.0000	0.0000	6.8000
uR	520.447	90.000	0.0100	1.0000	0.0000	6.8000
E	522.062	90.000	44.8878	7.7343	0.1124	0.1571	0.0000	6.8000
dPolE	522.062	90.000	83.1518	1.0000	0.0000	6.8000
uR	522.062	90.000	0.0099	1.0000	0.0000	6.8000
E	523.677	90.000	44.5954	7.5983	0.1058	0.1479	0.0000	6.8000
dPolE	523.677	90.000	81.8170	1.0000	0.0000	6.8000
uR	523.677	90.000	0.0099	1.0000	0.0000	6.8000
E	525.292	90.000	44.3182	6.9903	0.1049	0.1461	0.0000	6.8000
dPolE	525.292	90.000	80.7070	1.0000	0.0000	6.8000
uR	525.292	90.000	0.0103	1.0000	0.0000	6.8000
E	526.907	90.000	44.6215	7.7089	0.1103	0.1531	0.0000	6.8000
dPolE	526.907	90.000	79.3117	1.0000	0.0000	6.8000
uR	526.907	90.000	0.0106	1.0000	0.0000	6.8000
E	528.521	90.000	44.8054	7.1367	0.1038	0.1430	0.0000	6.8000
dPolE	528.521	90.000	80.1959	1.0000	0.0000	6.8000
uR	528.521	90.000	0.0107	1.0000	0.0000	6.8000
E	530.136	90.000	45.0421	6.9175	0.1079	0.1470	0.0000	6.8000
dPolE	530.136	90.000	78.3151	1.0000	0.0000	6.8000
uR	530.136	90.000	0.0108	1.0000	0.0000	6.8000
E	531.751	90.000	44.6889	7.1132	0.1053	0.1422	0.0000	6.8000
dPolE	531.751	90.000	79.6246	1.0000	0.0000	6.8000
uR	531.751	90.000	0.0109	1.0000	0.0000	6.8000
E	533.366	90.000	44.8379	6.7669	0.1080	0.1445	0.0000	6.8000
dPolE	533.366	90.000	79.6818	1.0000	0.0000	6.8000
uR	533.366	90.000	0.0109	1.0000	0.0000	6.8000
E	534.980	90.000	44.8199	6.6094	0.1092	0.1450	0.0000	6.8000
dPolE	534.980	90.000	77.6621	1.0000	0.0000	6.8000
uR	534.980	90.000	0.0112	1.0000	0.0000	6.8000
E	536.595	90.000	44.5631	6.7774	0.1070	0.1416	0.0000	6.8000
dPolE	536.595	90.000	78.2066	1.0000	0.0000	6.8000
uR	536.595	90.000	0.0113	1.0000	0.0000	6.8000
E	538.210	90.000	45.1160	6.4607	0.1069	0.1411	0.0000	6.8000
dPolE	538.210	90.000	79.8815	1.0000	0.0000	6.8000
uR	538.210	90.000	0.0111	1.0000	0.0000	6.8000
E	539.824	90.000	45.1772	6.7205	0.1076	0.1422	0.0000	6.8000
dPolE	539.824	90.000	76.9954	1.0000	0.0000	6.8000
uR	539.824	90.000	0.0115	1.0000	0.0000	6.8000
E	541.439	90.000	44.6790	6.7041	0.1085	0.1436	0.0000	6.8000
dPolE	541.439	90.000	79.3004	1.0000	0.0000	6.8000
uR	541.439	90.000	0.0109	1.0000	0.0000	6.8000
E	543.053	90.000	44.7556	6.3480	0.1068	0.1411	0.0000	6.8000
dPolE	543.053	90.000	78.4347	1.0000	0.0000	6.8000
uR	543.053	90.000	0.0113	1.0000	0.0000	6.8000
E	544.668	90.000	44.6450	6.6223	0.1110	0.1466	0.0000	6.8000
dPolE	544.668	90.000	77.3919	1.0000	0.0000	6.8000
uR	544.668	90.000	0.0113	1.0000	0.0000	6.8000
E	546.282	90.000	44.8922	6.6782	0.1066	0.1400	0.0000	6.8000
dPolE	546.282	90.000	79.0900	1.0000	0.0000	6.8000
uR	546.282	90.000	0.0113	1.0000	0.0000	6.8000
E	547.896	90.000	45.5009	6.1013	0.1137	0.1479	0.0000	6.8000
dPolE	547.896	90.000	76.8979	1.0000	0.0000	6.8000
uR	547.896	90.000	0.0115	1.0000	0.0000	6.8000
E	549.511	90.000	44.5859	5.6767	0.1105	0.1425	0.0000	6.8000
dPolE	549.511	90.000	77.5162	1.0000	0.0000	6.8000
uR	549.511	90.000	0.0114	1.0000	0.0000	6.8000
E	551.125	90.000	45.1171	5.8017	0.1114	0.1422	0.0000	6.8000
dPolE	551.125	90.000	77.0643	1.0000	0.0000	6.8000
uR	551.125	90.000	0.0115	1.0000	0.0000	6.8000
E	552.739	90.000	44.4665	5.9452	0.1065	0.1348	0.0000	6.8000
dPolE	552.739	90.000	76.7628	1.0000	0.0000	6.8000
uR	552.739	90.000	0.0115	1.0000	0.0000	6.8000
E	554.353	90.000	44.8565	5.7541	0.1067	0.1342	0.0000	6.8000
dPolE	554.353	90.000	76.9292	1.0000	0.0000	6.8000
uR	554.353	90.000	0.0115	1.0000	0.0000	6.8000
E	555.968	90.000	44.5803	5.7908	0.1178	0.1475	0.0000	6.8000
dPolE	555.968	90.000	76.4073	1.0000	0.0000	6.8000
uR	555.968	90.000	0.0113	1.0000	0.0000	6.8000
E	557.582	90.000	44.5247	6.2875	0.1154	0.1443	0.0000	6.8000
dPolE	557.582	90.000	75.8347	1.0000	0.0000	6.8000
uR	557.582	90.000	0.0113	1.0000	0.0000	6.8000
E	559.196	90.000	44.6541	5.5201	0.1156	0.1440	0.0000	6.8000
dPolE	559.196	90.000	75.4501	1.0000	0.0000	6.8000
uR	559.196	90.000	0.0116	1.0000	0.0000	6.8000
E	560.810	90.000	45.3421	6.0748	0.1116	0.1392	0.0000	6.8000
dPolE	560.810	90.000	76.7951	1.0000	0.0000	6.8000
uR	560.810	90.000	0.0116	1.0000	0.0000	6.8000
E	562.424	90.000	45.0399	6.1269	0.1138	0.1422	0.0000	6.8000
dPolE	562.424	90.000	74.7232	1.0000	0.0000	6.8000
uR	562.424	90.000	0.0118	1.0000	0.0000	6.8000
E	564.038	90.000	45.2868	6.1155	0.1161	0.1450	0.0000	6.8000
dPolE	564.038	90.000	74.2593	1.0000	0.0000	6.8000
uR	564.038	90.000	0.0115	1.0000	0.0000	6.8000
E	565.651	90.000	44.6766	5.5009	0.1109	0.1380	0.0000	6.8000
dPolE	565.651	90.000	76.8263	1.0000	0.0000	6.8000
uR	565.651	90.000	0.0116	1.0000	0.0000	6.8000
E	567.265	90.000	45.3685	5.6646	0.1166	0.1445	0.0000	6.8000
dPolE	567.265	90.000	73.4760	1.0000	0.0000	6.8000
uR	567.265	90.000	0.0117	1.0000	0.0000	6.8000
E	568.879	90.000	44.6885	5.6739	0.1088	0.1338	0.0000	6.8000
dPolE	568.879	90.000	73.8295	1.0000	0.0000	6.8000
uR	568.879	90.000	0.0119	1.0000	0.0000	6.8000
E	570.493	90.000	45.0729	5.7314	0.1140	0.1392	0.0000	6.8000
dPolE	570.493	90.000	72.7173	1.0000	0.0000	6.8000
uR	570.493	90.000	0.0119	1.0000	0.0000	6.8000
E	572.106	90.000	45.1502	5.8009	0.1183	0.1433	0.0000	6.8000
dPolE	572.106	90.000	71.4405	1.0000	0.0000	6.8000
uR	572.106	90.000	0.0117	1.0000	0.0000	6.8000
E	573.720	90.000	44.9825	5.0524	0.1213	0.1453	0.0000	6.8000
dPolE	573.720	90.000	72.2475	1.0000	0.0000	6.8000
uR	573.720	90.000	0.0117	1.0000	0.0000	6.8000
E	575.333	90.000	44.6197	5.2393	0.1207	0.1436	0.0000	6.8000
dPolE	575.333	90.000	72.1791	1.0000	0.0000	6.8000
uR	575.333	90.000	0.0118	1.0000	0.0000	6.8000
E	576.947	90.000	44.6228	4.9917	0.1120	0.1323	0.0000	6.8000
dPolE	576.947	90.000	72.6533	1.0000	0.0000	6.8000
uR	576.947	90.000	0.0120	1.0000	0.0000	6.8000
E	578.560	90.000	45.1906	5.0576	0.1207	0.1421	0.0000	6.8000
dPolE	578.560	90.000	73.8506	1.0000	0.0000	6.8000
uR	578.560	90.000	0.0116	1.0000	0.0000	6.8000
E	580.174	90.000	45.2267	5.3916	0.1202	0.1412	0.0000	6.8000
dPolE	580.174	90.000	70.9774	1.0000	0.0000	6.8000
uR	580.174	90.000	0.0122	1.0000	0.0000	6.8000
E	581.787	90.000	45.2687	4.9790	0.1175	0.1378	0.0000	6.8000
dPolE	581.787	90.000	71.8981	1.0000	0.0000	6.8000
uR	581.787	90.000	0.0122	1.0000	0.0000	6.8000
E	583.400	90.000	44.7800	4.9217	0.1244	0.1457	0.0000	6.8000
dPolE	583.400	90.000	71.8520	1.0000	0.0000	6.8000
uR	583.400	90.000	0.0121	1.0000	0.0000	6.8000
E	585.014	90.000	44.9334	4.8182	0.1140	0.1337	0.0000	6.8000
dPolE	585.014	90.000	71.6763	1.0000	0.0000	6.8000
uR	585.014	90.000	0.0119	1.0000	0.0000	6.8000
E	586.627	90.000	45.2867	5.2925	0.1135	0.1332	0.0000	6.8000
dPolE	586.627	90.000	71.2287	1.0000	0.0000	6.8000
uR	586.627	90.000	0.0120	1.0000	0.0000	6.8000
E	588.240	90.000	45.2721	5.0104	0.1134	0.1326	0.0000	6.8000
dPolE	588.240	90.000	72.4717	1.0000	0.0000	6.8000
uR	588.240	90.000	0.0119	1.0000	0.0000	6.8000
E	589.853	90.000	44.7462	5.3290	0.1158	0.1351	0.0000	6.8000
dPolE	589.853	90.000	71.3142	1.0000	0.0000	6.8000
uR	589.853	90.000	0.0119	1.0000	0.0000	6.8000
E	591.466	90.000	44.7291	5.1902	0.1156	0.1340	0.0000	6.8000
dPolE	591.466	90.000	71.0904	1.0000	0.0000	6.8000
uR	591.466	90.000	0.0121	1.0000	0.0000	6.8000
E	593.079	90.000	45.1538	5.0554	0.1183	0.1364	0.0000	6.8000
dPolE	593.079	90.000	69.7019	1.0000	0.0000	6.8000
uR	593.079	90.000	0.0122	1.0000	0.0000	6.8000
E	594.692	90.000	45.1665	5.0192	0.1226	0.1400	0.0000	6.8000
dPolE	594.692	90.000	69.0865	1.0000	0.0000	6.8000
uR	594.692	90.000	0.0124	1.0000	0.0000	6.8000
E	596.305	90.000	44.9047	4.6645	0.1255	0.1420	0.0000	6.8000
dPolE	596.305	90.000	71.5214	1.0000	0.0000	6.8000
uR	596.305	90.000	0.0120	1.0000	0.0000	6.8000
E	597.918	90.000	44.8282	5.0136	0.1189	0.1338	0.0000	6.8000
dPolE	597.918	90.000	73.8945	1.0000	0.0000	6.8000
uR	597.918	90.000	0.0119	1.0000	0.0000	6.8000
E	599.530	90.000	45.2421	4.6695	0.1210	0.1351	0.0000	6.8000
dPolE	599.530	90.000	69.3119	1.0000	0.0000	6.8000
uR	599.530	90.000	0.0125	1.0000	0.0000	6.8000
E	601.143	90.000	44.9211	4.4264	0.1229	0.1365	0.0000	6.8000
dPolE	601.143	90.000	70.2541	1.0000	0.0000	6.8000
uR	601.143	90.000	0.0122	1.0000	0.0000	6.8000
E	602.755	90.000	45.1356	4.7527	0.1234	0.1366	0.0000	6.8000
dPolE	602.755	90.000	70.2283	1.0000	0.0000	6.8000
uR	602.755	90.000	0.0122	1.0000	0.0000	6.8000
E	604.368	90.000	45.0531	4.6666	0.1306	0.1440	0.0000	6.8000
dPolE	604.368	90.000	70.7416	1.0000	0.0000	6.8000
uR	604.368	90.000	0.0123	1.0000	0.0000	6.8000
E	605.981	90.000	44.8814	4.6291	0.1308	0.1442	0.0000	6.8000
dPolE	605.981	90.000	69.8979	1.0000	0.0000	6.8000
uR	605.981	90.000	0.0125	1.0000	0.0000	6.8000
E	607.593	90.000	44.9532	3.9727	0.1288	0.1418	0.0000	6.8000
dPolE	607.593	90.000	69.8054	1.0000	0.0000	6.8000
uR	607.593	90.000	0.0122	1.0000	0.0000	6.8000
E	609.205	90.000	45.0273	4.4663	0.1353	0.1490	0.0000	6.8000
dPolE	609.205	90.000	68.9966	1.0000	0.0000	6.8000
uR	609.205	90.000	0.0121	1.0000	0.0000	6.8000
E	610.818	90.000	45.4037	4.3541	0.1216	0.1340	0.0000	6.8000
dPolE	610.818	90.000	72.3020	1.0000	0.0000	6.8000
uR	610.818	90.000	0.0123	1.0000	0.0000	6.8000
E	612.430	90.000	44.8826	4.6741	0.1303	0.1434	0.0000	6.8000
dPolE	612.430	90.000	68.3274	1.0000	0.0000	6.8000
uR	612.430	90.000	0.0125	1.0000	0.0000	6.8000
E	614.042	90.000	44.6212	4.7875	0.1211	0.1330	0.0000	6.8000
dPolE	614.042	90.000	70.9765	1.0000	0.0000	6.8000
uR	614.042	90.000	0.0123	1.0000	0.0000	6.8000
E	615.654	90.000	45.1557	4.5291	0.1349	0.1473	0.0000	6.8000
dPolE	615.654	90.000	65.5866	1.0000	0.0000	6.8000
uR	615.654	90.000	0.0125	1.0000	0.0000	6.8000
E	617.266	90.000	45.1649	4.2143	0.1249	0.1355	0.0000	6.8000
dPolE	617.266	90.000	68.2761	1.0000	0.0000	6.8000
uR	617.266	90.000	0.0126	1.0000	0.0000	6.8000
E	618.878	90.000	44.6890	4.3543	0.1322	0.1426	0.0000	6.8000
dPolE	618.878	90.000	69.2747	1.0000	0.0000	6.8000
uR	618.878	90.000	0.0123	1.0000	0.0000	6.8000
E	620.490	90.000	44.8897	4.5543	0.1258	0.1348	0.0000	6.8000
dPolE	620.490	90.000	66.1925	1.0000	0.0000	6.8000
uR	620.490	90.000	0.0123	1.0000	0.0000	6.8000
E	622.102	90.000	45.1047	4.1442	0.1308	0.1390	0.0000	6.8000
dPolE	622.102	90.000	67.1127	1.0000	0.0000	6.8000
uR	622.102	90.000	0.0123	1.0000	0.0000	6.8000
E	623.714	90.000	45.3002	4.1015	0.1266	0.1335	0.0000	6.8000
dPolE	623.714	90.000	66.2576	1.0000	0.0000	6.8000
uR	623.714	90.000	0.0122	1.0000	0.0000	6.8000
E	625.325	90.000	45.0544	4.4089	0.1335	0.1399	0.0000	6.8000
dPolE	625.325	90.000	68.1979	1.0000	0.0000	6.8000
uR	625.325	90.000	0.0125	1.0000	0.0000	6.8000
E	626.937	90.000	45.4181	3.7684	0.1354	0.1410	0.0000	6.8000
dPolE	626.937	90.000	65.5717	1.0000	0.0000	6.8000
uR	626.937	90.000	0.0125	1.0000	0.0000	6.8000
E	628.548	90.000	44.5359	4.5697	0.1318	0.1371	0.0000	6.8000
dPolE	628.548	90.000	68.2300	1.0000	0.0000	6.8000
uR	628.548	90.000	0.0121	1.0000	0.0000	6.8000
E	630.160	90.000	45.3973	4.0931	0.1435	0.1485	0.0000	6.8000
dPolE	630.160	90.000	65.4403	1.0000	0.0000	6.8000
uR	630.160	90.000	0.0123	1.0000	0.0000	6.8000
E	631.771	90.000	45.2937	3.9066	0.1360	0.1406	0.0000	6.8000
dPolE	631.771	90.000	65.8619	1.0000	0.0000	6.8000
uR	631.771	90.000	0.0125	1.0000	0.0000	6.8000
E	633.383	90.000	44.7177	3.7663	0.1295	0.1337	0.0000	6.8000
dPolE	633.383	90.000	67.6035	1.0000	0.0000	6.8000
uR	633.383	90.000	0.0125	1.0000	0.0000	6.8000
E	634.994	90.000	45.4033	4.2996	0.1405	0.1452	0.0000	6.8000
dPolE	634.994	90.000	64.1087	1.0000	0.0000	6.8000
uR	634.994	90.000	0.0125	1.0000	0.0000	6.8000
E	636.605	90.000	44.8110	3.7839	0.1368	0.1412	0.0000	6.8000
dPolE	636.605	90.000	67.1351	1.0000	0.0000	6.8000
uR	636.605	90.000	0.0125	1.0000	0.0000	6.8000
E	638.216	90.000	44.8676	4.1428	0.1357	0.1401	0.0000	6.8000
dPolE	638.216	90.000	67.9985	1.0000	0.0000	6.8000
uR	638.216	90.000	0.0125	1.0000	0.0000	6.8000
E	639.827	90.000	45.0630	3.9236	0.1478	0.1522	0.0000	6.8000
dPolE	639.827	90.000	67.2140	1.0000	0.0000	6.8000
uR	639.827	90.000	0.0125	1.0000	0.0000	6.8000
E	641.438	90.000	44.6718	4.0605	0.1369	0.1406	0.0000	6.8000
dPolE	641.438	90.000	70.0857	1.0000	0.0000	6.8000
uR	641.438	90.000	0.0122	1.0000	0.0000	6.8000
E	643.049	90.000	44.9815	4.0681	0.1511	0.1547	0.0000	6.8000
dPolE	643.049	90.000	65.7091	1.0000	0.0000	6.8000
uR	643.049	90.000	0.0122	1.0000	0.0000	6.8000
E	644.660	90.000	44.9654	4.0676	0.1464	0.1492	0.0000	6.8000
dPolE	644.660	90.000	66.7785	1.0000	0.0000	6.8000
uR	644.660	90.000	0.0120	1.0000	0.0000	6.8000
E	646.271	90.000	45.2013	3.5486	0.1454	0.1470	0.0000	6.8000
dPolE	646.271	90.000	68.3617	1.0000	0.0000	6.8000
uR	646.271	90.000	0.0120	1.0000	0.0000	6.8000
E	647.881	90.000	45.0575	3.4359	0.1452	0.1459	0.0000	6.8000
dPolE	647.881	90.000	64.4664	1.0000	0.0000	6.8000
uR	647.881	90.000	0.0124	1.0000	0.0000	6.8000
E	649.492	90.000	44.7742	3.6462	0.1501	0.1497	0.0000	6.8000
dPolE	649.492	90.000	63.4180	1.0000	0.0000	6.8000
uR	649.492	90.000	0.0124	1.0000	0.0000	6.8000
E	651.103	90.000	44.6198	4.0187	0.1504	0.1491	0.0000	6.8000
dPolE	651.103	90.000	65.0631	1.0000	0.0000	6.8000
uR	651.103	90.000	0.0122	1.0000	0.0000	6.8000
E	652.713	90.000	44.8503	3.6508	0.1429	0.1407	0.0000	6.8000
dPolE	652.713	90.000	66.7056	1.0000	0.0000	6.8000
uR	652.713	90.000	0.0125	1.0000	0.0000	6.8000
E	654.323	90.000	45.3697	3.4746	0.1450	0.1418	0.0000	6.8000
dPolE	654.323	90.000	65.9268	1.0000	0.0000	6.8000
uR	654.323	90.000	0.0126	1.0000	0.0000	6.8000
E	655.934	90.000	45.2396	3.2424	0.1518	0.1479	0.0000	6.8000
dPolE	655.934	90.000	65.8902	1.0000	0.0000	6.8000
uR	655.934	90.000	0.0125	1.0000	0.0000	6.8000
E	657.544	90.000	45.1404	3.6634	0.1534	0.1490	0.0000	6.8000
dPolE	657.544	90.000	66.7658	1.0000	0.0000	6.8000
uR	657.544	90.000	0.0124	1.0000	0.0000	6.8000
E	659.154	90.000	45.0010	3.2033	0.1508	0.1461	0.0000	6.8000
dPolE	659.154	90.000	65.3897	1.0000	0.0000	6.8000
uR	659.154	90.000	0.0126	1.0000	0.0000	6.8000
E	660.764	90.000	44.0208	3.9399	0.1581	0.1532	0.0000	6.8000
dPolE	660.764	90.000	65.8928	1.0000	0.0000	6.8000
uR	660.764	90.000	0.0129	1.0000	0.0000	6.8000
E	662.374	90.000	45.3729	3.7304	0.1575	0.1524	0.0000	6.8000
dPolE	662.374	90.000	67.4970	1.0000	0.0000	6.8000
uR	662.374	90.000	0.0124	1.0000	0.0000	6.8000
E	663.984	90.000	45.2608	3.9559	0.1567	0.1516	0.0000	6.8000
dPolE	663.984	90.000	66.5466	1.0000	0.0000	6.8000
uR	663.984	90.000	0.0125	1.0000	0.0000	6.8000
E	665.594	90.000	45.3365	3.0911	0.1499	0.1446	0.0000	6.8000
dPolE	665.594	90.000	67.7784	1.0000	0.0000	6.8000
uR	665.594	90.000	0.0125	1.0000	0.0000	6.8000
E	667.204	90.000	44.9806	3.5981	0.1442	0.1394	0.0000	6.8000
dPolE	667.204	90.000	66.2197	1.0000	0.0000	6.8000
uR	667.204	90.000	0.0125	1.0000	0.0000	6.8000
E	668.813	90.000	44.9213	3.2742	0.1547	0.1490	0.0000	6.8000
dPolE	668.813	90.000	62.1661	1.0000	0.0000	6.8000
uR	668.813	90.000	0.0125	1.0000	0.0000	6.8000
E	670.423	90.000	44.9894	3.3251	0.1516	0.1457	0.0000	6.8000
dPolE	670.423	90.000	64.4846	1.0000	0.0000	6.8000
uR	670.423	90.000	0.0123	1.0000	0.0000	6.8000
E	672.032	90.000	44.6103	3.0399	0.1551	0.1487	0.0000	6.8000
dPolE	672.032	90.000	63.0505	1.0000	0.0000	6.8000
uR	672.032	90.000	0.0126	1.0000	0.0000	6.8000
E	673.642	90.000	45.0500	3.6079	0.1618	0.1549	0.0000	6.8000
dPolE	673.642	90.000	61.1490	1.0000	0.0000	6.8000
uR	673.642	90.000	0.0125	1.0000	0.0000	6.8000
E	675.251	90.000	44.9993	3.1148	0.1444	0.1374	0.0000	6.8000
dPolE	675.251	90.000	66.2946	1.0000	0.0000	6.8000
uR	675.251	90.000	0.0123	1.0000	0.0000	6.8000
E	676.860	90.000	45.3411	3.1644	0.1581	0.1497	0.0000	6.8000
dPolE	676.860	90.000	63.8912	1.0000	0.0000	6.8000
uR	676.860	90.000	0.0124	1.0000	0.0000	6.8000
E	678.469	90.000	44.4672	3.3429	0.1618	0.1522	0.0000	6.8000
dPolE	678.469	90.000	63.6394	1.0000	0.0000	6.8000
uR	678.469	90.000	0.0122	1.0000	0.0000	6.8000
E	680.079	90.000	44.6595	3.5483	0.1631	0.1527	0.0000	6.8000
dPolE	680.079	90.000	64.4348	1.0000	0.0000	6.8000
uR	680.079	90.000	0.0120	1.0000	0.0000	6.8000
E	681.688	90.000	45.1781	3.2327	0.1506	0.1399	0.0000	6.8000
dPolE	681.688	90.000	65.6356	1.0000	0.0000	6.8000
uR	681.688	90.000	0.0120	1.0000	0.0000	6.8000
E	683.296	90.000	44.9070	3.3559	0.1607	0.1484	0.0000	6.8000
dPolE	683.296	90.000	59.3242	1.0000	0.0000	6.8000
uR	683.296	90.000	0.0123	1.0000	0.0000	6.8000
E	684.905	90.000	44.9427	2.8733	0.1558	0.1428	0.0000	6.8000
dPolE	684.905	90.000	60.4313	1.0000	0.0000	6.8000
uR	684.905	90.000	0.0119	1.0000	0.0000	6.8000
E	686.514	90.000	44.6616	2.8502	0.1581	0.1441	0.0000	6.8000
dPolE	686.514	90.000	60.7484	1.0000	0.0000	6.8000
uR	686.514	90.000	0.0118	1.0000	0.0000	6.8000
E	688.123	90.000	44.9672	2.7065	0.1491	0.1353	0.0000	6.8000
dPolE	688.123	90.000	60.4426	1.0000	0.0000	6.8000
uR	688.123	90.000	0.0122	1.0000	0.0000	6.8000
E	689.731	90.000	45.3272	2.8329	0.1579	0.1429	0.0000	6.8000
dPolE	689.731	90.000	53.9354	1.0000	0.0000	6.8000
uR	689.731	90.000	0.0125	1.0000	0.0000	6.8000
E	691.340	90.000	44.5716	2.7134	0.1516	0.1368	0.0000	6.8000
dPolE	691.340	90.000	61.7379	1.0000	0.0000	6.8000
uR	691.340	90.000	0.0123	1.0000	0.0000	6.8000
E	692.948	90.000	45.3801	3.0168	0.1615	0.1456	0.0000	6.8000
dPolE	692.948	90.000	54.8273	1.0000	0.0000	6.8000
uR	692.948	90.000	0.0129	1.0000	0.0000	6.8000
E	694.556	90.000	44.5141	3.6125	0.1609	0.1453	0.0000	6.8000
dPolE	694.556	90.000	62.5207	1.0000	0.0000	6.8000
uR	694.556	90.000	0.0125	1.0000	0.0000	6.8000
E	696.164	90.000	44.9782	2.8131	0.1643	0.1479	0.0000	6.8000
dPolE	696.164	90.000	63.5402	1.0000	0.0000	6.8000
uR	696.164	90.000	0.0124	1.0000	0.0000	6.8000
E	697.772	90.000	45.1798	2.7992	0.1758	0.1582	0.0000	6.8000
dPolE	697.772	90.000	62.2122	1.0000	0.0000	6.8000
uR	697.772	90.000	0.0126	1.0000	0.0000	6.8000
E	699.380	90.000	44.9406	3.4509	0.1760	0.1588	0.0000	6.8000
dPolE	699.380	90.000	65.1484	1.0000	0.0000	6.8000
uR	699.380	90.000	0.0124	1.0000	0.0000	6.8000
E	700.988	90.000	44.7106	3.3211	0.1811	0.1630	0.0000	6.8000
dPolE	700.988	90.000	62.8593	1.0000	0.0000	6.8000
uR	700.988	90.000	0.0127	1.0000	0.0000	6.8000
E	702.596	90.000	45.2492	3.4610	0.1786	0.1605	0.0000	6.8000
dPolE	702.596	90.000	67.4182	1.0000	0.0000	6.8000
uR	702.596	90.000	0.0121	1.0000	0.0000	6.8000
E	704.204	90.000	44.6562	3.3641	0.1858	0.1667	0.0000	6.8000
dPolE	704.204	90.000	67.0781	1.0000	0.0000	6.8000
uR	704.204	90.000	0.0119	1.0000	0.0000	6.8000
E	705.811	90.000	44.9129	2.6522	0.1830	0.1629	0.0000	6.8000
dPolE	705.811	90.000	67.5726	1.0000	0.0000	6.8000
uR	705.811	90.000	0.0121	1.0000	0.0000	6.8000
E	707.419	90.000	45.0232	2.8875	0.1900	0.1690	0.0000	6.8000
dPolE	707.419	90.000	66.9352	1.0000	0.0000	6.8000
uR	707.419	90.000	0.0123	1.0000	0.0000	6.8000
E	709.026	90.000	45.1171	2.4896	0.1830	0.1619	0.0000	6.8000
dPolE	709.026	90.000	63.5533	1.0000	0.0000	6.8000
uR	709.026	90.000	0.0122	1.0000	0.0000	6.8000
E	710.634	90.000	45.3331	2.6541	0.1673	0.1475	0.0000	6.8000
dPolE	710.634	90.000	62.2329	1.0000	0.0000	6.8000
uR	710.634	90.000	0.0127	1.0000	0.0000	6.8000
E	712.241	90.000	45.0810	2.5311	0.1819	0.1595	0.0000	6.8000
dPolE	712.241	90.000	62.7474	1.0000	0.0000	6.8000
uR	712.241	90.000	0.0136	1.0000	0.0000	6.8000
E	713.848	90.000	45.4543	2.6815	0.2121	0.1849	0.0000	6.8000
dPolE	713.848	90.000	64.1876	1.0000	0.0000	6.8000
uR	713.848	90.000	0.0136	1.0000	0.0000	6.8000
E	715.455	90.000	45.0087	3.4835	0.2077	0.1805	0.0000	6.8000
dPolE	715.455	90.000	73.1237	1.0000	0.0000	6.8000
uR	715.455	90.000	0.0109	1.0000	0.0000	6.8000
E	717.062	90.000	44.5546	3.0863	0.2025	0.1750	0.0000	6.8000
dPolE	717.062	90.000	71.3620	1.0000	0.0000	6.8000
uR	717.062	90.000	0.0103	1.0000	0.0000	6.8000
E	718.669	90.000	45.1653	3.1001	0.1897	0.1632	0.0000	6.8000
dPolE	718.669	90.000	67.5303	1.0000	0.0000	6.8000
uR	718.669	90.000	0.0110	1.0000	0.0000	6.8000
E	720.276	90.000	45.3614	3.1399	0.1913	0.1639	0.0000	6.8000
dPolE	720.276	90.000	69.0664	1.0000	0.0000	6.8000
uR	720.276	90.000	0.0119	1.0000	0.0000	6.8000
E	721.882	90.000	45.6093	2.3178	0.1996	0.1696	0.0000	6.8000
dPolE	721.882	90.000	68.1161	1.0000	0.0000	6.8000
uR	721.882	90.000	0.0125	1.0000	0.0000	6.8000
E	723.489	90.000	45.4581	2.5152	0.2191	0.1854	0.0000	6.8000
dPolE	723.489	90.000	62.0899	1.0000	0.0000	6.8000
uR	723.489	90.000	0.0126	1.0000	0.0000	6.8000
E	725.095	90.000	44.7680	2.8451	0.2087	0.1765	0.0000	6.8000
dPolE	725.095	90.000	68.9051	1.0000	0.0000	6.8000
uR	725.095	90.000	0.0119	1.0000	0.0000	6.8000
E	726.701	90.000	45.4764	2.1324	0.2080	0.1749	0.0000	6.8000
dPolE	726.701	90.000	69.2786	1.0000	0.0000	6.8000
uR	726.701	90.000	0.0115	1.0000	0.0000	6.8000
E	728.308	90.000	45.1321	2.6921	0.2131	0.1793	0.0000	6.8000
dPolE	728.308	90.000	68.9776	1.0000	0.0000	6.8000
uR	728.308	90.000	0.0114	1.0000	0.0000	6.8000
E	729.914	90.000	44.9673	2.7971	0.2048	0.1719	0.0000	6.8000
dPolE	729.914	90.000	65.0639	1.0000	0.0000	6.8000
uR	729.914	90.000	0.0117	1.0000	0.0000	6.8000
E	731.520	90.000	45.3472	2.7227	0.1997	0.1677	0.0000	6.8000
dPolE	731.520	90.000	61.9561	1.0000	0.0000	6.8000
uR	731.520	90.000	0.0119	1.0000	0.0000	6.8000
E	733.126	90.000	44.7095	2.1588	0.1893	0.1587	0.0000	6.8000
dPolE	733.126	90.000	61.6324	1.0000	0.0000	6.8000
uR	733.126	90.000	0.0120	1.0000	0.0000	6.8000
E	734.732	90.000	45.0028	2.4808	0.2006	0.1682	0.0000	6.8000
dPolE	734.732	90.000	57.6441	1.0000	0.0000	6.8000
uR	734.732	90.000	0.0126	1.0000	0.0000	6.8000
E	736.337	90.000	45.2701	2.7821	0.1934	0.1622	0.0000	6.8000
dPolE	736.337	90.000	65.0606	1.0000	0.0000	6.8000
uR	736.337	90.000	0.0125	1.0000	0.0000	6.8000
E	737.943	90.000	45.1361	3.1691	0.1965	0.1651	0.0000	6.8000
dPolE	737.943	90.000	63.7163	1.0000	0.0000	6.8000
uR	737.943	90.000	0.0125	1.0000	0.0000	6.8000
E	739.548	90.000	44.7753	2.4691	0.2001	0.1670	0.0000	6.8000
dPolE	739.548	90.000	60.9679	1.0000	0.0000	6.8000
uR	739.548	90.000	0.0123	1.0000	0.0000	6.8000
E	741.154	90.000	45.1349	2.4328	0.1900	0.1585	0.0000	6.8000
dPolE	741.154	90.000	62.0063	1.0000	0.0000	6.8000
uR	741.154	90.000	0.0124	1.0000	0.0000	6.8000
E	742.759	90.000	44.7608	2.0895	0.2028	0.1685	0.0000	6.8000
dPolE	742.759	90.000	56.4799	1.0000	0.0000	6.8000
uR	742.759	90.000	0.0129	1.0000	0.0000	6.8000
E	744.364	90.000	45.1404	2.9773	0.2086	0.1732	0.0000	6.8000
dPolE	744.364	90.000	61.1622	1.0000	0.0000	6.8000
uR	744.364	90.000	0.0126	1.0000	0.0000	6.8000
E	745.969	90.000	45.2892	2.3745	0.2078	0.1714	0.0000	6.8000
dPolE	745.969	90.000	64.1328	1.0000	0.0000	6.8000
uR	745.969	90.000	0.0125	1.0000	0.0000	6.8000
E	747.574	90.000	44.8431	2.2386	0.2236	0.1837	0.0000	6.8000
dPolE	747.574	90.000	64.7538	1.0000	0.0000	6.8000
uR	747.574	90.000	0.0120	1.0000	0.0000	6.8000
E	749.179	90.000	45.1969	2.6875	0.2028	0.1661	0.0000	6.8000
dPolE	749.179	90.000	67.2941	1.0000	0.0000	6.8000
uR	749.179	90.000	0.0119	1.0000	0.0000	6.8000
E	750.784	90.000	44.0929	2.4470	0.2264	0.1845	0.0000	6.8000
dPolE	750.784	90.000	63.2672	1.0000	0.0000	6.8000
uR	750.784	90.000	0.0119	1.0000	0.0000	6.8000
E	752.388	90.000	44.5105	2.2084	0.2202	0.1783	0.0000	6.8000
dPolE	752.388	90.000	63.8562	1.0000	0.0000	6.8000
uR	752.388	90.000	0.0123	1.0000	0.0000	6.8000
E	753.993	90.000	44.6929	3.0755	0.2136	0.1727	0.0000	6.8000
dPolE	753.993	90.000	66.1720	1.0000	0.0000	6.8000
uR	753.993	90.000	0.0125	1.0000	0.0000	6.8000
E	755.597	90.000	44.4402	2.4552	0.2253	0.1807	0.0000	6.8000
dPolE	755.597	90.000	63.7533	1.0000	0.0000	6.8000
uR	755.597	90.000	0.0127	1.0000	0.0000	6.8000
E	757.202	90.000	45.0084	2.1293	0.2150	0.1718	0.0000	6.8000
dPolE	757.202	90.000	63.6978	1.0000	0.0000	6.8000
uR	757.202	90.000	0.0128	1.0000	0.0000	6.8000
E	758.806	90.000	45.1211	2.1701	0.2148	0.1705	0.0000	6.8000
dPolE	758.806	90.000	62.0493	1.0000	0.0000	6.8000
uR	758.806	90.000	0.0129	1.0000	0.0000	6.8000
E	760.410	90.000	45.3517	2.6412	0.2101	0.1666	0.0000	6.8000
dPolE	760.410	90.000	58.5976	1.0000	0.0000	6.8000
uR	760.410	90.000	0.0130	1.0000	0.0000	6.8000
E	762.014	90.000	44.9206	2.1667	0.1915	0.1506	0.0000	6.8000
dPolE	762.014	90.000	57.7855	1.0000	0.0000	6.8000
uR	762.014	90.000	0.0129	1.0000	0.0000	6.8000
E	763.618	90.000	44.9332	2.4428	0.1714	0.1348	0.0000	6.8000
dPolE	763.618	90.000	44.1810	1.0000	0.0000	6.8000
uR	763.618	90.000	0.0137	1.0000	0.0000	6.8000
E	765.221	90.000	44.8088	2.5454	0.1629	0.1279	0.0000	6.8000
dPolE	765.221	90.000	46.1673	1.0000	0.0000	6.8000
uR	765.221	90.000	0.0133	1.0000	0.0000	6.8000
E	766.825	90.000	45.3502	2.2216	0.1657	0.1297	0.0000	6.8000
dPolE	766.825	90.000	42.3238	1.0000	0.0000	6.8000
uR	766.825	90.000	0.0132	1.0000	0.0000	6.8000
E	768.429	90.000	44.9683	2.4477	0.2062	0.1611	0.0000	6.8000
dPolE	768.429	90.000	54.1104	1.0000	0.0000	6.8000
uR	768.429	90.000	0.0128	1.0000	0.0000	6.8000
E	770.032	90.000	44.5295	1.8974	0.2155	0.1679	0.0000	6.8000
dPolE	770.032	90.000	63.4195	1.0000	0.0000	6.8000
uR	770.032	90.000	0.0132	1.0000	0.0000	6.8000
E	771.635	90.000	45.3606	1.8353	0.2436	0.1897	0.0000	6.8000
dPolE	771.635	90.000	59.5756	1.0000	0.0000	6.8000
uR	771.635	90.000	0.0138	1.0000	0.0000	6.8000
E	773.238	90.000	44.3782	1.8465	0.2419	0.1883	0.0000	6.8000
dPolE	773.238	90.000	64.5620	1.0000	0.0000	6.8000
uR	773.238	90.000	0.0132	1.0000	0.0000	6.8000
E	774.841	90.000	44.8138	1.0561	0.2570	0.1996	0.0000	6.8000
dPolE	774.841	90.000	69.2846	1.0000	0.0000	6.8000
uR	774.841	90.000	0.0126	1.0000	0.0000	6.8000
E	776.444	90.000	45.1612	2.0050	0.2602	0.2024	0.0000	6.8000
dPolE	776.444	90.000	72.3947	1.0000	0.0000	6.8000
uR	776.444	90.000	0.0127	1.0000	0.0000	6.8000
E	778.047	90.000	45.7950	1.1771	0.2701	0.2089	0.0000	6.8000
dPolE	778.047	90.000	75.7304	1.0000	0.0000	6.8000
uR	778.047	90.000	0.0114	1.0000	0.0000	6.8000
E	779.650	90.000	46.2926	2.0638	0.2618	0.2030	0.0000	6.8000
dPolE	779.650	90.000	75.7590	1.0000	0.0000	6.8000
uR	779.650	90.000	0.0117	1.0000	0.0000	6.8000
E	781.252	90.000	44.5451	2.5725	0.2653	0.2062	0.0000	6.8000
dPolE	781.252	90.000	73.7986	1.0000	0.0000	6.8000
uR	781.252	90.000	0.0120	1.0000	0.0000	6.8000
E	782.855	90.000	45.0733	2.4698	0.2557	0.1980	0.0000	6.8000
dPolE	782.855	90.000	79.7490	1.0000	0.0000	6.8000
uR	782.855	90.000	0.0117	1.0000	0.0000	6.8000
E	784.457	90.000	45.6027	2.8814	0.2728	0.2115	0.0000	6.8000
dPolE	784.457	90.000	72.4411	1.0000	0.0000	6.8000
uR	784.457	90.000	0.0125	1.0000	0.0000	6.8000
E	786.059	90.000	45.0537	2.0137	0.2683	0.2065	0.0000	6.8000
dPolE	786.059	90.000	74.2932	1.0000	0.0000	6.8000
uR	786.059	90.000	0.0123	1.0000	0.0000	6.8000
E	787.661	90.000	44.9320	1.7020	0.2662	0.2032	0.0000	6.8000
dPolE	787.661	90.000	70.6263	1.0000	0.0000	6.8000
uR	787.661	90.000	0.0121	1.0000	0.0000	6.8000
E	789.263	90.000	44.9887	1.8597	0.2348	0.1794	0.0000	6.8000
dPolE	789.263	90.000	72.4113	1.0000	0.0000	6.8000
uR	789.263	90.000	0.0118	1.0000	0.0000	6.8000
E	790.865	90.000	45.0032	2.0671	0.2340	0.1780	0.0000	6.8000
dPolE	790.865	90.000	62.9265	1.0000	0.0000	6.8000
uR	790.865	90.000	0.0127	1.0000	0.0000	6.8000
E	792.467	90.000	45.2057	1.5426	0.2692	0.2039	0.0000	6.8000
dPolE	792.467	90.000	65.9211	1.0000	0.0000	6.8000
uR	792.467	90.000	0.0118	1.0000	0.0000	6.8000
E	794.068	90.000	45.5059	2.1108	0.2455	0.1852	0.0000	6.8000
dPolE	794.068	90.000	71.5348	1.0000	0.0000	6.8000
uR	794.068	90.000	0.0120	1.0000	0.0000	6.8000
E	795.670	90.000	45.2828	3.0970	0.2585	0.1951	0.0000	6.8000
dPolE	795.670	90.000	69.0442	1.0000	0.0000	6.8000
uR	795.670	90.000	0.0127	1.0000	0.0000	6.8000
E	797.271	90.000	44.4312	1.6464	0.2437	0.1822	0.0000	6.8000
dPolE	797.271	90.000	67.6061	1.0000	0.0000	6.8000
uR	797.271	90.000	0.0131	1.0000	0.0000	6.8000
E	798.872	90.000	45.3560	2.0609	0.2559	0.1907	0.0000	6.8000
dPolE	798.872	90.000	57.3230	1.0000	0.0000	6.8000
uR	798.872	90.000	0.0138	1.0000	0.0000	6.8000
E	800.473	90.000	45.2427	2.3423	0.2519	0.1875	0.0000	6.8000
dPolE	800.473	90.000	65.4899	1.0000	0.0000	6.8000
uR	800.473	90.000	0.0130	1.0000	0.0000	6.8000
E	802.074	90.000	44.7020	1.8735	0.2739	0.2024	0.0000	6.8000
dPolE	802.074	90.000	68.0215	1.0000	0.0000	6.8000
uR	802.074	90.000	0.0124	1.0000	0.0000	6.8000
E	803.675	90.000	45.2031	1.9876	0.2726	0.2001	0.0000	6.8000
dPolE	803.675	90.000	71.8987	1.0000	0.0000	6.8000
uR	803.675	90.000	0.0127	1.0000	0.0000	6.8000
E	805.276	90.000	44.8318	1.7015	0.2796	0.2045	0.0000	6.8000
dPolE	805.276	90.000	66.8603	1.0000	0.0000	6.8000
uR	805.276	90.000	0.0132	1.0000	0.0000	6.8000
E	806.876	90.000	44.3504	2.0176	0.2562	0.1875	0.0000	6.8000
dPolE	806.876	90.000	70.2294	1.0000	0.0000	6.8000
uR	806.876	90.000	0.0124	1.0000	0.0000	6.8000
E	808.477	90.000	44.3761	1.9122	0.2590	0.1890	0.0000	6.8000
dPolE	808.477	90.000	66.0106	1.0000	0.0000	6.8000
uR	808.477	90.000	0.0130	1.0000	0.0000	6.8000
E	810.077	90.000	44.1966	1.8370	0.2672	0.1943	0.0000	6.8000
dPolE	810.077	90.000	69.0973	1.0000	0.0000	6.8000
uR	810.077	90.000	0.0124	1.0000	0.0000	6.8000
E	811.677	90.000	45.2799	2.1413	0.2584	0.1877	0.0000	6.8000
dPolE	811.677	90.000	64.8297	1.0000	0.0000	6.8000
uR	811.677	90.000	0.0137	1.0000	0.0000	6.8000
E	813.277	90.000	45.4577	2.4576	0.2553	0.1858	0.0000	6.8000
dPolE	813.277	90.000	67.3152	1.0000	0.0000	6.8000
uR	813.277	90.000	0.0125	1.0000	0.0000	6.8000
E	814.877	90.000	45.8678	2.3067	0.2554	0.1854	0.0000	6.8000
dPolE	814.877	90.000	66.8291	1.0000	0.0000	6.8000
uR	814.877	90.000	0.0118	1.0000	0.0000	6.8000
E	816.477	90.000	45.6759	2.6133	0.2677	0.1941	0.0000	6.8000
dPolE	816.477	90.000	62.2398	1.0000	0.0000	6.8000
uR	816.477	90.000	0.0119	1.0000	0.0000	6.8000
E	818.077	90.000	45.3319	1.6069	0.2249	0.1627	0.0000	6.8000
dPolE	818.077	90.000	56.1999	1.0000	0.0000	6.8000
uR	818.077	90.000	0.0117	1.0000	0.0000	6.8000
E	819.676	90.000	44.8855	2.0792	0.1692	0.1224	0.0000	6.8000
dPolE	819.676	90.000	37.1869	1.0000	0.0000	6.8000
uR	819.676	90.000	0.0116	1.0000	0.0000	6.8000
E	821.276	90.000	45.0917	1.7408	0.1078	0.0778	0.0000	6.8000
dPolE	821.276	90.000	20.0373	1.0000	0.0000	6.8000
uR	821.276	90.000	0.0116	1.0000	0.0000	6.8000
E	822.875	90.000	45.1244	1.8409	0.0744	0.0536	0.0000	6.8000
dPolE	822.875	90.000	11.9753	1.0000	0.0000	6.8000
uR	822.875	90.000	0.0132	1.0000	0.0000	6.8000
E	824.474	90.000	45.0287	1.9033	0.0604	0.0435	0.0000	6.8000
dPolE	824.474	90.000	11.1897	1.0000	0.0000	6.8000
uR	824.474	90.000	0.0138	1.0000	0.0000	6.8000
E	826.073	90.000	44.9027	1.8939	0.0687	0.0495	0.0000	6.8000
dPolE	826.073	90.000	12.1669	1.0000	0.0000	6.8000
uR	826.073	90.000	0.0132	1.0000	0.0000	6.8000
E	827.672	90.000	44.9513	1.9791	0.0790	0.0568	0.0000	6.8000
dPolE	827.672	90.000	17.7367	1.0000	0.0000	6.8000
uR	827.672	90.000	0.0127	1.0000	0.0000	6.8000
E	829.271	90.000	44.8679	1.8161	0.0897	0.0643	0.0000	6.8000
dPolE	829.271	90.000	21.6324	1.0000	0.0000	6.8000
uR	829.271	90.000	0.0133	1.0000	0.0000	6.8000
E	830.869	90.000	44.8736	1.8941	0.1175	0.0841	0.0000	6.8000
dPolE	830.869	90.000	26.2145	1.0000	0.0000	6.8000
uR	830.869	90.000	0.0126	1.0000	0.0000	6.8000
E	832.468	90.000	44.7053	1.9022	0.1409	0.1007	0.0000	6.8000
dPolE	832.468	90.000	40.7787	1.0000	0.0000	6.8000
uR	832.468	90.000	0.0121	1.0000	0.0000	6.8000
E	834.066	90.000	44.8226	1.7252	0.1365	0.0972	0.0000	6.8000
dPolE	834.066	90.000	38.8170	1.0000	0.0000	6.8000
uR	834.066	90.000	0.0121	1.0000	0.0000	6.8000
E	835.664	90.000	44.7132	1.9605	0.1369	0.0973	0.0000	6.8000
dPolE	835.664	90.000	38.5146	1.0000	0.0000	6.8000
uR	835.664	90.000	0.0124	1.0000	0.0000	6.8000
E	837.262	90.000	44.9853	2.0781	0.1491	0.1056	0.0000	6.8000
dPolE	837.262	90.000	40.1995	1.0000	0.0000	6.8000
uR	837.262	90.000	0.0128	1.0000	0.0000	6.8000
E	838.860	90.000	44.7855	2.0493	0.1830	0.1291	0.0000	6.8000
dPolE	838.860	90.000	49.1701	1.0000	0.0000	6.8000
uR	838.860	90.000	0.0127	1.0000	0.0000	6.8000
E	840.458	90.000	45.2067	1.8613	0.1849	0.1297	0.0000	6.8000
dPolE	840.458	90.000	54.0887	1.0000	0.0000	6.8000
uR	840.458	90.000	0.0134	1.0000	0.0000	6.8000
E	842.055	90.000	45.0984	1.5432	0.1973	0.1381	0.0000	6.8000
dPolE	842.055	90.000	53.5646	1.0000	0.0000	6.8000
uR	842.055	90.000	0.0144	1.0000	0.0000	6.8000
E	843.653	90.000	44.7494	1.6554	0.2288	0.1596	0.0000	6.8000
dPolE	843.653	90.000	59.6893	1.0000	0.0000	6.8000
uR	843.653	90.000	0.0131	1.0000	0.0000	6.8000
E	845.250	90.000	44.5902	1.5514	0.2718	0.1883	0.0000	6.8000
dPolE	845.250	90.000	67.3394	1.0000	0.0000	6.8000
uR	845.250	90.000	0.0136	1.0000	0.0000	6.8000
E	846.847	90.000	45.1579	1.9560	0.3391	0.2343	0.0000	6.8000
dPolE	846.847	90.000	75.3348	1.0000	0.0000	6.8000
uR	846.847	90.000	0.0121	1.0000	0.0000	6.8000
E	848.444	90.000	46.3212	0.9735	0.3559	0.2445	0.0000	6.8000
dPolE	848.444	90.000	81.9703	1.0000	0.0000	6.8000
uR	848.444	90.000	0.0113	1.0000	0.0000	6.8000
E	850.041	90.000	44.5837	1.6278	0.3328	0.2279	0.0000	6.8000
dPolE	850.041	90.000	84.6641	1.0000	0.0000	6.8000
uR	850.041	90.000	0.0118	1.0000	0.0000	6.8000
E	851.638	90.000	43.8626	2.7008	0.3589	0.2464	0.0000	6.8000
dPolE	851.638	90.000	84.2198	1.0000	0.0000	6.8000
uR	851.638	90.000	0.0118	1.0000	0.0000	6.8000
E	853.234	90.000	46.1637	1.3050	0.3703	0.2516	0.0000	6.8000
dPolE	853.234	90.000	83.8951	1.0000	0.0000	6.8000
uR	853.234	90.000	0.0114	1.0000	0.0000	6.8000
E	854.831	90.000	46.1966	2.0608	0.3791	0.2570	0.0000	6.8000
dPolE	854.831	90.000	79.4476	1.0000	0.0000	6.8000
uR	854.831	90.000	0.0118	1.0000	0.0000	6.8000
E	856.427	90.000	44.3845	1.5408	0.3686	0.2493	0.0000	6.8000
dPolE	856.427	90.000	83.4520	1.0000	0.0000	6.8000
uR	856.427	90.000	0.0114	1.0000	0.0000	6.8000
E	858.023	90.000	44.9096	2.0842	0.3787	0.2560	0.0000	6.8000
dPolE	858.023	90.000	79.9694	1.0000	0.0000	6.8000
uR	858.023	90.000	0.0115	1.0000	0.0000	6.8000
E	859.619	90.000	46.7024	2.2374	0.3850	0.2598	0.0000	6.8000
dPolE	859.619	90.000	77.5744	1.0000	0.0000	6.8000
uR	859.619	90.000	0.0113	1.0000	0.0000	6.8000
E	861.215	90.000	45.1896	1.7741	0.3693	0.2480	0.0000	6.8000
dPolE	861.215	90.000	77.3821	1.0000	0.0000	6.8000
uR	861.215	90.000	0.0114	1.0000	0.0000	6.8000
E	862.811	90.000	46.6813	1.6556	0.3594	0.2416	0.0000	6.8000
dPolE	862.811	90.000	74.8010	1.0000	0.0000	6.8000
uR	862.811	90.000	0.0116	1.0000	0.0000	6.8000
E	864.407	90.000	43.8809	1.8602	0.3382	0.2267	0.0000	6.8000
dPolE	864.407	90.000	77.2552	1.0000	0.0000	6.8000
uR	864.407	90.000	0.0116	1.0000	0.0000	6.8000
E	866.002	90.000	44.7941	1.1215	0.3320	0.2217	0.0000	6.8000
dPolE	866.002	90.000	74.4396	1.0000	0.0000	6.8000
uR	866.002	90.000	0.0117	1.0000	0.0000	6.8000
E	867.597	90.000	45.3808	1.2195	0.3157	0.2110	0.0000	6.8000
dPolE	867.597	90.000	68.2001	1.0000	0.0000	6.8000
uR	867.597	90.000	0.0119	1.0000	0.0000	6.8000
E	869.192	90.000	44.8087	1.8635	0.3200	0.2140	0.0000	6.8000
dPolE	869.192	90.000	67.4767	1.0000	0.0000	6.8000
uR	869.192	90.000	0.0116	1.0000	0.0000	6.8000
E	870.787	90.000	44.6349	1.9429	0.2846	0.1904	0.0000	6.8000
dPolE	870.787	90.000	67.4833	1.0000	0.0000	6.8000
uR	870.787	90.000	0.0117	1.0000	0.0000	6.8000
E	872.382	90.000	46.1748	1.4081	0.2855	0.1905	0.0000	6.8000
dPolE	872.382	90.000	58.3532	1.0000	0.0000	6.8000
uR	872.382	90.000	0.0120	1.0000	0.0000	6.8000
E	873.977	90.000	45.2457	1.7173	0.2590	0.1731	0.0000	6.8000
dPolE	873.977	90.000	53.0424	1.0000	0.0000	6.8000
uR	873.977	90.000	0.0125	1.0000	0.0000	6.8000
E	875.571	90.000	45.1654	1.4211	0.2396	0.1598	0.0000	6.8000
dPolE	875.571	90.000	50.2657	1.0000	0.0000	6.8000
uR	875.571	90.000	0.0124	1.0000	0.0000	6.8000
E	877.166	90.000	44.3224	1.6244	0.1928	0.1286	0.0000	6.8000
dPolE	877.166	90.000	46.0584	1.0000	0.0000	6.8000
uR	877.166	90.000	0.0119	1.0000	0.0000	6.8000
E	878.760	90.000	44.7616	1.7130	0.1465	0.0976	0.0000	6.8000
dPolE	878.760	90.000	25.0666	1.0000	0.0000	6.8000
uR	878.760	90.000	0.0118	1.0000	0.0000	6.8000
E	880.354	90.000	44.9019	1.4637	0.0957	0.0635	0.0000	6.8000
dPolE	880.354	90.000	18.0227	1.0000	0.0000	6.8000
uR	880.354	90.000	0.0121	1.0000	0.0000	6.8000
E	881.948	90.000	44.9196	1.5380	0.0733	0.0485	0.0000	6.8000
dPolE	881.948	90.000	11.5582	1.0000	0.0000	6.8000
uR	881.948	90.000	0.0131	1.0000	0.0000	6.8000
E	883.542	90.000	44.9937	1.4830	0.0748	0.0494	0.0000	6.8000
dPolE	883.542	90.000	12.0047	1.0000	0.0000	6.8000
uR	883.542	90.000	0.0135	1.0000	0.0000	6.8000
E	885.135	90.000	45.1656	1.5087	0.0836	0.0552	0.0000	6.8000
dPolE	885.135	90.000	12.7636	1.0000	0.0000	6.8000
uR	885.135	90.000	0.0126	1.0000	0.0000	6.8000
E	886.729	90.000	44.9350	1.5381	0.1133	0.0746	0.0000	6.8000
dPolE	886.729	90.000	24.4262	1.0000	0.0000	6.8000
uR	886.729	90.000	0.0117	1.0000	0.0000	6.8000
E	888.322	90.000	44.6285	1.5026	0.1392	0.0915	0.0000	6.8000
dPolE	888.322	90.000	33.1300	1.0000	0.0000	6.8000
uR	888.322	90.000	0.0119	1.0000	0.0000	6.8000
E	889.915	90.000	44.7694	1.2905	0.1776	0.1162	0.0000	6.8000
dPolE	889.915	90.000	39.7516	1.0000	0.0000	6.8000
uR	889.915	90.000	0.0115	1.0000	0.0000	6.8000
E	891.508	90.000	44.8637	1.5401	0.1801	0.1175	0.0000	6.8000
dPolE	891.508	90.000	39.9720	1.0000	0.0000	6.8000
uR	891.508	90.000	0.0116	1.0000	0.0000	6.8000
E	893.101	90.000	44.8456	1.4485	0.1609	0.1046	0.0000	6.8000
dPolE	893.101	90.000	35.2615	1.0000	0.0000	6.8000
uR	893.101	90.000	0.0117	1.0000	0.0000	6.8000
E	894.694	90.000	45.0424	1.8338	0.1361	0.0883	0.0000	6.8000
dPolE	894.694	90.000	31.2841	1.0000	0.0000	6.8000
uR	894.694	90.000	0.0123	1.0000	0.0000	6.8000
E	896.286	90.000	44.8743	1.5733	0.1359	0.0877	0.0000	6.8000
dPolE	896.286	90.000	29.8625	1.0000	0.0000	6.8000
uR	896.286	90.000	0.0121	1.0000	0.0000	6.8000
E	897.879	90.000	44.9309	1.5024	0.1452	0.0933	0.0000	6.8000
dPolE	897.879	90.000	27.8428	1.0000	0.0000	6.8000
uR	897.879	90.000	0.0121	1.0000	0.0000	6.8000
E	899.471	90.000	44.7571	1.4677	0.1633	0.1045	0.0000	6.8000
dPolE	899.471	90.000	39.4306	1.0000	0.0000	6.8000
uR	899.471	90.000	0.0117	1.0000	0.0000	6.8000
E	901.063	90.000	45.1280	1.7489	0.1684	0.1074	0.0000	6.8000
dPolE	901.063	90.000	37.0061	1.0000	0.0000	6.8000
uR	901.063	90.000	0.0116	1.0000	0.0000	6.8000
E	902.655	90.000	44.6229	1.5395	0.1654	0.1052	0.0000	6.8000
dPolE	902.655	90.000	35.7454	1.0000	0.0000	6.8000
uR	902.655	90.000	0.0121	1.0000	0.0000	6.8000
E	904.247	90.000	44.8405	1.1646	0.1424	0.0900	0.0000	6.8000
dPolE	904.247	90.000	29.2749	1.0000	0.0000	6.8000
uR	904.247	90.000	0.0132	1.0000	0.0000	6.8000
E	905.838	90.000	44.9888	1.5511	0.1380	0.0873	0.0000	6.8000
dPolE	905.838	90.000	28.8575	1.0000	0.0000	6.8000
uR	905.838	90.000	0.0131	1.0000	0.0000	6.8000
E	907.429	90.000	45.0702	1.3184	0.1653	0.1042	0.0000	6.8000
dPolE	907.429	90.000	29.4870	1.0000	0.0000	6.8000
uR	907.429	90.000	0.0127	1.0000	0.0000	6.8000
E	909.021	90.000	44.9723	1.6168	0.2000	0.1260	0.0000	6.8000
dPolE	909.021	90.000	41.6316	1.0000	0.0000	6.8000
uR	909.021	90.000	0.0118	1.0000	0.0000	6.8000
E	910.612	90.000	44.7659	1.4592	0.2181	0.1364	0.0000	6.8000
dPolE	910.612	90.000	46.0413	1.0000	0.0000	6.8000
uR	910.612	90.000	0.0114	1.0000	0.0000	6.8000
E	912.203	90.000	45.2021	1.4069	0.2001	0.1250	0.0000	6.8000
dPolE	912.203	90.000	37.3464	1.0000	0.0000	6.8000
uR	912.203	90.000	0.0121	1.0000	0.0000	6.8000
E	913.793	90.000	45.0653	1.3581	0.1616	0.1006	0.0000	6.8000
dPolE	913.793	90.000	27.5122	1.0000	0.0000	6.8000
uR	913.793	90.000	0.0129	1.0000	0.0000	6.8000
E	915.384	90.000	44.9976	1.3540	0.1233	0.0767	0.0000	6.8000
dPolE	915.384	90.000	26.2212	1.0000	0.0000	6.8000
uR	915.384	90.000	0.0130	1.0000	0.0000	6.8000
E	916.974	90.000	44.8393	1.4323	0.1192	0.0740	0.0000	6.8000
dPolE	916.974	90.000	19.7571	1.0000	0.0000	6.8000
uR	916.974	90.000	0.0133	1.0000	0.0000	6.8000
E	918.565	90.000	45.0715	1.3360	0.1310	0.0812	0.0000	6.8000
dPolE	918.565	90.000	22.0433	1.0000	0.0000	6.8000
uR	918.565	90.000	0.0127	1.0000	0.0000	6.8000
E	920.155	90.000	44.6903	1.7022	0.1606	0.0995	0.0000	6.8000
dPolE	920.155	90.000	31.4193	1.0000	0.0000	6.8000
uR	920.155	90.000	0.0119	1.0000	0.0000	6.8000
E	921.745	90.000	45.1862	1.2996	0.1984	0.1225	0.0000	6.8000
dPolE	921.745	90.000	42.0809	1.0000	0.0000	6.8000
uR	921.745	90.000	0.0116	1.0000	0.0000	6.8000
E	923.334	90.000	44.7817	1.5660	0.2377	0.1469	0.0000	6.8000
dPolE	923.334	90.000	47.4516	1.0000	0.0000	6.8000
uR	923.334	90.000	0.0120	1.0000	0.0000	6.8000
E	924.924	90.000	44.8935	1.5314	0.2810	0.1733	0.0000	6.8000
dPolE	924.924	90.000	47.8898	1.0000	0.0000	6.8000
uR	924.924	90.000	0.0126	1.0000	0.0000	6.8000
E	926.513	90.000	44.7689	1.1805	0.3088	0.1899	0.0000	6.8000
dPolE	926.513	90.000	61.6695	1.0000	0.0000	6.8000
uR	926.513	90.000	0.0127	1.0000	0.0000	6.8000
E	928.103	90.000	43.4130	1.5813	0.3277	0.2021	0.0000	6.8000
dPolE	928.103	90.000	60.2852	1.0000	0.0000	6.8000
uR	928.103	90.000	0.0128	1.0000	0.0000	6.8000
E	929.692	90.000	44.9263	0.9275	0.3298	0.2021	0.0000	6.8000
dPolE	929.692	90.000	72.5904	1.0000	0.0000	6.8000
uR	929.692	90.000	0.0117	1.0000	0.0000	6.8000
E	931.280	90.000	43.8036	2.1327	0.3579	0.2213	0.0000	6.8000
dPolE	931.280	90.000	70.8392	1.0000	0.0000	6.8000
uR	931.280	90.000	0.0116	1.0000	0.0000	6.8000
E	932.869	90.000	45.0252	1.5016	0.3557	0.2187	0.0000	6.8000
dPolE	932.869	90.000	62.4876	1.0000	0.0000	6.8000
uR	932.869	90.000	0.0126	1.0000	0.0000	6.8000
E	934.458	90.000	44.4167	1.5133	0.3409	0.2088	0.0000	6.8000
dPolE	934.458	90.000	71.2961	1.0000	0.0000	6.8000
uR	934.458	90.000	0.0120	1.0000	0.0000	6.8000
E	936.046	90.000	44.9107	1.4969	0.3478	0.2132	0.0000	6.8000
dPolE	936.046	90.000	69.3504	1.0000	0.0000	6.8000
uR	936.046	90.000	0.0121	1.0000	0.0000	6.8000
E	937.634	90.000	45.7938	1.5559	0.3242	0.1987	0.0000	6.8000
dPolE	937.634	90.000	59.1393	1.0000	0.0000	6.8000
uR	937.634	90.000	0.0125	1.0000	0.0000	6.8000
E	939.222	90.000	44.2058	1.2622	0.3049	0.1865	0.0000	6.8000
dPolE	939.222	90.000	62.1020	1.0000	0.0000	6.8000
uR	939.222	90.000	0.0132	1.0000	0.0000	6.8000
E	940.810	90.000	45.1823	0.7428	0.3447	0.2087	0.0000	6.8000
dPolE	940.810	90.000	60.9960	1.0000	0.0000	6.8000
uR	940.810	90.000	0.0131	1.0000	0.0000	6.8000
E	942.398	90.000	45.2809	1.2232	0.3399	0.2056	0.0000	6.8000
dPolE	942.398	90.000	67.9969	1.0000	0.0000	6.8000
uR	942.398	90.000	0.0119	1.0000	0.0000	6.8000
E	943.985	90.000	44.3744	2.0392	0.3591	0.2193	0.0000	6.8000
dPolE	943.985	90.000	65.5837	1.0000	0.0000	6.8000
uR	943.985	90.000	0.0122	1.0000	0.0000	6.8000
E	945.573	90.000	45.1935	1.6943	0.3476	0.2113	0.0000	6.8000
dPolE	945.573	90.000	71.4170	1.0000	0.0000	6.8000
uR	945.573	90.000	0.0119	1.0000	0.0000	6.8000
E	947.160	90.000	44.5539	2.1436	0.3703	0.2254	0.0000	6.8000
dPolE	947.160	90.000	66.7492	1.0000	0.0000	6.8000
uR	947.160	90.000	0.0114	1.0000	0.0000	6.8000
E	948.747	90.000	45.1277	0.9032	0.3471	0.2090	0.0000	6.8000
dPolE	948.747	90.000	67.2179	1.0000	0.0000	6.8000
uR	948.747	90.000	0.0121	1.0000	0.0000	6.8000
E	950.334	90.000	45.1671	1.3473	0.3420	0.2062	0.0000	6.8000
dPolE	950.334	90.000	62.4778	1.0000	0.0000	6.8000
uR	950.334	90.000	0.0129	1.0000	0.0000	6.8000
E	951.920	90.000	46.0275	0.8238	0.3472	0.2079	0.0000	6.8000
dPolE	951.920	90.000	66.4224	1.0000	0.0000	6.8000
uR	951.920	90.000	0.0115	1.0000	0.0000	6.8000
E	953.507	90.000	45.1059	1.0727	0.3707	0.2215	0.0000	6.8000
dPolE	953.507	90.000	68.2315	1.0000	0.0000	6.8000
uR	953.507	90.000	0.0114	1.0000	0.0000	6.8000
E	955.093	90.000	43.5386	1.2923	0.3649	0.2172	0.0000	6.8000
dPolE	955.093	90.000	73.4555	1.0000	0.0000	6.8000
uR	955.093	90.000	0.0108	1.0000	0.0000	6.8000
E	956.679	90.000	44.8964	0.9611	0.4022	0.2396	0.0000	6.8000
dPolE	956.679	90.000	72.6958	1.0000	0.0000	6.8000
uR	956.679	90.000	0.0112	1.0000	0.0000	6.8000
E	958.265	90.000	47.2024	1.0029	0.4455	0.2649	0.0000	6.8000
dPolE	958.265	90.000	79.6500	1.0000	0.0000	6.8000
uR	958.265	90.000	0.0104	1.0000	0.0000	6.8000
E	959.851	90.000	46.8871	359.6198	0.4573	0.2699	0.0000	6.8000
dPolE	959.851	90.000	80.0819	1.0000	0.0000	6.8000
uR	959.851	90.000	0.0107	1.0000	0.0000	6.8000
E	961.436	90.000	45.1791	0.9885	0.4590	0.2699	0.0000	6.8000
dPolE	961.436	90.000	87.1997	1.0000	0.0000	6.8000
uR	961.436	90.000	0.0097	1.0000	0.0000	6.8000
E	963.022	90.000	46.7295	1.2171	0.4557	0.2685	0.0000	6.8000
dPolE	963.022	90.000	79.0403	1.0000	0.0000	6.8000
uR	963.022	90.000	0.0119	1.0000	0.0000	6.8000
E	964.607	90.000	44.3601	1.4164	0.4811	0.2820	0.0000	6.8000
dPolE	964.607	90.000	76.7584	1.0000	0.0000	6.8000
uR	964.607	90.000	0.0116	1.0000	0.0000	6.8000
E	966.192	90.000	46.1113	1.3060	0.4367	0.2554	0.0000	6.8000
dPolE	966.192	90.000	75.4103	1.0000	0.0000	6.8000
uR	966.192	90.000	0.0119	1.0000	0.0000	6.8000
E	967.777	90.000	44.7237	1.8712	0.4242	0.2472	0.0000	6.8000
dPolE	967.777	90.000	73.1176	1.0000	0.0000	6.8000
uR	967.777	90.000	0.0120	1.0000	0.0000	6.8000
E	969.361	90.000	45.5071	0.1973	0.3942	0.2281	0.0000	6.8000
dPolE	969.361	90.000	71.1157	1.0000	0.0000	6.8000
uR	969.361	90.000	0.0110	1.0000	0.0000	6.8000
E	970.946	90.000	45.2756	1.8478	0.3749	0.2172	0.0000	6.8000
dPolE	970.946	90.000	66.0756	1.0000	0.0000	6.8000
uR	970.946	90.000	0.0116	1.0000	0.0000	6.8000
E	972.530	90.000	45.3966	1.4983	0.3412	0.1974	0.0000	6.8000
dPolE	972.530	90.000	66.4848	1.0000	0.0000	6.8000
uR	972.530	90.000	0.0117	1.0000	0.0000	6.8000
E	974.114	90.000	44.4026	1.1841	0.3303	0.1906	0.0000	6.8000
dPolE	974.114	90.000	55.6973	1.0000	0.0000	6.8000
uR	974.114	90.000	0.0122	1.0000	0.0000	6.8000
E	975.698	90.000	44.3818	1.4906	0.2894	0.1664	0.0000	6.8000
dPolE	975.698	90.000	49.3810	1.0000	0.0000	6.8000
uR	975.698	90.000	0.0120	1.0000	0.0000	6.8000
E	977.282	90.000	44.3576	1.1814	0.2430	0.1391	0.0000	6.8000
dPolE	977.282	90.000	38.6483	1.0000	0.0000	6.8000
uR	977.282	90.000	0.0128	1.0000	0.0000	6.8000
E	978.865	90.000	44.4244	1.3185	0.2197	0.1253	0.0000	6.8000
dPolE	978.865	90.000	26.1918	1.0000	0.0000	6.8000
uR	978.865	90.000	0.0132	1.0000	0.0000	6.8000
E	980.449	90.000	45.1739	1.1445	0.2148	0.1224	0.0000	6.8000
dPolE	980.449	90.000	30.8140	1.0000	0.0000	6.8000
uR	980.449	90.000	0.0130	1.0000	0.0000	6.8000
E	982.032	90.000	44.5899	1.1109	0.2353	0.1344	0.0000	6.8000
dPolE	982.032	90.000	40.0828	1.0000	0.0000	6.8000
uR	982.032	90.000	0.0129	1.0000	0.0000	6.8000
E	983.615	90.000	44.3321	1.4444	0.2830	0.1616	0.0000	6.8000
dPolE	983.615	90.000	38.0222	1.0000	0.0000	6.8000
uR	983.615	90.000	0.0123	1.0000	0.0000	6.8000
E	985.198	90.000	45.2023	1.3930	0.3310	0.1885	0.0000	6.8000
dPolE	985.198	90.000	43.3531	1.0000	0.0000	6.8000
uR	985.198	90.000	0.0126	1.0000	0.0000	6.8000
E	986.780	90.000	45.6839	1.6187	0.3398	0.1941	0.0000	6.8000
dPolE	986.780	90.000	48.8915	1.0000	0.0000	6.8000
uR	986.780	90.000	0.0119	1.0000	0.0000	6.8000
E	988.363	90.000	45.0883	1.1380	0.2860	0.1624	0.0000	6.8000
dPolE	988.363	90.000	50.6120	1.0000	0.0000	6.8000
uR	988.363	90.000	0.0124	1.0000	0.0000	6.8000
E	989.945	90.000	44.6399	1.5837	0.2618	0.1489	0.0000	6.8000
dPolE	989.945	90.000	36.8145	1.0000	0.0000	6.8000
uR	989.945	90.000	0.0131	1.0000	0.0000	6.8000
E	991.527	90.000	44.9449	1.3218	0.2358	0.1334	0.0000	6.8000
dPolE	991.527	90.000	32.3077	1.0000	0.0000	6.8000
uR	991.527	90.000	0.0141	1.0000	0.0000	6.8000
E	993.109	90.000	45.0196	1.4167	0.2381	0.1350	0.0000	6.8000
dPolE	993.109	90.000	30.3207	1.0000	0.0000	6.8000
uR	993.109	90.000	0.0128	1.0000	0.0000	6.8000
E	994.690	90.000	44.8101	0.8713	0.2656	0.1498	0.0000	6.8000
dPolE	994.690	90.000	27.1700	1.0000	0.0000	6.8000
uR	994.690	90.000	0.0132	1.0000	0.0000	6.8000
E	996.272	90.000	45.1829	1.3075	0.2756	0.1557	0.0000	6.8000
dPolE	996.272	90.000	33.9299	1.0000	0.0000	6.8000
uR	996.272	90.000	0.0133	1.0000	0.0000	6.8000
E	997.853	90.000	45.2851	1.1719	0.3362	0.1891	0.0000	6.8000
dPolE	997.853	90.000	36.4386	1.0000	0.0000	6.8000
uR	997.853	90.000	0.0134	1.0000	0.0000	6.8000
E	999.434	90.000	45.4815	1.4974	0.3931	0.2213	0.0000	6.8000
dPolE	999.434	90.000	65.4901	1.0000	0.0000	6.8000
uR	999.434	90.000	0.0112	1.0000	0.0000	6.8000
