
FM-removed
XY-Scan
nm
E	210.379	90.000	31.2845	218.4334	0.2603	0.5743	0.0000	6.8000
dPolE	210.379	90.000	99.9825	1.0000	0.0000	6.8000
uR	210.379	90.000	0.0186	1.0000	0.0000	6.8000
E	211.990	90.000	25.7688	94.7445	0.2538	0.6591	0.0000	6.8000
dPolE	211.990	90.000	99.9907	1.0000	0.0000	6.8000
uR	211.990	90.000	0.0079	1.0000	0.0000	6.8000
E	213.602	90.000	24.2922	46.6824	0.2460	0.6460	0.0000	6.8000
dPolE	213.602	90.000	99.9829	1.0000	0.0000	6.8000
uR	213.602	90.000	0.0141	1.0000	0.0000	6.8000
E	215.214	90.000	25.7468	351.2402	0.2353	0.5500	0.0000	6.8000
dPolE	215.214	90.000	99.9955	1.0000	0.0000	6.8000
uR	215.214	90.000	0.0090	1.0000	0.0000	6.8000
E	216.826	90.000	47.0842	258.5965	0.2580	0.5154	0.0000	6.8000
dPolE	216.826	90.000	99.9381	1.0000	0.0000	6.8000
uR	216.826	90.000	0.0091	1.0000	0.0000	6.8000
E	218.438	90.000	49.4577	130.1239	0.2663	0.5084	0.0000	6.8000
dPolE	218.438	90.000	99.9774	1.0000	0.0000	6.8000
uR	218.438	90.000	0.0067	1.0000	0.0000	6.8000
E	220.050	90.000	25.1818	138.5733	0.2642	0.6391	0.0000	6.8000
dPolE	220.050	90.000	99.9449	1.0000	0.0000	6.8000
uR	220.050	90.000	0.0071	1.0000	0.0000	6.8000
E	221.662	90.000	38.1878	206.2584	0.2520	0.4341	0.0000	6.8000
dPolE	221.662	90.000	99.9858	1.0000	0.0000	6.8000
uR	221.662	90.000	0.0045	1.0000	0.0000	6.8000
E	223.274	90.000	43.0894	5.8702	0.2804	0.4293	0.0000	6.8000
dPolE	223.274	90.000	99.9744	1.0000	0.0000	6.8000
uR	223.274	90.000	0.0045	1.0000	0.0000	6.8000
E	224.886	90.000	89.9900	179.4641	0.2856	1200.9866	0.0000	6.8000
dPolE	224.886	90.000	99.9221	1.0000	0.0000	6.8000
uR	224.886	90.000	0.0044	1.0000	0.0000	6.8000
E	226.498	90.000	57.1747	56.3436	0.2924	0.6087	0.0000	6.8000
dPolE	226.498	90.000	99.9801	1.0000	0.0000	6.8000
uR	226.498	90.000	0.0042	1.0000	0.0000	6.8000
E	228.111	90.000	29.0378	169.1501	0.2576	0.4236	0.0000	6.8000
dPolE	228.111	90.000	99.9076	1.0000	0.0000	6.8000
uR	228.111	90.000	0.0043	1.0000	0.0000	6.8000
E	229.723	90.000	65.9397	230.8913	0.2688	0.6900	0.0000	6.8000
dPolE	229.723	90.000	99.9929	1.0000	0.0000	6.8000
uR	229.723	90.000	0.0038	1.0000	0.0000	6.8000
E	231.335	90.000	75.6212	267.4533	0.2032	1.1430	0.0000	6.8000
dPolE	231.335	90.000	99.9970	1.0000	0.0000	6.8000
uR	231.335	90.000	0.0012	1.0000	0.0000	6.8000
E	232.948	90.000	54.1648	167.1611	0.2860	0.3887	0.0000	6.8000
dPolE	232.948	90.000	99.9552	1.0000	0.0000	6.8000
uR	232.948	90.000	0.0026	1.0000	0.0000	6.8000
E	234.560	90.000	50.1149	336.9726	0.2806	0.3880	0.0000	6.8000
dPolE	234.560	90.000	99.8950	1.0000	0.0000	6.8000
uR	234.560	90.000	0.0024	1.0000	0.0000	6.8000
E	236.173	90.000	57.6806	124.0146	0.3012	0.6207	0.0000	6.8000
dPolE	236.173	90.000	99.9598	1.0000	0.0000	6.8000
uR	236.173	90.000	0.0013	1.0000	0.0000	6.8000
E	237.786	90.000	44.8862	345.4374	0.3034	0.3698	0.0000	6.8000
dPolE	237.786	90.000	99.9280	1.0000	0.0000	6.8000
uR	237.786	90.000	0.0018	1.0000	0.0000	6.8000
E	239.398	90.000	27.4120	38.2811	0.2920	0.5684	0.0000	6.8000
dPolE	239.398	90.000	99.9949	1.0000	0.0000	6.8000
uR	239.398	90.000	0.0008	1.0000	0.0000	6.8000
E	241.011	90.000	51.4133	261.4523	0.3017	0.6247	0.0000	6.8000
dPolE	241.011	90.000	99.9660	1.0000	0.0000	6.8000
uR	241.011	90.000	0.0014	1.0000	0.0000	6.8000
E	242.624	90.000	32.4773	189.0370	0.3185	0.3914	0.0000	6.8000
dPolE	242.624	90.000	99.9536	1.0000	0.0000	6.8000
uR	242.624	90.000	0.0010	1.0000	0.0000	6.8000
E	244.237	90.000	32.7229	187.1512	0.3137	0.3743	0.0000	6.8000
dPolE	244.237	90.000	99.9627	1.0000	0.0000	6.8000
uR	244.237	90.000	0.0013	1.0000	0.0000	6.8000
E	245.850	90.000	56.0799	10.0162	0.3200	0.3775	0.0000	6.8000
dPolE	245.850	90.000	99.9900	1.0000	0.0000	6.8000
uR	245.850	90.000	0.0009	1.0000	0.0000	6.8000
E	247.463	90.000	28.3052	4.5449	0.3083	0.3867	0.0000	6.8000
dPolE	247.463	90.000	99.8922	1.0000	0.0000	6.8000
uR	247.463	90.000	0.0014	1.0000	0.0000	6.8000
E	249.076	90.000	81.1737	55.9165	0.2386	1.8749	0.0000	6.8000
dPolE	249.076	90.000	99.9814	1.0000	0.0000	6.8000
uR	249.076	90.000	0.0013	1.0000	0.0000	6.8000
E	250.689	90.000	80.6422	100.8167	0.1983	2.0327	0.0000	6.8000
dPolE	250.689	90.000	99.9857	1.0000	0.0000	6.8000
uR	250.689	90.000	0.0009	1.0000	0.0000	6.8000
E	252.302	90.000	63.5196	273.0415	0.2927	0.8566	0.0000	6.8000
dPolE	252.302	90.000	99.9827	1.0000	0.0000	6.8000
uR	252.302	90.000	0.0005	1.0000	0.0000	6.8000
E	253.916	90.000	53.7294	27.3122	0.2911	0.3944	0.0000	6.8000
dPolE	253.916	90.000	99.9339	1.0000	0.0000	6.8000
uR	253.916	90.000	0.0016	1.0000	0.0000	6.8000
E	255.529	90.000	61.0883	286.4000	0.2716	0.6936	0.0000	6.8000
dPolE	255.529	90.000	99.9991	1.0000	0.0000	6.8000
uR	255.529	90.000	0.0005	1.0000	0.0000	6.8000
E	257.142	90.000	9.2351	198.3156	0.3097	1.1555	0.0000	6.8000
dPolE	257.142	90.000	99.9802	1.0000	0.0000	6.8000
uR	257.142	90.000	0.0007	1.0000	0.0000	6.8000
E	258.756	90.000	81.2670	268.8576	0.1782	2.1020	0.0000	6.8000
dPolE	258.756	90.000	99.9429	1.0000	0.0000	6.8000
uR	258.756	90.000	0.0008	1.0000	0.0000	6.8000
E	260.369	90.000	20.4821	164.4392	0.3154	0.5401	0.0000	6.8000
dPolE	260.369	90.000	99.9765	1.0000	0.0000	6.8000
uR	260.369	90.000	0.0008	1.0000	0.0000	6.8000
E	261.983	90.000	71.9795	257.9612	0.2101	0.9629	0.0000	6.8000
dPolE	261.983	90.000	99.9999	1.0000	0.0000	6.8000
uR	261.983	90.000	0.0011	1.0000	0.0000	6.8000
E	263.596	90.000	66.5163	212.4143	0.2897	0.5712	0.0000	6.8000
dPolE	263.596	90.000	99.9547	1.0000	0.0000	6.8000
uR	263.596	90.000	0.0008	1.0000	0.0000	6.8000
E	265.210	90.000	17.9226	302.8121	0.2516	0.9390	0.0000	6.8000
dPolE	265.210	90.000	99.9987	1.0000	0.0000	6.8000
uR	265.210	90.000	0.0006	1.0000	0.0000	6.8000
E	266.823	90.000	13.4037	54.2199	0.2318	1.1364	0.0000	6.8000
dPolE	266.823	90.000	99.9666	1.0000	0.0000	6.8000
uR	266.823	90.000	0.0006	1.0000	0.0000	6.8000
E	268.437	90.000	68.0482	217.0340	0.2783	0.6295	0.0000	6.8000
dPolE	268.437	90.000	99.9843	1.0000	0.0000	6.8000
uR	268.437	90.000	0.0005	1.0000	0.0000	6.8000
E	270.051	90.000	15.8559	5.7432	0.2704	0.5376	0.0000	6.8000
dPolE	270.051	90.000	99.9970	1.0000	0.0000	6.8000
uR	270.051	90.000	0.0005	1.0000	0.0000	6.8000
E	271.665	90.000	32.5623	276.9655	0.2676	0.6282	0.0000	6.8000
dPolE	271.665	90.000	99.9980	1.0000	0.0000	6.8000
uR	271.665	90.000	0.0006	1.0000	0.0000	6.8000
E	273.279	90.000	74.5328	280.5451	0.1997	1.1040	0.0000	6.8000
dPolE	273.279	90.000	99.9712	1.0000	0.0000	6.8000
uR	273.279	90.000	0.0005	1.0000	0.0000	6.8000
E	274.892	90.000	79.7143	170.3062	0.2830	0.8883	0.0000	6.8000
dPolE	274.892	90.000	99.9284	1.0000	0.0000	6.8000
uR	274.892	90.000	0.0007	1.0000	0.0000	6.8000
E	276.506	90.000	14.5826	188.2687	0.2517	0.5665	0.0000	6.8000
dPolE	276.506	90.000	99.9655	1.0000	0.0000	6.8000
uR	276.506	90.000	0.0008	1.0000	0.0000	6.8000
E	278.120	90.000	26.2172	196.3068	0.2649	0.3962	0.0000	6.8000
dPolE	278.120	90.000	99.9798	1.0000	0.0000	6.8000
uR	278.120	90.000	0.0006	1.0000	0.0000	6.8000
E	279.734	90.000	26.3803	58.3724	0.2493	0.6237	0.0000	6.8000
dPolE	279.734	90.000	99.9958	1.0000	0.0000	6.8000
uR	279.734	90.000	0.0003	1.0000	0.0000	6.8000
E	281.349	90.000	23.7759	126.9627	0.2265	0.5945	0.0000	6.8000
dPolE	281.349	90.000	99.9817	1.0000	0.0000	6.8000
uR	281.349	90.000	0.0006	1.0000	0.0000	6.8000
E	282.963	90.000	62.2730	152.0949	0.2720	0.4592	0.0000	6.8000
dPolE	282.963	90.000	99.9338	1.0000	0.0000	6.8000
uR	282.963	90.000	0.0007	1.0000	0.0000	6.8000
E	284.577	90.000	79.1117	92.9814	0.1643	1.3813	0.0000	6.8000
dPolE	284.577	90.000	99.9892	1.0000	0.0000	6.8000
uR	284.577	90.000	0.0006	1.0000	0.0000	6.8000
E	286.191	90.000	29.8784	227.6376	0.2270	0.4592	0.0000	6.8000
dPolE	286.191	90.000	99.9868	1.0000	0.0000	6.8000
uR	286.191	90.000	0.0008	1.0000	0.0000	6.8000
E	287.805	90.000	89.9900	180.8093	0.2339	766.5829	0.0000	6.8000
dPolE	287.805	90.000	99.9467	1.0000	0.0000	6.8000
uR	287.805	90.000	0.0008	1.0000	0.0000	6.8000
E	289.420	90.000	65.7113	338.1711	0.2319	0.4123	0.0000	6.8000
dPolE	289.420	90.000	99.9698	1.0000	0.0000	6.8000
uR	289.420	90.000	0.0005	1.0000	0.0000	6.8000
E	291.034	90.000	77.9582	121.7997	0.1775	1.0119	0.0000	6.8000
dPolE	291.034	90.000	99.9971	1.0000	0.0000	6.8000
uR	291.034	90.000	0.0002	1.0000	0.0000	6.8000
E	292.649	90.000	89.9900	0.6993	0.2192	743.7946	0.0000	6.8000
dPolE	292.649	90.000	99.9754	1.0000	0.0000	6.8000
uR	292.649	90.000	0.0006	1.0000	0.0000	6.8000
E	294.263	90.000	41.4820	274.6894	0.2219	0.4484	0.0000	6.8000
dPolE	294.263	90.000	99.9939	1.0000	0.0000	6.8000
uR	294.263	90.000	0.0003	1.0000	0.0000	6.8000
E	295.877	90.000	64.9305	12.2739	0.2193	0.3625	0.0000	6.8000
dPolE	295.877	90.000	99.9695	1.0000	0.0000	6.8000
uR	295.877	90.000	0.0006	1.0000	0.0000	6.8000
E	297.492	90.000	4.4826	334.7281	0.2172	2.0717	0.0000	6.8000
dPolE	297.492	90.000	99.9880	1.0000	0.0000	6.8000
uR	297.492	90.000	0.0005	1.0000	0.0000	6.8000
E	299.107	90.000	66.9652	5.6348	0.2012	0.3507	0.0000	6.8000
dPolE	299.107	90.000	99.9814	1.0000	0.0000	6.8000
uR	299.107	90.000	0.0005	1.0000	0.0000	6.8000
E	300.721	90.000	7.8131	36.8155	0.1870	1.2175	0.0000	6.8000
dPolE	300.721	90.000	99.9759	1.0000	0.0000	6.8000
uR	300.721	90.000	0.0006	1.0000	0.0000	6.8000
E	302.336	90.000	60.1355	8.0954	0.2032	0.3052	0.0000	6.8000
dPolE	302.336	90.000	99.9426	1.0000	0.0000	6.8000
uR	302.336	90.000	0.0006	1.0000	0.0000	6.8000
E	303.950	90.000	53.6227	358.9792	0.1930	0.2614	0.0000	6.8000
dPolE	303.950	90.000	99.9308	1.0000	0.0000	6.8000
uR	303.950	90.000	0.0007	1.0000	0.0000	6.8000
E	305.565	90.000	41.3321	266.3252	0.2138	0.4327	0.0000	6.8000
dPolE	305.565	90.000	99.9999	1.0000	0.0000	6.8000
uR	305.565	90.000	0.0004	1.0000	0.0000	6.8000
E	307.180	90.000	46.7369	32.8735	0.1998	0.3114	0.0000	6.8000
dPolE	307.180	90.000	99.9799	1.0000	0.0000	6.8000
uR	307.180	90.000	0.0005	1.0000	0.0000	6.8000
E	308.795	90.000	21.3377	215.4449	0.1744	0.4324	0.0000	6.8000
dPolE	308.795	90.000	99.9775	1.0000	0.0000	6.8000
uR	308.795	90.000	0.0004	1.0000	0.0000	6.8000
E	310.410	90.000	13.7546	110.8390	0.1496	0.7862	0.0000	6.8000
dPolE	310.410	90.000	99.9567	1.0000	0.0000	6.8000
uR	310.410	90.000	0.0005	1.0000	0.0000	6.8000
E	312.024	90.000	44.0205	90.4025	0.1882	0.3768	0.0000	6.8000
dPolE	312.024	90.000	99.9749	1.0000	0.0000	6.8000
uR	312.024	90.000	0.0005	1.0000	0.0000	6.8000
E	313.639	90.000	22.1225	344.3359	0.1870	0.3911	0.0000	6.8000
dPolE	313.639	90.000	99.9984	1.0000	0.0000	6.8000
uR	313.639	90.000	0.0005	1.0000	0.0000	6.8000
E	315.254	90.000	31.9546	210.9928	0.1826	0.3279	0.0000	6.8000
dPolE	315.254	90.000	99.9999	1.0000	0.0000	6.8000
uR	315.254	90.000	0.0002	1.0000	0.0000	6.8000
E	316.869	90.000	47.7737	102.1707	0.1865	0.3714	0.0000	6.8000
dPolE	316.869	90.000	99.9987	1.0000	0.0000	6.8000
uR	316.869	90.000	0.0003	1.0000	0.0000	6.8000
E	318.484	90.000	47.6511	182.9074	0.1691	0.2447	0.0000	6.8000
dPolE	318.484	90.000	99.9897	1.0000	0.0000	6.8000
uR	318.484	90.000	0.0005	1.0000	0.0000	6.8000
E	320.099	90.000	74.1961	285.1916	0.1494	0.6770	0.0000	6.8000
dPolE	320.099	90.000	99.9849	1.0000	0.0000	6.8000
uR	320.099	90.000	0.0003	1.0000	0.0000	6.8000
E	321.714	90.000	44.8073	297.8635	0.1625	0.3085	0.0000	6.8000
dPolE	321.714	90.000	99.9949	1.0000	0.0000	6.8000
uR	321.714	90.000	0.0002	1.0000	0.0000	6.8000
E	323.330	90.000	59.2863	264.7830	0.1560	0.3741	0.0000	6.8000
dPolE	323.330	90.000	99.9973	1.0000	0.0000	6.8000
uR	323.330	90.000	0.0003	1.0000	0.0000	6.8000
E	324.945	90.000	56.8410	157.5210	0.1767	0.3085	0.0000	6.8000
dPolE	324.945	90.000	99.9916	1.0000	0.0000	6.8000
uR	324.945	90.000	0.0005	1.0000	0.0000	6.8000
E	326.560	90.000	84.7925	94.7172	0.1324	1.8844	0.0000	6.8000
dPolE	326.560	90.000	99.9780	1.0000	0.0000	6.8000
uR	326.560	90.000	0.0003	1.0000	0.0000	6.8000
E	328.175	90.000	22.4709	319.3385	0.1613	0.4181	0.0000	6.8000
dPolE	328.175	90.000	99.9898	1.0000	0.0000	6.8000
uR	328.175	90.000	0.0003	1.0000	0.0000	6.8000
E	329.790	90.000	46.4215	358.8817	0.1624	0.2522	0.0000	6.8000
dPolE	329.790	90.000	99.9838	1.0000	0.0000	6.8000
uR	329.790	90.000	0.0004	1.0000	0.0000	6.8000
E	331.406	90.000	32.6949	259.2912	0.1553	0.3506	0.0000	6.8000
dPolE	331.406	90.000	99.9941	1.0000	0.0000	6.8000
uR	331.406	90.000	0.0004	1.0000	0.0000	6.8000
E	333.021	90.000	39.7841	230.3623	0.1609	0.3030	0.0000	6.8000
dPolE	333.021	90.000	99.9978	1.0000	0.0000	6.8000
uR	333.021	90.000	0.0003	1.0000	0.0000	6.8000
E	334.636	90.000	39.8591	6.5109	0.1451	0.2366	0.0000	6.8000
dPolE	334.636	90.000	99.9991	1.0000	0.0000	6.8000
uR	334.636	90.000	0.0005	1.0000	0.0000	6.8000
E	336.251	90.000	62.0029	255.0991	0.1446	0.3637	0.0000	6.8000
dPolE	336.251	90.000	99.9972	1.0000	0.0000	6.8000
uR	336.251	90.000	0.0004	1.0000	0.0000	6.8000
E	337.867	90.000	23.6471	287.3477	0.1397	0.4033	0.0000	6.8000
dPolE	337.867	90.000	99.9857	1.0000	0.0000	6.8000
uR	337.867	90.000	0.0003	1.0000	0.0000	6.8000
E	339.482	90.000	53.0180	206.8425	0.1521	0.2745	0.0000	6.8000
dPolE	339.482	90.000	99.9845	1.0000	0.0000	6.8000
uR	339.482	90.000	0.0004	1.0000	0.0000	6.8000
E	341.098	90.000	31.0757	329.7753	0.1534	0.3063	0.0000	6.8000
dPolE	341.098	90.000	99.9973	1.0000	0.0000	6.8000
uR	341.098	90.000	0.0002	1.0000	0.0000	6.8000
E	342.713	90.000	33.2821	28.5905	0.1559	0.2994	0.0000	6.8000
dPolE	342.713	90.000	99.9977	1.0000	0.0000	6.8000
uR	342.713	90.000	0.0003	1.0000	0.0000	6.8000
E	344.329	90.000	51.8420	212.3143	0.1543	0.2849	0.0000	6.8000
dPolE	344.329	90.000	99.9977	1.0000	0.0000	6.8000
uR	344.329	90.000	0.0003	1.0000	0.0000	6.8000
E	345.944	90.000	68.7474	224.2647	0.1473	0.4201	0.0000	6.8000
dPolE	345.944	90.000	99.9933	1.0000	0.0000	6.8000
uR	345.944	90.000	0.0003	1.0000	0.0000	6.8000
E	347.560	90.000	53.8986	344.4320	0.1429	0.2603	0.0000	6.8000
dPolE	347.560	90.000	99.9928	1.0000	0.0000	6.8000
uR	347.560	90.000	0.0002	1.0000	0.0000	6.8000
E	349.175	90.000	13.4811	79.2390	0.1305	0.6399	0.0000	6.8000
dPolE	349.175	90.000	99.9942	1.0000	0.0000	6.8000
uR	349.175	90.000	0.0003	1.0000	0.0000	6.8000
E	350.791	90.000	9.9594	308.1136	0.1339	0.8036	0.0000	6.8000
dPolE	350.791	90.000	99.9866	1.0000	0.0000	6.8000
uR	350.791	90.000	0.0004	1.0000	0.0000	6.8000
E	352.406	90.000	68.4970	242.7452	0.1425	0.4283	0.0000	6.8000
dPolE	352.406	90.000	99.9843	1.0000	0.0000	6.8000
uR	352.406	90.000	0.0004	1.0000	0.0000	6.8000
E	354.022	90.000	56.4734	348.5676	0.1435	0.2774	0.0000	6.8000
dPolE	354.022	90.000	99.9922	1.0000	0.0000	6.8000
uR	354.022	90.000	0.0003	1.0000	0.0000	6.8000
E	355.638	90.000	44.4630	328.4788	0.1435	0.2640	0.0000	6.8000
dPolE	355.638	90.000	99.9946	1.0000	0.0000	6.8000
uR	355.638	90.000	0.0003	1.0000	0.0000	6.8000
E	357.253	90.000	32.7600	165.3055	0.1461	0.2913	0.0000	6.8000
dPolE	357.253	90.000	99.9920	1.0000	0.0000	6.8000
uR	357.253	90.000	0.0003	1.0000	0.0000	6.8000
E	358.869	90.000	34.8229	38.6478	0.1444	0.2926	0.0000	6.8000
dPolE	358.869	90.000	99.9840	1.0000	0.0000	6.8000
uR	358.869	90.000	0.0004	1.0000	0.0000	6.8000
E	360.485	90.000	11.1754	90.5930	0.1296	0.7369	0.0000	6.8000
dPolE	360.485	90.000	99.9903	1.0000	0.0000	6.8000
uR	360.485	90.000	0.0003	1.0000	0.0000	6.8000
E	362.100	90.000	51.6564	91.3206	0.1349	0.2785	0.0000	6.8000
dPolE	362.100	90.000	99.9994	1.0000	0.0000	6.8000
uR	362.100	90.000	0.0003	1.0000	0.0000	6.8000
E	363.716	90.000	66.6683	23.3701	0.1388	0.3548	0.0000	6.8000
dPolE	363.716	90.000	99.9865	1.0000	0.0000	6.8000
uR	363.716	90.000	0.0003	1.0000	0.0000	6.8000
E	365.332	90.000	34.3890	178.2611	0.1366	0.2689	0.0000	6.8000
dPolE	365.332	90.000	99.9898	1.0000	0.0000	6.8000
uR	365.332	90.000	0.0003	1.0000	0.0000	6.8000
E	366.948	90.000	65.0272	316.3601	0.1239	0.3156	0.0000	6.8000
dPolE	366.948	90.000	99.9976	1.0000	0.0000	6.8000
uR	366.948	90.000	0.0002	1.0000	0.0000	6.8000
E	368.563	90.000	76.2277	10.5946	0.1348	0.5396	0.0000	6.8000
dPolE	368.563	90.000	99.9753	1.0000	0.0000	6.8000
uR	368.563	90.000	0.0003	1.0000	0.0000	6.8000
E	370.179	90.000	15.8160	293.5493	0.1259	0.4991	0.0000	6.8000
dPolE	370.179	90.000	99.9959	1.0000	0.0000	6.8000
uR	370.179	90.000	0.0004	1.0000	0.0000	6.8000
E	371.795	90.000	11.4577	98.6321	0.1228	0.6752	0.0000	6.8000
dPolE	371.795	90.000	99.9997	1.0000	0.0000	6.8000
uR	371.795	90.000	0.0004	1.0000	0.0000	6.8000
E	373.411	90.000	60.3261	46.2433	0.1274	0.2888	0.0000	6.8000
dPolE	373.411	90.000	99.9881	1.0000	0.0000	6.8000
uR	373.411	90.000	0.0006	1.0000	0.0000	6.8000
E	375.027	90.000	31.5493	289.1385	0.1279	0.2881	0.0000	6.8000
dPolE	375.027	90.000	99.9999	1.0000	0.0000	6.8000
uR	375.027	90.000	0.0005	1.0000	0.0000	6.8000
E	376.643	90.000	52.7153	200.1794	0.1411	0.2775	0.0000	6.8000
dPolE	376.643	90.000	99.9953	1.0000	0.0000	6.8000
uR	376.643	90.000	0.0004	1.0000	0.0000	6.8000
E	378.258	90.000	56.8356	260.4171	0.1244	0.2740	0.0000	6.8000
dPolE	378.258	90.000	99.9984	1.0000	0.0000	6.8000
uR	378.258	90.000	0.0002	1.0000	0.0000	6.8000
E	379.874	90.000	33.9153	95.2214	0.1262	0.2750	0.0000	6.8000
dPolE	379.874	90.000	99.9948	1.0000	0.0000	6.8000
uR	379.874	90.000	0.0003	1.0000	0.0000	6.8000
E	381.490	90.000	44.0525	7.3411	0.1226	0.2313	0.0000	6.8000
dPolE	381.490	90.000	99.9971	1.0000	0.0000	6.8000
uR	381.490	90.000	0.0002	1.0000	0.0000	6.8000
E	383.106	90.000	71.9724	36.2374	0.1310	0.4357	0.0000	6.8000
dPolE	383.106	90.000	99.9824	1.0000	0.0000	6.8000
uR	383.106	90.000	0.0003	1.0000	0.0000	6.8000
E	384.722	90.000	40.4852	18.1665	0.1249	0.2415	0.0000	6.8000
dPolE	384.722	90.000	99.9973	1.0000	0.0000	6.8000
uR	384.722	90.000	0.0003	1.0000	0.0000	6.8000
E	386.338	90.000	62.5110	206.3876	0.1214	0.2843	0.0000	6.8000
dPolE	386.338	90.000	99.9894	1.0000	0.0000	6.8000
uR	386.338	90.000	0.0004	1.0000	0.0000	6.8000
E	387.954	90.000	41.2786	120.6122	0.1295	0.2574	0.0000	6.8000
dPolE	387.954	90.000	99.9901	1.0000	0.0000	6.8000
uR	387.954	90.000	0.0004	1.0000	0.0000	6.8000
E	389.570	90.000	64.0258	241.1528	0.1137	0.2897	0.0000	6.8000
dPolE	389.570	90.000	99.9965	1.0000	0.0000	6.8000
uR	389.570	90.000	0.0003	1.0000	0.0000	6.8000
E	391.186	90.000	64.1350	70.9187	0.1192	0.3074	0.0000	6.8000
dPolE	391.186	90.000	99.9987	1.0000	0.0000	6.8000
uR	391.186	90.000	0.0002	1.0000	0.0000	6.8000
E	392.802	90.000	69.5240	83.8425	0.1156	0.3621	0.0000	6.8000
dPolE	392.802	90.000	99.9990	1.0000	0.0000	6.8000
uR	392.802	90.000	0.0002	1.0000	0.0000	6.8000
E	394.418	90.000	26.0701	36.8035	0.1279	0.3159	0.0000	6.8000
dPolE	394.418	90.000	99.9923	1.0000	0.0000	6.8000
uR	394.418	90.000	0.0002	1.0000	0.0000	6.8000
E	396.034	90.000	44.5654	326.4150	0.1228	0.2359	0.0000	6.8000
dPolE	396.034	90.000	99.9917	1.0000	0.0000	6.8000
uR	396.034	90.000	0.0002	1.0000	0.0000	6.8000
E	397.650	90.000	33.3020	79.7563	0.1211	0.2658	0.0000	6.8000
dPolE	397.650	90.000	99.9899	1.0000	0.0000	6.8000
uR	397.650	90.000	0.0003	1.0000	0.0000	6.8000
E	399.266	90.000	69.7629	22.2256	0.1207	0.3543	0.0000	6.8000
dPolE	399.266	90.000	99.9790	1.0000	0.0000	6.8000
uR	399.266	90.000	0.0003	1.0000	0.0000	6.8000
E	400.882	90.000	52.2482	37.4489	0.1201	0.2401	0.0000	6.8000
dPolE	400.882	90.000	99.9626	1.0000	0.0000	6.8000
uR	400.882	90.000	0.0004	1.0000	0.0000	6.8000
E	402.498	90.000	60.1225	10.9739	0.1162	0.2564	0.0000	6.8000
dPolE	402.498	90.000	99.9678	1.0000	0.0000	6.8000
uR	402.498	90.000	0.0005	1.0000	0.0000	6.8000
E	404.114	90.000	43.1082	21.7151	0.1236	0.2367	0.0000	6.8000
dPolE	404.114	90.000	99.9710	1.0000	0.0000	6.8000
uR	404.114	90.000	0.0003	1.0000	0.0000	6.8000
E	405.730	90.000	45.4572	17.9012	0.1166	0.2203	0.0000	6.8000
dPolE	405.730	90.000	99.9219	1.0000	0.0000	6.8000
uR	405.730	90.000	0.0006	1.0000	0.0000	6.8000
E	407.346	90.000	44.1312	31.9520	0.1212	0.2309	0.0000	6.8000
dPolE	407.346	90.000	99.9528	1.0000	0.0000	6.8000
uR	407.346	90.000	0.0005	1.0000	0.0000	6.8000
E	408.962	90.000	39.8760	29.7985	0.1134	0.2189	0.0000	6.8000
dPolE	408.962	90.000	99.9143	1.0000	0.0000	6.8000
uR	408.962	90.000	0.0006	1.0000	0.0000	6.8000
E	410.578	90.000	49.6490	22.2572	0.1211	0.2321	0.0000	6.8000
dPolE	410.578	90.000	99.7931	1.0000	0.0000	6.8000
uR	410.578	90.000	0.0008	1.0000	0.0000	6.8000
E	412.194	90.000	44.5314	15.1489	0.1143	0.2163	0.0000	6.8000
dPolE	412.194	90.000	99.8426	1.0000	0.0000	6.8000
uR	412.194	90.000	0.0008	1.0000	0.0000	6.8000
E	413.810	90.000	45.3782	19.1188	0.1170	0.2216	0.0000	6.8000
dPolE	413.810	90.000	99.8344	1.0000	0.0000	6.8000
uR	413.810	90.000	0.0008	1.0000	0.0000	6.8000
E	415.426	90.000	44.9347	24.1777	0.1193	0.2253	0.0000	6.8000
dPolE	415.426	90.000	99.5229	1.0000	0.0000	6.8000
uR	415.426	90.000	0.0013	1.0000	0.0000	6.8000
E	417.042	90.000	43.8099	22.7853	0.1201	0.2246	0.0000	6.8000
dPolE	417.042	90.000	99.5431	1.0000	0.0000	6.8000
uR	417.042	90.000	0.0012	1.0000	0.0000	6.8000
E	418.658	90.000	40.0207	19.8089	0.1151	0.2167	0.0000	6.8000
dPolE	418.658	90.000	99.3617	1.0000	0.0000	6.8000
uR	418.658	90.000	0.0015	1.0000	0.0000	6.8000
E	420.274	90.000	43.7740	17.9162	0.1191	0.2208	0.0000	6.8000
dPolE	420.274	90.000	99.2848	1.0000	0.0000	6.8000
uR	420.274	90.000	0.0015	1.0000	0.0000	6.8000
E	421.890	90.000	43.0358	19.7586	0.1077	0.2012	0.0000	6.8000
dPolE	421.890	90.000	99.1169	1.0000	0.0000	6.8000
uR	421.890	90.000	0.0019	1.0000	0.0000	6.8000
E	423.506	90.000	46.5073	21.2729	0.1144	0.2142	0.0000	6.8000
dPolE	423.506	90.000	98.9450	1.0000	0.0000	6.8000
uR	423.506	90.000	0.0021	1.0000	0.0000	6.8000
E	425.122	90.000	46.0985	19.9045	0.1069	0.1992	0.0000	6.8000
dPolE	425.122	90.000	99.0642	1.0000	0.0000	6.8000
uR	425.122	90.000	0.0020	1.0000	0.0000	6.8000
E	426.738	90.000	47.0612	19.8422	0.1108	0.2051	0.0000	6.8000
dPolE	426.738	90.000	98.3352	1.0000	0.0000	6.8000
uR	426.738	90.000	0.0026	1.0000	0.0000	6.8000
E	428.355	90.000	44.3504	20.8759	0.1087	0.1989	0.0000	6.8000
dPolE	428.355	90.000	98.1971	1.0000	0.0000	6.8000
uR	428.355	90.000	0.0029	1.0000	0.0000	6.8000
E	429.971	90.000	46.1475	18.0258	0.1103	0.1998	0.0000	6.8000
dPolE	429.971	90.000	98.0028	1.0000	0.0000	6.8000
uR	429.971	90.000	0.0029	1.0000	0.0000	6.8000
E	431.587	90.000	45.1559	17.7432	0.1081	0.1957	0.0000	6.8000
dPolE	431.587	90.000	97.5659	1.0000	0.0000	6.8000
uR	431.587	90.000	0.0032	1.0000	0.0000	6.8000
E	433.203	90.000	45.1937	18.4552	0.1014	0.1844	0.0000	6.8000
dPolE	433.203	90.000	97.8276	1.0000	0.0000	6.8000
uR	433.203	90.000	0.0032	1.0000	0.0000	6.8000
E	434.819	90.000	43.5352	18.3452	0.1076	0.1965	0.0000	6.8000
dPolE	434.819	90.000	97.4656	1.0000	0.0000	6.8000
uR	434.819	90.000	0.0035	1.0000	0.0000	6.8000
E	436.435	90.000	45.1549	17.0835	0.1062	0.1927	0.0000	6.8000
dPolE	436.435	90.000	97.1508	1.0000	0.0000	6.8000
uR	436.435	90.000	0.0036	1.0000	0.0000	6.8000
E	438.051	90.000	44.1395	17.7247	0.1098	0.1979	0.0000	6.8000
dPolE	438.051	90.000	96.2167	1.0000	0.0000	6.8000
uR	438.051	90.000	0.0040	1.0000	0.0000	6.8000
E	439.667	90.000	45.0599	17.8941	0.1062	0.1893	0.0000	6.8000
dPolE	439.667	90.000	96.3070	1.0000	0.0000	6.8000
uR	439.667	90.000	0.0039	1.0000	0.0000	6.8000
E	441.283	90.000	45.2795	17.8884	0.1100	0.1945	0.0000	6.8000
dPolE	441.283	90.000	95.4702	1.0000	0.0000	6.8000
uR	441.283	90.000	0.0043	1.0000	0.0000	6.8000
E	442.899	90.000	44.3480	17.5040	0.1081	0.1903	0.0000	6.8000
dPolE	442.899	90.000	95.1972	1.0000	0.0000	6.8000
uR	442.899	90.000	0.0045	1.0000	0.0000	6.8000
E	444.515	90.000	44.4004	15.2975	0.1132	0.1989	0.0000	6.8000
dPolE	444.515	90.000	95.2088	1.0000	0.0000	6.8000
uR	444.515	90.000	0.0045	1.0000	0.0000	6.8000
E	446.131	90.000	44.4968	17.3530	0.1028	0.1817	0.0000	6.8000
dPolE	446.131	90.000	95.3121	1.0000	0.0000	6.8000
uR	446.131	90.000	0.0047	1.0000	0.0000	6.8000
E	447.747	90.000	45.6376	16.4688	0.1046	0.1848	0.0000	6.8000
dPolE	447.747	90.000	94.6597	1.0000	0.0000	6.8000
uR	447.747	90.000	0.0049	1.0000	0.0000	6.8000
E	449.363	90.000	44.4712	19.2911	0.0993	0.1754	0.0000	6.8000
dPolE	449.363	90.000	93.6500	1.0000	0.0000	6.8000
uR	449.363	90.000	0.0052	1.0000	0.0000	6.8000
E	450.979	90.000	44.3791	15.9380	0.1064	0.1850	0.0000	6.8000
dPolE	450.979	90.000	92.7091	1.0000	0.0000	6.8000
uR	450.979	90.000	0.0052	1.0000	0.0000	6.8000
E	452.594	90.000	44.5264	15.0527	0.1060	0.1821	0.0000	6.8000
dPolE	452.594	90.000	92.4796	1.0000	0.0000	6.8000
uR	452.594	90.000	0.0052	1.0000	0.0000	6.8000
E	454.210	90.000	44.7638	15.8927	0.1027	0.1750	0.0000	6.8000
dPolE	454.210	90.000	92.7587	1.0000	0.0000	6.8000
uR	454.210	90.000	0.0055	1.0000	0.0000	6.8000
E	455.826	90.000	44.8796	14.2594	0.1063	0.1800	0.0000	6.8000
dPolE	455.826	90.000	92.1870	1.0000	0.0000	6.8000
uR	455.826	90.000	0.0057	1.0000	0.0000	6.8000
E	457.442	90.000	45.2608	15.7657	0.1039	0.1766	0.0000	6.8000
dPolE	457.442	90.000	91.9680	1.0000	0.0000	6.8000
uR	457.442	90.000	0.0058	1.0000	0.0000	6.8000
E	459.058	90.000	44.7577	13.6518	0.1038	0.1761	0.0000	6.8000
dPolE	459.058	90.000	90.8168	1.0000	0.0000	6.8000
uR	459.058	90.000	0.0060	1.0000	0.0000	6.8000
E	460.674	90.000	45.5440	14.0334	0.0970	0.1649	0.0000	6.8000
dPolE	460.674	90.000	89.7949	1.0000	0.0000	6.8000
uR	460.674	90.000	0.0062	1.0000	0.0000	6.8000
E	462.290	90.000	44.7235	14.4933	0.0979	0.1660	0.0000	6.8000
dPolE	462.290	90.000	89.1676	1.0000	0.0000	6.8000
uR	462.290	90.000	0.0062	1.0000	0.0000	6.8000
E	463.906	90.000	45.1456	15.3799	0.0956	0.1611	0.0000	6.8000
dPolE	463.906	90.000	87.9497	1.0000	0.0000	6.8000
uR	463.906	90.000	0.0065	1.0000	0.0000	6.8000
E	465.521	90.000	44.9984	14.3289	0.0986	0.1639	0.0000	6.8000
dPolE	465.521	90.000	86.5196	1.0000	0.0000	6.8000
uR	465.521	90.000	0.0066	1.0000	0.0000	6.8000
E	467.137	90.000	44.9491	14.1058	0.0914	0.1500	0.0000	6.8000
dPolE	467.137	90.000	85.2192	1.0000	0.0000	6.8000
uR	467.137	90.000	0.0067	1.0000	0.0000	6.8000
E	468.753	90.000	45.1316	13.6054	0.0937	0.1527	0.0000	6.8000
dPolE	468.753	90.000	82.4816	1.0000	0.0000	6.8000
uR	468.753	90.000	0.0069	1.0000	0.0000	6.8000
E	470.369	90.000	45.1357	13.2257	0.0932	0.1515	0.0000	6.8000
dPolE	470.369	90.000	83.3309	1.0000	0.0000	6.8000
uR	470.369	90.000	0.0070	1.0000	0.0000	6.8000
E	471.985	90.000	44.8674	12.8984	0.0934	0.1520	0.0000	6.8000
dPolE	471.985	90.000	85.2025	1.0000	0.0000	6.8000
uR	471.985	90.000	0.0071	1.0000	0.0000	6.8000
E	473.600	90.000	44.5622	12.8955	0.0950	0.1550	0.0000	6.8000
dPolE	473.600	90.000	84.7885	1.0000	0.0000	6.8000
uR	473.600	90.000	0.0073	1.0000	0.0000	6.8000
E	475.216	90.000	44.4076	13.3038	0.0969	0.1581	0.0000	6.8000
dPolE	475.216	90.000	86.4203	1.0000	0.0000	6.8000
uR	475.216	90.000	0.0074	1.0000	0.0000	6.8000
E	476.832	90.000	45.1474	12.3034	0.0957	0.1551	0.0000	6.8000
dPolE	476.832	90.000	87.6364	1.0000	0.0000	6.8000
uR	476.832	90.000	0.0076	1.0000	0.0000	6.8000
E	478.448	90.000	45.3843	12.5406	0.0991	0.1593	0.0000	6.8000
dPolE	478.448	90.000	87.3319	1.0000	0.0000	6.8000
uR	478.448	90.000	0.0077	1.0000	0.0000	6.8000
E	480.063	90.000	44.7548	12.1472	0.0975	0.1549	0.0000	6.8000
dPolE	480.063	90.000	86.0687	1.0000	0.0000	6.8000
uR	480.063	90.000	0.0079	1.0000	0.0000	6.8000
E	481.679	90.000	44.7144	11.7471	0.0916	0.1436	0.0000	6.8000
dPolE	481.679	90.000	86.3467	1.0000	0.0000	6.8000
uR	481.679	90.000	0.0079	1.0000	0.0000	6.8000
E	483.294	90.000	44.9569	12.9500	0.0974	0.1521	0.0000	6.8000
dPolE	483.294	90.000	83.1521	1.0000	0.0000	6.8000
uR	483.294	90.000	0.0082	1.0000	0.0000	6.8000
E	484.910	90.000	44.3735	12.2792	0.0971	0.1510	0.0000	6.8000
dPolE	484.910	90.000	85.0706	1.0000	0.0000	6.8000
uR	484.910	90.000	0.0083	1.0000	0.0000	6.8000
E	486.526	90.000	45.1105	11.5604	0.0982	0.1526	0.0000	6.8000
dPolE	486.526	90.000	85.7888	1.0000	0.0000	6.8000
uR	486.526	90.000	0.0085	1.0000	0.0000	6.8000
E	488.141	90.000	44.6208	11.9749	0.1003	0.1563	0.0000	6.8000
dPolE	488.141	90.000	84.9699	1.0000	0.0000	6.8000
uR	488.141	90.000	0.0085	1.0000	0.0000	6.8000
E	489.757	90.000	44.9370	11.3403	0.0997	0.1551	0.0000	6.8000
dPolE	489.757	90.000	84.9460	1.0000	0.0000	6.8000
uR	489.757	90.000	0.0085	1.0000	0.0000	6.8000
E	491.372	90.000	44.8002	10.8141	0.0971	0.1505	0.0000	6.8000
dPolE	491.372	90.000	83.8722	1.0000	0.0000	6.8000
uR	491.372	90.000	0.0085	1.0000	0.0000	6.8000
E	492.988	90.000	45.0050	11.7149	0.0948	0.1462	0.0000	6.8000
dPolE	492.988	90.000	83.4355	1.0000	0.0000	6.8000
uR	492.988	90.000	0.0086	1.0000	0.0000	6.8000
E	494.603	90.000	44.7668	10.6827	0.0966	0.1475	0.0000	6.8000
dPolE	494.603	90.000	82.5637	1.0000	0.0000	6.8000
uR	494.603	90.000	0.0091	1.0000	0.0000	6.8000
E	496.219	90.000	45.5078	10.5271	0.1011	0.1526	0.0000	6.8000
dPolE	496.219	90.000	83.4660	1.0000	0.0000	6.8000
uR	496.219	90.000	0.0092	1.0000	0.0000	6.8000
E	497.834	90.000	45.6800	10.7214	0.1006	0.1503	0.0000	6.8000
dPolE	497.834	90.000	83.0990	1.0000	0.0000	6.8000
uR	497.834	90.000	0.0093	1.0000	0.0000	6.8000
E	499.450	90.000	44.7967	10.4054	0.1009	0.1495	0.0000	6.8000
dPolE	499.450	90.000	83.5754	1.0000	0.0000	6.8000
uR	499.450	90.000	0.0093	1.0000	0.0000	6.8000
E	501.065	90.000	44.9582	10.1928	0.1012	0.1496	0.0000	6.8000
dPolE	501.065	90.000	83.5995	1.0000	0.0000	6.8000
uR	501.065	90.000	0.0094	1.0000	0.0000	6.8000
E	502.680	90.000	44.7943	10.2030	0.1032	0.1523	0.0000	6.8000
dPolE	502.680	90.000	84.1524	1.0000	0.0000	6.8000
uR	502.680	90.000	0.0093	1.0000	0.0000	6.8000
E	504.296	90.000	44.4065	10.2944	0.1001	0.1482	0.0000	6.8000
dPolE	504.296	90.000	83.4873	1.0000	0.0000	6.8000
uR	504.296	90.000	0.0094	1.0000	0.0000	6.8000
E	505.911	90.000	45.4088	10.4498	0.1026	0.1520	0.0000	6.8000
dPolE	505.911	90.000	83.3151	1.0000	0.0000	6.8000
uR	505.911	90.000	0.0095	1.0000	0.0000	6.8000
E	507.526	90.000	44.4482	10.0250	0.1037	0.1532	0.0000	6.8000
dPolE	507.526	90.000	81.9431	1.0000	0.0000	6.8000
uR	507.526	90.000	0.0096	1.0000	0.0000	6.8000
E	509.141	90.000	44.5545	9.6712	0.1021	0.1499	0.0000	6.8000
dPolE	509.141	90.000	81.4263	1.0000	0.0000	6.8000
uR	509.141	90.000	0.0098	1.0000	0.0000	6.8000
E	510.756	90.000	44.9388	9.6263	0.1031	0.1502	0.0000	6.8000
dPolE	510.756	90.000	81.7142	1.0000	0.0000	6.8000
uR	510.756	90.000	0.0099	1.0000	0.0000	6.8000
E	512.372	90.000	45.0649	9.4713	0.0989	0.1424	0.0000	6.8000
dPolE	512.372	90.000	81.8960	1.0000	0.0000	6.8000
uR	512.372	90.000	0.0103	1.0000	0.0000	6.8000
E	513.987	90.000	44.5612	9.1106	0.1066	0.1519	0.0000	6.8000
dPolE	513.987	90.000	81.8630	1.0000	0.0000	6.8000
uR	513.987	90.000	0.0108	1.0000	0.0000	6.8000
E	515.602	90.000	44.9129	9.3190	0.1133	0.1603	0.0000	6.8000
dPolE	515.602	90.000	82.7205	1.0000	0.0000	6.8000
uR	515.602	90.000	0.0111	1.0000	0.0000	6.8000
E	517.217	90.000	44.9539	9.2014	0.1093	0.1537	0.0000	6.8000
dPolE	517.217	90.000	82.7444	1.0000	0.0000	6.8000
uR	517.217	90.000	0.0110	1.0000	0.0000	6.8000
E	518.832	90.000	44.9528	9.9737	0.1154	0.1623	0.0000	6.8000
dPolE	518.832	90.000	84.6491	1.0000	0.0000	6.8000
uR	518.832	90.000	0.0101	1.0000	0.0000	6.8000
E	520.447	90.000	44.8124	9.2332	0.1090	0.1528	0.0000	6.8000
dPolE	520.447	90.000	85.6942	1.0000	0.0000	6.8000
uR	520.447	90.000	0.0096	1.0000	0.0000	6.8000
E	522.062	90.000	44.5452	9.7377	0.1114	0.1567	0.0000	6.8000
dPolE	522.062	90.000	84.7514	1.0000	0.0000	6.8000
uR	522.062	90.000	0.0093	1.0000	0.0000	6.8000
E	523.677	90.000	44.9814	9.0135	0.1076	0.1509	0.0000	6.8000
dPolE	523.677	90.000	82.2227	1.0000	0.0000	6.8000
uR	523.677	90.000	0.0098	1.0000	0.0000	6.8000
E	525.292	90.000	45.0267	9.1259	0.1029	0.1440	0.0000	6.8000
dPolE	525.292	90.000	81.5319	1.0000	0.0000	6.8000
uR	525.292	90.000	0.0101	1.0000	0.0000	6.8000
E	526.907	90.000	45.2938	8.5318	0.1043	0.1451	0.0000	6.8000
dPolE	526.907	90.000	80.3179	1.0000	0.0000	6.8000
uR	526.907	90.000	0.0103	1.0000	0.0000	6.8000
E	528.521	90.000	44.6683	8.2880	0.1093	0.1510	0.0000	6.8000
dPolE	528.521	90.000	80.7265	1.0000	0.0000	6.8000
uR	528.521	90.000	0.0105	1.0000	0.0000	6.8000
E	530.136	90.000	44.8921	8.3687	0.1095	0.1499	0.0000	6.8000
dPolE	530.136	90.000	78.4222	1.0000	0.0000	6.8000
uR	530.136	90.000	0.0108	1.0000	0.0000	6.8000
E	531.751	90.000	45.0831	8.5662	0.1082	0.1468	0.0000	6.8000
dPolE	531.751	90.000	80.4423	1.0000	0.0000	6.8000
uR	531.751	90.000	0.0107	1.0000	0.0000	6.8000
E	533.366	90.000	45.4387	7.7591	0.1068	0.1433	0.0000	6.8000
dPolE	533.366	90.000	79.2340	1.0000	0.0000	6.8000
uR	533.366	90.000	0.0110	1.0000	0.0000	6.8000
E	534.980	90.000	44.8318	8.4833	0.1070	0.1429	0.0000	6.8000
dPolE	534.980	90.000	78.8703	1.0000	0.0000	6.8000
uR	534.980	90.000	0.0109	1.0000	0.0000	6.8000
E	536.595	90.000	44.4912	7.5890	0.1055	0.1400	0.0000	6.8000
dPolE	536.595	90.000	79.2364	1.0000	0.0000	6.8000
uR	536.595	90.000	0.0110	1.0000	0.0000	6.8000
E	538.210	90.000	44.8773	7.9544	0.1043	0.1382	0.0000	6.8000
dPolE	538.210	90.000	79.8883	1.0000	0.0000	6.8000
uR	538.210	90.000	0.0110	1.0000	0.0000	6.8000
E	539.824	90.000	45.2127	8.4033	0.1093	0.1452	0.0000	6.8000
dPolE	539.824	90.000	78.2405	1.0000	0.0000	6.8000
uR	539.824	90.000	0.0111	1.0000	0.0000	6.8000
E	541.439	90.000	45.3360	7.1277	0.1075	0.1425	0.0000	6.8000
dPolE	541.439	90.000	78.5463	1.0000	0.0000	6.8000
uR	541.439	90.000	0.0110	1.0000	0.0000	6.8000
E	543.053	90.000	44.8927	7.6834	0.1065	0.1413	0.0000	6.8000
dPolE	543.053	90.000	79.0845	1.0000	0.0000	6.8000
uR	543.053	90.000	0.0110	1.0000	0.0000	6.8000
E	544.668	90.000	44.8274	7.5511	0.1123	0.1487	0.0000	6.8000
dPolE	544.668	90.000	77.0894	1.0000	0.0000	6.8000
uR	544.668	90.000	0.0112	1.0000	0.0000	6.8000
E	546.282	90.000	44.8590	7.7491	0.1111	0.1464	0.0000	6.8000
dPolE	546.282	90.000	79.4169	1.0000	0.0000	6.8000
uR	546.282	90.000	0.0112	1.0000	0.0000	6.8000
E	547.896	90.000	45.0559	7.4238	0.1124	0.1469	0.0000	6.8000
dPolE	547.896	90.000	77.4897	1.0000	0.0000	6.8000
uR	547.896	90.000	0.0113	1.0000	0.0000	6.8000
E	549.511	90.000	44.5181	8.0534	0.1122	0.1457	0.0000	6.8000
dPolE	549.511	90.000	78.1123	1.0000	0.0000	6.8000
uR	549.511	90.000	0.0112	1.0000	0.0000	6.8000
E	551.125	90.000	45.2468	7.7260	0.1094	0.1405	0.0000	6.8000
dPolE	551.125	90.000	77.5490	1.0000	0.0000	6.8000
uR	551.125	90.000	0.0113	1.0000	0.0000	6.8000
E	552.739	90.000	44.4715	7.7455	0.1114	0.1418	0.0000	6.8000
dPolE	552.739	90.000	76.9714	1.0000	0.0000	6.8000
uR	552.739	90.000	0.0113	1.0000	0.0000	6.8000
E	554.353	90.000	45.0952	7.6182	0.1118	0.1414	0.0000	6.8000
dPolE	554.353	90.000	77.3894	1.0000	0.0000	6.8000
uR	554.353	90.000	0.0113	1.0000	0.0000	6.8000
E	555.968	90.000	45.1894	7.7874	0.1133	0.1427	0.0000	6.8000
dPolE	555.968	90.000	75.2513	1.0000	0.0000	6.8000
uR	555.968	90.000	0.0114	1.0000	0.0000	6.8000
E	557.582	90.000	45.0928	7.2587	0.1154	0.1446	0.0000	6.8000
dPolE	557.582	90.000	76.2232	1.0000	0.0000	6.8000
uR	557.582	90.000	0.0111	1.0000	0.0000	6.8000
E	559.196	90.000	45.0951	6.9970	0.1140	0.1426	0.0000	6.8000
dPolE	559.196	90.000	76.3458	1.0000	0.0000	6.8000
uR	559.196	90.000	0.0113	1.0000	0.0000	6.8000
E	560.810	90.000	45.3617	7.6033	0.1109	0.1390	0.0000	6.8000
dPolE	560.810	90.000	77.4045	1.0000	0.0000	6.8000
uR	560.810	90.000	0.0114	1.0000	0.0000	6.8000
E	562.424	90.000	44.7533	7.8995	0.1112	0.1398	0.0000	6.8000
dPolE	562.424	90.000	75.5085	1.0000	0.0000	6.8000
uR	562.424	90.000	0.0114	1.0000	0.0000	6.8000
E	564.038	90.000	44.5534	6.8947	0.1226	0.1534	0.0000	6.8000
dPolE	564.038	90.000	74.4436	1.0000	0.0000	6.8000
uR	564.038	90.000	0.0115	1.0000	0.0000	6.8000
E	565.651	90.000	45.0652	7.1411	0.1104	0.1380	0.0000	6.8000
dPolE	565.651	90.000	76.7733	1.0000	0.0000	6.8000
uR	565.651	90.000	0.0115	1.0000	0.0000	6.8000
E	567.265	90.000	44.8418	7.0445	0.1161	0.1445	0.0000	6.8000
dPolE	567.265	90.000	72.8243	1.0000	0.0000	6.8000
uR	567.265	90.000	0.0117	1.0000	0.0000	6.8000
E	568.879	90.000	45.1825	7.1690	0.1155	0.1427	0.0000	6.8000
dPolE	568.879	90.000	73.9927	1.0000	0.0000	6.8000
uR	568.879	90.000	0.0117	1.0000	0.0000	6.8000
E	570.493	90.000	45.1273	6.4704	0.1133	0.1386	0.0000	6.8000
dPolE	570.493	90.000	72.9850	1.0000	0.0000	6.8000
uR	570.493	90.000	0.0117	1.0000	0.0000	6.8000
E	572.106	90.000	44.5026	6.9166	0.1191	0.1449	0.0000	6.8000
dPolE	572.106	90.000	72.7621	1.0000	0.0000	6.8000
uR	572.106	90.000	0.0115	1.0000	0.0000	6.8000
E	573.720	90.000	45.1062	5.9880	0.1128	0.1355	0.0000	6.8000
dPolE	573.720	90.000	71.2321	1.0000	0.0000	6.8000
uR	573.720	90.000	0.0116	1.0000	0.0000	6.8000
E	575.333	90.000	44.8676	6.7309	0.1133	0.1354	0.0000	6.8000
dPolE	575.333	90.000	73.0925	1.0000	0.0000	6.8000
uR	575.333	90.000	0.0115	1.0000	0.0000	6.8000
E	576.947	90.000	44.6591	6.5144	0.1137	0.1349	0.0000	6.8000
dPolE	576.947	90.000	73.4799	1.0000	0.0000	6.8000
uR	576.947	90.000	0.0118	1.0000	0.0000	6.8000
E	578.560	90.000	44.9290	7.2397	0.1143	0.1355	0.0000	6.8000
dPolE	578.560	90.000	72.4413	1.0000	0.0000	6.8000
uR	578.560	90.000	0.0119	1.0000	0.0000	6.8000
E	580.174	90.000	44.7993	6.8667	0.1186	0.1400	0.0000	6.8000
dPolE	580.174	90.000	72.2010	1.0000	0.0000	6.8000
uR	580.174	90.000	0.0118	1.0000	0.0000	6.8000
E	581.787	90.000	44.6119	6.2127	0.1191	0.1402	0.0000	6.8000
dPolE	581.787	90.000	72.2167	1.0000	0.0000	6.8000
uR	581.787	90.000	0.0120	1.0000	0.0000	6.8000
E	583.400	90.000	44.7475	6.4954	0.1175	0.1384	0.0000	6.8000
dPolE	583.400	90.000	72.2724	1.0000	0.0000	6.8000
uR	583.400	90.000	0.0119	1.0000	0.0000	6.8000
E	585.014	90.000	45.0172	6.1539	0.1180	0.1389	0.0000	6.8000
dPolE	585.014	90.000	71.4828	1.0000	0.0000	6.8000
uR	585.014	90.000	0.0119	1.0000	0.0000	6.8000
E	586.627	90.000	45.0646	6.2611	0.1102	0.1297	0.0000	6.8000
dPolE	586.627	90.000	71.3759	1.0000	0.0000	6.8000
uR	586.627	90.000	0.0119	1.0000	0.0000	6.8000
E	588.240	90.000	45.3443	6.2968	0.1199	0.1408	0.0000	6.8000
dPolE	588.240	90.000	72.8839	1.0000	0.0000	6.8000
uR	588.240	90.000	0.0117	1.0000	0.0000	6.8000
E	589.853	90.000	45.1193	6.0217	0.1187	0.1388	0.0000	6.8000
dPolE	589.853	90.000	71.1843	1.0000	0.0000	6.8000
uR	589.853	90.000	0.0118	1.0000	0.0000	6.8000
E	591.466	90.000	44.8874	6.0076	0.1219	0.1417	0.0000	6.8000
dPolE	591.466	90.000	71.4402	1.0000	0.0000	6.8000
uR	591.466	90.000	0.0120	1.0000	0.0000	6.8000
E	593.079	90.000	45.0163	5.5463	0.1186	0.1369	0.0000	6.8000
dPolE	593.079	90.000	69.8332	1.0000	0.0000	6.8000
uR	593.079	90.000	0.0121	1.0000	0.0000	6.8000
E	594.692	90.000	45.0412	5.6410	0.1250	0.1430	0.0000	6.8000
dPolE	594.692	90.000	69.4712	1.0000	0.0000	6.8000
uR	594.692	90.000	0.0122	1.0000	0.0000	6.8000
E	596.305	90.000	44.7131	5.9628	0.1240	0.1410	0.0000	6.8000
dPolE	596.305	90.000	71.8241	1.0000	0.0000	6.8000
uR	596.305	90.000	0.0119	1.0000	0.0000	6.8000
E	597.918	90.000	44.2785	5.7205	0.1194	0.1348	0.0000	6.8000
dPolE	597.918	90.000	73.3665	1.0000	0.0000	6.8000
uR	597.918	90.000	0.0121	1.0000	0.0000	6.8000
E	599.530	90.000	45.3057	5.4766	0.1189	0.1331	0.0000	6.8000
dPolE	599.530	90.000	71.0349	1.0000	0.0000	6.8000
uR	599.530	90.000	0.0121	1.0000	0.0000	6.8000
E	601.143	90.000	45.2878	5.5683	0.1303	0.1452	0.0000	6.8000
dPolE	601.143	90.000	70.5649	1.0000	0.0000	6.8000
uR	601.143	90.000	0.0120	1.0000	0.0000	6.8000
E	602.755	90.000	45.1552	5.8222	0.1339	0.1488	0.0000	6.8000
dPolE	602.755	90.000	70.0806	1.0000	0.0000	6.8000
uR	602.755	90.000	0.0121	1.0000	0.0000	6.8000
E	604.368	90.000	44.8784	5.8343	0.1282	0.1419	0.0000	6.8000
dPolE	604.368	90.000	71.3378	1.0000	0.0000	6.8000
uR	604.368	90.000	0.0121	1.0000	0.0000	6.8000
E	605.981	90.000	44.8922	5.4380	0.1274	0.1409	0.0000	6.8000
dPolE	605.981	90.000	70.9509	1.0000	0.0000	6.8000
uR	605.981	90.000	0.0122	1.0000	0.0000	6.8000
E	607.593	90.000	45.0796	5.6491	0.1307	0.1447	0.0000	6.8000
dPolE	607.593	90.000	70.4972	1.0000	0.0000	6.8000
uR	607.593	90.000	0.0121	1.0000	0.0000	6.8000
E	609.205	90.000	45.0421	5.5915	0.1329	0.1470	0.0000	6.8000
dPolE	609.205	90.000	69.6401	1.0000	0.0000	6.8000
uR	609.205	90.000	0.0119	1.0000	0.0000	6.8000
E	610.818	90.000	44.7833	5.6980	0.1228	0.1359	0.0000	6.8000
dPolE	610.818	90.000	72.9232	1.0000	0.0000	6.8000
uR	610.818	90.000	0.0121	1.0000	0.0000	6.8000
E	612.430	90.000	45.5417	5.0669	0.1282	0.1412	0.0000	6.8000
dPolE	612.430	90.000	69.3745	1.0000	0.0000	6.8000
uR	612.430	90.000	0.0122	1.0000	0.0000	6.8000
E	614.042	90.000	45.0634	5.3578	0.1228	0.1351	0.0000	6.8000
dPolE	614.042	90.000	72.1273	1.0000	0.0000	6.8000
uR	614.042	90.000	0.0121	1.0000	0.0000	6.8000
E	615.654	90.000	45.1303	5.1374	0.1336	0.1462	0.0000	6.8000
dPolE	615.654	90.000	65.8236	1.0000	0.0000	6.8000
uR	615.654	90.000	0.0123	1.0000	0.0000	6.8000
E	617.266	90.000	45.0770	5.5417	0.1288	0.1403	0.0000	6.8000
dPolE	617.266	90.000	70.3900	1.0000	0.0000	6.8000
uR	617.266	90.000	0.0121	1.0000	0.0000	6.8000
E	618.878	90.000	45.4213	5.4389	0.1317	0.1427	0.0000	6.8000
dPolE	618.878	90.000	67.9691	1.0000	0.0000	6.8000
uR	618.878	90.000	0.0123	1.0000	0.0000	6.8000
E	620.490	90.000	44.9152	5.0158	0.1293	0.1388	0.0000	6.8000
dPolE	620.490	90.000	66.7048	1.0000	0.0000	6.8000
uR	620.490	90.000	0.0122	1.0000	0.0000	6.8000
E	622.102	90.000	44.5599	5.3252	0.1241	0.1325	0.0000	6.8000
dPolE	622.102	90.000	68.4180	1.0000	0.0000	6.8000
uR	622.102	90.000	0.0120	1.0000	0.0000	6.8000
E	623.714	90.000	44.8686	5.3329	0.1287	0.1363	0.0000	6.8000
dPolE	623.714	90.000	67.5304	1.0000	0.0000	6.8000
uR	623.714	90.000	0.0120	1.0000	0.0000	6.8000
E	625.325	90.000	45.0552	5.1259	0.1314	0.1381	0.0000	6.8000
dPolE	625.325	90.000	70.0337	1.0000	0.0000	6.8000
uR	625.325	90.000	0.0121	1.0000	0.0000	6.8000
E	626.937	90.000	44.7434	4.7456	0.1361	0.1422	0.0000	6.8000
dPolE	626.937	90.000	65.6731	1.0000	0.0000	6.8000
uR	626.937	90.000	0.0124	1.0000	0.0000	6.8000
E	628.548	90.000	44.9357	5.3042	0.1364	0.1422	0.0000	6.8000
dPolE	628.548	90.000	68.3482	1.0000	0.0000	6.8000
uR	628.548	90.000	0.0119	1.0000	0.0000	6.8000
E	630.160	90.000	45.1266	5.1176	0.1417	0.1472	0.0000	6.8000
dPolE	630.160	90.000	67.5678	1.0000	0.0000	6.8000
uR	630.160	90.000	0.0119	1.0000	0.0000	6.8000
E	631.771	90.000	44.6596	5.2286	0.1342	0.1394	0.0000	6.8000
dPolE	631.771	90.000	67.8619	1.0000	0.0000	6.8000
uR	631.771	90.000	0.0121	1.0000	0.0000	6.8000
E	633.383	90.000	44.6961	4.5781	0.1336	0.1384	0.0000	6.8000
dPolE	633.383	90.000	67.7998	1.0000	0.0000	6.8000
uR	633.383	90.000	0.0123	1.0000	0.0000	6.8000
E	634.994	90.000	45.1206	4.7652	0.1425	0.1475	0.0000	6.8000
dPolE	634.994	90.000	63.7747	1.0000	0.0000	6.8000
uR	634.994	90.000	0.0125	1.0000	0.0000	6.8000
E	636.605	90.000	44.4980	5.0396	0.1362	0.1411	0.0000	6.8000
dPolE	636.605	90.000	68.7543	1.0000	0.0000	6.8000
uR	636.605	90.000	0.0121	1.0000	0.0000	6.8000
E	638.216	90.000	45.1182	5.1085	0.1430	0.1482	0.0000	6.8000
dPolE	638.216	90.000	68.2783	1.0000	0.0000	6.8000
uR	638.216	90.000	0.0124	1.0000	0.0000	6.8000
E	639.827	90.000	44.9436	5.1870	0.1377	0.1425	0.0000	6.8000
dPolE	639.827	90.000	68.1858	1.0000	0.0000	6.8000
uR	639.827	90.000	0.0124	1.0000	0.0000	6.8000
E	641.438	90.000	44.8397	4.7205	0.1392	0.1432	0.0000	6.8000
dPolE	641.438	90.000	70.0720	1.0000	0.0000	6.8000
uR	641.438	90.000	0.0123	1.0000	0.0000	6.8000
E	643.049	90.000	45.1999	5.1532	0.1464	0.1505	0.0000	6.8000
dPolE	643.049	90.000	65.5950	1.0000	0.0000	6.8000
uR	643.049	90.000	0.0121	1.0000	0.0000	6.8000
E	644.660	90.000	44.8742	4.9090	0.1449	0.1482	0.0000	6.8000
dPolE	644.660	90.000	67.2735	1.0000	0.0000	6.8000
uR	644.660	90.000	0.0119	1.0000	0.0000	6.8000
E	646.271	90.000	45.2227	4.8409	0.1397	0.1419	0.0000	6.8000
dPolE	646.271	90.000	68.3653	1.0000	0.0000	6.8000
uR	646.271	90.000	0.0120	1.0000	0.0000	6.8000
E	647.881	90.000	45.0294	4.5198	0.1413	0.1424	0.0000	6.8000
dPolE	647.881	90.000	65.8530	1.0000	0.0000	6.8000
uR	647.881	90.000	0.0121	1.0000	0.0000	6.8000
E	649.492	90.000	44.6610	4.3416	0.1458	0.1458	0.0000	6.8000
dPolE	649.492	90.000	64.9666	1.0000	0.0000	6.8000
uR	649.492	90.000	0.0120	1.0000	0.0000	6.8000
E	651.103	90.000	45.4960	4.6706	0.1500	0.1491	0.0000	6.8000
dPolE	651.103	90.000	64.9221	1.0000	0.0000	6.8000
uR	651.103	90.000	0.0121	1.0000	0.0000	6.8000
E	652.713	90.000	45.1937	4.5072	0.1456	0.1439	0.0000	6.8000
dPolE	652.713	90.000	68.0498	1.0000	0.0000	6.8000
uR	652.713	90.000	0.0122	1.0000	0.0000	6.8000
E	654.323	90.000	45.2505	4.8933	0.1573	0.1547	0.0000	6.8000
dPolE	654.323	90.000	66.4659	1.0000	0.0000	6.8000
uR	654.323	90.000	0.0124	1.0000	0.0000	6.8000
E	655.934	90.000	44.2601	4.6627	0.1512	0.1481	0.0000	6.8000
dPolE	655.934	90.000	67.7665	1.0000	0.0000	6.8000
uR	655.934	90.000	0.0122	1.0000	0.0000	6.8000
E	657.544	90.000	44.8707	4.2625	0.1576	0.1535	0.0000	6.8000
dPolE	657.544	90.000	66.8183	1.0000	0.0000	6.8000
uR	657.544	90.000	0.0121	1.0000	0.0000	6.8000
E	659.154	90.000	45.0395	4.2463	0.1509	0.1467	0.0000	6.8000
dPolE	659.154	90.000	67.7684	1.0000	0.0000	6.8000
uR	659.154	90.000	0.0123	1.0000	0.0000	6.8000
E	660.764	90.000	45.6819	4.8625	0.1582	0.1540	0.0000	6.8000
dPolE	660.764	90.000	68.1539	1.0000	0.0000	6.8000
uR	660.764	90.000	0.0122	1.0000	0.0000	6.8000
E	662.374	90.000	44.5175	4.1982	0.1566	0.1519	0.0000	6.8000
dPolE	662.374	90.000	68.3275	1.0000	0.0000	6.8000
uR	662.374	90.000	0.0124	1.0000	0.0000	6.8000
E	663.984	90.000	44.7814	4.2190	0.1559	0.1510	0.0000	6.8000
dPolE	663.984	90.000	67.1232	1.0000	0.0000	6.8000
uR	663.984	90.000	0.0125	1.0000	0.0000	6.8000
E	665.594	90.000	45.0055	4.4642	0.1478	0.1434	0.0000	6.8000
dPolE	665.594	90.000	68.1463	1.0000	0.0000	6.8000
uR	665.594	90.000	0.0123	1.0000	0.0000	6.8000
E	667.204	90.000	44.7488	4.1385	0.1569	0.1519	0.0000	6.8000
dPolE	667.204	90.000	68.8994	1.0000	0.0000	6.8000
uR	667.204	90.000	0.0119	1.0000	0.0000	6.8000
E	668.813	90.000	44.7083	4.4546	0.1583	0.1532	0.0000	6.8000
dPolE	668.813	90.000	64.4152	1.0000	0.0000	6.8000
uR	668.813	90.000	0.0122	1.0000	0.0000	6.8000
E	670.423	90.000	45.0923	4.4198	0.1616	0.1560	0.0000	6.8000
dPolE	670.423	90.000	65.0343	1.0000	0.0000	6.8000
uR	670.423	90.000	0.0120	1.0000	0.0000	6.8000
E	672.032	90.000	44.8142	4.2936	0.1518	0.1462	0.0000	6.8000
dPolE	672.032	90.000	65.5048	1.0000	0.0000	6.8000
uR	672.032	90.000	0.0121	1.0000	0.0000	6.8000
E	673.642	90.000	44.8077	4.2418	0.1580	0.1517	0.0000	6.8000
dPolE	673.642	90.000	62.4271	1.0000	0.0000	6.8000
uR	673.642	90.000	0.0122	1.0000	0.0000	6.8000
E	675.251	90.000	45.1523	3.9546	0.1494	0.1425	0.0000	6.8000
dPolE	675.251	90.000	68.6130	1.0000	0.0000	6.8000
uR	675.251	90.000	0.0119	1.0000	0.0000	6.8000
E	676.860	90.000	45.1075	3.7523	0.1590	0.1508	0.0000	6.8000
dPolE	676.860	90.000	64.9457	1.0000	0.0000	6.8000
uR	676.860	90.000	0.0122	1.0000	0.0000	6.8000
E	678.469	90.000	45.7723	3.9727	0.1630	0.1537	0.0000	6.8000
dPolE	678.469	90.000	64.5402	1.0000	0.0000	6.8000
uR	678.469	90.000	0.0118	1.0000	0.0000	6.8000
E	680.079	90.000	45.0588	4.0538	0.1631	0.1530	0.0000	6.8000
dPolE	680.079	90.000	66.1661	1.0000	0.0000	6.8000
uR	680.079	90.000	0.0117	1.0000	0.0000	6.8000
E	681.688	90.000	44.5267	3.6936	0.1548	0.1440	0.0000	6.8000
dPolE	681.688	90.000	64.4492	1.0000	0.0000	6.8000
uR	681.688	90.000	0.0122	1.0000	0.0000	6.8000
E	683.296	90.000	44.6657	3.9583	0.1574	0.1457	0.0000	6.8000
dPolE	683.296	90.000	59.5136	1.0000	0.0000	6.8000
uR	683.296	90.000	0.0124	1.0000	0.0000	6.8000
E	684.905	90.000	44.7096	3.8744	0.1563	0.1438	0.0000	6.8000
dPolE	684.905	90.000	58.6398	1.0000	0.0000	6.8000
uR	684.905	90.000	0.0120	1.0000	0.0000	6.8000
E	686.514	90.000	44.8086	3.4568	0.1577	0.1440	0.0000	6.8000
dPolE	686.514	90.000	61.4991	1.0000	0.0000	6.8000
uR	686.514	90.000	0.0117	1.0000	0.0000	6.8000
E	688.123	90.000	44.6044	3.4862	0.1634	0.1488	0.0000	6.8000
dPolE	688.123	90.000	59.2639	1.0000	0.0000	6.8000
uR	688.123	90.000	0.0124	1.0000	0.0000	6.8000
E	689.731	90.000	45.3748	4.1245	0.1593	0.1449	0.0000	6.8000
dPolE	689.731	90.000	54.2915	1.0000	0.0000	6.8000
uR	689.731	90.000	0.0123	1.0000	0.0000	6.8000
E	691.340	90.000	45.6120	3.4944	0.1597	0.1444	0.0000	6.8000
dPolE	691.340	90.000	60.5281	1.0000	0.0000	6.8000
uR	691.340	90.000	0.0125	1.0000	0.0000	6.8000
E	692.948	90.000	45.5068	3.7547	0.1648	0.1490	0.0000	6.8000
dPolE	692.948	90.000	60.1586	1.0000	0.0000	6.8000
uR	692.948	90.000	0.0122	1.0000	0.0000	6.8000
E	694.556	90.000	44.9472	3.6634	0.1722	0.1555	0.0000	6.8000
dPolE	694.556	90.000	63.8133	1.0000	0.0000	6.8000
uR	694.556	90.000	0.0121	1.0000	0.0000	6.8000
E	696.164	90.000	45.4044	3.6018	0.1739	0.1571	0.0000	6.8000
dPolE	696.164	90.000	64.5351	1.0000	0.0000	6.8000
uR	696.164	90.000	0.0122	1.0000	0.0000	6.8000
E	697.772	90.000	44.9296	4.1527	0.1718	0.1554	0.0000	6.8000
dPolE	697.772	90.000	63.1659	1.0000	0.0000	6.8000
uR	697.772	90.000	0.0125	1.0000	0.0000	6.8000
E	699.380	90.000	44.0807	3.8125	0.1667	0.1507	0.0000	6.8000
dPolE	699.380	90.000	65.2450	1.0000	0.0000	6.8000
uR	699.380	90.000	0.0124	1.0000	0.0000	6.8000
E	700.988	90.000	44.7457	3.9403	0.1761	0.1590	0.0000	6.8000
dPolE	700.988	90.000	65.9673	1.0000	0.0000	6.8000
uR	700.988	90.000	0.0120	1.0000	0.0000	6.8000
E	702.596	90.000	45.1676	3.9146	0.1819	0.1639	0.0000	6.8000
dPolE	702.596	90.000	67.0089	1.0000	0.0000	6.8000
uR	702.596	90.000	0.0119	1.0000	0.0000	6.8000
E	704.204	90.000	44.1625	3.8575	0.1918	0.1725	0.0000	6.8000
dPolE	704.204	90.000	67.4357	1.0000	0.0000	6.8000
uR	704.204	90.000	0.0119	1.0000	0.0000	6.8000
E	705.811	90.000	44.9371	4.1073	0.1843	0.1650	0.0000	6.8000
dPolE	705.811	90.000	69.0983	1.0000	0.0000	6.8000
uR	705.811	90.000	0.0117	1.0000	0.0000	6.8000
E	707.419	90.000	44.7565	3.0864	0.1860	0.1656	0.0000	6.8000
dPolE	707.419	90.000	66.9034	1.0000	0.0000	6.8000
uR	707.419	90.000	0.0121	1.0000	0.0000	6.8000
E	709.026	90.000	44.9801	3.8921	0.1831	0.1629	0.0000	6.8000
dPolE	709.026	90.000	64.3701	1.0000	0.0000	6.8000
uR	709.026	90.000	0.0120	1.0000	0.0000	6.8000
E	710.634	90.000	44.5753	3.6282	0.1700	0.1504	0.0000	6.8000
dPolE	710.634	90.000	65.3764	1.0000	0.0000	6.8000
uR	710.634	90.000	0.0123	1.0000	0.0000	6.8000
E	712.241	90.000	44.9523	3.9381	0.1881	0.1659	0.0000	6.8000
dPolE	712.241	90.000	62.5975	1.0000	0.0000	6.8000
uR	712.241	90.000	0.0137	1.0000	0.0000	6.8000
E	713.848	90.000	45.1678	3.4485	0.2072	0.1812	0.0000	6.8000
dPolE	713.848	90.000	66.2301	1.0000	0.0000	6.8000
uR	713.848	90.000	0.0133	1.0000	0.0000	6.8000
E	715.455	90.000	44.9959	3.0512	0.2195	0.1904	0.0000	6.8000
dPolE	715.455	90.000	72.1381	1.0000	0.0000	6.8000
uR	715.455	90.000	0.0109	1.0000	0.0000	6.8000
E	717.062	90.000	44.7708	3.8935	0.2062	0.1788	0.0000	6.8000
dPolE	717.062	90.000	72.9467	1.0000	0.0000	6.8000
uR	717.062	90.000	0.0100	1.0000	0.0000	6.8000
E	718.669	90.000	45.0347	3.5826	0.1973	0.1701	0.0000	6.8000
dPolE	718.669	90.000	66.9680	1.0000	0.0000	6.8000
uR	718.669	90.000	0.0112	1.0000	0.0000	6.8000
E	720.276	90.000	45.0439	3.2868	0.1953	0.1674	0.0000	6.8000
dPolE	720.276	90.000	68.2089	1.0000	0.0000	6.8000
uR	720.276	90.000	0.0122	1.0000	0.0000	6.8000
E	721.882	90.000	44.5865	3.7429	0.1970	0.1684	0.0000	6.8000
dPolE	721.882	90.000	68.5035	1.0000	0.0000	6.8000
uR	721.882	90.000	0.0125	1.0000	0.0000	6.8000
E	723.489	90.000	45.2867	3.2768	0.2083	0.1769	0.0000	6.8000
dPolE	723.489	90.000	64.3448	1.0000	0.0000	6.8000
uR	723.489	90.000	0.0122	1.0000	0.0000	6.8000
E	725.095	90.000	44.1880	3.5331	0.1990	0.1688	0.0000	6.8000
dPolE	725.095	90.000	71.8643	1.0000	0.0000	6.8000
uR	725.095	90.000	0.0115	1.0000	0.0000	6.8000
E	726.701	90.000	45.0422	3.4212	0.2004	0.1694	0.0000	6.8000
dPolE	726.701	90.000	69.2637	1.0000	0.0000	6.8000
uR	726.701	90.000	0.0115	1.0000	0.0000	6.8000
E	728.308	90.000	45.3264	3.1937	0.2034	0.1715	0.0000	6.8000
dPolE	728.308	90.000	68.6509	1.0000	0.0000	6.8000
uR	728.308	90.000	0.0113	1.0000	0.0000	6.8000
E	729.914	90.000	45.3279	3.3264	0.2004	0.1686	0.0000	6.8000
dPolE	729.914	90.000	65.4722	1.0000	0.0000	6.8000
uR	729.914	90.000	0.0115	1.0000	0.0000	6.8000
E	731.520	90.000	45.1889	3.4578	0.1963	0.1653	0.0000	6.8000
dPolE	731.520	90.000	62.4826	1.0000	0.0000	6.8000
uR	731.520	90.000	0.0118	1.0000	0.0000	6.8000
E	733.126	90.000	45.0739	3.3102	0.1847	0.1555	0.0000	6.8000
dPolE	733.126	90.000	62.6629	1.0000	0.0000	6.8000
uR	733.126	90.000	0.0118	1.0000	0.0000	6.8000
E	734.732	90.000	44.3468	3.4730	0.1928	0.1624	0.0000	6.8000
dPolE	734.732	90.000	57.9548	1.0000	0.0000	6.8000
uR	734.732	90.000	0.0126	1.0000	0.0000	6.8000
E	736.337	90.000	44.9028	3.5046	0.1838	0.1547	0.0000	6.8000
dPolE	736.337	90.000	64.7604	1.0000	0.0000	6.8000
uR	736.337	90.000	0.0124	1.0000	0.0000	6.8000
E	737.943	90.000	45.5736	3.6165	0.1976	0.1664	0.0000	6.8000
dPolE	737.943	90.000	61.8092	1.0000	0.0000	6.8000
uR	737.943	90.000	0.0127	1.0000	0.0000	6.8000
E	739.548	90.000	45.1333	3.6367	0.2007	0.1684	0.0000	6.8000
dPolE	739.548	90.000	61.1975	1.0000	0.0000	6.8000
uR	739.548	90.000	0.0123	1.0000	0.0000	6.8000
E	741.154	90.000	44.9632	3.2170	0.1925	0.1612	0.0000	6.8000
dPolE	741.154	90.000	62.8367	1.0000	0.0000	6.8000
uR	741.154	90.000	0.0122	1.0000	0.0000	6.8000
E	742.759	90.000	45.5273	2.7172	0.1987	0.1655	0.0000	6.8000
dPolE	742.759	90.000	59.4201	1.0000	0.0000	6.8000
uR	742.759	90.000	0.0125	1.0000	0.0000	6.8000
E	744.364	90.000	45.1200	3.4382	0.2049	0.1704	0.0000	6.8000
dPolE	744.364	90.000	62.5226	1.0000	0.0000	6.8000
uR	744.364	90.000	0.0123	1.0000	0.0000	6.8000
E	745.969	90.000	46.2854	2.9461	0.2158	0.1786	0.0000	6.8000
dPolE	745.969	90.000	62.9197	1.0000	0.0000	6.8000
uR	745.969	90.000	0.0124	1.0000	0.0000	6.8000
E	747.574	90.000	44.6240	2.9397	0.2114	0.1741	0.0000	6.8000
dPolE	747.574	90.000	63.4172	1.0000	0.0000	6.8000
uR	747.574	90.000	0.0122	1.0000	0.0000	6.8000
E	749.179	90.000	44.7938	3.2799	0.2125	0.1745	0.0000	6.8000
dPolE	749.179	90.000	69.3876	1.0000	0.0000	6.8000
uR	749.179	90.000	0.0114	1.0000	0.0000	6.8000
E	750.784	90.000	45.2475	2.5910	0.2184	0.1780	0.0000	6.8000
dPolE	750.784	90.000	62.2511	1.0000	0.0000	6.8000
uR	750.784	90.000	0.0119	1.0000	0.0000	6.8000
E	752.388	90.000	45.6407	3.4616	0.2208	0.1798	0.0000	6.8000
dPolE	752.388	90.000	64.6615	1.0000	0.0000	6.8000
uR	752.388	90.000	0.0119	1.0000	0.0000	6.8000
E	753.993	90.000	45.8339	2.7024	0.2155	0.1740	0.0000	6.8000
dPolE	753.993	90.000	66.2381	1.0000	0.0000	6.8000
uR	753.993	90.000	0.0122	1.0000	0.0000	6.8000
E	755.597	90.000	44.8270	2.3418	0.2234	0.1791	0.0000	6.8000
dPolE	755.597	90.000	63.0595	1.0000	0.0000	6.8000
uR	755.597	90.000	0.0127	1.0000	0.0000	6.8000
E	757.202	90.000	44.3461	3.0464	0.2126	0.1706	0.0000	6.8000
dPolE	757.202	90.000	65.8360	1.0000	0.0000	6.8000
uR	757.202	90.000	0.0124	1.0000	0.0000	6.8000
E	758.806	90.000	44.7006	2.9175	0.2221	0.1769	0.0000	6.8000
dPolE	758.806	90.000	63.4448	1.0000	0.0000	6.8000
uR	758.806	90.000	0.0127	1.0000	0.0000	6.8000
E	760.410	90.000	44.7119	2.9303	0.2142	0.1701	0.0000	6.8000
dPolE	760.410	90.000	58.1151	1.0000	0.0000	6.8000
uR	760.410	90.000	0.0129	1.0000	0.0000	6.8000
E	762.014	90.000	44.9608	3.0384	0.1943	0.1534	0.0000	6.8000
dPolE	762.014	90.000	60.3508	1.0000	0.0000	6.8000
uR	762.014	90.000	0.0126	1.0000	0.0000	6.8000
E	763.618	90.000	44.8416	2.9253	0.1744	0.1375	0.0000	6.8000
dPolE	763.618	90.000	46.2685	1.0000	0.0000	6.8000
uR	763.618	90.000	0.0134	1.0000	0.0000	6.8000
E	765.221	90.000	45.4313	2.8412	0.1587	0.1248	0.0000	6.8000
dPolE	765.221	90.000	43.4841	1.0000	0.0000	6.8000
uR	765.221	90.000	0.0134	1.0000	0.0000	6.8000
E	766.825	90.000	44.9580	2.9442	0.1726	0.1355	0.0000	6.8000
dPolE	766.825	90.000	45.8258	1.0000	0.0000	6.8000
uR	766.825	90.000	0.0128	1.0000	0.0000	6.8000
E	768.429	90.000	45.4416	3.1966	0.2016	0.1581	0.0000	6.8000
dPolE	768.429	90.000	52.3047	1.0000	0.0000	6.8000
uR	768.429	90.000	0.0128	1.0000	0.0000	6.8000
E	770.032	90.000	45.4862	2.8633	0.2187	0.1711	0.0000	6.8000
dPolE	770.032	90.000	60.5687	1.0000	0.0000	6.8000
uR	770.032	90.000	0.0134	1.0000	0.0000	6.8000
E	771.635	90.000	45.3838	2.1075	0.2354	0.1835	0.0000	6.8000
dPolE	771.635	90.000	61.5322	1.0000	0.0000	6.8000
uR	771.635	90.000	0.0135	1.0000	0.0000	6.8000
E	773.238	90.000	45.4720	2.8907	0.2378	0.1859	0.0000	6.8000
dPolE	773.238	90.000	64.5163	1.0000	0.0000	6.8000
uR	773.238	90.000	0.0130	1.0000	0.0000	6.8000
E	774.841	90.000	44.9750	4.0908	0.2488	0.1959	0.0000	6.8000
dPolE	774.841	90.000	68.9179	1.0000	0.0000	6.8000
uR	774.841	90.000	0.0128	1.0000	0.0000	6.8000
E	776.444	90.000	44.7729	2.7875	0.2517	0.1964	0.0000	6.8000
dPolE	776.444	90.000	72.7231	1.0000	0.0000	6.8000
uR	776.444	90.000	0.0126	1.0000	0.0000	6.8000
E	778.047	90.000	45.1116	2.2381	0.2707	0.2099	0.0000	6.8000
dPolE	778.047	90.000	72.7859	1.0000	0.0000	6.8000
uR	778.047	90.000	0.0120	1.0000	0.0000	6.8000
E	779.650	90.000	44.5875	2.6630	0.2673	0.2076	0.0000	6.8000
dPolE	779.650	90.000	76.6633	1.0000	0.0000	6.8000
uR	779.650	90.000	0.0114	1.0000	0.0000	6.8000
E	781.252	90.000	44.6350	2.7277	0.2637	0.2051	0.0000	6.8000
dPolE	781.252	90.000	75.0670	1.0000	0.0000	6.8000
uR	781.252	90.000	0.0117	1.0000	0.0000	6.8000
E	782.855	90.000	45.5851	2.6924	0.2527	0.1960	0.0000	6.8000
dPolE	782.855	90.000	75.0517	1.0000	0.0000	6.8000
uR	782.855	90.000	0.0128	1.0000	0.0000	6.8000
E	784.457	90.000	44.5775	2.8644	0.2624	0.2035	0.0000	6.8000
dPolE	784.457	90.000	71.1728	1.0000	0.0000	6.8000
uR	784.457	90.000	0.0131	1.0000	0.0000	6.8000
E	786.059	90.000	44.4697	3.1216	0.2715	0.2100	0.0000	6.8000
dPolE	786.059	90.000	72.4429	1.0000	0.0000	6.8000
uR	786.059	90.000	0.0124	1.0000	0.0000	6.8000
E	787.661	90.000	43.8938	2.5990	0.2657	0.2036	0.0000	6.8000
dPolE	787.661	90.000	71.5375	1.0000	0.0000	6.8000
uR	787.661	90.000	0.0119	1.0000	0.0000	6.8000
E	789.263	90.000	44.9826	2.8985	0.2373	0.1821	0.0000	6.8000
dPolE	789.263	90.000	72.2889	1.0000	0.0000	6.8000
uR	789.263	90.000	0.0118	1.0000	0.0000	6.8000
E	790.865	90.000	45.3008	3.1751	0.2464	0.1883	0.0000	6.8000
dPolE	790.865	90.000	67.0062	1.0000	0.0000	6.8000
uR	790.865	90.000	0.0118	1.0000	0.0000	6.8000
E	792.467	90.000	43.3427	2.8619	0.2653	0.2024	0.0000	6.8000
dPolE	792.467	90.000	67.3388	1.0000	0.0000	6.8000
uR	792.467	90.000	0.0117	1.0000	0.0000	6.8000
E	794.068	90.000	45.4225	2.1235	0.2538	0.1914	0.0000	6.8000
dPolE	794.068	90.000	70.4556	1.0000	0.0000	6.8000
uR	794.068	90.000	0.0121	1.0000	0.0000	6.8000
E	795.670	90.000	44.9298	3.4011	0.2567	0.1941	0.0000	6.8000
dPolE	795.670	90.000	67.8997	1.0000	0.0000	6.8000
uR	795.670	90.000	0.0128	1.0000	0.0000	6.8000
E	797.271	90.000	46.4066	2.1627	0.2382	0.1787	0.0000	6.8000
dPolE	797.271	90.000	64.4526	1.0000	0.0000	6.8000
uR	797.271	90.000	0.0134	1.0000	0.0000	6.8000
E	798.872	90.000	44.7729	2.8343	0.2557	0.1912	0.0000	6.8000
dPolE	798.872	90.000	60.6955	1.0000	0.0000	6.8000
uR	798.872	90.000	0.0132	1.0000	0.0000	6.8000
E	800.473	90.000	44.8975	2.3709	0.2589	0.1927	0.0000	6.8000
dPolE	800.473	90.000	66.0111	1.0000	0.0000	6.8000
uR	800.473	90.000	0.0129	1.0000	0.0000	6.8000
E	802.074	90.000	44.5890	2.5339	0.2627	0.1947	0.0000	6.8000
dPolE	802.074	90.000	66.8397	1.0000	0.0000	6.8000
uR	802.074	90.000	0.0125	1.0000	0.0000	6.8000
E	803.675	90.000	45.5702	2.8256	0.2716	0.2002	0.0000	6.8000
dPolE	803.675	90.000	71.9234	1.0000	0.0000	6.8000
uR	803.675	90.000	0.0124	1.0000	0.0000	6.8000
E	805.276	90.000	45.9219	2.5306	0.2721	0.1998	0.0000	6.8000
dPolE	805.276	90.000	68.2787	1.0000	0.0000	6.8000
uR	805.276	90.000	0.0127	1.0000	0.0000	6.8000
E	806.876	90.000	44.6465	2.6422	0.2656	0.1949	0.0000	6.8000
dPolE	806.876	90.000	71.5222	1.0000	0.0000	6.8000
uR	806.876	90.000	0.0122	1.0000	0.0000	6.8000
E	808.477	90.000	46.0245	2.4758	0.2676	0.1959	0.0000	6.8000
dPolE	808.477	90.000	69.4939	1.0000	0.0000	6.8000
uR	808.477	90.000	0.0119	1.0000	0.0000	6.8000
E	810.077	90.000	43.9722	2.6024	0.2654	0.1937	0.0000	6.8000
dPolE	810.077	90.000	68.0087	1.0000	0.0000	6.8000
uR	810.077	90.000	0.0126	1.0000	0.0000	6.8000
E	811.677	90.000	43.4182	2.5752	0.2598	0.1893	0.0000	6.8000
dPolE	811.677	90.000	70.1609	1.0000	0.0000	6.8000
uR	811.677	90.000	0.0128	1.0000	0.0000	6.8000
E	813.277	90.000	44.6458	2.2469	0.2585	0.1880	0.0000	6.8000
dPolE	813.277	90.000	66.6085	1.0000	0.0000	6.8000
uR	813.277	90.000	0.0128	1.0000	0.0000	6.8000
E	814.877	90.000	45.7612	2.2612	0.2647	0.1921	0.0000	6.8000
dPolE	814.877	90.000	65.0905	1.0000	0.0000	6.8000
uR	814.877	90.000	0.0121	1.0000	0.0000	6.8000
E	816.477	90.000	44.5723	2.9060	0.2609	0.1895	0.0000	6.8000
dPolE	816.477	90.000	61.8992	1.0000	0.0000	6.8000
uR	816.477	90.000	0.0121	1.0000	0.0000	6.8000
E	818.077	90.000	45.4674	2.5816	0.2198	0.1597	0.0000	6.8000
dPolE	818.077	90.000	54.2031	1.0000	0.0000	6.8000
uR	818.077	90.000	0.0119	1.0000	0.0000	6.8000
E	819.676	90.000	45.0495	2.4368	0.1630	0.1181	0.0000	6.8000
dPolE	819.676	90.000	40.0193	1.0000	0.0000	6.8000
uR	819.676	90.000	0.0113	1.0000	0.0000	6.8000
E	821.276	90.000	44.9268	2.5336	0.1084	0.0785	0.0000	6.8000
dPolE	821.276	90.000	19.2621	1.0000	0.0000	6.8000
uR	821.276	90.000	0.0116	1.0000	0.0000	6.8000
E	822.875	90.000	44.8329	2.3494	0.0750	0.0542	0.0000	6.8000
dPolE	822.875	90.000	14.8666	1.0000	0.0000	6.8000
uR	822.875	90.000	0.0130	1.0000	0.0000	6.8000
E	824.474	90.000	44.9134	2.3565	0.0651	0.0470	0.0000	6.8000
dPolE	824.474	90.000	12.2623	1.0000	0.0000	6.8000
uR	824.474	90.000	0.0136	1.0000	0.0000	6.8000
E	826.073	90.000	44.7555	2.2714	0.0681	0.0491	0.0000	6.8000
dPolE	826.073	90.000	13.1092	1.0000	0.0000	6.8000
uR	826.073	90.000	0.0131	1.0000	0.0000	6.8000
E	827.672	90.000	44.8075	2.4015	0.0830	0.0598	0.0000	6.8000
dPolE	827.672	90.000	18.1599	1.0000	0.0000	6.8000
uR	827.672	90.000	0.0126	1.0000	0.0000	6.8000
E	829.271	90.000	44.9311	2.4055	0.0940	0.0676	0.0000	6.8000
dPolE	829.271	90.000	21.0931	1.0000	0.0000	6.8000
uR	829.271	90.000	0.0132	1.0000	0.0000	6.8000
E	830.869	90.000	44.8891	2.2835	0.1184	0.0849	0.0000	6.8000
dPolE	830.869	90.000	26.2467	1.0000	0.0000	6.8000
uR	830.869	90.000	0.0125	1.0000	0.0000	6.8000
E	832.468	90.000	44.8888	2.3972	0.1415	0.1014	0.0000	6.8000
dPolE	832.468	90.000	40.1354	1.0000	0.0000	6.8000
uR	832.468	90.000	0.0121	1.0000	0.0000	6.8000
E	834.066	90.000	44.4643	2.3126	0.1449	0.1035	0.0000	6.8000
dPolE	834.066	90.000	39.8435	1.0000	0.0000	6.8000
uR	834.066	90.000	0.0120	1.0000	0.0000	6.8000
E	835.664	90.000	44.7574	2.3388	0.1372	0.0977	0.0000	6.8000
dPolE	835.664	90.000	37.9467	1.0000	0.0000	6.8000
uR	835.664	90.000	0.0124	1.0000	0.0000	6.8000
E	837.262	90.000	44.3277	2.1377	0.1558	0.1104	0.0000	6.8000
dPolE	837.262	90.000	40.2755	1.0000	0.0000	6.8000
uR	837.262	90.000	0.0129	1.0000	0.0000	6.8000
E	838.860	90.000	44.7636	2.2912	0.1785	0.1261	0.0000	6.8000
dPolE	838.860	90.000	50.0523	1.0000	0.0000	6.8000
uR	838.860	90.000	0.0126	1.0000	0.0000	6.8000
E	840.458	90.000	44.6404	2.1412	0.1821	0.1278	0.0000	6.8000
dPolE	840.458	90.000	54.5084	1.0000	0.0000	6.8000
uR	840.458	90.000	0.0135	1.0000	0.0000	6.8000
E	842.055	90.000	44.9271	2.3389	0.1956	0.1374	0.0000	6.8000
dPolE	842.055	90.000	56.0309	1.0000	0.0000	6.8000
uR	842.055	90.000	0.0141	1.0000	0.0000	6.8000
E	843.653	90.000	44.7684	2.5394	0.2439	0.1708	0.0000	6.8000
dPolE	843.653	90.000	60.4233	1.0000	0.0000	6.8000
uR	843.653	90.000	0.0129	1.0000	0.0000	6.8000
E	845.250	90.000	44.7239	2.3676	0.2769	0.1925	0.0000	6.8000
dPolE	845.250	90.000	64.6518	1.0000	0.0000	6.8000
uR	845.250	90.000	0.0139	1.0000	0.0000	6.8000
E	846.847	90.000	44.9210	2.0258	0.3502	0.2420	0.0000	6.8000
dPolE	846.847	90.000	78.3409	1.0000	0.0000	6.8000
uR	846.847	90.000	0.0113	1.0000	0.0000	6.8000
E	848.444	90.000	44.5964	1.9423	0.3539	0.2436	0.0000	6.8000
dPolE	848.444	90.000	84.6334	1.0000	0.0000	6.8000
uR	848.444	90.000	0.0106	1.0000	0.0000	6.8000
E	850.041	90.000	47.2518	2.8900	0.3388	0.2342	0.0000	6.8000
dPolE	850.041	90.000	84.0321	1.0000	0.0000	6.8000
uR	850.041	90.000	0.0119	1.0000	0.0000	6.8000
E	851.638	90.000	43.6852	1.8444	0.3355	0.2293	0.0000	6.8000
dPolE	851.638	90.000	83.2753	1.0000	0.0000	6.8000
uR	851.638	90.000	0.0120	1.0000	0.0000	6.8000
E	853.234	90.000	45.7227	2.2476	0.3501	0.2387	0.0000	6.8000
dPolE	853.234	90.000	83.6645	1.0000	0.0000	6.8000
uR	853.234	90.000	0.0115	1.0000	0.0000	6.8000
E	854.831	90.000	43.9259	1.2945	0.3824	0.2583	0.0000	6.8000
dPolE	854.831	90.000	83.1509	1.0000	0.0000	6.8000
uR	854.831	90.000	0.0110	1.0000	0.0000	6.8000
E	856.427	90.000	44.0725	0.5021	0.3576	0.2413	0.0000	6.8000
dPolE	856.427	90.000	81.9971	1.0000	0.0000	6.8000
uR	856.427	90.000	0.0115	1.0000	0.0000	6.8000
E	858.023	90.000	45.2936	2.9798	0.3554	0.2415	0.0000	6.8000
dPolE	858.023	90.000	82.6750	1.0000	0.0000	6.8000
uR	858.023	90.000	0.0108	1.0000	0.0000	6.8000
E	859.619	90.000	44.7699	2.2101	0.3883	0.2615	0.0000	6.8000
dPolE	859.619	90.000	77.9560	1.0000	0.0000	6.8000
uR	859.619	90.000	0.0113	1.0000	0.0000	6.8000
E	861.215	90.000	43.1110	1.5346	0.3771	0.2536	0.0000	6.8000
dPolE	861.215	90.000	78.3651	1.0000	0.0000	6.8000
uR	861.215	90.000	0.0116	1.0000	0.0000	6.8000
E	862.811	90.000	46.7670	2.2619	0.3623	0.2443	0.0000	6.8000
dPolE	862.811	90.000	74.5792	1.0000	0.0000	6.8000
uR	862.811	90.000	0.0113	1.0000	0.0000	6.8000
E	864.407	90.000	45.1092	2.3233	0.3432	0.2304	0.0000	6.8000
dPolE	864.407	90.000	77.5227	1.0000	0.0000	6.8000
uR	864.407	90.000	0.0113	1.0000	0.0000	6.8000
E	866.002	90.000	44.8155	2.4890	0.3438	0.2309	0.0000	6.8000
dPolE	866.002	90.000	74.6332	1.0000	0.0000	6.8000
uR	866.002	90.000	0.0114	1.0000	0.0000	6.8000
E	867.597	90.000	45.7999	2.0128	0.3067	0.2057	0.0000	6.8000
dPolE	867.597	90.000	68.8430	1.0000	0.0000	6.8000
uR	867.597	90.000	0.0116	1.0000	0.0000	6.8000
E	869.192	90.000	45.6432	1.8716	0.3112	0.2082	0.0000	6.8000
dPolE	869.192	90.000	68.6079	1.0000	0.0000	6.8000
uR	869.192	90.000	0.0112	1.0000	0.0000	6.8000
E	870.787	90.000	44.6176	1.6517	0.2886	0.1929	0.0000	6.8000
dPolE	870.787	90.000	66.2719	1.0000	0.0000	6.8000
uR	870.787	90.000	0.0118	1.0000	0.0000	6.8000
E	872.382	90.000	44.6540	1.9363	0.2948	0.1969	0.0000	6.8000
dPolE	872.382	90.000	59.9985	1.0000	0.0000	6.8000
uR	872.382	90.000	0.0118	1.0000	0.0000	6.8000
E	873.977	90.000	44.2095	1.5429	0.2696	0.1801	0.0000	6.8000
dPolE	873.977	90.000	59.4010	1.0000	0.0000	6.8000
uR	873.977	90.000	0.0117	1.0000	0.0000	6.8000
E	875.571	90.000	45.0674	1.7996	0.2429	0.1622	0.0000	6.8000
dPolE	875.571	90.000	53.1102	1.0000	0.0000	6.8000
uR	875.571	90.000	0.0119	1.0000	0.0000	6.8000
E	877.166	90.000	45.0223	2.0348	0.1931	0.1289	0.0000	6.8000
dPolE	877.166	90.000	43.6655	1.0000	0.0000	6.8000
uR	877.166	90.000	0.0118	1.0000	0.0000	6.8000
E	878.760	90.000	45.0841	1.9412	0.1406	0.0938	0.0000	6.8000
dPolE	878.760	90.000	24.3879	1.0000	0.0000	6.8000
uR	878.760	90.000	0.0116	1.0000	0.0000	6.8000
E	880.354	90.000	45.0529	1.8665	0.0959	0.0638	0.0000	6.8000
dPolE	880.354	90.000	16.9694	1.0000	0.0000	6.8000
uR	880.354	90.000	0.0120	1.0000	0.0000	6.8000
E	881.948	90.000	44.8208	1.9398	0.0764	0.0507	0.0000	6.8000
dPolE	881.948	90.000	12.1800	1.0000	0.0000	6.8000
uR	881.948	90.000	0.0130	1.0000	0.0000	6.8000
E	883.542	90.000	44.9561	1.9709	0.0746	0.0494	0.0000	6.8000
dPolE	883.542	90.000	11.3740	1.0000	0.0000	6.8000
uR	883.542	90.000	0.0135	1.0000	0.0000	6.8000
E	885.135	90.000	44.7786	2.0560	0.0837	0.0554	0.0000	6.8000
dPolE	885.135	90.000	15.7123	1.0000	0.0000	6.8000
uR	885.135	90.000	0.0125	1.0000	0.0000	6.8000
E	886.729	90.000	44.9294	1.9000	0.1147	0.0756	0.0000	6.8000
dPolE	886.729	90.000	24.1734	1.0000	0.0000	6.8000
uR	886.729	90.000	0.0117	1.0000	0.0000	6.8000
E	888.322	90.000	45.0583	1.7431	0.1473	0.0969	0.0000	6.8000
dPolE	888.322	90.000	31.6387	1.0000	0.0000	6.8000
uR	888.322	90.000	0.0119	1.0000	0.0000	6.8000
E	889.915	90.000	45.4566	2.0998	0.1738	0.1141	0.0000	6.8000
dPolE	889.915	90.000	38.2340	1.0000	0.0000	6.8000
uR	889.915	90.000	0.0114	1.0000	0.0000	6.8000
E	891.508	90.000	45.4527	1.9212	0.1767	0.1155	0.0000	6.8000
dPolE	891.508	90.000	37.0797	1.0000	0.0000	6.8000
uR	891.508	90.000	0.0118	1.0000	0.0000	6.8000
E	893.101	90.000	45.1506	2.0598	0.1647	0.1073	0.0000	6.8000
dPolE	893.101	90.000	35.4716	1.0000	0.0000	6.8000
uR	893.101	90.000	0.0114	1.0000	0.0000	6.8000
E	894.694	90.000	44.8062	1.9193	0.1463	0.0949	0.0000	6.8000
dPolE	894.694	90.000	30.8278	1.0000	0.0000	6.8000
uR	894.694	90.000	0.0123	1.0000	0.0000	6.8000
E	896.286	90.000	44.8137	2.1082	0.1313	0.0849	0.0000	6.8000
dPolE	896.286	90.000	29.1615	1.0000	0.0000	6.8000
uR	896.286	90.000	0.0121	1.0000	0.0000	6.8000
E	897.879	90.000	44.9575	1.9504	0.1473	0.0948	0.0000	6.8000
dPolE	897.879	90.000	28.4920	1.0000	0.0000	6.8000
uR	897.879	90.000	0.0120	1.0000	0.0000	6.8000
E	899.471	90.000	45.3852	1.8144	0.1609	0.1032	0.0000	6.8000
dPolE	899.471	90.000	38.8901	1.0000	0.0000	6.8000
uR	899.471	90.000	0.0116	1.0000	0.0000	6.8000
E	901.063	90.000	45.1624	1.8839	0.1804	0.1151	0.0000	6.8000
dPolE	901.063	90.000	38.8030	1.0000	0.0000	6.8000
uR	901.063	90.000	0.0115	1.0000	0.0000	6.8000
E	902.655	90.000	45.1869	2.0417	0.1575	0.1004	0.0000	6.8000
dPolE	902.655	90.000	33.8165	1.0000	0.0000	6.8000
uR	902.655	90.000	0.0122	1.0000	0.0000	6.8000
E	904.247	90.000	44.8849	2.0298	0.1341	0.0852	0.0000	6.8000
dPolE	904.247	90.000	29.4835	1.0000	0.0000	6.8000
uR	904.247	90.000	0.0132	1.0000	0.0000	6.8000
E	905.838	90.000	45.0047	1.8571	0.1372	0.0869	0.0000	6.8000
dPolE	905.838	90.000	26.5493	1.0000	0.0000	6.8000
uR	905.838	90.000	0.0133	1.0000	0.0000	6.8000
E	907.429	90.000	45.4861	2.0392	0.1566	0.0990	0.0000	6.8000
dPolE	907.429	90.000	31.3751	1.0000	0.0000	6.8000
uR	907.429	90.000	0.0125	1.0000	0.0000	6.8000
E	909.021	90.000	44.2848	1.6310	0.1964	0.1238	0.0000	6.8000
dPolE	909.021	90.000	44.6265	1.0000	0.0000	6.8000
uR	909.021	90.000	0.0116	1.0000	0.0000	6.8000
E	910.612	90.000	44.7944	1.9942	0.2283	0.1432	0.0000	6.8000
dPolE	910.612	90.000	42.5372	1.0000	0.0000	6.8000
uR	910.612	90.000	0.0117	1.0000	0.0000	6.8000
E	912.203	90.000	45.0095	2.0588	0.1994	0.1250	0.0000	6.8000
dPolE	912.203	90.000	39.7575	1.0000	0.0000	6.8000
uR	912.203	90.000	0.0118	1.0000	0.0000	6.8000
E	913.793	90.000	45.2717	2.0384	0.1608	0.1004	0.0000	6.8000
dPolE	913.793	90.000	28.5765	1.0000	0.0000	6.8000
uR	913.793	90.000	0.0127	1.0000	0.0000	6.8000
E	915.384	90.000	44.7505	1.7601	0.1230	0.0766	0.0000	6.8000
dPolE	915.384	90.000	26.2406	1.0000	0.0000	6.8000
uR	915.384	90.000	0.0129	1.0000	0.0000	6.8000
E	916.974	90.000	44.9851	1.9159	0.1178	0.0733	0.0000	6.8000
dPolE	916.974	90.000	22.0910	1.0000	0.0000	6.8000
uR	916.974	90.000	0.0129	1.0000	0.0000	6.8000
E	918.565	90.000	45.0699	2.1326	0.1320	0.0822	0.0000	6.8000
dPolE	918.565	90.000	23.1639	1.0000	0.0000	6.8000
uR	918.565	90.000	0.0125	1.0000	0.0000	6.8000
E	920.155	90.000	44.6626	1.6435	0.1646	0.1020	0.0000	6.8000
dPolE	920.155	90.000	34.2407	1.0000	0.0000	6.8000
uR	920.155	90.000	0.0116	1.0000	0.0000	6.8000
E	921.745	90.000	44.8976	1.9420	0.1874	0.1161	0.0000	6.8000
dPolE	921.745	90.000	43.5841	1.0000	0.0000	6.8000
uR	921.745	90.000	0.0115	1.0000	0.0000	6.8000
E	923.334	90.000	44.9750	2.0206	0.2353	0.1458	0.0000	6.8000
dPolE	923.334	90.000	43.4310	1.0000	0.0000	6.8000
uR	923.334	90.000	0.0122	1.0000	0.0000	6.8000
E	924.924	90.000	44.8070	1.9526	0.2776	0.1716	0.0000	6.8000
dPolE	924.924	90.000	47.9387	1.0000	0.0000	6.8000
uR	924.924	90.000	0.0125	1.0000	0.0000	6.8000
E	926.513	90.000	45.9629	2.0712	0.3040	0.1878	0.0000	6.8000
dPolE	926.513	90.000	56.3047	1.0000	0.0000	6.8000
uR	926.513	90.000	0.0132	1.0000	0.0000	6.8000
E	928.103	90.000	45.0641	1.2551	0.3508	0.2158	0.0000	6.8000
dPolE	928.103	90.000	61.4360	1.0000	0.0000	6.8000
uR	928.103	90.000	0.0124	1.0000	0.0000	6.8000
E	929.692	90.000	45.3748	2.0375	0.3406	0.2097	0.0000	6.8000
dPolE	929.692	90.000	70.8335	1.0000	0.0000	6.8000
uR	929.692	90.000	0.0117	1.0000	0.0000	6.8000
E	931.280	90.000	45.8556	2.2386	0.3578	0.2213	0.0000	6.8000
dPolE	931.280	90.000	65.8123	1.0000	0.0000	6.8000
uR	931.280	90.000	0.0123	1.0000	0.0000	6.8000
E	932.869	90.000	45.4712	0.9569	0.3713	0.2278	0.0000	6.8000
dPolE	932.869	90.000	67.7028	1.0000	0.0000	6.8000
uR	932.869	90.000	0.0117	1.0000	0.0000	6.8000
E	934.458	90.000	43.3555	1.2496	0.3414	0.2091	0.0000	6.8000
dPolE	934.458	90.000	71.6781	1.0000	0.0000	6.8000
uR	934.458	90.000	0.0119	1.0000	0.0000	6.8000
E	936.046	90.000	45.7648	2.0009	0.3273	0.2012	0.0000	6.8000
dPolE	936.046	90.000	68.3249	1.0000	0.0000	6.8000
uR	936.046	90.000	0.0119	1.0000	0.0000	6.8000
E	937.634	90.000	45.5987	1.9889	0.3111	0.1910	0.0000	6.8000
dPolE	937.634	90.000	61.4055	1.0000	0.0000	6.8000
uR	937.634	90.000	0.0121	1.0000	0.0000	6.8000
E	939.222	90.000	45.0536	1.9567	0.3074	0.1886	0.0000	6.8000
dPolE	939.222	90.000	61.2486	1.0000	0.0000	6.8000
uR	939.222	90.000	0.0131	1.0000	0.0000	6.8000
E	940.810	90.000	45.6506	1.9744	0.3346	0.2036	0.0000	6.8000
dPolE	940.810	90.000	56.1865	1.0000	0.0000	6.8000
uR	940.810	90.000	0.0138	1.0000	0.0000	6.8000
E	942.398	90.000	45.2815	1.7665	0.3432	0.2080	0.0000	6.8000
dPolE	942.398	90.000	65.1318	1.0000	0.0000	6.8000
uR	942.398	90.000	0.0124	1.0000	0.0000	6.8000
E	943.985	90.000	44.8777	1.8415	0.3828	0.2334	0.0000	6.8000
dPolE	943.985	90.000	64.6045	1.0000	0.0000	6.8000
uR	943.985	90.000	0.0123	1.0000	0.0000	6.8000
E	945.573	90.000	46.5316	2.2859	0.3485	0.2129	0.0000	6.8000
dPolE	945.573	90.000	74.0959	1.0000	0.0000	6.8000
uR	945.573	90.000	0.0112	1.0000	0.0000	6.8000
E	947.160	90.000	45.2783	1.7846	0.3592	0.2181	0.0000	6.8000
dPolE	947.160	90.000	66.0382	1.0000	0.0000	6.8000
uR	947.160	90.000	0.0114	1.0000	0.0000	6.8000
E	948.747	90.000	45.3950	1.9647	0.3422	0.2070	0.0000	6.8000
dPolE	948.747	90.000	69.1779	1.0000	0.0000	6.8000
uR	948.747	90.000	0.0117	1.0000	0.0000	6.8000
E	950.334	90.000	44.9089	1.3971	0.3274	0.1974	0.0000	6.8000
dPolE	950.334	90.000	65.6255	1.0000	0.0000	6.8000
uR	950.334	90.000	0.0123	1.0000	0.0000	6.8000
E	951.920	90.000	45.7595	1.9498	0.3388	0.2038	0.0000	6.8000
dPolE	951.920	90.000	65.8205	1.0000	0.0000	6.8000
uR	951.920	90.000	0.0116	1.0000	0.0000	6.8000
E	953.507	90.000	46.6651	1.7062	0.3614	0.2169	0.0000	6.8000
dPolE	953.507	90.000	65.5788	1.0000	0.0000	6.8000
uR	953.507	90.000	0.0116	1.0000	0.0000	6.8000
E	955.093	90.000	44.6264	2.1769	0.3902	0.2331	0.0000	6.8000
dPolE	955.093	90.000	67.9137	1.0000	0.0000	6.8000
uR	955.093	90.000	0.0116	1.0000	0.0000	6.8000
E	956.679	90.000	46.2030	2.1268	0.4093	0.2454	0.0000	6.8000
dPolE	956.679	90.000	74.7967	1.0000	0.0000	6.8000
uR	956.679	90.000	0.0107	1.0000	0.0000	6.8000
E	958.265	90.000	44.1619	2.1795	0.4465	0.2664	0.0000	6.8000
dPolE	958.265	90.000	80.2634	1.0000	0.0000	6.8000
uR	958.265	90.000	0.0104	1.0000	0.0000	6.8000
E	959.851	90.000	45.3405	2.6694	0.4550	0.2710	0.0000	6.8000
dPolE	959.851	90.000	81.3153	1.0000	0.0000	6.8000
uR	959.851	90.000	0.0104	1.0000	0.0000	6.8000
E	961.436	90.000	43.9211	2.6309	0.4446	0.2641	0.0000	6.8000
dPolE	961.436	90.000	80.2230	1.0000	0.0000	6.8000
uR	961.436	90.000	0.0121	1.0000	0.0000	6.8000
E	963.022	90.000	44.4930	0.3576	0.4624	0.2714	0.0000	6.8000
dPolE	963.022	90.000	83.1624	1.0000	0.0000	6.8000
uR	963.022	90.000	0.0111	1.0000	0.0000	6.8000
E	964.607	90.000	45.0781	2.1968	0.4699	0.2766	0.0000	6.8000
dPolE	964.607	90.000	79.7654	1.0000	0.0000	6.8000
uR	964.607	90.000	0.0107	1.0000	0.0000	6.8000
E	966.192	90.000	44.5181	1.5447	0.4317	0.2526	0.0000	6.8000
dPolE	966.192	90.000	72.6497	1.0000	0.0000	6.8000
uR	966.192	90.000	0.0129	1.0000	0.0000	6.8000
E	967.777	90.000	45.0656	2.3545	0.4163	0.2433	0.0000	6.8000
dPolE	967.777	90.000	76.1276	1.0000	0.0000	6.8000
uR	967.777	90.000	0.0110	1.0000	0.0000	6.8000
E	969.361	90.000	44.8860	1.1805	0.4093	0.2373	0.0000	6.8000
dPolE	969.361	90.000	69.8792	1.0000	0.0000	6.8000
uR	969.361	90.000	0.0113	1.0000	0.0000	6.8000
E	970.946	90.000	45.8518	1.7583	0.3740	0.2166	0.0000	6.8000
dPolE	970.946	90.000	67.7403	1.0000	0.0000	6.8000
uR	970.946	90.000	0.0112	1.0000	0.0000	6.8000
E	972.530	90.000	44.1360	1.6740	0.3252	0.1883	0.0000	6.8000
dPolE	972.530	90.000	68.8945	1.0000	0.0000	6.8000
uR	972.530	90.000	0.0115	1.0000	0.0000	6.8000
E	974.114	90.000	45.2191	1.6127	0.3440	0.1988	0.0000	6.8000
dPolE	974.114	90.000	56.2451	1.0000	0.0000	6.8000
uR	974.114	90.000	0.0120	1.0000	0.0000	6.8000
E	975.698	90.000	44.9765	1.7624	0.3014	0.1735	0.0000	6.8000
dPolE	975.698	90.000	51.5910	1.0000	0.0000	6.8000
uR	975.698	90.000	0.0118	1.0000	0.0000	6.8000
E	977.282	90.000	45.0533	1.8856	0.2485	0.1428	0.0000	6.8000
dPolE	977.282	90.000	37.2247	1.0000	0.0000	6.8000
uR	977.282	90.000	0.0128	1.0000	0.0000	6.8000
E	978.865	90.000	45.3371	1.7947	0.2173	0.1242	0.0000	6.8000
dPolE	978.865	90.000	23.5984	1.0000	0.0000	6.8000
uR	978.865	90.000	0.0130	1.0000	0.0000	6.8000
E	980.449	90.000	44.8498	1.5893	0.2138	0.1221	0.0000	6.8000
dPolE	980.449	90.000	29.5468	1.0000	0.0000	6.8000
uR	980.449	90.000	0.0131	1.0000	0.0000	6.8000
E	982.032	90.000	45.0435	1.6983	0.2394	0.1371	0.0000	6.8000
dPolE	982.032	90.000	40.5342	1.0000	0.0000	6.8000
uR	982.032	90.000	0.0128	1.0000	0.0000	6.8000
E	983.615	90.000	44.6658	1.1344	0.2742	0.1563	0.0000	6.8000
dPolE	983.615	90.000	39.7142	1.0000	0.0000	6.8000
uR	983.615	90.000	0.0118	1.0000	0.0000	6.8000
E	985.198	90.000	44.5428	1.8553	0.3201	0.1827	0.0000	6.8000
dPolE	985.198	90.000	46.1003	1.0000	0.0000	6.8000
uR	985.198	90.000	0.0123	1.0000	0.0000	6.8000
E	986.780	90.000	44.5609	1.6939	0.3433	0.1961	0.0000	6.8000
dPolE	986.780	90.000	50.8825	1.0000	0.0000	6.8000
uR	986.780	90.000	0.0120	1.0000	0.0000	6.8000
E	988.363	90.000	45.0294	1.6959	0.2863	0.1630	0.0000	6.8000
dPolE	988.363	90.000	53.7425	1.0000	0.0000	6.8000
uR	988.363	90.000	0.0121	1.0000	0.0000	6.8000
E	989.945	90.000	44.8704	1.8189	0.2610	0.1486	0.0000	6.8000
dPolE	989.945	90.000	33.4012	1.0000	0.0000	6.8000
uR	989.945	90.000	0.0134	1.0000	0.0000	6.8000
E	991.527	90.000	44.5197	1.9380	0.2425	0.1377	0.0000	6.8000
dPolE	991.527	90.000	32.5413	1.0000	0.0000	6.8000
uR	991.527	90.000	0.0142	1.0000	0.0000	6.8000
E	993.109	90.000	45.5029	1.6087	0.2428	0.1378	0.0000	6.8000
dPolE	993.109	90.000	30.7512	1.0000	0.0000	6.8000
uR	993.109	90.000	0.0127	1.0000	0.0000	6.8000
E	994.690	90.000	44.3115	1.6118	0.2409	0.1363	0.0000	6.8000
dPolE	994.690	90.000	32.5585	1.0000	0.0000	6.8000
uR	994.690	90.000	0.0126	1.0000	0.0000	6.8000
E	996.272	90.000	45.3846	1.8628	0.2840	0.1610	0.0000	6.8000
dPolE	996.272	90.000	37.7452	1.0000	0.0000	6.8000
uR	996.272	90.000	0.0128	1.0000	0.0000	6.8000
E	997.853	90.000	44.9027	1.7831	0.3457	0.1951	0.0000	6.8000
dPolE	997.853	90.000	40.7178	1.0000	0.0000	6.8000
uR	997.853	90.000	0.0129	1.0000	0.0000	6.8000
E	999.434	90.000	45.6891	1.6091	0.3949	0.2225	0.0000	6.8000
dPolE	999.434	90.000	64.8923	1.0000	0.0000	6.8000
uR	999.434	90.000	0.0113	1.0000	0.0000	6.8000
