
FM-removed
XY-Scan
nm
E	210.379	90.000	36.8728	81.2848	0.2612	0.5452	0.0000	6.8000
dPolE	210.379	90.000	99.9951	1.0000	0.0000	6.8000
uR	210.379	90.000	0.0190	1.0000	0.0000	6.8000
E	211.990	90.000	37.6575	98.9540	0.2790	0.5779	0.0000	6.8000
dPolE	211.990	90.000	99.9892	1.0000	0.0000	6.8000
uR	211.990	90.000	0.0115	1.0000	0.0000	6.8000
E	213.602	90.000	67.6020	151.6465	0.2537	0.6895	0.0000	6.8000
dPolE	213.602	90.000	99.9684	1.0000	0.0000	6.8000
uR	213.602	90.000	0.0087	1.0000	0.0000	6.8000
E	215.214	90.000	39.8627	144.4957	0.2468	0.4732	0.0000	6.8000
dPolE	215.214	90.000	99.9909	1.0000	0.0000	6.8000
uR	215.214	90.000	0.0100	1.0000	0.0000	6.8000
E	216.826	90.000	13.2762	78.8959	0.2396	1.1723	0.0000	6.8000
dPolE	216.826	90.000	99.9906	1.0000	0.0000	6.8000
uR	216.826	90.000	0.0085	1.0000	0.0000	6.8000
E	218.438	90.000	48.8145	29.4083	0.2645	0.4751	0.0000	6.8000
dPolE	218.438	90.000	99.9535	1.0000	0.0000	6.8000
uR	218.438	90.000	0.0082	1.0000	0.0000	6.8000
E	220.050	90.000	48.9788	163.8290	0.2742	0.4635	0.0000	6.8000
dPolE	220.050	90.000	99.9824	1.0000	0.0000	6.8000
uR	220.050	90.000	0.0043	1.0000	0.0000	6.8000
E	221.662	90.000	73.0065	257.9017	0.2183	0.8926	0.0000	6.8000
dPolE	221.662	90.000	99.9946	1.0000	0.0000	6.8000
uR	221.662	90.000	0.0039	1.0000	0.0000	6.8000
E	223.274	90.000	38.3283	39.9926	0.2742	0.4914	0.0000	6.8000
dPolE	223.274	90.000	99.9290	1.0000	0.0000	6.8000
uR	223.274	90.000	0.0052	1.0000	0.0000	6.8000
E	224.886	90.000	14.4873	166.8201	0.2874	0.8987	0.0000	6.8000
dPolE	224.886	90.000	99.9947	1.0000	0.0000	6.8000
uR	224.886	90.000	0.0034	1.0000	0.0000	6.8000
E	226.498	90.000	57.2608	170.1026	0.2960	0.4674	0.0000	6.8000
dPolE	226.498	90.000	99.9355	1.0000	0.0000	6.8000
uR	226.498	90.000	0.0036	1.0000	0.0000	6.8000
E	228.111	90.000	41.9047	205.7027	0.2503	0.3791	0.0000	6.8000
dPolE	228.111	90.000	99.9205	1.0000	0.0000	6.8000
uR	228.111	90.000	0.0040	1.0000	0.0000	6.8000
E	229.723	90.000	16.8503	315.2884	0.2692	0.9134	0.0000	6.8000
dPolE	229.723	90.000	99.9315	1.0000	0.0000	6.8000
uR	229.723	90.000	0.0029	1.0000	0.0000	6.8000
E	231.335	90.000	39.6645	254.4756	0.2786	0.5601	0.0000	6.8000
dPolE	231.335	90.000	99.9885	1.0000	0.0000	6.8000
uR	231.335	90.000	0.0030	1.0000	0.0000	6.8000
E	232.948	90.000	60.7392	39.9133	0.2583	0.5015	0.0000	6.8000
dPolE	232.948	90.000	99.9204	1.0000	0.0000	6.8000
uR	232.948	90.000	0.0028	1.0000	0.0000	6.8000
E	234.560	90.000	23.0346	228.3038	0.2517	0.6507	0.0000	6.8000
dPolE	234.560	90.000	99.9982	1.0000	0.0000	6.8000
uR	234.560	90.000	0.0026	1.0000	0.0000	6.8000
E	236.173	90.000	4.3332	133.4409	0.2466	3.3415	0.0000	6.8000
dPolE	236.173	90.000	99.9229	1.0000	0.0000	6.8000
uR	236.173	90.000	0.0023	1.0000	0.0000	6.8000
E	237.786	90.000	52.6902	333.1317	0.3109	0.4424	0.0000	6.8000
dPolE	237.786	90.000	99.9677	1.0000	0.0000	6.8000
uR	237.786	90.000	0.0013	1.0000	0.0000	6.8000
E	239.398	90.000	45.4727	14.4731	0.3026	0.3617	0.0000	6.8000
dPolE	239.398	90.000	99.8960	1.0000	0.0000	6.8000
uR	239.398	90.000	0.0019	1.0000	0.0000	6.8000
E	241.011	90.000	76.3189	273.5049	0.1986	1.2843	0.0000	6.8000
dPolE	241.011	90.000	99.9951	1.0000	0.0000	6.8000
uR	241.011	90.000	0.0012	1.0000	0.0000	6.8000
E	242.624	90.000	22.0382	114.6239	0.2511	0.8093	0.0000	6.8000
dPolE	242.624	90.000	99.9992	1.0000	0.0000	6.8000
uR	242.624	90.000	0.0010	1.0000	0.0000	6.8000
E	244.237	90.000	89.9900	90.1301	0.1636	1761.4260	0.0000	6.8000
dPolE	244.237	90.000	99.9054	1.0000	0.0000	6.8000
uR	244.237	90.000	0.0015	1.0000	0.0000	6.8000
E	245.850	90.000	19.7340	162.8791	0.3027	0.5647	0.0000	6.8000
dPolE	245.850	90.000	99.9814	1.0000	0.0000	6.8000
uR	245.850	90.000	0.0010	1.0000	0.0000	6.8000
E	247.463	90.000	66.0208	353.7056	0.2858	0.4066	0.0000	6.8000
dPolE	247.463	90.000	99.9473	1.0000	0.0000	6.8000
uR	247.463	90.000	0.0014	1.0000	0.0000	6.8000
E	249.076	90.000	44.9173	170.3403	0.3203	0.3422	0.0000	6.8000
dPolE	249.076	90.000	99.9764	1.0000	0.0000	6.8000
uR	249.076	90.000	0.0008	1.0000	0.0000	6.8000
E	250.689	90.000	12.5026	47.0737	0.2562	1.1964	0.0000	6.8000
dPolE	250.689	90.000	99.9437	1.0000	0.0000	6.8000
uR	250.689	90.000	0.0009	1.0000	0.0000	6.8000
E	252.302	90.000	60.2200	183.3297	0.3469	0.4103	0.0000	6.8000
dPolE	252.302	90.000	99.9548	1.0000	0.0000	6.8000
uR	252.302	90.000	0.0007	1.0000	0.0000	6.8000
E	253.916	90.000	53.6112	202.9000	0.2910	0.3713	0.0000	6.8000
dPolE	253.916	90.000	99.9999	1.0000	0.0000	6.8000
uR	253.916	90.000	0.0013	1.0000	0.0000	6.8000
E	255.529	90.000	53.8317	181.1156	0.3013	0.3182	0.0000	6.8000
dPolE	255.529	90.000	99.9777	1.0000	0.0000	6.8000
uR	255.529	90.000	0.0012	1.0000	0.0000	6.8000
E	257.142	90.000	37.6031	177.9641	0.3331	0.3467	0.0000	6.8000
dPolE	257.142	90.000	99.9509	1.0000	0.0000	6.8000
uR	257.142	90.000	0.0009	1.0000	0.0000	6.8000
E	258.756	90.000	33.4560	5.3751	0.3060	0.3380	0.0000	6.8000
dPolE	258.756	90.000	99.9890	1.0000	0.0000	6.8000
uR	258.756	90.000	0.0010	1.0000	0.0000	6.8000
E	260.369	90.000	66.8917	193.4772	0.3072	0.4646	0.0000	6.8000
dPolE	260.369	90.000	99.9493	1.0000	0.0000	6.8000
uR	260.369	90.000	0.0006	1.0000	0.0000	6.8000
E	261.983	90.000	44.6855	17.8828	0.3036	0.3450	0.0000	6.8000
dPolE	261.983	90.000	99.9844	1.0000	0.0000	6.8000
uR	261.983	90.000	0.0005	1.0000	0.0000	6.8000
E	263.596	90.000	51.6378	314.0036	0.2987	0.4960	0.0000	6.8000
dPolE	263.596	90.000	99.9939	1.0000	0.0000	6.8000
uR	263.596	90.000	0.0008	1.0000	0.0000	6.8000
E	265.210	90.000	14.5771	177.2440	0.2946	0.6139	0.0000	6.8000
dPolE	265.210	90.000	99.9504	1.0000	0.0000	6.8000
uR	265.210	90.000	0.0006	1.0000	0.0000	6.8000
E	266.823	90.000	16.3447	177.9272	0.2921	0.5499	0.0000	6.8000
dPolE	266.823	90.000	99.9316	1.0000	0.0000	6.8000
uR	266.823	90.000	0.0009	1.0000	0.0000	6.8000
E	268.437	90.000	7.0935	358.3960	0.2792	1.1665	0.0000	6.8000
dPolE	268.437	90.000	99.9763	1.0000	0.0000	6.8000
uR	268.437	90.000	0.0007	1.0000	0.0000	6.8000
E	270.051	90.000	60.6035	172.2922	0.2725	0.3362	0.0000	6.8000
dPolE	270.051	90.000	99.9453	1.0000	0.0000	6.8000
uR	270.051	90.000	0.0008	1.0000	0.0000	6.8000
E	271.665	90.000	74.8258	17.3159	0.2756	0.6461	0.0000	6.8000
dPolE	271.665	90.000	99.9598	1.0000	0.0000	6.8000
uR	271.665	90.000	0.0007	1.0000	0.0000	6.8000
E	273.279	90.000	9.7204	30.0905	0.2578	1.1429	0.0000	6.8000
dPolE	273.279	90.000	99.8997	1.0000	0.0000	6.8000
uR	273.279	90.000	0.0009	1.0000	0.0000	6.8000
E	274.892	90.000	42.8410	76.7800	0.2789	0.5498	0.0000	6.8000
dPolE	274.892	90.000	99.9879	1.0000	0.0000	6.8000
uR	274.892	90.000	0.0004	1.0000	0.0000	6.8000
E	276.506	90.000	52.8752	171.5896	0.2534	0.2876	0.0000	6.8000
dPolE	276.506	90.000	99.9859	1.0000	0.0000	6.8000
uR	276.506	90.000	0.0006	1.0000	0.0000	6.8000
E	278.120	90.000	24.3878	335.5763	0.2608	0.4561	0.0000	6.8000
dPolE	278.120	90.000	99.9879	1.0000	0.0000	6.8000
uR	278.120	90.000	0.0009	1.0000	0.0000	6.8000
E	279.734	90.000	8.4862	242.2036	0.1827	1.6373	0.0000	6.8000
dPolE	279.734	90.000	99.9998	1.0000	0.0000	6.8000
uR	279.734	90.000	0.0005	1.0000	0.0000	6.8000
E	281.349	90.000	49.2209	183.3135	0.2600	0.2894	0.0000	6.8000
dPolE	281.349	90.000	99.9633	1.0000	0.0000	6.8000
uR	281.349	90.000	0.0006	1.0000	0.0000	6.8000
E	282.963	90.000	29.7844	192.5321	0.2670	0.3631	0.0000	6.8000
dPolE	282.963	90.000	99.9931	1.0000	0.0000	6.8000
uR	282.963	90.000	0.0007	1.0000	0.0000	6.8000
E	284.577	90.000	67.1352	269.9929	0.1993	0.6823	0.0000	6.8000
dPolE	284.577	90.000	99.9918	1.0000	0.0000	6.8000
uR	284.577	90.000	0.0006	1.0000	0.0000	6.8000
E	286.191	90.000	30.2810	197.7863	0.2462	0.3530	0.0000	6.8000
dPolE	286.191	90.000	99.9965	1.0000	0.0000	6.8000
uR	286.191	90.000	0.0006	1.0000	0.0000	6.8000
E	287.805	90.000	56.8046	347.2690	0.2334	0.3064	0.0000	6.8000
dPolE	287.805	90.000	99.9776	1.0000	0.0000	6.8000
uR	287.805	90.000	0.0005	1.0000	0.0000	6.8000
E	289.420	90.000	57.1064	282.3354	0.2183	0.4987	0.0000	6.8000
dPolE	289.420	90.000	99.9849	1.0000	0.0000	6.8000
uR	289.420	90.000	0.0003	1.0000	0.0000	6.8000
E	291.034	90.000	22.9988	206.5736	0.2364	0.4674	0.0000	6.8000
dPolE	291.034	90.000	99.9817	1.0000	0.0000	6.8000
uR	291.034	90.000	0.0004	1.0000	0.0000	6.8000
E	292.649	90.000	28.6952	178.4343	0.2280	0.3208	0.0000	6.8000
dPolE	292.649	90.000	99.9949	1.0000	0.0000	6.8000
uR	292.649	90.000	0.0006	1.0000	0.0000	6.8000
E	294.263	90.000	55.2417	4.3117	0.2302	0.2960	0.0000	6.8000
dPolE	294.263	90.000	99.9868	1.0000	0.0000	6.8000
uR	294.263	90.000	0.0005	1.0000	0.0000	6.8000
E	295.877	90.000	32.9638	33.7048	0.2238	0.3741	0.0000	6.8000
dPolE	295.877	90.000	99.9973	1.0000	0.0000	6.8000
uR	295.877	90.000	0.0003	1.0000	0.0000	6.8000
E	297.492	90.000	46.0389	289.5624	0.2167	0.4184	0.0000	6.8000
dPolE	297.492	90.000	99.9938	1.0000	0.0000	6.8000
uR	297.492	90.000	0.0004	1.0000	0.0000	6.8000
E	299.107	90.000	89.9900	0.8662	0.1926	686.4826	0.0000	6.8000
dPolE	299.107	90.000	99.9736	1.0000	0.0000	6.8000
uR	299.107	90.000	0.0006	1.0000	0.0000	6.8000
E	300.721	90.000	29.1286	142.8255	0.2155	0.4112	0.0000	6.8000
dPolE	300.721	90.000	99.9899	1.0000	0.0000	6.8000
uR	300.721	90.000	0.0003	1.0000	0.0000	6.8000
E	302.336	90.000	9.0482	40.8479	0.1763	1.0510	0.0000	6.8000
dPolE	302.336	90.000	99.9601	1.0000	0.0000	6.8000
uR	302.336	90.000	0.0007	1.0000	0.0000	6.8000
E	303.950	90.000	64.2808	77.2993	0.1718	0.4889	0.0000	6.8000
dPolE	303.950	90.000	99.9653	1.0000	0.0000	6.8000
uR	303.950	90.000	0.0005	1.0000	0.0000	6.8000
E	305.565	90.000	40.1645	347.2058	0.2172	0.2988	0.0000	6.8000
dPolE	305.565	90.000	99.9998	1.0000	0.0000	6.8000
uR	305.565	90.000	0.0005	1.0000	0.0000	6.8000
E	307.180	90.000	71.4896	72.4577	0.1615	0.6359	0.0000	6.8000
dPolE	307.180	90.000	99.9823	1.0000	0.0000	6.8000
uR	307.180	90.000	0.0004	1.0000	0.0000	6.8000
E	308.795	90.000	79.0865	147.7498	0.1796	0.8095	0.0000	6.8000
dPolE	308.795	90.000	99.9273	1.0000	0.0000	6.8000
uR	308.795	90.000	0.0007	1.0000	0.0000	6.8000
E	310.410	90.000	74.1474	203.7244	0.1798	0.5250	0.0000	6.8000
dPolE	310.410	90.000	99.9884	1.0000	0.0000	6.8000
uR	310.410	90.000	0.0004	1.0000	0.0000	6.8000
E	312.024	90.000	21.5458	44.0127	0.1869	0.5020	0.0000	6.8000
dPolE	312.024	90.000	99.9984	1.0000	0.0000	6.8000
uR	312.024	90.000	0.0005	1.0000	0.0000	6.8000
E	313.639	90.000	58.4362	213.9374	0.1880	0.3443	0.0000	6.8000
dPolE	313.639	90.000	99.9886	1.0000	0.0000	6.8000
uR	313.639	90.000	0.0004	1.0000	0.0000	6.8000
E	315.254	90.000	25.3981	193.0890	0.1893	0.3564	0.0000	6.8000
dPolE	315.254	90.000	99.9965	1.0000	0.0000	6.8000
uR	315.254	90.000	0.0002	1.0000	0.0000	6.8000
E	316.869	90.000	34.8162	188.6608	0.1954	0.3005	0.0000	6.8000
dPolE	316.869	90.000	99.9830	1.0000	0.0000	6.8000
uR	316.869	90.000	0.0003	1.0000	0.0000	6.8000
E	318.484	90.000	38.2481	117.9202	0.1613	0.3170	0.0000	6.8000
dPolE	318.484	90.000	99.9848	1.0000	0.0000	6.8000
uR	318.484	90.000	0.0004	1.0000	0.0000	6.8000
E	320.099	90.000	25.7366	158.0205	0.1760	0.3532	0.0000	6.8000
dPolE	320.099	90.000	99.9993	1.0000	0.0000	6.8000
uR	320.099	90.000	0.0004	1.0000	0.0000	6.8000
E	321.714	90.000	58.4996	44.3208	0.1630	0.3282	0.0000	6.8000
dPolE	321.714	90.000	99.9954	1.0000	0.0000	6.8000
uR	321.714	90.000	0.0003	1.0000	0.0000	6.8000
E	323.330	90.000	48.7212	75.2612	0.1613	0.3217	0.0000	6.8000
dPolE	323.330	90.000	99.9802	1.0000	0.0000	6.8000
uR	323.330	90.000	0.0004	1.0000	0.0000	6.8000
E	324.945	90.000	54.3611	100.4103	0.1665	0.3568	0.0000	6.8000
dPolE	324.945	90.000	99.9989	1.0000	0.0000	6.8000
uR	324.945	90.000	0.0003	1.0000	0.0000	6.8000
E	326.560	90.000	55.7545	149.3172	0.1679	0.3028	0.0000	6.8000
dPolE	326.560	90.000	99.9967	1.0000	0.0000	6.8000
uR	326.560	90.000	0.0002	1.0000	0.0000	6.8000
E	328.175	90.000	50.5284	220.8732	0.1669	0.2987	0.0000	6.8000
dPolE	328.175	90.000	99.9965	1.0000	0.0000	6.8000
uR	328.175	90.000	0.0002	1.0000	0.0000	6.8000
E	329.790	90.000	48.8048	359.4008	0.1559	0.2439	0.0000	6.8000
dPolE	329.790	90.000	99.9879	1.0000	0.0000	6.8000
uR	329.790	90.000	0.0004	1.0000	0.0000	6.8000
E	331.406	90.000	28.6385	37.7534	0.1558	0.3307	0.0000	6.8000
dPolE	331.406	90.000	99.9999	1.0000	0.0000	6.8000
uR	331.406	90.000	0.0005	1.0000	0.0000	6.8000
E	333.021	90.000	43.3449	58.3104	0.1662	0.3159	0.0000	6.8000
dPolE	333.021	90.000	99.9970	1.0000	0.0000	6.8000
uR	333.021	90.000	0.0002	1.0000	0.0000	6.8000
E	334.636	90.000	11.8236	223.7219	0.1273	0.6183	0.0000	6.8000
dPolE	334.636	90.000	99.9945	1.0000	0.0000	6.8000
uR	334.636	90.000	0.0003	1.0000	0.0000	6.8000
E	336.251	90.000	9.1307	54.4668	0.1342	0.9039	0.0000	6.8000
dPolE	336.251	90.000	99.9919	1.0000	0.0000	6.8000
uR	336.251	90.000	0.0004	1.0000	0.0000	6.8000
E	337.867	90.000	22.1002	8.8258	0.1522	0.3612	0.0000	6.8000
dPolE	337.867	90.000	99.9880	1.0000	0.0000	6.8000
uR	337.867	90.000	0.0003	1.0000	0.0000	6.8000
E	339.482	90.000	33.0585	326.8096	0.1547	0.3009	0.0000	6.8000
dPolE	339.482	90.000	99.9718	1.0000	0.0000	6.8000
uR	339.482	90.000	0.0005	1.0000	0.0000	6.8000
E	341.098	90.000	30.1411	1.5840	0.1474	0.2813	0.0000	6.8000
dPolE	341.098	90.000	99.9973	1.0000	0.0000	6.8000
uR	341.098	90.000	0.0002	1.0000	0.0000	6.8000
E	342.713	90.000	41.6072	356.3550	0.1527	0.2573	0.0000	6.8000
dPolE	342.713	90.000	99.9971	1.0000	0.0000	6.8000
uR	342.713	90.000	0.0002	1.0000	0.0000	6.8000
E	344.329	90.000	67.3472	58.0444	0.1478	0.4207	0.0000	6.8000
dPolE	344.329	90.000	99.9978	1.0000	0.0000	6.8000
uR	344.329	90.000	0.0002	1.0000	0.0000	6.8000
E	345.944	90.000	10.4728	112.6981	0.1339	0.8202	0.0000	6.8000
dPolE	345.944	90.000	99.9892	1.0000	0.0000	6.8000
uR	345.944	90.000	0.0004	1.0000	0.0000	6.8000
E	347.560	90.000	23.7931	72.5266	0.1386	0.3933	0.0000	6.8000
dPolE	347.560	90.000	99.9929	1.0000	0.0000	6.8000
uR	347.560	90.000	0.0003	1.0000	0.0000	6.8000
E	349.175	90.000	43.1817	233.3069	0.1419	0.2711	0.0000	6.8000
dPolE	349.175	90.000	99.9890	1.0000	0.0000	6.8000
uR	349.175	90.000	0.0004	1.0000	0.0000	6.8000
E	350.791	90.000	11.1702	12.1248	0.1446	0.6733	0.0000	6.8000
dPolE	350.791	90.000	99.9817	1.0000	0.0000	6.8000
uR	350.791	90.000	0.0004	1.0000	0.0000	6.8000
E	352.406	90.000	9.3324	4.4968	0.1520	0.8407	0.0000	6.8000
dPolE	352.406	90.000	99.9999	1.0000	0.0000	6.8000
uR	352.406	90.000	0.0003	1.0000	0.0000	6.8000
E	354.022	90.000	48.4404	140.8860	0.1428	0.2683	0.0000	6.8000
dPolE	354.022	90.000	99.9987	1.0000	0.0000	6.8000
uR	354.022	90.000	0.0003	1.0000	0.0000	6.8000
E	355.638	90.000	44.1684	153.1420	0.1445	0.2636	0.0000	6.8000
dPolE	355.638	90.000	99.9916	1.0000	0.0000	6.8000
uR	355.638	90.000	0.0003	1.0000	0.0000	6.8000
E	357.253	90.000	26.2688	242.3358	0.1361	0.3456	0.0000	6.8000
dPolE	357.253	90.000	99.9869	1.0000	0.0000	6.8000
uR	357.253	90.000	0.0003	1.0000	0.0000	6.8000
E	358.869	90.000	17.0675	69.3011	0.1348	0.5019	0.0000	6.8000
dPolE	358.869	90.000	99.9945	1.0000	0.0000	6.8000
uR	358.869	90.000	0.0003	1.0000	0.0000	6.8000
E	360.485	90.000	46.1773	326.3878	0.1393	0.2620	0.0000	6.8000
dPolE	360.485	90.000	99.9858	1.0000	0.0000	6.8000
uR	360.485	90.000	0.0003	1.0000	0.0000	6.8000
E	362.100	90.000	34.0979	135.6836	0.1351	0.2792	0.0000	6.8000
dPolE	362.100	90.000	99.9838	1.0000	0.0000	6.8000
uR	362.100	90.000	0.0004	1.0000	0.0000	6.8000
E	363.716	90.000	80.4495	142.7914	0.1366	0.8108	0.0000	6.8000
dPolE	363.716	90.000	99.9730	1.0000	0.0000	6.8000
uR	363.716	90.000	0.0003	1.0000	0.0000	6.8000
E	365.332	90.000	15.2124	316.6742	0.1290	0.5016	0.0000	6.8000
dPolE	365.332	90.000	99.9999	1.0000	0.0000	6.8000
uR	365.332	90.000	0.0003	1.0000	0.0000	6.8000
E	366.948	90.000	50.1408	358.1782	0.1222	0.2294	0.0000	6.8000
dPolE	366.948	90.000	99.9761	1.0000	0.0000	6.8000
uR	366.948	90.000	0.0004	1.0000	0.0000	6.8000
E	368.563	90.000	74.6324	312.9027	0.1363	0.5306	0.0000	6.8000
dPolE	368.563	90.000	99.9896	1.0000	0.0000	6.8000
uR	368.563	90.000	0.0003	1.0000	0.0000	6.8000
E	370.179	90.000	30.2665	317.1266	0.1299	0.2877	0.0000	6.8000
dPolE	370.179	90.000	99.9979	1.0000	0.0000	6.8000
uR	370.179	90.000	0.0002	1.0000	0.0000	6.8000
E	371.795	90.000	60.1981	282.0227	0.1303	0.3071	0.0000	6.8000
dPolE	371.795	90.000	99.9835	1.0000	0.0000	6.8000
uR	371.795	90.000	0.0003	1.0000	0.0000	6.8000
E	373.411	90.000	59.5780	86.5947	0.1271	0.2961	0.0000	6.8000
dPolE	373.411	90.000	99.9983	1.0000	0.0000	6.8000
uR	373.411	90.000	0.0004	1.0000	0.0000	6.8000
E	375.027	90.000	42.6543	177.4839	0.1221	0.2304	0.0000	6.8000
dPolE	375.027	90.000	99.9827	1.0000	0.0000	6.8000
uR	375.027	90.000	0.0004	1.0000	0.0000	6.8000
E	376.643	90.000	7.3919	119.0157	0.1278	1.0316	0.0000	6.8000
dPolE	376.643	90.000	99.9899	1.0000	0.0000	6.8000
uR	376.643	90.000	0.0005	1.0000	0.0000	6.8000
E	378.258	90.000	61.4464	193.6806	0.1294	0.2895	0.0000	6.8000
dPolE	378.258	90.000	99.9979	1.0000	0.0000	6.8000
uR	378.258	90.000	0.0004	1.0000	0.0000	6.8000
E	379.874	90.000	47.1406	349.7900	0.1287	0.2419	0.0000	6.8000
dPolE	379.874	90.000	99.9986	1.0000	0.0000	6.8000
uR	379.874	90.000	0.0003	1.0000	0.0000	6.8000
E	381.490	90.000	15.4872	8.6991	0.1175	0.4313	0.0000	6.8000
dPolE	381.490	90.000	99.9944	1.0000	0.0000	6.8000
uR	381.490	90.000	0.0002	1.0000	0.0000	6.8000
E	383.106	90.000	47.6934	299.1718	0.1290	0.2563	0.0000	6.8000
dPolE	383.106	90.000	99.9920	1.0000	0.0000	6.8000
uR	383.106	90.000	0.0003	1.0000	0.0000	6.8000
E	384.722	90.000	17.4410	307.3923	0.1283	0.4499	0.0000	6.8000
dPolE	384.722	90.000	99.9921	1.0000	0.0000	6.8000
uR	384.722	90.000	0.0003	1.0000	0.0000	6.8000
E	386.338	90.000	20.3190	304.5502	0.1180	0.3637	0.0000	6.8000
dPolE	386.338	90.000	99.9981	1.0000	0.0000	6.8000
uR	386.338	90.000	0.0002	1.0000	0.0000	6.8000
E	387.954	90.000	58.1818	118.3978	0.1182	0.2627	0.0000	6.8000
dPolE	387.954	90.000	99.9988	1.0000	0.0000	6.8000
uR	387.954	90.000	0.0003	1.0000	0.0000	6.8000
E	389.570	90.000	63.3288	292.4311	0.1093	0.2750	0.0000	6.8000
dPolE	389.570	90.000	99.9994	1.0000	0.0000	6.8000
uR	389.570	90.000	0.0004	1.0000	0.0000	6.8000
E	391.186	90.000	46.4342	201.1199	0.1206	0.2306	0.0000	6.8000
dPolE	391.186	90.000	99.9998	1.0000	0.0000	6.8000
uR	391.186	90.000	0.0002	1.0000	0.0000	6.8000
E	392.802	90.000	27.4877	335.0673	0.1268	0.2985	0.0000	6.8000
dPolE	392.802	90.000	99.9937	1.0000	0.0000	6.8000
uR	392.802	90.000	0.0002	1.0000	0.0000	6.8000
E	394.418	90.000	19.6648	54.5370	0.1278	0.4044	0.0000	6.8000
dPolE	394.418	90.000	99.9919	1.0000	0.0000	6.8000
uR	394.418	90.000	0.0004	1.0000	0.0000	6.8000
E	396.034	90.000	62.7754	76.8341	0.1228	0.3065	0.0000	6.8000
dPolE	396.034	90.000	99.9677	1.0000	0.0000	6.8000
uR	396.034	90.000	0.0004	1.0000	0.0000	6.8000
E	397.650	90.000	67.4508	60.0148	0.1145	0.3258	0.0000	6.8000
dPolE	397.650	90.000	99.9916	1.0000	0.0000	6.8000
uR	397.650	90.000	0.0002	1.0000	0.0000	6.8000
E	399.266	90.000	39.4418	33.9382	0.1194	0.2335	0.0000	6.8000
dPolE	399.266	90.000	99.9774	1.0000	0.0000	6.8000
uR	399.266	90.000	0.0003	1.0000	0.0000	6.8000
E	400.882	90.000	13.4816	96.7677	0.1130	0.5198	0.0000	6.8000
dPolE	400.882	90.000	99.9971	1.0000	0.0000	6.8000
uR	400.882	90.000	0.0002	1.0000	0.0000	6.8000
E	402.498	90.000	57.2350	64.4759	0.1169	0.2564	0.0000	6.8000
dPolE	402.498	90.000	99.9910	1.0000	0.0000	6.8000
uR	402.498	90.000	0.0002	1.0000	0.0000	6.8000
E	404.114	90.000	53.2310	24.2602	0.1170	0.2336	0.0000	6.8000
dPolE	404.114	90.000	99.9534	1.0000	0.0000	6.8000
uR	404.114	90.000	0.0004	1.0000	0.0000	6.8000
E	405.730	90.000	45.9646	18.4203	0.1239	0.2343	0.0000	6.8000
dPolE	405.730	90.000	99.8917	1.0000	0.0000	6.8000
uR	405.730	90.000	0.0006	1.0000	0.0000	6.8000
E	407.346	90.000	45.4958	29.1202	0.1202	0.2281	0.0000	6.8000
dPolE	407.346	90.000	99.9136	1.0000	0.0000	6.8000
uR	407.346	90.000	0.0006	1.0000	0.0000	6.8000
E	408.962	90.000	49.0123	32.2428	0.1186	0.2279	0.0000	6.8000
dPolE	408.962	90.000	99.8464	1.0000	0.0000	6.8000
uR	408.962	90.000	0.0008	1.0000	0.0000	6.8000
E	410.578	90.000	45.6670	25.7623	0.1175	0.2230	0.0000	6.8000
dPolE	410.578	90.000	99.7916	1.0000	0.0000	6.8000
uR	410.578	90.000	0.0008	1.0000	0.0000	6.8000
E	412.194	90.000	41.2820	23.5802	0.1078	0.2068	0.0000	6.8000
dPolE	412.194	90.000	99.8531	1.0000	0.0000	6.8000
uR	412.194	90.000	0.0008	1.0000	0.0000	6.8000
E	413.810	90.000	40.3810	24.6026	0.1155	0.2226	0.0000	6.8000
dPolE	413.810	90.000	99.6926	1.0000	0.0000	6.8000
uR	413.810	90.000	0.0011	1.0000	0.0000	6.8000
E	415.426	90.000	44.0099	22.2385	0.1199	0.2262	0.0000	6.8000
dPolE	415.426	90.000	99.6629	1.0000	0.0000	6.8000
uR	415.426	90.000	0.0011	1.0000	0.0000	6.8000
E	417.042	90.000	47.1697	31.4828	0.1222	0.2314	0.0000	6.8000
dPolE	417.042	90.000	99.4712	1.0000	0.0000	6.8000
uR	417.042	90.000	0.0013	1.0000	0.0000	6.8000
E	418.658	90.000	47.7124	23.5737	0.1122	0.2099	0.0000	6.8000
dPolE	418.658	90.000	99.2506	1.0000	0.0000	6.8000
uR	418.658	90.000	0.0016	1.0000	0.0000	6.8000
E	420.274	90.000	45.2086	22.4282	0.1221	0.2271	0.0000	6.8000
dPolE	420.274	90.000	99.0426	1.0000	0.0000	6.8000
uR	420.274	90.000	0.0018	1.0000	0.0000	6.8000
E	421.890	90.000	44.9801	29.1101	0.1126	0.2120	0.0000	6.8000
dPolE	421.890	90.000	99.2079	1.0000	0.0000	6.8000
uR	421.890	90.000	0.0017	1.0000	0.0000	6.8000
E	423.506	90.000	43.7226	24.8048	0.1129	0.2122	0.0000	6.8000
dPolE	423.506	90.000	98.9379	1.0000	0.0000	6.8000
uR	423.506	90.000	0.0021	1.0000	0.0000	6.8000
E	425.122	90.000	44.4116	20.4019	0.1086	0.2023	0.0000	6.8000
dPolE	425.122	90.000	98.7631	1.0000	0.0000	6.8000
uR	425.122	90.000	0.0023	1.0000	0.0000	6.8000
E	426.738	90.000	44.8266	21.7732	0.1142	0.2113	0.0000	6.8000
dPolE	426.738	90.000	98.4724	1.0000	0.0000	6.8000
uR	426.738	90.000	0.0025	1.0000	0.0000	6.8000
E	428.355	90.000	43.9710	21.5396	0.1090	0.1996	0.0000	6.8000
dPolE	428.355	90.000	98.6163	1.0000	0.0000	6.8000
uR	428.355	90.000	0.0025	1.0000	0.0000	6.8000
E	429.971	90.000	47.0008	21.4232	0.1139	0.2076	0.0000	6.8000
dPolE	429.971	90.000	98.1855	1.0000	0.0000	6.8000
uR	429.971	90.000	0.0028	1.0000	0.0000	6.8000
E	431.587	90.000	44.3315	20.0400	0.1117	0.2030	0.0000	6.8000
dPolE	431.587	90.000	97.6702	1.0000	0.0000	6.8000
uR	431.587	90.000	0.0031	1.0000	0.0000	6.8000
E	433.203	90.000	45.8334	24.2866	0.1042	0.1911	0.0000	6.8000
dPolE	433.203	90.000	97.9149	1.0000	0.0000	6.8000
uR	433.203	90.000	0.0032	1.0000	0.0000	6.8000
E	434.819	90.000	45.0350	20.9532	0.1060	0.1939	0.0000	6.8000
dPolE	434.819	90.000	97.4945	1.0000	0.0000	6.8000
uR	434.819	90.000	0.0035	1.0000	0.0000	6.8000
E	436.435	90.000	45.9543	19.9893	0.1067	0.1945	0.0000	6.8000
dPolE	436.435	90.000	97.3169	1.0000	0.0000	6.8000
uR	436.435	90.000	0.0034	1.0000	0.0000	6.8000
E	438.051	90.000	45.4801	19.6562	0.1051	0.1899	0.0000	6.8000
dPolE	438.051	90.000	96.4774	1.0000	0.0000	6.8000
uR	438.051	90.000	0.0038	1.0000	0.0000	6.8000
E	439.667	90.000	44.8786	19.8717	0.1081	0.1933	0.0000	6.8000
dPolE	439.667	90.000	96.2434	1.0000	0.0000	6.8000
uR	439.667	90.000	0.0039	1.0000	0.0000	6.8000
E	441.283	90.000	43.2123	20.3464	0.1121	0.1995	0.0000	6.8000
dPolE	441.283	90.000	95.4256	1.0000	0.0000	6.8000
uR	441.283	90.000	0.0043	1.0000	0.0000	6.8000
E	442.899	90.000	45.0660	18.6431	0.1063	0.1875	0.0000	6.8000
dPolE	442.899	90.000	95.7416	1.0000	0.0000	6.8000
uR	442.899	90.000	0.0042	1.0000	0.0000	6.8000
E	444.515	90.000	44.8454	20.5916	0.1050	0.1861	0.0000	6.8000
dPolE	444.515	90.000	95.1745	1.0000	0.0000	6.8000
uR	444.515	90.000	0.0045	1.0000	0.0000	6.8000
E	446.131	90.000	45.0259	20.0513	0.1067	0.1895	0.0000	6.8000
dPolE	446.131	90.000	95.3351	1.0000	0.0000	6.8000
uR	446.131	90.000	0.0047	1.0000	0.0000	6.8000
E	447.747	90.000	46.1720	19.6688	0.1023	0.1818	0.0000	6.8000
dPolE	447.747	90.000	95.1014	1.0000	0.0000	6.8000
uR	447.747	90.000	0.0047	1.0000	0.0000	6.8000
E	449.363	90.000	43.8868	17.3879	0.1028	0.1812	0.0000	6.8000
dPolE	449.363	90.000	94.2371	1.0000	0.0000	6.8000
uR	449.363	90.000	0.0049	1.0000	0.0000	6.8000
E	450.979	90.000	44.8623	19.4711	0.1044	0.1827	0.0000	6.8000
dPolE	450.979	90.000	92.8157	1.0000	0.0000	6.8000
uR	450.979	90.000	0.0051	1.0000	0.0000	6.8000
E	452.594	90.000	45.3614	20.0770	0.1048	0.1817	0.0000	6.8000
dPolE	452.594	90.000	91.9338	1.0000	0.0000	6.8000
uR	452.594	90.000	0.0053	1.0000	0.0000	6.8000
E	454.210	90.000	44.6594	18.2338	0.1025	0.1755	0.0000	6.8000
dPolE	454.210	90.000	93.0065	1.0000	0.0000	6.8000
uR	454.210	90.000	0.0054	1.0000	0.0000	6.8000
E	455.826	90.000	44.6812	18.2877	0.1066	0.1819	0.0000	6.8000
dPolE	455.826	90.000	92.4763	1.0000	0.0000	6.8000
uR	455.826	90.000	0.0055	1.0000	0.0000	6.8000
E	457.442	90.000	45.4604	17.3151	0.1065	0.1815	0.0000	6.8000
dPolE	457.442	90.000	91.6339	1.0000	0.0000	6.8000
uR	457.442	90.000	0.0058	1.0000	0.0000	6.8000
E	459.058	90.000	44.7415	16.6597	0.1051	0.1794	0.0000	6.8000
dPolE	459.058	90.000	91.1683	1.0000	0.0000	6.8000
uR	459.058	90.000	0.0058	1.0000	0.0000	6.8000
E	460.674	90.000	44.8915	16.5393	0.1018	0.1738	0.0000	6.8000
dPolE	460.674	90.000	90.6586	1.0000	0.0000	6.8000
uR	460.674	90.000	0.0060	1.0000	0.0000	6.8000
E	462.290	90.000	44.6824	17.1183	0.1000	0.1703	0.0000	6.8000
dPolE	462.290	90.000	89.6274	1.0000	0.0000	6.8000
uR	462.290	90.000	0.0061	1.0000	0.0000	6.8000
E	463.906	90.000	45.1997	16.4216	0.0974	0.1643	0.0000	6.8000
dPolE	463.906	90.000	88.9006	1.0000	0.0000	6.8000
uR	463.906	90.000	0.0062	1.0000	0.0000	6.8000
E	465.521	90.000	44.3294	15.8052	0.0967	0.1612	0.0000	6.8000
dPolE	465.521	90.000	86.8641	1.0000	0.0000	6.8000
uR	465.521	90.000	0.0065	1.0000	0.0000	6.8000
E	467.137	90.000	44.9415	15.1029	0.0921	0.1516	0.0000	6.8000
dPolE	467.137	90.000	85.1283	1.0000	0.0000	6.8000
uR	467.137	90.000	0.0067	1.0000	0.0000	6.8000
E	468.753	90.000	44.5457	15.4065	0.0936	0.1533	0.0000	6.8000
dPolE	468.753	90.000	82.7914	1.0000	0.0000	6.8000
uR	468.753	90.000	0.0068	1.0000	0.0000	6.8000
E	470.369	90.000	44.9674	15.8232	0.0975	0.1595	0.0000	6.8000
dPolE	470.369	90.000	83.5495	1.0000	0.0000	6.8000
uR	470.369	90.000	0.0070	1.0000	0.0000	6.8000
E	471.985	90.000	44.9035	15.0957	0.0974	0.1591	0.0000	6.8000
dPolE	471.985	90.000	84.8669	1.0000	0.0000	6.8000
uR	471.985	90.000	0.0071	1.0000	0.0000	6.8000
E	473.600	90.000	44.2963	15.0268	0.0982	0.1609	0.0000	6.8000
dPolE	473.600	90.000	84.5371	1.0000	0.0000	6.8000
uR	473.600	90.000	0.0073	1.0000	0.0000	6.8000
E	475.216	90.000	44.5102	14.9511	0.0951	0.1557	0.0000	6.8000
dPolE	475.216	90.000	86.9871	1.0000	0.0000	6.8000
uR	475.216	90.000	0.0073	1.0000	0.0000	6.8000
E	476.832	90.000	44.6026	14.7900	0.1003	0.1635	0.0000	6.8000
dPolE	476.832	90.000	87.5540	1.0000	0.0000	6.8000
uR	476.832	90.000	0.0075	1.0000	0.0000	6.8000
E	478.448	90.000	45.1024	13.6429	0.0969	0.1561	0.0000	6.8000
dPolE	478.448	90.000	87.3445	1.0000	0.0000	6.8000
uR	478.448	90.000	0.0076	1.0000	0.0000	6.8000
E	480.063	90.000	45.0580	13.6466	0.0987	0.1573	0.0000	6.8000
dPolE	480.063	90.000	86.9794	1.0000	0.0000	6.8000
uR	480.063	90.000	0.0076	1.0000	0.0000	6.8000
E	481.679	90.000	44.7843	13.4702	0.0935	0.1473	0.0000	6.8000
dPolE	481.679	90.000	86.0875	1.0000	0.0000	6.8000
uR	481.679	90.000	0.0079	1.0000	0.0000	6.8000
E	483.294	90.000	45.0478	13.5230	0.0992	0.1551	0.0000	6.8000
dPolE	483.294	90.000	83.7943	1.0000	0.0000	6.8000
uR	483.294	90.000	0.0080	1.0000	0.0000	6.8000
E	484.910	90.000	44.8119	13.2847	0.0986	0.1536	0.0000	6.8000
dPolE	484.910	90.000	85.0470	1.0000	0.0000	6.8000
uR	484.910	90.000	0.0082	1.0000	0.0000	6.8000
E	486.526	90.000	45.1229	14.1642	0.0970	0.1516	0.0000	6.8000
dPolE	486.526	90.000	86.4953	1.0000	0.0000	6.8000
uR	486.526	90.000	0.0083	1.0000	0.0000	6.8000
E	488.141	90.000	44.7099	12.7465	0.1056	0.1650	0.0000	6.8000
dPolE	488.141	90.000	85.6738	1.0000	0.0000	6.8000
uR	488.141	90.000	0.0083	1.0000	0.0000	6.8000
E	489.757	90.000	44.6151	13.7005	0.0986	0.1544	0.0000	6.8000
dPolE	489.757	90.000	85.2006	1.0000	0.0000	6.8000
uR	489.757	90.000	0.0083	1.0000	0.0000	6.8000
E	491.372	90.000	44.7624	13.4071	0.1004	0.1565	0.0000	6.8000
dPolE	491.372	90.000	84.6340	1.0000	0.0000	6.8000
uR	491.372	90.000	0.0083	1.0000	0.0000	6.8000
E	492.988	90.000	44.4909	12.8252	0.0983	0.1521	0.0000	6.8000
dPolE	492.988	90.000	83.4614	1.0000	0.0000	6.8000
uR	492.988	90.000	0.0085	1.0000	0.0000	6.8000
E	494.603	90.000	44.9122	12.6880	0.0977	0.1499	0.0000	6.8000
dPolE	494.603	90.000	83.5685	1.0000	0.0000	6.8000
uR	494.603	90.000	0.0087	1.0000	0.0000	6.8000
E	496.219	90.000	44.9382	12.8125	0.0960	0.1457	0.0000	6.8000
dPolE	496.219	90.000	83.0644	1.0000	0.0000	6.8000
uR	496.219	90.000	0.0091	1.0000	0.0000	6.8000
E	497.834	90.000	44.9970	12.8647	0.1064	0.1599	0.0000	6.8000
dPolE	497.834	90.000	83.7947	1.0000	0.0000	6.8000
uR	497.834	90.000	0.0090	1.0000	0.0000	6.8000
E	499.450	90.000	44.6029	11.6767	0.1034	0.1539	0.0000	6.8000
dPolE	499.450	90.000	84.2648	1.0000	0.0000	6.8000
uR	499.450	90.000	0.0089	1.0000	0.0000	6.8000
E	501.065	90.000	44.5883	12.2827	0.1028	0.1528	0.0000	6.8000
dPolE	501.065	90.000	83.7901	1.0000	0.0000	6.8000
uR	501.065	90.000	0.0093	1.0000	0.0000	6.8000
E	502.680	90.000	45.0480	12.4379	0.1021	0.1517	0.0000	6.8000
dPolE	502.680	90.000	84.0970	1.0000	0.0000	6.8000
uR	502.680	90.000	0.0092	1.0000	0.0000	6.8000
E	504.296	90.000	44.8285	11.9314	0.1030	0.1532	0.0000	6.8000
dPolE	504.296	90.000	84.5889	1.0000	0.0000	6.8000
uR	504.296	90.000	0.0091	1.0000	0.0000	6.8000
E	505.911	90.000	44.9780	11.3054	0.0969	0.1439	0.0000	6.8000
dPolE	505.911	90.000	83.1898	1.0000	0.0000	6.8000
uR	505.911	90.000	0.0096	1.0000	0.0000	6.8000
E	507.526	90.000	44.8994	11.9916	0.1044	0.1551	0.0000	6.8000
dPolE	507.526	90.000	82.1779	1.0000	0.0000	6.8000
uR	507.526	90.000	0.0095	1.0000	0.0000	6.8000
E	509.141	90.000	44.8167	12.0254	0.1042	0.1540	0.0000	6.8000
dPolE	509.141	90.000	81.4326	1.0000	0.0000	6.8000
uR	509.141	90.000	0.0097	1.0000	0.0000	6.8000
E	510.756	90.000	44.5760	11.6349	0.1048	0.1535	0.0000	6.8000
dPolE	510.756	90.000	82.5804	1.0000	0.0000	6.8000
uR	510.756	90.000	0.0095	1.0000	0.0000	6.8000
E	512.372	90.000	44.3723	11.2954	0.1016	0.1471	0.0000	6.8000
dPolE	512.372	90.000	82.5343	1.0000	0.0000	6.8000
uR	512.372	90.000	0.0101	1.0000	0.0000	6.8000
E	513.987	90.000	45.2811	11.2662	0.1050	0.1506	0.0000	6.8000
dPolE	513.987	90.000	81.7030	1.0000	0.0000	6.8000
uR	513.987	90.000	0.0108	1.0000	0.0000	6.8000
E	515.602	90.000	45.0446	11.0822	0.1093	0.1554	0.0000	6.8000
dPolE	515.602	90.000	82.5176	1.0000	0.0000	6.8000
uR	515.602	90.000	0.0110	1.0000	0.0000	6.8000
E	517.217	90.000	44.1553	10.7289	0.1136	0.1606	0.0000	6.8000
dPolE	517.217	90.000	83.8670	1.0000	0.0000	6.8000
uR	517.217	90.000	0.0106	1.0000	0.0000	6.8000
E	518.832	90.000	44.8342	9.8451	0.1158	0.1628	0.0000	6.8000
dPolE	518.832	90.000	85.5750	1.0000	0.0000	6.8000
uR	518.832	90.000	0.0098	1.0000	0.0000	6.8000
E	520.447	90.000	44.7846	10.3227	0.1089	0.1532	0.0000	6.8000
dPolE	520.447	90.000	85.6880	1.0000	0.0000	6.8000
uR	520.447	90.000	0.0095	1.0000	0.0000	6.8000
E	522.062	90.000	45.0326	9.6940	0.1092	0.1535	0.0000	6.8000
dPolE	522.062	90.000	83.8177	1.0000	0.0000	6.8000
uR	522.062	90.000	0.0095	1.0000	0.0000	6.8000
E	523.677	90.000	44.6371	10.5333	0.1096	0.1544	0.0000	6.8000
dPolE	523.677	90.000	82.8100	1.0000	0.0000	6.8000
uR	523.677	90.000	0.0095	1.0000	0.0000	6.8000
E	525.292	90.000	44.2263	10.5967	0.1067	0.1501	0.0000	6.8000
dPolE	525.292	90.000	81.5785	1.0000	0.0000	6.8000
uR	525.292	90.000	0.0100	1.0000	0.0000	6.8000
E	526.907	90.000	45.1577	10.4936	0.1086	0.1521	0.0000	6.8000
dPolE	526.907	90.000	80.7511	1.0000	0.0000	6.8000
uR	526.907	90.000	0.0100	1.0000	0.0000	6.8000
E	528.521	90.000	45.1077	10.4755	0.1019	0.1417	0.0000	6.8000
dPolE	528.521	90.000	80.7853	1.0000	0.0000	6.8000
uR	528.521	90.000	0.0103	1.0000	0.0000	6.8000
E	530.136	90.000	45.0931	9.9101	0.1077	0.1481	0.0000	6.8000
dPolE	530.136	90.000	78.8841	1.0000	0.0000	6.8000
uR	530.136	90.000	0.0106	1.0000	0.0000	6.8000
E	531.751	90.000	45.3609	10.4033	0.1037	0.1416	0.0000	6.8000
dPolE	531.751	90.000	81.2680	1.0000	0.0000	6.8000
uR	531.751	90.000	0.0104	1.0000	0.0000	6.8000
E	533.366	90.000	44.7944	9.3544	0.1037	0.1398	0.0000	6.8000
dPolE	533.366	90.000	80.8194	1.0000	0.0000	6.8000
uR	533.366	90.000	0.0105	1.0000	0.0000	6.8000
E	534.980	90.000	44.6659	9.6141	0.1097	0.1471	0.0000	6.8000
dPolE	534.980	90.000	78.9999	1.0000	0.0000	6.8000
uR	534.980	90.000	0.0107	1.0000	0.0000	6.8000
E	536.595	90.000	44.6183	9.5270	0.1098	0.1466	0.0000	6.8000
dPolE	536.595	90.000	78.9557	1.0000	0.0000	6.8000
uR	536.595	90.000	0.0108	1.0000	0.0000	6.8000
E	538.210	90.000	45.7927	9.0010	0.1069	0.1422	0.0000	6.8000
dPolE	538.210	90.000	80.5585	1.0000	0.0000	6.8000
uR	538.210	90.000	0.0108	1.0000	0.0000	6.8000
E	539.824	90.000	45.1983	9.6575	0.1123	0.1498	0.0000	6.8000
dPolE	539.824	90.000	77.3318	1.0000	0.0000	6.8000
uR	539.824	90.000	0.0111	1.0000	0.0000	6.8000
E	541.439	90.000	45.1059	8.6690	0.1070	0.1425	0.0000	6.8000
dPolE	541.439	90.000	78.6080	1.0000	0.0000	6.8000
uR	541.439	90.000	0.0109	1.0000	0.0000	6.8000
E	543.053	90.000	44.7910	9.2221	0.1036	0.1381	0.0000	6.8000
dPolE	543.053	90.000	79.9821	1.0000	0.0000	6.8000
uR	543.053	90.000	0.0107	1.0000	0.0000	6.8000
E	544.668	90.000	45.1348	9.2415	0.1109	0.1476	0.0000	6.8000
dPolE	544.668	90.000	76.9547	1.0000	0.0000	6.8000
uR	544.668	90.000	0.0112	1.0000	0.0000	6.8000
E	546.282	90.000	44.9276	9.4052	0.1077	0.1428	0.0000	6.8000
dPolE	546.282	90.000	79.3216	1.0000	0.0000	6.8000
uR	546.282	90.000	0.0111	1.0000	0.0000	6.8000
E	547.896	90.000	45.0739	8.6007	0.1152	0.1511	0.0000	6.8000
dPolE	547.896	90.000	77.9211	1.0000	0.0000	6.8000
uR	547.896	90.000	0.0111	1.0000	0.0000	6.8000
E	549.511	90.000	44.8065	8.5675	0.1093	0.1423	0.0000	6.8000
dPolE	549.511	90.000	77.8135	1.0000	0.0000	6.8000
uR	549.511	90.000	0.0112	1.0000	0.0000	6.8000
E	551.125	90.000	44.7907	9.2996	0.1107	0.1429	0.0000	6.8000
dPolE	551.125	90.000	77.7586	1.0000	0.0000	6.8000
uR	551.125	90.000	0.0112	1.0000	0.0000	6.8000
E	552.739	90.000	44.4834	9.3936	0.1139	0.1458	0.0000	6.8000
dPolE	552.739	90.000	77.4619	1.0000	0.0000	6.8000
uR	552.739	90.000	0.0111	1.0000	0.0000	6.8000
E	554.353	90.000	45.0313	8.7871	0.1138	0.1446	0.0000	6.8000
dPolE	554.353	90.000	77.7326	1.0000	0.0000	6.8000
uR	554.353	90.000	0.0111	1.0000	0.0000	6.8000
E	555.968	90.000	45.1802	8.5444	0.1095	0.1383	0.0000	6.8000
dPolE	555.968	90.000	76.5721	1.0000	0.0000	6.8000
uR	555.968	90.000	0.0110	1.0000	0.0000	6.8000
E	557.582	90.000	44.5036	8.1404	0.1189	0.1495	0.0000	6.8000
dPolE	557.582	90.000	76.5269	1.0000	0.0000	6.8000
uR	557.582	90.000	0.0109	1.0000	0.0000	6.8000
E	559.196	90.000	44.5042	8.2618	0.1197	0.1504	0.0000	6.8000
dPolE	559.196	90.000	77.4886	1.0000	0.0000	6.8000
uR	559.196	90.000	0.0109	1.0000	0.0000	6.8000
E	560.810	90.000	44.8210	8.2778	0.1149	0.1444	0.0000	6.8000
dPolE	560.810	90.000	77.2051	1.0000	0.0000	6.8000
uR	560.810	90.000	0.0112	1.0000	0.0000	6.8000
E	562.424	90.000	45.1190	8.1976	0.1129	0.1421	0.0000	6.8000
dPolE	562.424	90.000	75.2744	1.0000	0.0000	6.8000
uR	562.424	90.000	0.0114	1.0000	0.0000	6.8000
E	564.038	90.000	44.4446	8.5254	0.1159	0.1459	0.0000	6.8000
dPolE	564.038	90.000	73.9649	1.0000	0.0000	6.8000
uR	564.038	90.000	0.0115	1.0000	0.0000	6.8000
E	565.651	90.000	44.5416	8.5059	0.1154	0.1450	0.0000	6.8000
dPolE	565.651	90.000	78.4036	1.0000	0.0000	6.8000
uR	565.651	90.000	0.0110	1.0000	0.0000	6.8000
E	567.265	90.000	45.1212	8.2071	0.1188	0.1485	0.0000	6.8000
dPolE	567.265	90.000	74.3980	1.0000	0.0000	6.8000
uR	567.265	90.000	0.0114	1.0000	0.0000	6.8000
E	568.879	90.000	44.8972	7.7737	0.1134	0.1405	0.0000	6.8000
dPolE	568.879	90.000	75.2151	1.0000	0.0000	6.8000
uR	568.879	90.000	0.0114	1.0000	0.0000	6.8000
E	570.493	90.000	44.8704	8.0481	0.1175	0.1447	0.0000	6.8000
dPolE	570.493	90.000	74.1638	1.0000	0.0000	6.8000
uR	570.493	90.000	0.0114	1.0000	0.0000	6.8000
E	572.106	90.000	45.1179	7.5040	0.1174	0.1430	0.0000	6.8000
dPolE	572.106	90.000	72.3753	1.0000	0.0000	6.8000
uR	572.106	90.000	0.0114	1.0000	0.0000	6.8000
E	573.720	90.000	45.0670	8.0757	0.1215	0.1472	0.0000	6.8000
dPolE	573.720	90.000	73.9072	1.0000	0.0000	6.8000
uR	573.720	90.000	0.0110	1.0000	0.0000	6.8000
E	575.333	90.000	44.8031	7.9102	0.1173	0.1408	0.0000	6.8000
dPolE	575.333	90.000	73.6012	1.0000	0.0000	6.8000
uR	575.333	90.000	0.0114	1.0000	0.0000	6.8000
E	576.947	90.000	45.0522	7.5062	0.1160	0.1382	0.0000	6.8000
dPolE	576.947	90.000	74.4413	1.0000	0.0000	6.8000
uR	576.947	90.000	0.0116	1.0000	0.0000	6.8000
E	578.560	90.000	45.3442	7.2353	0.1198	0.1421	0.0000	6.8000
dPolE	578.560	90.000	73.8524	1.0000	0.0000	6.8000
uR	578.560	90.000	0.0114	1.0000	0.0000	6.8000
E	580.174	90.000	44.8198	7.5896	0.1141	0.1351	0.0000	6.8000
dPolE	580.174	90.000	73.6183	1.0000	0.0000	6.8000
uR	580.174	90.000	0.0114	1.0000	0.0000	6.8000
E	581.787	90.000	44.8874	8.0308	0.1214	0.1440	0.0000	6.8000
dPolE	581.787	90.000	73.2354	1.0000	0.0000	6.8000
uR	581.787	90.000	0.0116	1.0000	0.0000	6.8000
E	583.400	90.000	44.8471	7.3998	0.1167	0.1379	0.0000	6.8000
dPolE	583.400	90.000	72.1630	1.0000	0.0000	6.8000
uR	583.400	90.000	0.0119	1.0000	0.0000	6.8000
E	585.014	90.000	45.1008	7.2093	0.1156	0.1367	0.0000	6.8000
dPolE	585.014	90.000	71.2994	1.0000	0.0000	6.8000
uR	585.014	90.000	0.0118	1.0000	0.0000	6.8000
E	586.627	90.000	45.0567	7.3237	0.1199	0.1417	0.0000	6.8000
dPolE	586.627	90.000	72.0623	1.0000	0.0000	6.8000
uR	586.627	90.000	0.0118	1.0000	0.0000	6.8000
E	588.240	90.000	45.1204	7.2899	0.1159	0.1366	0.0000	6.8000
dPolE	588.240	90.000	72.4460	1.0000	0.0000	6.8000
uR	588.240	90.000	0.0116	1.0000	0.0000	6.8000
E	589.853	90.000	45.0052	7.3890	0.1193	0.1403	0.0000	6.8000
dPolE	589.853	90.000	71.6615	1.0000	0.0000	6.8000
uR	589.853	90.000	0.0117	1.0000	0.0000	6.8000
E	591.466	90.000	45.0207	7.1159	0.1177	0.1374	0.0000	6.8000
dPolE	591.466	90.000	72.0477	1.0000	0.0000	6.8000
uR	591.466	90.000	0.0116	1.0000	0.0000	6.8000
E	593.079	90.000	45.4364	6.7982	0.1174	0.1362	0.0000	6.8000
dPolE	593.079	90.000	70.9575	1.0000	0.0000	6.8000
uR	593.079	90.000	0.0118	1.0000	0.0000	6.8000
E	594.692	90.000	44.6408	6.9174	0.1249	0.1436	0.0000	6.8000
dPolE	594.692	90.000	71.0955	1.0000	0.0000	6.8000
uR	594.692	90.000	0.0119	1.0000	0.0000	6.8000
E	596.305	90.000	44.9924	6.8808	0.1228	0.1401	0.0000	6.8000
dPolE	596.305	90.000	72.3595	1.0000	0.0000	6.8000
uR	596.305	90.000	0.0117	1.0000	0.0000	6.8000
E	597.918	90.000	45.4427	7.0024	0.1206	0.1368	0.0000	6.8000
dPolE	597.918	90.000	73.3007	1.0000	0.0000	6.8000
uR	597.918	90.000	0.0119	1.0000	0.0000	6.8000
E	599.530	90.000	44.7220	7.3389	0.1276	0.1439	0.0000	6.8000
dPolE	599.530	90.000	70.9801	1.0000	0.0000	6.8000
uR	599.530	90.000	0.0121	1.0000	0.0000	6.8000
E	601.143	90.000	45.0235	6.7002	0.1296	0.1452	0.0000	6.8000
dPolE	601.143	90.000	71.5445	1.0000	0.0000	6.8000
uR	601.143	90.000	0.0119	1.0000	0.0000	6.8000
E	602.755	90.000	45.4082	6.4548	0.1294	0.1442	0.0000	6.8000
dPolE	602.755	90.000	70.9676	1.0000	0.0000	6.8000
uR	602.755	90.000	0.0119	1.0000	0.0000	6.8000
E	604.368	90.000	44.9711	6.3479	0.1285	0.1426	0.0000	6.8000
dPolE	604.368	90.000	71.6645	1.0000	0.0000	6.8000
uR	604.368	90.000	0.0119	1.0000	0.0000	6.8000
E	605.981	90.000	45.4249	6.8600	0.1283	0.1427	0.0000	6.8000
dPolE	605.981	90.000	71.1885	1.0000	0.0000	6.8000
uR	605.981	90.000	0.0121	1.0000	0.0000	6.8000
E	607.593	90.000	45.1739	6.1588	0.1279	0.1419	0.0000	6.8000
dPolE	607.593	90.000	70.9130	1.0000	0.0000	6.8000
uR	607.593	90.000	0.0119	1.0000	0.0000	6.8000
E	609.205	90.000	45.5836	6.4528	0.1333	0.1480	0.0000	6.8000
dPolE	609.205	90.000	70.4827	1.0000	0.0000	6.8000
uR	609.205	90.000	0.0116	1.0000	0.0000	6.8000
E	610.818	90.000	45.1301	6.1338	0.1182	0.1311	0.0000	6.8000
dPolE	610.818	90.000	72.9204	1.0000	0.0000	6.8000
uR	610.818	90.000	0.0120	1.0000	0.0000	6.8000
E	612.430	90.000	44.8439	6.2891	0.1253	0.1387	0.0000	6.8000
dPolE	612.430	90.000	70.0124	1.0000	0.0000	6.8000
uR	612.430	90.000	0.0120	1.0000	0.0000	6.8000
E	614.042	90.000	44.9275	6.9456	0.1247	0.1382	0.0000	6.8000
dPolE	614.042	90.000	72.8544	1.0000	0.0000	6.8000
uR	614.042	90.000	0.0117	1.0000	0.0000	6.8000
E	615.654	90.000	44.5905	6.2637	0.1248	0.1372	0.0000	6.8000
dPolE	615.654	90.000	67.5990	1.0000	0.0000	6.8000
uR	615.654	90.000	0.0119	1.0000	0.0000	6.8000
E	617.266	90.000	45.1963	6.4218	0.1253	0.1371	0.0000	6.8000
dPolE	617.266	90.000	69.6033	1.0000	0.0000	6.8000
uR	617.266	90.000	0.0121	1.0000	0.0000	6.8000
E	618.878	90.000	44.8399	6.1790	0.1245	0.1353	0.0000	6.8000
dPolE	618.878	90.000	69.6015	1.0000	0.0000	6.8000
uR	618.878	90.000	0.0121	1.0000	0.0000	6.8000
E	620.490	90.000	44.5790	5.7472	0.1319	0.1420	0.0000	6.8000
dPolE	620.490	90.000	66.7507	1.0000	0.0000	6.8000
uR	620.490	90.000	0.0121	1.0000	0.0000	6.8000
E	622.102	90.000	45.0056	6.3544	0.1302	0.1396	0.0000	6.8000
dPolE	622.102	90.000	67.5285	1.0000	0.0000	6.8000
uR	622.102	90.000	0.0119	1.0000	0.0000	6.8000
E	623.714	90.000	45.0277	6.2922	0.1351	0.1438	0.0000	6.8000
dPolE	623.714	90.000	68.5274	1.0000	0.0000	6.8000
uR	623.714	90.000	0.0117	1.0000	0.0000	6.8000
E	625.325	90.000	44.8254	5.9403	0.1331	0.1404	0.0000	6.8000
dPolE	625.325	90.000	70.2652	1.0000	0.0000	6.8000
uR	625.325	90.000	0.0120	1.0000	0.0000	6.8000
E	626.937	90.000	45.2457	5.9698	0.1390	0.1460	0.0000	6.8000
dPolE	626.937	90.000	66.8823	1.0000	0.0000	6.8000
uR	626.937	90.000	0.0121	1.0000	0.0000	6.8000
E	628.548	90.000	44.9401	6.3583	0.1403	0.1470	0.0000	6.8000
dPolE	628.548	90.000	69.3509	1.0000	0.0000	6.8000
uR	628.548	90.000	0.0117	1.0000	0.0000	6.8000
E	630.160	90.000	44.9400	5.8661	0.1425	0.1485	0.0000	6.8000
dPolE	630.160	90.000	67.4879	1.0000	0.0000	6.8000
uR	630.160	90.000	0.0119	1.0000	0.0000	6.8000
E	631.771	90.000	45.3973	5.7970	0.1357	0.1414	0.0000	6.8000
dPolE	631.771	90.000	67.1609	1.0000	0.0000	6.8000
uR	631.771	90.000	0.0120	1.0000	0.0000	6.8000
E	633.383	90.000	45.0172	6.1282	0.1328	0.1384	0.0000	6.8000
dPolE	633.383	90.000	69.3807	1.0000	0.0000	6.8000
uR	633.383	90.000	0.0120	1.0000	0.0000	6.8000
E	634.994	90.000	44.4660	6.1262	0.1422	0.1481	0.0000	6.8000
dPolE	634.994	90.000	65.9173	1.0000	0.0000	6.8000
uR	634.994	90.000	0.0119	1.0000	0.0000	6.8000
E	636.605	90.000	44.6684	5.7030	0.1392	0.1447	0.0000	6.8000
dPolE	636.605	90.000	69.2409	1.0000	0.0000	6.8000
uR	636.605	90.000	0.0119	1.0000	0.0000	6.8000
E	638.216	90.000	45.2408	5.7180	0.1410	0.1465	0.0000	6.8000
dPolE	638.216	90.000	69.5237	1.0000	0.0000	6.8000
uR	638.216	90.000	0.0119	1.0000	0.0000	6.8000
E	639.827	90.000	44.9485	6.0664	0.1428	0.1484	0.0000	6.8000
dPolE	639.827	90.000	69.5246	1.0000	0.0000	6.8000
uR	639.827	90.000	0.0120	1.0000	0.0000	6.8000
E	641.438	90.000	45.4434	5.6283	0.1405	0.1452	0.0000	6.8000
dPolE	641.438	90.000	71.7818	1.0000	0.0000	6.8000
uR	641.438	90.000	0.0117	1.0000	0.0000	6.8000
E	643.049	90.000	44.5973	5.5796	0.1494	0.1539	0.0000	6.8000
dPolE	643.049	90.000	66.9673	1.0000	0.0000	6.8000
uR	643.049	90.000	0.0119	1.0000	0.0000	6.8000
E	644.660	90.000	44.9838	5.8139	0.1490	0.1530	0.0000	6.8000
dPolE	644.660	90.000	68.3104	1.0000	0.0000	6.8000
uR	644.660	90.000	0.0116	1.0000	0.0000	6.8000
E	646.271	90.000	44.8121	4.9489	0.1391	0.1413	0.0000	6.8000
dPolE	646.271	90.000	69.3491	1.0000	0.0000	6.8000
uR	646.271	90.000	0.0117	1.0000	0.0000	6.8000
E	647.881	90.000	45.4372	5.3010	0.1493	0.1511	0.0000	6.8000
dPolE	647.881	90.000	65.2520	1.0000	0.0000	6.8000
uR	647.881	90.000	0.0121	1.0000	0.0000	6.8000
E	649.492	90.000	45.3317	5.7758	0.1478	0.1489	0.0000	6.8000
dPolE	649.492	90.000	65.1483	1.0000	0.0000	6.8000
uR	649.492	90.000	0.0120	1.0000	0.0000	6.8000
E	651.103	90.000	44.7400	4.9237	0.1415	0.1409	0.0000	6.8000
dPolE	651.103	90.000	66.3410	1.0000	0.0000	6.8000
uR	651.103	90.000	0.0118	1.0000	0.0000	6.8000
E	652.713	90.000	45.3223	5.0409	0.1435	0.1422	0.0000	6.8000
dPolE	652.713	90.000	67.7035	1.0000	0.0000	6.8000
uR	652.713	90.000	0.0121	1.0000	0.0000	6.8000
E	654.323	90.000	45.2672	5.5852	0.1489	0.1470	0.0000	6.8000
dPolE	654.323	90.000	68.9470	1.0000	0.0000	6.8000
uR	654.323	90.000	0.0119	1.0000	0.0000	6.8000
E	655.934	90.000	45.0165	5.4460	0.1548	0.1522	0.0000	6.8000
dPolE	655.934	90.000	67.5264	1.0000	0.0000	6.8000
uR	655.934	90.000	0.0120	1.0000	0.0000	6.8000
E	657.544	90.000	44.8039	4.5455	0.1574	0.1534	0.0000	6.8000
dPolE	657.544	90.000	68.4370	1.0000	0.0000	6.8000
uR	657.544	90.000	0.0119	1.0000	0.0000	6.8000
E	659.154	90.000	45.1778	4.9015	0.1534	0.1495	0.0000	6.8000
dPolE	659.154	90.000	68.0028	1.0000	0.0000	6.8000
uR	659.154	90.000	0.0120	1.0000	0.0000	6.8000
E	660.764	90.000	44.9215	4.8859	0.1512	0.1471	0.0000	6.8000
dPolE	660.764	90.000	67.0040	1.0000	0.0000	6.8000
uR	660.764	90.000	0.0124	1.0000	0.0000	6.8000
E	662.374	90.000	44.7334	5.0548	0.1587	0.1545	0.0000	6.8000
dPolE	662.374	90.000	69.1533	1.0000	0.0000	6.8000
uR	662.374	90.000	0.0120	1.0000	0.0000	6.8000
E	663.984	90.000	45.0039	4.6180	0.1569	0.1522	0.0000	6.8000
dPolE	663.984	90.000	67.8508	1.0000	0.0000	6.8000
uR	663.984	90.000	0.0121	1.0000	0.0000	6.8000
E	665.594	90.000	45.0286	5.4146	0.1530	0.1491	0.0000	6.8000
dPolE	665.594	90.000	69.3726	1.0000	0.0000	6.8000
uR	665.594	90.000	0.0120	1.0000	0.0000	6.8000
E	667.204	90.000	45.3825	4.8399	0.1524	0.1481	0.0000	6.8000
dPolE	667.204	90.000	67.7422	1.0000	0.0000	6.8000
uR	667.204	90.000	0.0120	1.0000	0.0000	6.8000
E	668.813	90.000	44.2779	4.4503	0.1560	0.1510	0.0000	6.8000
dPolE	668.813	90.000	63.8793	1.0000	0.0000	6.8000
uR	668.813	90.000	0.0122	1.0000	0.0000	6.8000
E	670.423	90.000	44.7301	4.7801	0.1566	0.1514	0.0000	6.8000
dPolE	670.423	90.000	65.3772	1.0000	0.0000	6.8000
uR	670.423	90.000	0.0120	1.0000	0.0000	6.8000
E	672.032	90.000	45.0065	4.8226	0.1543	0.1489	0.0000	6.8000
dPolE	672.032	90.000	64.3278	1.0000	0.0000	6.8000
uR	672.032	90.000	0.0120	1.0000	0.0000	6.8000
E	673.642	90.000	44.7802	4.5936	0.1627	0.1564	0.0000	6.8000
dPolE	673.642	90.000	65.0407	1.0000	0.0000	6.8000
uR	673.642	90.000	0.0118	1.0000	0.0000	6.8000
E	675.251	90.000	45.1723	4.1954	0.1492	0.1425	0.0000	6.8000
dPolE	675.251	90.000	66.5527	1.0000	0.0000	6.8000
uR	675.251	90.000	0.0122	1.0000	0.0000	6.8000
E	676.860	90.000	44.9324	4.6733	0.1639	0.1561	0.0000	6.8000
dPolE	676.860	90.000	64.9541	1.0000	0.0000	6.8000
uR	676.860	90.000	0.0120	1.0000	0.0000	6.8000
E	678.469	90.000	44.8190	4.6394	0.1629	0.1541	0.0000	6.8000
dPolE	678.469	90.000	64.7565	1.0000	0.0000	6.8000
uR	678.469	90.000	0.0119	1.0000	0.0000	6.8000
E	680.079	90.000	45.0126	5.0883	0.1675	0.1580	0.0000	6.8000
dPolE	680.079	90.000	65.0933	1.0000	0.0000	6.8000
uR	680.079	90.000	0.0116	1.0000	0.0000	6.8000
E	681.688	90.000	45.1425	4.7830	0.1585	0.1482	0.0000	6.8000
dPolE	681.688	90.000	65.4221	1.0000	0.0000	6.8000
uR	681.688	90.000	0.0120	1.0000	0.0000	6.8000
E	683.296	90.000	45.0803	4.7967	0.1670	0.1552	0.0000	6.8000
dPolE	683.296	90.000	61.4691	1.0000	0.0000	6.8000
uR	683.296	90.000	0.0119	1.0000	0.0000	6.8000
E	684.905	90.000	44.9632	4.4421	0.1630	0.1504	0.0000	6.8000
dPolE	684.905	90.000	60.3112	1.0000	0.0000	6.8000
uR	684.905	90.000	0.0118	1.0000	0.0000	6.8000
E	686.514	90.000	45.0436	4.3930	0.1639	0.1503	0.0000	6.8000
dPolE	686.514	90.000	58.8301	1.0000	0.0000	6.8000
uR	686.514	90.000	0.0118	1.0000	0.0000	6.8000
E	688.123	90.000	45.0330	4.5827	0.1529	0.1399	0.0000	6.8000
dPolE	688.123	90.000	62.2249	1.0000	0.0000	6.8000
uR	688.123	90.000	0.0118	1.0000	0.0000	6.8000
E	689.731	90.000	44.7415	4.6456	0.1616	0.1474	0.0000	6.8000
dPolE	689.731	90.000	57.9261	1.0000	0.0000	6.8000
uR	689.731	90.000	0.0118	1.0000	0.0000	6.8000
E	691.340	90.000	44.7099	4.4852	0.1541	0.1400	0.0000	6.8000
dPolE	691.340	90.000	63.6604	1.0000	0.0000	6.8000
uR	691.340	90.000	0.0118	1.0000	0.0000	6.8000
E	692.948	90.000	44.9354	4.1563	0.1696	0.1536	0.0000	6.8000
dPolE	692.948	90.000	57.3477	1.0000	0.0000	6.8000
uR	692.948	90.000	0.0124	1.0000	0.0000	6.8000
E	694.556	90.000	44.2521	4.8058	0.1720	0.1562	0.0000	6.8000
dPolE	694.556	90.000	63.6426	1.0000	0.0000	6.8000
uR	694.556	90.000	0.0121	1.0000	0.0000	6.8000
E	696.164	90.000	45.0317	4.5725	0.1700	0.1543	0.0000	6.8000
dPolE	696.164	90.000	64.8308	1.0000	0.0000	6.8000
uR	696.164	90.000	0.0119	1.0000	0.0000	6.8000
E	697.772	90.000	44.8536	3.7885	0.1743	0.1575	0.0000	6.8000
dPolE	697.772	90.000	63.2341	1.0000	0.0000	6.8000
uR	697.772	90.000	0.0123	1.0000	0.0000	6.8000
E	699.380	90.000	45.7441	4.5931	0.1779	0.1615	0.0000	6.8000
dPolE	699.380	90.000	65.5891	1.0000	0.0000	6.8000
uR	699.380	90.000	0.0120	1.0000	0.0000	6.8000
E	700.988	90.000	44.7717	3.9401	0.1812	0.1635	0.0000	6.8000
dPolE	700.988	90.000	65.7018	1.0000	0.0000	6.8000
uR	700.988	90.000	0.0120	1.0000	0.0000	6.8000
E	702.596	90.000	44.5690	4.0943	0.1838	0.1657	0.0000	6.8000
dPolE	702.596	90.000	67.8913	1.0000	0.0000	6.8000
uR	702.596	90.000	0.0118	1.0000	0.0000	6.8000
E	704.204	90.000	44.9809	4.1243	0.1906	0.1717	0.0000	6.8000
dPolE	704.204	90.000	65.4974	1.0000	0.0000	6.8000
uR	704.204	90.000	0.0121	1.0000	0.0000	6.8000
E	705.811	90.000	44.9746	3.9723	0.1916	0.1715	0.0000	6.8000
dPolE	705.811	90.000	67.6174	1.0000	0.0000	6.8000
uR	705.811	90.000	0.0117	1.0000	0.0000	6.8000
E	707.419	90.000	46.0222	4.4183	0.1909	0.1711	0.0000	6.8000
dPolE	707.419	90.000	66.7163	1.0000	0.0000	6.8000
uR	707.419	90.000	0.0119	1.0000	0.0000	6.8000
E	709.026	90.000	44.4383	4.0122	0.1801	0.1604	0.0000	6.8000
dPolE	709.026	90.000	64.0732	1.0000	0.0000	6.8000
uR	709.026	90.000	0.0119	1.0000	0.0000	6.8000
E	710.634	90.000	44.4310	4.0703	0.1775	0.1575	0.0000	6.8000
dPolE	710.634	90.000	63.9773	1.0000	0.0000	6.8000
uR	710.634	90.000	0.0124	1.0000	0.0000	6.8000
E	712.241	90.000	45.2408	3.9253	0.1811	0.1597	0.0000	6.8000
dPolE	712.241	90.000	62.9087	1.0000	0.0000	6.8000
uR	712.241	90.000	0.0134	1.0000	0.0000	6.8000
E	713.848	90.000	44.6838	4.2138	0.2167	0.1902	0.0000	6.8000
dPolE	713.848	90.000	66.1042	1.0000	0.0000	6.8000
uR	713.848	90.000	0.0131	1.0000	0.0000	6.8000
E	715.455	90.000	44.8807	4.1194	0.2261	0.1971	0.0000	6.8000
dPolE	715.455	90.000	71.7329	1.0000	0.0000	6.8000
uR	715.455	90.000	0.0109	1.0000	0.0000	6.8000
E	717.062	90.000	44.6844	3.3644	0.2077	0.1797	0.0000	6.8000
dPolE	717.062	90.000	73.9155	1.0000	0.0000	6.8000
uR	717.062	90.000	0.0098	1.0000	0.0000	6.8000
E	718.669	90.000	44.6432	4.1092	0.1955	0.1690	0.0000	6.8000
dPolE	718.669	90.000	69.5861	1.0000	0.0000	6.8000
uR	718.669	90.000	0.0105	1.0000	0.0000	6.8000
E	720.276	90.000	45.0911	4.2752	0.1901	0.1638	0.0000	6.8000
dPolE	720.276	90.000	70.3759	1.0000	0.0000	6.8000
uR	720.276	90.000	0.0116	1.0000	0.0000	6.8000
E	721.882	90.000	44.3691	4.4907	0.1872	0.1607	0.0000	6.8000
dPolE	721.882	90.000	69.4811	1.0000	0.0000	6.8000
uR	721.882	90.000	0.0124	1.0000	0.0000	6.8000
E	723.489	90.000	44.7438	4.3228	0.2157	0.1841	0.0000	6.8000
dPolE	723.489	90.000	63.7766	1.0000	0.0000	6.8000
uR	723.489	90.000	0.0124	1.0000	0.0000	6.8000
E	725.095	90.000	45.5795	3.8582	0.2116	0.1798	0.0000	6.8000
dPolE	725.095	90.000	69.1282	1.0000	0.0000	6.8000
uR	725.095	90.000	0.0116	1.0000	0.0000	6.8000
E	726.701	90.000	45.7924	4.1673	0.2152	0.1827	0.0000	6.8000
dPolE	726.701	90.000	68.2898	1.0000	0.0000	6.8000
uR	726.701	90.000	0.0114	1.0000	0.0000	6.8000
E	728.308	90.000	44.8133	4.4539	0.2072	0.1759	0.0000	6.8000
dPolE	728.308	90.000	70.1156	1.0000	0.0000	6.8000
uR	728.308	90.000	0.0111	1.0000	0.0000	6.8000
E	729.914	90.000	44.7235	4.0921	0.2052	0.1734	0.0000	6.8000
dPolE	729.914	90.000	67.8115	1.0000	0.0000	6.8000
uR	729.914	90.000	0.0110	1.0000	0.0000	6.8000
E	731.520	90.000	45.1022	3.6250	0.2001	0.1687	0.0000	6.8000
dPolE	731.520	90.000	65.0920	1.0000	0.0000	6.8000
uR	731.520	90.000	0.0113	1.0000	0.0000	6.8000
E	733.126	90.000	45.0639	3.1560	0.1973	0.1659	0.0000	6.8000
dPolE	733.126	90.000	62.3710	1.0000	0.0000	6.8000
uR	733.126	90.000	0.0118	1.0000	0.0000	6.8000
E	734.732	90.000	44.4422	4.0095	0.2089	0.1764	0.0000	6.8000
dPolE	734.732	90.000	60.2891	1.0000	0.0000	6.8000
uR	734.732	90.000	0.0121	1.0000	0.0000	6.8000
E	736.337	90.000	44.3714	3.8789	0.1960	0.1653	0.0000	6.8000
dPolE	736.337	90.000	67.0613	1.0000	0.0000	6.8000
uR	736.337	90.000	0.0120	1.0000	0.0000	6.8000
E	737.943	90.000	44.3799	3.7758	0.2021	0.1703	0.0000	6.8000
dPolE	737.943	90.000	65.0900	1.0000	0.0000	6.8000
uR	737.943	90.000	0.0121	1.0000	0.0000	6.8000
E	739.548	90.000	44.8450	4.0323	0.2083	0.1751	0.0000	6.8000
dPolE	739.548	90.000	62.2979	1.0000	0.0000	6.8000
uR	739.548	90.000	0.0119	1.0000	0.0000	6.8000
E	741.154	90.000	45.1615	3.4101	0.2006	0.1681	0.0000	6.8000
dPolE	741.154	90.000	64.1504	1.0000	0.0000	6.8000
uR	741.154	90.000	0.0119	1.0000	0.0000	6.8000
E	742.759	90.000	45.5543	4.1950	0.2077	0.1742	0.0000	6.8000
dPolE	742.759	90.000	61.8345	1.0000	0.0000	6.8000
uR	742.759	90.000	0.0120	1.0000	0.0000	6.8000
E	744.364	90.000	45.5796	3.7863	0.2130	0.1776	0.0000	6.8000
dPolE	744.364	90.000	61.4345	1.0000	0.0000	6.8000
uR	744.364	90.000	0.0122	1.0000	0.0000	6.8000
E	745.969	90.000	44.5754	3.7129	0.2040	0.1693	0.0000	6.8000
dPolE	745.969	90.000	66.8840	1.0000	0.0000	6.8000
uR	745.969	90.000	0.0118	1.0000	0.0000	6.8000
E	747.574	90.000	44.9937	4.5038	0.2244	0.1863	0.0000	6.8000
dPolE	747.574	90.000	65.0556	1.0000	0.0000	6.8000
uR	747.574	90.000	0.0117	1.0000	0.0000	6.8000
E	749.179	90.000	44.0501	3.5003	0.2164	0.1780	0.0000	6.8000
dPolE	749.179	90.000	69.4874	1.0000	0.0000	6.8000
uR	749.179	90.000	0.0112	1.0000	0.0000	6.8000
E	750.784	90.000	45.4168	3.1418	0.2183	0.1784	0.0000	6.8000
dPolE	750.784	90.000	61.3768	1.0000	0.0000	6.8000
uR	750.784	90.000	0.0119	1.0000	0.0000	6.8000
E	752.388	90.000	45.3265	3.5675	0.2269	0.1848	0.0000	6.8000
dPolE	752.388	90.000	65.7998	1.0000	0.0000	6.8000
uR	752.388	90.000	0.0115	1.0000	0.0000	6.8000
E	753.993	90.000	45.2906	3.3521	0.2179	0.1764	0.0000	6.8000
dPolE	753.993	90.000	66.2773	1.0000	0.0000	6.8000
uR	753.993	90.000	0.0121	1.0000	0.0000	6.8000
E	755.597	90.000	45.2984	3.5476	0.2244	0.1809	0.0000	6.8000
dPolE	755.597	90.000	64.3027	1.0000	0.0000	6.8000
uR	755.597	90.000	0.0121	1.0000	0.0000	6.8000
E	757.202	90.000	45.0404	3.6473	0.2128	0.1713	0.0000	6.8000
dPolE	757.202	90.000	65.4827	1.0000	0.0000	6.8000
uR	757.202	90.000	0.0121	1.0000	0.0000	6.8000
E	758.806	90.000	44.9974	3.2728	0.2133	0.1702	0.0000	6.8000
dPolE	758.806	90.000	64.2022	1.0000	0.0000	6.8000
uR	758.806	90.000	0.0124	1.0000	0.0000	6.8000
E	760.410	90.000	43.7972	3.7916	0.2194	0.1751	0.0000	6.8000
dPolE	760.410	90.000	60.9712	1.0000	0.0000	6.8000
uR	760.410	90.000	0.0124	1.0000	0.0000	6.8000
E	762.014	90.000	45.1946	3.6706	0.1957	0.1550	0.0000	6.8000
dPolE	762.014	90.000	58.7371	1.0000	0.0000	6.8000
uR	762.014	90.000	0.0125	1.0000	0.0000	6.8000
E	763.618	90.000	44.7423	3.4762	0.1696	0.1340	0.0000	6.8000
dPolE	763.618	90.000	44.7596	1.0000	0.0000	6.8000
uR	763.618	90.000	0.0135	1.0000	0.0000	6.8000
E	765.221	90.000	45.1569	3.4242	0.1564	0.1233	0.0000	6.8000
dPolE	765.221	90.000	43.5640	1.0000	0.0000	6.8000
uR	765.221	90.000	0.0134	1.0000	0.0000	6.8000
E	766.825	90.000	45.0618	3.2670	0.1781	0.1400	0.0000	6.8000
dPolE	766.825	90.000	44.0675	1.0000	0.0000	6.8000
uR	766.825	90.000	0.0129	1.0000	0.0000	6.8000
E	768.429	90.000	44.8362	3.5870	0.1971	0.1549	0.0000	6.8000
dPolE	768.429	90.000	53.4703	1.0000	0.0000	6.8000
uR	768.429	90.000	0.0128	1.0000	0.0000	6.8000
E	770.032	90.000	45.0418	3.1787	0.2270	0.1779	0.0000	6.8000
dPolE	770.032	90.000	63.4106	1.0000	0.0000	6.8000
uR	770.032	90.000	0.0130	1.0000	0.0000	6.8000
E	771.635	90.000	44.9958	3.3534	0.2401	0.1882	0.0000	6.8000
dPolE	771.635	90.000	61.3905	1.0000	0.0000	6.8000
uR	771.635	90.000	0.0134	1.0000	0.0000	6.8000
E	773.238	90.000	45.4820	3.7159	0.2593	0.2036	0.0000	6.8000
dPolE	773.238	90.000	64.6304	1.0000	0.0000	6.8000
uR	773.238	90.000	0.0130	1.0000	0.0000	6.8000
E	774.841	90.000	44.4838	3.4258	0.2631	0.2062	0.0000	6.8000
dPolE	774.841	90.000	69.1263	1.0000	0.0000	6.8000
uR	774.841	90.000	0.0123	1.0000	0.0000	6.8000
E	776.444	90.000	44.8133	2.9953	0.2688	0.2100	0.0000	6.8000
dPolE	776.444	90.000	73.5942	1.0000	0.0000	6.8000
uR	776.444	90.000	0.0122	1.0000	0.0000	6.8000
E	778.047	90.000	43.1742	3.2624	0.2715	0.2120	0.0000	6.8000
dPolE	778.047	90.000	74.7614	1.0000	0.0000	6.8000
uR	778.047	90.000	0.0120	1.0000	0.0000	6.8000
E	779.650	90.000	45.5561	3.0142	0.2678	0.2083	0.0000	6.8000
dPolE	779.650	90.000	76.8803	1.0000	0.0000	6.8000
uR	779.650	90.000	0.0113	1.0000	0.0000	6.8000
E	781.252	90.000	44.2124	3.2002	0.2764	0.2156	0.0000	6.8000
dPolE	781.252	90.000	75.1287	1.0000	0.0000	6.8000
uR	781.252	90.000	0.0115	1.0000	0.0000	6.8000
E	782.855	90.000	44.4700	3.3052	0.2525	0.1964	0.0000	6.8000
dPolE	782.855	90.000	78.7667	1.0000	0.0000	6.8000
uR	782.855	90.000	0.0119	1.0000	0.0000	6.8000
E	784.457	90.000	44.8102	3.6088	0.2709	0.2109	0.0000	6.8000
dPolE	784.457	90.000	72.9166	1.0000	0.0000	6.8000
uR	784.457	90.000	0.0126	1.0000	0.0000	6.8000
E	786.059	90.000	44.7597	2.9383	0.2729	0.2109	0.0000	6.8000
dPolE	786.059	90.000	74.2870	1.0000	0.0000	6.8000
uR	786.059	90.000	0.0121	1.0000	0.0000	6.8000
E	787.661	90.000	45.6947	3.3720	0.2636	0.2027	0.0000	6.8000
dPolE	787.661	90.000	71.7798	1.0000	0.0000	6.8000
uR	787.661	90.000	0.0117	1.0000	0.0000	6.8000
E	789.263	90.000	44.3992	3.1990	0.2239	0.1721	0.0000	6.8000
dPolE	789.263	90.000	70.1268	1.0000	0.0000	6.8000
uR	789.263	90.000	0.0120	1.0000	0.0000	6.8000
E	790.865	90.000	45.0810	3.5645	0.2533	0.1940	0.0000	6.8000
dPolE	790.865	90.000	65.1884	1.0000	0.0000	6.8000
uR	790.865	90.000	0.0120	1.0000	0.0000	6.8000
E	792.467	90.000	45.0311	3.0024	0.2735	0.2084	0.0000	6.8000
dPolE	792.467	90.000	65.9924	1.0000	0.0000	6.8000
uR	792.467	90.000	0.0117	1.0000	0.0000	6.8000
E	794.068	90.000	44.5391	2.9514	0.2701	0.2045	0.0000	6.8000
dPolE	794.068	90.000	71.4866	1.0000	0.0000	6.8000
uR	794.068	90.000	0.0119	1.0000	0.0000	6.8000
E	795.670	90.000	45.3390	3.1636	0.2563	0.1935	0.0000	6.8000
dPolE	795.670	90.000	71.1339	1.0000	0.0000	6.8000
uR	795.670	90.000	0.0120	1.0000	0.0000	6.8000
E	797.271	90.000	45.3908	2.9390	0.2486	0.1869	0.0000	6.8000
dPolE	797.271	90.000	65.8584	1.0000	0.0000	6.8000
uR	797.271	90.000	0.0132	1.0000	0.0000	6.8000
E	798.872	90.000	45.3189	3.6085	0.2581	0.1939	0.0000	6.8000
dPolE	798.872	90.000	59.2020	1.0000	0.0000	6.8000
uR	798.872	90.000	0.0133	1.0000	0.0000	6.8000
E	800.473	90.000	45.1421	2.7769	0.2583	0.1926	0.0000	6.8000
dPolE	800.473	90.000	65.0403	1.0000	0.0000	6.8000
uR	800.473	90.000	0.0129	1.0000	0.0000	6.8000
E	802.074	90.000	45.3387	2.7973	0.2704	0.2006	0.0000	6.8000
dPolE	802.074	90.000	66.4962	1.0000	0.0000	6.8000
uR	802.074	90.000	0.0125	1.0000	0.0000	6.8000
E	803.675	90.000	45.1499	3.1578	0.2568	0.1896	0.0000	6.8000
dPolE	803.675	90.000	73.4543	1.0000	0.0000	6.8000
uR	803.675	90.000	0.0122	1.0000	0.0000	6.8000
E	805.276	90.000	45.4716	3.8582	0.2814	0.2083	0.0000	6.8000
dPolE	805.276	90.000	68.6678	1.0000	0.0000	6.8000
uR	805.276	90.000	0.0126	1.0000	0.0000	6.8000
E	806.876	90.000	44.9556	2.3283	0.2733	0.2003	0.0000	6.8000
dPolE	806.876	90.000	72.1887	1.0000	0.0000	6.8000
uR	806.876	90.000	0.0117	1.0000	0.0000	6.8000
E	808.477	90.000	45.5974	2.4285	0.2728	0.1995	0.0000	6.8000
dPolE	808.477	90.000	68.3468	1.0000	0.0000	6.8000
uR	808.477	90.000	0.0123	1.0000	0.0000	6.8000
E	810.077	90.000	44.5343	2.2478	0.2668	0.1943	0.0000	6.8000
dPolE	810.077	90.000	68.6570	1.0000	0.0000	6.8000
uR	810.077	90.000	0.0125	1.0000	0.0000	6.8000
E	811.677	90.000	44.6028	2.8126	0.2592	0.1889	0.0000	6.8000
dPolE	811.677	90.000	69.0753	1.0000	0.0000	6.8000
uR	811.677	90.000	0.0129	1.0000	0.0000	6.8000
E	813.277	90.000	45.2786	2.4996	0.2586	0.1882	0.0000	6.8000
dPolE	813.277	90.000	69.2564	1.0000	0.0000	6.8000
uR	813.277	90.000	0.0119	1.0000	0.0000	6.8000
E	814.877	90.000	46.2095	2.7708	0.2644	0.1925	0.0000	6.8000
dPolE	814.877	90.000	66.0469	1.0000	0.0000	6.8000
uR	814.877	90.000	0.0118	1.0000	0.0000	6.8000
E	816.477	90.000	44.5726	2.8218	0.2614	0.1898	0.0000	6.8000
dPolE	816.477	90.000	62.4746	1.0000	0.0000	6.8000
uR	816.477	90.000	0.0119	1.0000	0.0000	6.8000
E	818.077	90.000	44.6669	2.9551	0.2265	0.1648	0.0000	6.8000
dPolE	818.077	90.000	59.3036	1.0000	0.0000	6.8000
uR	818.077	90.000	0.0113	1.0000	0.0000	6.8000
E	819.676	90.000	45.0788	2.3913	0.1647	0.1194	0.0000	6.8000
dPolE	819.676	90.000	39.9312	1.0000	0.0000	6.8000
uR	819.676	90.000	0.0112	1.0000	0.0000	6.8000
E	821.276	90.000	45.0800	2.8794	0.1095	0.0794	0.0000	6.8000
dPolE	821.276	90.000	19.9681	1.0000	0.0000	6.8000
uR	821.276	90.000	0.0113	1.0000	0.0000	6.8000
E	822.875	90.000	44.8139	2.7229	0.0728	0.0527	0.0000	6.8000
dPolE	822.875	90.000	14.1945	1.0000	0.0000	6.8000
uR	822.875	90.000	0.0129	1.0000	0.0000	6.8000
E	824.474	90.000	44.8754	2.7559	0.0639	0.0462	0.0000	6.8000
dPolE	824.474	90.000	11.7262	1.0000	0.0000	6.8000
uR	824.474	90.000	0.0135	1.0000	0.0000	6.8000
E	826.073	90.000	45.0302	2.7492	0.0691	0.0500	0.0000	6.8000
dPolE	826.073	90.000	12.2641	1.0000	0.0000	6.8000
uR	826.073	90.000	0.0128	1.0000	0.0000	6.8000
E	827.672	90.000	45.0239	2.8030	0.0835	0.0603	0.0000	6.8000
dPolE	827.672	90.000	18.0742	1.0000	0.0000	6.8000
uR	827.672	90.000	0.0124	1.0000	0.0000	6.8000
E	829.271	90.000	44.9921	2.5903	0.0951	0.0684	0.0000	6.8000
dPolE	829.271	90.000	21.3779	1.0000	0.0000	6.8000
uR	829.271	90.000	0.0130	1.0000	0.0000	6.8000
E	830.869	90.000	45.1890	2.7226	0.1196	0.0859	0.0000	6.8000
dPolE	830.869	90.000	25.8980	1.0000	0.0000	6.8000
uR	830.869	90.000	0.0124	1.0000	0.0000	6.8000
E	832.468	90.000	44.9959	3.1122	0.1442	0.1037	0.0000	6.8000
dPolE	832.468	90.000	40.2604	1.0000	0.0000	6.8000
uR	832.468	90.000	0.0119	1.0000	0.0000	6.8000
E	834.066	90.000	44.7948	2.9237	0.1445	0.1035	0.0000	6.8000
dPolE	834.066	90.000	37.8492	1.0000	0.0000	6.8000
uR	834.066	90.000	0.0121	1.0000	0.0000	6.8000
E	835.664	90.000	45.0282	2.5883	0.1438	0.1025	0.0000	6.8000
dPolE	835.664	90.000	34.7228	1.0000	0.0000	6.8000
uR	835.664	90.000	0.0124	1.0000	0.0000	6.8000
E	837.262	90.000	45.0112	2.6593	0.1584	0.1125	0.0000	6.8000
dPolE	837.262	90.000	40.8836	1.0000	0.0000	6.8000
uR	837.262	90.000	0.0126	1.0000	0.0000	6.8000
E	838.860	90.000	44.6074	2.7757	0.1813	0.1284	0.0000	6.8000
dPolE	838.860	90.000	48.5831	1.0000	0.0000	6.8000
uR	838.860	90.000	0.0126	1.0000	0.0000	6.8000
E	840.458	90.000	45.6734	2.7991	0.1905	0.1342	0.0000	6.8000
dPolE	840.458	90.000	54.2162	1.0000	0.0000	6.8000
uR	840.458	90.000	0.0132	1.0000	0.0000	6.8000
E	842.055	90.000	44.8013	3.0212	0.2023	0.1427	0.0000	6.8000
dPolE	842.055	90.000	55.9993	1.0000	0.0000	6.8000
uR	842.055	90.000	0.0142	1.0000	0.0000	6.8000
E	843.653	90.000	45.0146	2.9016	0.2362	0.1658	0.0000	6.8000
dPolE	843.653	90.000	56.4969	1.0000	0.0000	6.8000
uR	843.653	90.000	0.0135	1.0000	0.0000	6.8000
E	845.250	90.000	44.7076	2.4640	0.2760	0.1919	0.0000	6.8000
dPolE	845.250	90.000	68.4151	1.0000	0.0000	6.8000
uR	845.250	90.000	0.0133	1.0000	0.0000	6.8000
E	846.847	90.000	45.1554	2.2399	0.3384	0.2341	0.0000	6.8000
dPolE	846.847	90.000	77.4259	1.0000	0.0000	6.8000
uR	846.847	90.000	0.0114	1.0000	0.0000	6.8000
E	848.444	90.000	43.7907	2.0876	0.3447	0.2376	0.0000	6.8000
dPolE	848.444	90.000	83.1058	1.0000	0.0000	6.8000
uR	848.444	90.000	0.0112	1.0000	0.0000	6.8000
E	850.041	90.000	44.5703	2.8670	0.3335	0.2298	0.0000	6.8000
dPolE	850.041	90.000	86.5908	1.0000	0.0000	6.8000
uR	850.041	90.000	0.0111	1.0000	0.0000	6.8000
E	851.638	90.000	46.4423	3.0554	0.3561	0.2451	0.0000	6.8000
dPolE	851.638	90.000	84.4189	1.0000	0.0000	6.8000
uR	851.638	90.000	0.0112	1.0000	0.0000	6.8000
E	853.234	90.000	41.8833	2.5989	0.3692	0.2537	0.0000	6.8000
dPolE	853.234	90.000	83.5736	1.0000	0.0000	6.8000
uR	853.234	90.000	0.0118	1.0000	0.0000	6.8000
E	854.831	90.000	44.0574	2.8494	0.3765	0.2563	0.0000	6.8000
dPolE	854.831	90.000	82.8353	1.0000	0.0000	6.8000
uR	854.831	90.000	0.0110	1.0000	0.0000	6.8000
E	856.427	90.000	45.0732	2.8445	0.3658	0.2490	0.0000	6.8000
dPolE	856.427	90.000	83.6472	1.0000	0.0000	6.8000
uR	856.427	90.000	0.0108	1.0000	0.0000	6.8000
E	858.023	90.000	43.8933	3.1612	0.3805	0.2591	0.0000	6.8000
dPolE	858.023	90.000	82.8300	1.0000	0.0000	6.8000
uR	858.023	90.000	0.0106	1.0000	0.0000	6.8000
E	859.619	90.000	45.0234	1.4062	0.3826	0.2568	0.0000	6.8000
dPolE	859.619	90.000	78.3348	1.0000	0.0000	6.8000
uR	859.619	90.000	0.0113	1.0000	0.0000	6.8000
E	861.215	90.000	43.8224	2.8199	0.3622	0.2449	0.0000	6.8000
dPolE	861.215	90.000	78.8769	1.0000	0.0000	6.8000
uR	861.215	90.000	0.0109	1.0000	0.0000	6.8000
E	862.811	90.000	45.0223	2.1313	0.3649	0.2454	0.0000	6.8000
dPolE	862.811	90.000	77.5763	1.0000	0.0000	6.8000
uR	862.811	90.000	0.0109	1.0000	0.0000	6.8000
E	864.407	90.000	45.5695	1.7339	0.3316	0.2221	0.0000	6.8000
dPolE	864.407	90.000	78.3211	1.0000	0.0000	6.8000
uR	864.407	90.000	0.0111	1.0000	0.0000	6.8000
E	866.002	90.000	45.6469	2.3615	0.3205	0.2151	0.0000	6.8000
dPolE	866.002	90.000	73.2226	1.0000	0.0000	6.8000
uR	866.002	90.000	0.0114	1.0000	0.0000	6.8000
E	867.597	90.000	45.3119	3.2440	0.3280	0.2217	0.0000	6.8000
dPolE	867.597	90.000	71.7362	1.0000	0.0000	6.8000
uR	867.597	90.000	0.0112	1.0000	0.0000	6.8000
E	869.192	90.000	44.6138	3.1487	0.3181	0.2144	0.0000	6.8000
dPolE	869.192	90.000	68.1197	1.0000	0.0000	6.8000
uR	869.192	90.000	0.0113	1.0000	0.0000	6.8000
E	870.787	90.000	45.4615	2.9621	0.2958	0.1991	0.0000	6.8000
dPolE	870.787	90.000	64.7106	1.0000	0.0000	6.8000
uR	870.787	90.000	0.0117	1.0000	0.0000	6.8000
E	872.382	90.000	44.7983	2.2012	0.2869	0.1919	0.0000	6.8000
dPolE	872.382	90.000	59.6914	1.0000	0.0000	6.8000
uR	872.382	90.000	0.0119	1.0000	0.0000	6.8000
E	873.977	90.000	44.4709	1.8216	0.2702	0.1806	0.0000	6.8000
dPolE	873.977	90.000	54.3961	1.0000	0.0000	6.8000
uR	873.977	90.000	0.0121	1.0000	0.0000	6.8000
E	875.571	90.000	45.0722	2.2931	0.2312	0.1548	0.0000	6.8000
dPolE	875.571	90.000	53.8888	1.0000	0.0000	6.8000
uR	875.571	90.000	0.0118	1.0000	0.0000	6.8000
E	877.166	90.000	45.2135	2.5630	0.1992	0.1334	0.0000	6.8000
dPolE	877.166	90.000	43.7197	1.0000	0.0000	6.8000
uR	877.166	90.000	0.0117	1.0000	0.0000	6.8000
E	878.760	90.000	44.7771	2.5617	0.1405	0.0940	0.0000	6.8000
dPolE	878.760	90.000	26.7771	1.0000	0.0000	6.8000
uR	878.760	90.000	0.0114	1.0000	0.0000	6.8000
E	880.354	90.000	45.0868	2.4215	0.1001	0.0668	0.0000	6.8000
dPolE	880.354	90.000	17.3009	1.0000	0.0000	6.8000
uR	880.354	90.000	0.0118	1.0000	0.0000	6.8000
E	881.948	90.000	44.9466	2.3410	0.0765	0.0508	0.0000	6.8000
dPolE	881.948	90.000	11.6803	1.0000	0.0000	6.8000
uR	881.948	90.000	0.0129	1.0000	0.0000	6.8000
E	883.542	90.000	44.9344	2.4020	0.0752	0.0499	0.0000	6.8000
dPolE	883.542	90.000	11.8079	1.0000	0.0000	6.8000
uR	883.542	90.000	0.0134	1.0000	0.0000	6.8000
E	885.135	90.000	45.0427	2.3906	0.0873	0.0579	0.0000	6.8000
dPolE	885.135	90.000	15.2539	1.0000	0.0000	6.8000
uR	885.135	90.000	0.0123	1.0000	0.0000	6.8000
E	886.729	90.000	45.0770	2.3671	0.1100	0.0727	0.0000	6.8000
dPolE	886.729	90.000	23.6337	1.0000	0.0000	6.8000
uR	886.729	90.000	0.0115	1.0000	0.0000	6.8000
E	888.322	90.000	44.7002	2.4427	0.1466	0.0968	0.0000	6.8000
dPolE	888.322	90.000	33.1364	1.0000	0.0000	6.8000
uR	888.322	90.000	0.0118	1.0000	0.0000	6.8000
E	889.915	90.000	45.1904	2.5731	0.1726	0.1136	0.0000	6.8000
dPolE	889.915	90.000	39.4365	1.0000	0.0000	6.8000
uR	889.915	90.000	0.0113	1.0000	0.0000	6.8000
E	891.508	90.000	45.0093	2.3255	0.1768	0.1158	0.0000	6.8000
dPolE	891.508	90.000	40.5226	1.0000	0.0000	6.8000
uR	891.508	90.000	0.0114	1.0000	0.0000	6.8000
E	893.101	90.000	45.0739	2.2099	0.1682	0.1097	0.0000	6.8000
dPolE	893.101	90.000	33.4498	1.0000	0.0000	6.8000
uR	893.101	90.000	0.0116	1.0000	0.0000	6.8000
E	894.694	90.000	45.0282	2.3396	0.1455	0.0946	0.0000	6.8000
dPolE	894.694	90.000	29.7426	1.0000	0.0000	6.8000
uR	894.694	90.000	0.0123	1.0000	0.0000	6.8000
E	896.286	90.000	45.1503	2.3313	0.1360	0.0881	0.0000	6.8000
dPolE	896.286	90.000	29.2436	1.0000	0.0000	6.8000
uR	896.286	90.000	0.0118	1.0000	0.0000	6.8000
E	897.879	90.000	45.1165	2.2900	0.1467	0.0946	0.0000	6.8000
dPolE	897.879	90.000	27.2549	1.0000	0.0000	6.8000
uR	897.879	90.000	0.0119	1.0000	0.0000	6.8000
E	899.471	90.000	45.1590	2.3297	0.1635	0.1051	0.0000	6.8000
dPolE	899.471	90.000	39.0761	1.0000	0.0000	6.8000
uR	899.471	90.000	0.0115	1.0000	0.0000	6.8000
E	901.063	90.000	44.6977	2.4386	0.1770	0.1133	0.0000	6.8000
dPolE	901.063	90.000	38.1900	1.0000	0.0000	6.8000
uR	901.063	90.000	0.0116	1.0000	0.0000	6.8000
E	902.655	90.000	45.2349	2.3436	0.1654	0.1056	0.0000	6.8000
dPolE	902.655	90.000	32.0533	1.0000	0.0000	6.8000
uR	902.655	90.000	0.0121	1.0000	0.0000	6.8000
E	904.247	90.000	44.9821	2.3058	0.1392	0.0885	0.0000	6.8000
dPolE	904.247	90.000	28.4590	1.0000	0.0000	6.8000
uR	904.247	90.000	0.0130	1.0000	0.0000	6.8000
E	905.838	90.000	44.8127	2.2336	0.1415	0.0898	0.0000	6.8000
dPolE	905.838	90.000	27.3445	1.0000	0.0000	6.8000
uR	905.838	90.000	0.0130	1.0000	0.0000	6.8000
E	907.429	90.000	45.4896	2.3290	0.1596	0.1011	0.0000	6.8000
dPolE	907.429	90.000	31.3926	1.0000	0.0000	6.8000
uR	907.429	90.000	0.0123	1.0000	0.0000	6.8000
E	909.021	90.000	45.4349	2.3055	0.1971	0.1247	0.0000	6.8000
dPolE	909.021	90.000	43.9451	1.0000	0.0000	6.8000
uR	909.021	90.000	0.0113	1.0000	0.0000	6.8000
E	910.612	90.000	45.2029	2.0284	0.2156	0.1352	0.0000	6.8000
dPolE	910.612	90.000	41.8261	1.0000	0.0000	6.8000
uR	910.612	90.000	0.0115	1.0000	0.0000	6.8000
E	912.203	90.000	44.8182	2.1041	0.2016	0.1264	0.0000	6.8000
dPolE	912.203	90.000	36.9403	1.0000	0.0000	6.8000
uR	912.203	90.000	0.0121	1.0000	0.0000	6.8000
E	913.793	90.000	44.6351	2.1195	0.1641	0.1025	0.0000	6.8000
dPolE	913.793	90.000	29.0484	1.0000	0.0000	6.8000
uR	913.793	90.000	0.0127	1.0000	0.0000	6.8000
E	915.384	90.000	45.3097	2.1924	0.1256	0.0784	0.0000	6.8000
dPolE	915.384	90.000	25.6276	1.0000	0.0000	6.8000
uR	915.384	90.000	0.0127	1.0000	0.0000	6.8000
E	916.974	90.000	44.9654	2.1730	0.1212	0.0756	0.0000	6.8000
dPolE	916.974	90.000	20.2875	1.0000	0.0000	6.8000
uR	916.974	90.000	0.0130	1.0000	0.0000	6.8000
E	918.565	90.000	44.8853	2.2430	0.1313	0.0818	0.0000	6.8000
dPolE	918.565	90.000	21.5299	1.0000	0.0000	6.8000
uR	918.565	90.000	0.0126	1.0000	0.0000	6.8000
E	920.155	90.000	45.2666	2.3321	0.1583	0.0985	0.0000	6.8000
dPolE	920.155	90.000	32.8730	1.0000	0.0000	6.8000
uR	920.155	90.000	0.0115	1.0000	0.0000	6.8000
E	921.745	90.000	45.2751	2.3729	0.1998	0.1241	0.0000	6.8000
dPolE	921.745	90.000	40.6266	1.0000	0.0000	6.8000
uR	921.745	90.000	0.0117	1.0000	0.0000	6.8000
E	923.334	90.000	45.1277	2.2950	0.2421	0.1502	0.0000	6.8000
dPolE	923.334	90.000	43.8935	1.0000	0.0000	6.8000
uR	923.334	90.000	0.0121	1.0000	0.0000	6.8000
E	924.924	90.000	44.5975	2.1723	0.2855	0.1767	0.0000	6.8000
dPolE	924.924	90.000	48.3861	1.0000	0.0000	6.8000
uR	924.924	90.000	0.0125	1.0000	0.0000	6.8000
E	926.513	90.000	44.3017	2.1331	0.3097	0.1914	0.0000	6.8000
dPolE	926.513	90.000	60.3008	1.0000	0.0000	6.8000
uR	926.513	90.000	0.0126	1.0000	0.0000	6.8000
E	928.103	90.000	44.5931	1.6537	0.3526	0.2172	0.0000	6.8000
dPolE	928.103	90.000	62.6069	1.0000	0.0000	6.8000
uR	928.103	90.000	0.0120	1.0000	0.0000	6.8000
E	929.692	90.000	43.8076	2.6880	0.3440	0.2129	0.0000	6.8000
dPolE	929.692	90.000	75.9408	1.0000	0.0000	6.8000
uR	929.692	90.000	0.0107	1.0000	0.0000	6.8000
E	931.280	90.000	46.5964	2.1942	0.3498	0.2165	0.0000	6.8000
dPolE	931.280	90.000	67.1242	1.0000	0.0000	6.8000
uR	931.280	90.000	0.0118	1.0000	0.0000	6.8000
E	932.869	90.000	44.1813	1.8092	0.3648	0.2247	0.0000	6.8000
dPolE	932.869	90.000	70.1908	1.0000	0.0000	6.8000
uR	932.869	90.000	0.0113	1.0000	0.0000	6.8000
E	934.458	90.000	43.6818	2.1296	0.3526	0.2169	0.0000	6.8000
dPolE	934.458	90.000	71.8509	1.0000	0.0000	6.8000
uR	934.458	90.000	0.0118	1.0000	0.0000	6.8000
E	936.046	90.000	44.9111	2.8533	0.3295	0.2037	0.0000	6.8000
dPolE	936.046	90.000	69.2085	1.0000	0.0000	6.8000
uR	936.046	90.000	0.0118	1.0000	0.0000	6.8000
E	937.634	90.000	45.0181	1.4083	0.3310	0.2027	0.0000	6.8000
dPolE	937.634	90.000	61.7179	1.0000	0.0000	6.8000
uR	937.634	90.000	0.0122	1.0000	0.0000	6.8000
E	939.222	90.000	44.8951	1.2965	0.3052	0.1866	0.0000	6.8000
dPolE	939.222	90.000	60.8581	1.0000	0.0000	6.8000
uR	939.222	90.000	0.0131	1.0000	0.0000	6.8000
E	940.810	90.000	45.2856	1.8458	0.3283	0.1996	0.0000	6.8000
dPolE	940.810	90.000	61.7295	1.0000	0.0000	6.8000
uR	940.810	90.000	0.0128	1.0000	0.0000	6.8000
E	942.398	90.000	45.2209	2.4106	0.3569	0.2172	0.0000	6.8000
dPolE	942.398	90.000	66.3919	1.0000	0.0000	6.8000
uR	942.398	90.000	0.0122	1.0000	0.0000	6.8000
E	943.985	90.000	45.3851	1.7612	0.3721	0.2268	0.0000	6.8000
dPolE	943.985	90.000	65.8096	1.0000	0.0000	6.8000
uR	943.985	90.000	0.0120	1.0000	0.0000	6.8000
E	945.573	90.000	43.1633	2.3126	0.3590	0.2195	0.0000	6.8000
dPolE	945.573	90.000	74.1547	1.0000	0.0000	6.8000
uR	945.573	90.000	0.0116	1.0000	0.0000	6.8000
E	947.160	90.000	45.0736	1.4950	0.3709	0.2249	0.0000	6.8000
dPolE	947.160	90.000	64.9049	1.0000	0.0000	6.8000
uR	947.160	90.000	0.0116	1.0000	0.0000	6.8000
E	948.747	90.000	45.0790	2.1569	0.3498	0.2118	0.0000	6.8000
dPolE	948.747	90.000	66.5817	1.0000	0.0000	6.8000
uR	948.747	90.000	0.0122	1.0000	0.0000	6.8000
E	950.334	90.000	44.7542	1.8837	0.3248	0.1964	0.0000	6.8000
dPolE	950.334	90.000	62.5300	1.0000	0.0000	6.8000
uR	950.334	90.000	0.0129	1.0000	0.0000	6.8000
E	951.920	90.000	43.4516	2.1982	0.3343	0.2016	0.0000	6.8000
dPolE	951.920	90.000	69.3648	1.0000	0.0000	6.8000
uR	951.920	90.000	0.0114	1.0000	0.0000	6.8000
E	953.507	90.000	44.9016	2.4405	0.3671	0.2209	0.0000	6.8000
dPolE	953.507	90.000	65.6357	1.0000	0.0000	6.8000
uR	953.507	90.000	0.0118	1.0000	0.0000	6.8000
E	955.093	90.000	45.9760	1.8387	0.3869	0.2307	0.0000	6.8000
dPolE	955.093	90.000	69.0873	1.0000	0.0000	6.8000
uR	955.093	90.000	0.0111	1.0000	0.0000	6.8000
E	956.679	90.000	44.3165	2.2932	0.4195	0.2517	0.0000	6.8000
dPolE	956.679	90.000	77.1848	1.0000	0.0000	6.8000
uR	956.679	90.000	0.0103	1.0000	0.0000	6.8000
E	958.265	90.000	46.5207	2.5218	0.4509	0.2699	0.0000	6.8000
dPolE	958.265	90.000	79.9189	1.0000	0.0000	6.8000
uR	958.265	90.000	0.0103	1.0000	0.0000	6.8000
E	959.851	90.000	42.9365	1.8444	0.4562	0.2708	0.0000	6.8000
dPolE	959.851	90.000	85.2366	1.0000	0.0000	6.8000
uR	959.851	90.000	0.0095	1.0000	0.0000	6.8000
E	961.436	90.000	43.6980	2.9546	0.4777	0.2847	0.0000	6.8000
dPolE	961.436	90.000	86.7348	1.0000	0.0000	6.8000
uR	961.436	90.000	0.0099	1.0000	0.0000	6.8000
E	963.022	90.000	45.7518	1.6160	0.4780	0.2818	0.0000	6.8000
dPolE	963.022	90.000	82.7163	1.0000	0.0000	6.8000
uR	963.022	90.000	0.0110	1.0000	0.0000	6.8000
E	964.607	90.000	46.0274	2.4448	0.4628	0.2732	0.0000	6.8000
dPolE	964.607	90.000	77.0703	1.0000	0.0000	6.8000
uR	964.607	90.000	0.0113	1.0000	0.0000	6.8000
E	966.192	90.000	44.8229	2.2808	0.4392	0.2581	0.0000	6.8000
dPolE	966.192	90.000	71.8283	1.0000	0.0000	6.8000
uR	966.192	90.000	0.0128	1.0000	0.0000	6.8000
E	967.777	90.000	45.8038	2.3115	0.3974	0.2323	0.0000	6.8000
dPolE	967.777	90.000	74.5423	1.0000	0.0000	6.8000
uR	967.777	90.000	0.0111	1.0000	0.0000	6.8000
E	969.361	90.000	44.5749	2.3339	0.4020	0.2347	0.0000	6.8000
dPolE	969.361	90.000	69.0629	1.0000	0.0000	6.8000
uR	969.361	90.000	0.0115	1.0000	0.0000	6.8000
E	970.946	90.000	44.7933	2.5004	0.3961	0.2305	0.0000	6.8000
dPolE	970.946	90.000	70.7972	1.0000	0.0000	6.8000
uR	970.946	90.000	0.0107	1.0000	0.0000	6.8000
E	972.530	90.000	43.3274	2.0673	0.3387	0.1969	0.0000	6.8000
dPolE	972.530	90.000	68.4944	1.0000	0.0000	6.8000
uR	972.530	90.000	0.0116	1.0000	0.0000	6.8000
E	974.114	90.000	44.7928	2.2000	0.3459	0.2007	0.0000	6.8000
dPolE	974.114	90.000	52.2098	1.0000	0.0000	6.8000
uR	974.114	90.000	0.0125	1.0000	0.0000	6.8000
E	975.698	90.000	43.7478	1.9535	0.3042	0.1755	0.0000	6.8000
dPolE	975.698	90.000	51.5428	1.0000	0.0000	6.8000
uR	975.698	90.000	0.0118	1.0000	0.0000	6.8000
E	977.282	90.000	45.0858	1.6308	0.2627	0.1507	0.0000	6.8000
dPolE	977.282	90.000	36.9562	1.0000	0.0000	6.8000
uR	977.282	90.000	0.0125	1.0000	0.0000	6.8000
E	978.865	90.000	44.3724	1.8313	0.2186	0.1250	0.0000	6.8000
dPolE	978.865	90.000	27.3995	1.0000	0.0000	6.8000
uR	978.865	90.000	0.0129	1.0000	0.0000	6.8000
E	980.449	90.000	44.4160	2.0976	0.2179	0.1249	0.0000	6.8000
dPolE	980.449	90.000	32.3938	1.0000	0.0000	6.8000
uR	980.449	90.000	0.0128	1.0000	0.0000	6.8000
E	982.032	90.000	45.2420	2.3805	0.2391	0.1376	0.0000	6.8000
dPolE	982.032	90.000	38.4444	1.0000	0.0000	6.8000
uR	982.032	90.000	0.0128	1.0000	0.0000	6.8000
E	983.615	90.000	44.9674	2.4653	0.2861	0.1644	0.0000	6.8000
dPolE	983.615	90.000	41.1143	1.0000	0.0000	6.8000
uR	983.615	90.000	0.0116	1.0000	0.0000	6.8000
E	985.198	90.000	44.9970	1.6783	0.3233	0.1844	0.0000	6.8000
dPolE	985.198	90.000	47.4949	1.0000	0.0000	6.8000
uR	985.198	90.000	0.0121	1.0000	0.0000	6.8000
E	986.780	90.000	44.1971	2.0548	0.3321	0.1902	0.0000	6.8000
dPolE	986.780	90.000	52.2549	1.0000	0.0000	6.8000
uR	986.780	90.000	0.0119	1.0000	0.0000	6.8000
E	988.363	90.000	44.7903	1.9918	0.2973	0.1696	0.0000	6.8000
dPolE	988.363	90.000	49.6334	1.0000	0.0000	6.8000
uR	988.363	90.000	0.0123	1.0000	0.0000	6.8000
E	989.945	90.000	44.8438	1.9602	0.2663	0.1518	0.0000	6.8000
dPolE	989.945	90.000	34.2087	1.0000	0.0000	6.8000
uR	989.945	90.000	0.0130	1.0000	0.0000	6.8000
E	991.527	90.000	44.8377	2.1435	0.2445	0.1390	0.0000	6.8000
dPolE	991.527	90.000	34.5295	1.0000	0.0000	6.8000
uR	991.527	90.000	0.0138	1.0000	0.0000	6.8000
E	993.109	90.000	44.7108	1.9325	0.2430	0.1382	0.0000	6.8000
dPolE	993.109	90.000	31.8197	1.0000	0.0000	6.8000
uR	993.109	90.000	0.0127	1.0000	0.0000	6.8000
E	994.690	90.000	45.0808	2.0469	0.2556	0.1450	0.0000	6.8000
dPolE	994.690	90.000	34.9402	1.0000	0.0000	6.8000
uR	994.690	90.000	0.0122	1.0000	0.0000	6.8000
E	996.272	90.000	44.4599	1.9967	0.2794	0.1585	0.0000	6.8000
dPolE	996.272	90.000	40.2271	1.0000	0.0000	6.8000
uR	996.272	90.000	0.0127	1.0000	0.0000	6.8000
E	997.853	90.000	46.2528	1.8093	0.3504	0.1980	0.0000	6.8000
dPolE	997.853	90.000	37.4297	1.0000	0.0000	6.8000
uR	997.853	90.000	0.0128	1.0000	0.0000	6.8000
E	999.434	90.000	45.2718	2.5801	0.3865	0.2193	0.0000	6.8000
dPolE	999.434	90.000	65.6664	1.0000	0.0000	6.8000
uR	999.434	90.000	0.0111	1.0000	0.0000	6.8000
