
FM-removed
XY-Scan
nm
E	210.379	90.000	15.3132	50.3816	0.2466	0.9694	0.0000	6.8000
dPolE	210.379	90.000	99.9787	1.0000	0.0000	6.8000
uR	210.379	90.000	0.0301	1.0000	0.0000	6.8000
E	211.990	90.000	21.2676	87.0983	0.2635	0.7981	0.0000	6.8000
dPolE	211.990	90.000	99.9843	1.0000	0.0000	6.8000
uR	211.990	90.000	0.0146	1.0000	0.0000	6.8000
E	213.602	90.000	23.7572	127.0990	0.2410	0.6504	0.0000	6.8000
dPolE	213.602	90.000	99.9845	1.0000	0.0000	6.8000
uR	213.602	90.000	0.0092	1.0000	0.0000	6.8000
E	215.214	90.000	31.7301	220.6377	0.2453	0.5249	0.0000	6.8000
dPolE	215.214	90.000	99.9831	1.0000	0.0000	6.8000
uR	215.214	90.000	0.0079	1.0000	0.0000	6.8000
E	216.826	90.000	10.7513	299.3936	0.2456	1.4107	0.0000	6.8000
dPolE	216.826	90.000	99.9939	1.0000	0.0000	6.8000
uR	216.826	90.000	0.0079	1.0000	0.0000	6.8000
E	218.438	90.000	43.6881	340.9242	0.2680	0.4662	0.0000	6.8000
dPolE	218.438	90.000	99.9964	1.0000	0.0000	6.8000
uR	218.438	90.000	0.0051	1.0000	0.0000	6.8000
E	220.050	90.000	46.4054	117.0270	0.2620	0.5068	0.0000	6.8000
dPolE	220.050	90.000	99.9854	1.0000	0.0000	6.8000
uR	220.050	90.000	0.0045	1.0000	0.0000	6.8000
E	221.662	90.000	43.4217	274.7785	0.2444	0.4893	0.0000	6.8000
dPolE	221.662	90.000	99.9997	1.0000	0.0000	6.8000
uR	221.662	90.000	0.0046	1.0000	0.0000	6.8000
E	223.274	90.000	45.5854	270.2289	0.2770	0.5541	0.0000	6.8000
dPolE	223.274	90.000	99.9960	1.0000	0.0000	6.8000
uR	223.274	90.000	0.0044	1.0000	0.0000	6.8000
E	224.886	90.000	8.7690	353.4207	0.2853	1.4019	0.0000	6.8000
dPolE	224.886	90.000	99.9778	1.0000	0.0000	6.8000
uR	224.886	90.000	0.0038	1.0000	0.0000	6.8000
E	226.498	90.000	17.6369	66.4610	0.2510	0.9827	0.0000	6.8000
dPolE	226.498	90.000	99.8950	1.0000	0.0000	6.8000
uR	226.498	90.000	0.0051	1.0000	0.0000	6.8000
E	228.111	90.000	19.0851	298.3183	0.2262	0.7961	0.0000	6.8000
dPolE	228.111	90.000	99.9919	1.0000	0.0000	6.8000
uR	228.111	90.000	0.0041	1.0000	0.0000	6.8000
E	229.723	90.000	34.4830	46.7704	0.2932	0.5494	0.0000	6.8000
dPolE	229.723	90.000	99.9810	1.0000	0.0000	6.8000
uR	229.723	90.000	0.0021	1.0000	0.0000	6.8000
E	231.335	90.000	64.8975	308.5306	0.2596	0.6427	0.0000	6.8000
dPolE	231.335	90.000	99.9579	1.0000	0.0000	6.8000
uR	231.335	90.000	0.0020	1.0000	0.0000	6.8000
E	232.948	90.000	36.1385	15.8852	0.2745	0.3789	0.0000	6.8000
dPolE	232.948	90.000	99.9854	1.0000	0.0000	6.8000
uR	232.948	90.000	0.0022	1.0000	0.0000	6.8000
E	234.560	90.000	27.3463	330.8710	0.2768	0.4995	0.0000	6.8000
dPolE	234.560	90.000	99.9687	1.0000	0.0000	6.8000
uR	234.560	90.000	0.0024	1.0000	0.0000	6.8000
E	236.173	90.000	25.3043	45.7808	0.2994	0.6880	0.0000	6.8000
dPolE	236.173	90.000	99.9449	1.0000	0.0000	6.8000
uR	236.173	90.000	0.0019	1.0000	0.0000	6.8000
E	237.786	90.000	57.8257	51.9169	0.3097	0.6175	0.0000	6.8000
dPolE	237.786	90.000	99.9941	1.0000	0.0000	6.8000
uR	237.786	90.000	0.0010	1.0000	0.0000	6.8000
E	239.398	90.000	42.5610	139.9513	0.3113	0.4838	0.0000	6.8000
dPolE	239.398	90.000	99.9578	1.0000	0.0000	6.8000
uR	239.398	90.000	0.0015	1.0000	0.0000	6.8000
E	241.011	90.000	44.7284	333.4857	0.3155	0.4191	0.0000	6.8000
dPolE	241.011	90.000	99.9512	1.0000	0.0000	6.8000
uR	241.011	90.000	0.0012	1.0000	0.0000	6.8000
E	242.624	90.000	50.4759	121.5003	0.3150	0.5816	0.0000	6.8000
dPolE	242.624	90.000	99.9785	1.0000	0.0000	6.8000
uR	242.624	90.000	0.0013	1.0000	0.0000	6.8000
E	244.237	90.000	77.5111	10.1357	0.3032	0.8006	0.0000	6.8000
dPolE	244.237	90.000	99.9330	1.0000	0.0000	6.8000
uR	244.237	90.000	0.0012	1.0000	0.0000	6.8000
E	245.850	90.000	45.8177	220.5052	0.3174	0.4842	0.0000	6.8000
dPolE	245.850	90.000	99.9842	1.0000	0.0000	6.8000
uR	245.850	90.000	0.0011	1.0000	0.0000	6.8000
E	247.463	90.000	54.0097	313.0630	0.2847	0.4956	0.0000	6.8000
dPolE	247.463	90.000	99.9839	1.0000	0.0000	6.8000
uR	247.463	90.000	0.0007	1.0000	0.0000	6.8000
E	249.076	90.000	31.1301	139.9077	0.3245	0.5726	0.0000	6.8000
dPolE	249.076	90.000	99.9959	1.0000	0.0000	6.8000
uR	249.076	90.000	0.0006	1.0000	0.0000	6.8000
E	250.689	90.000	53.9944	148.5110	0.3338	0.4819	0.0000	6.8000
dPolE	250.689	90.000	99.9860	1.0000	0.0000	6.8000
uR	250.689	90.000	0.0011	1.0000	0.0000	6.8000
E	252.302	90.000	65.0203	144.7993	0.3129	0.6124	0.0000	6.8000
dPolE	252.302	90.000	99.9836	1.0000	0.0000	6.8000
uR	252.302	90.000	0.0007	1.0000	0.0000	6.8000
E	253.916	90.000	43.4543	314.4452	0.2940	0.4695	0.0000	6.8000
dPolE	253.916	90.000	99.9999	1.0000	0.0000	6.8000
uR	253.916	90.000	0.0008	1.0000	0.0000	6.8000
E	255.529	90.000	23.8515	146.1243	0.2858	0.5690	0.0000	6.8000
dPolE	255.529	90.000	99.9774	1.0000	0.0000	6.8000
uR	255.529	90.000	0.0008	1.0000	0.0000	6.8000
E	257.142	90.000	10.1715	128.1984	0.2553	1.6105	0.0000	6.8000
dPolE	257.142	90.000	99.9696	1.0000	0.0000	6.8000
uR	257.142	90.000	0.0010	1.0000	0.0000	6.8000
E	258.756	90.000	84.9986	88.9467	0.1607	3.5327	0.0000	6.8000
dPolE	258.756	90.000	99.8760	1.0000	0.0000	6.8000
uR	258.756	90.000	0.0012	1.0000	0.0000	6.8000
E	260.369	90.000	1.8933	216.7648	0.2776	7.0780	0.0000	6.8000
dPolE	260.369	90.000	99.9999	1.0000	0.0000	6.8000
uR	260.369	90.000	0.0009	1.0000	0.0000	6.8000
E	261.983	90.000	28.7953	132.9995	0.2765	0.5623	0.0000	6.8000
dPolE	261.983	90.000	99.9893	1.0000	0.0000	6.8000
uR	261.983	90.000	0.0004	1.0000	0.0000	6.8000
E	263.596	90.000	28.7784	339.5645	0.2889	0.4070	0.0000	6.8000
dPolE	263.596	90.000	99.9566	1.0000	0.0000	6.8000
uR	263.596	90.000	0.0006	1.0000	0.0000	6.8000
E	265.210	90.000	52.9550	358.4116	0.3053	0.3214	0.0000	6.8000
dPolE	265.210	90.000	99.9442	1.0000	0.0000	6.8000
uR	265.210	90.000	0.0006	1.0000	0.0000	6.8000
E	266.823	90.000	12.0219	28.9367	0.2703	0.9422	0.0000	6.8000
dPolE	266.823	90.000	99.9405	1.0000	0.0000	6.8000
uR	266.823	90.000	0.0012	1.0000	0.0000	6.8000
E	268.437	90.000	38.3452	21.5853	0.2933	0.3634	0.0000	6.8000
dPolE	268.437	90.000	99.9599	1.0000	0.0000	6.8000
uR	268.437	90.000	0.0006	1.0000	0.0000	6.8000
E	270.051	90.000	75.2549	40.1550	0.2307	0.8076	0.0000	6.8000
dPolE	270.051	90.000	99.9134	1.0000	0.0000	6.8000
uR	270.051	90.000	0.0010	1.0000	0.0000	6.8000
E	271.665	90.000	29.5667	12.6084	0.2601	0.3356	0.0000	6.8000
dPolE	271.665	90.000	99.9856	1.0000	0.0000	6.8000
uR	271.665	90.000	0.0004	1.0000	0.0000	6.8000
E	273.279	90.000	89.9900	270.6840	0.1474	1615.9209	0.0000	6.8000
dPolE	273.279	90.000	99.8773	1.0000	0.0000	6.8000
uR	273.279	90.000	0.0011	1.0000	0.0000	6.8000
E	274.892	90.000	24.9677	83.4646	0.2373	0.7351	0.0000	6.8000
dPolE	274.892	90.000	99.9995	1.0000	0.0000	6.8000
uR	274.892	90.000	0.0006	1.0000	0.0000	6.8000
E	276.506	90.000	41.9206	199.4506	0.2603	0.3152	0.0000	6.8000
dPolE	276.506	90.000	99.9686	1.0000	0.0000	6.8000
uR	276.506	90.000	0.0005	1.0000	0.0000	6.8000
E	278.120	90.000	13.0337	50.7939	0.2101	0.9996	0.0000	6.8000
dPolE	278.120	90.000	99.9311	1.0000	0.0000	6.8000
uR	278.120	90.000	0.0010	1.0000	0.0000	6.8000
E	279.734	90.000	14.0209	96.1243	0.1764	1.1061	0.0000	6.8000
dPolE	279.734	90.000	99.9901	1.0000	0.0000	6.8000
uR	279.734	90.000	0.0004	1.0000	0.0000	6.8000
E	281.349	90.000	89.9900	0.9761	0.2594	815.0134	0.0000	6.8000
dPolE	281.349	90.000	99.9458	1.0000	0.0000	6.8000
uR	281.349	90.000	0.0006	1.0000	0.0000	6.8000
E	282.963	90.000	57.7173	219.8293	0.2558	0.4478	0.0000	6.8000
dPolE	282.963	90.000	99.9541	1.0000	0.0000	6.8000
uR	282.963	90.000	0.0007	1.0000	0.0000	6.8000
E	284.577	90.000	61.8724	207.3990	0.2424	0.4044	0.0000	6.8000
dPolE	284.577	90.000	99.9760	1.0000	0.0000	6.8000
uR	284.577	90.000	0.0004	1.0000	0.0000	6.8000
E	286.191	90.000	26.7075	27.9292	0.2368	0.4152	0.0000	6.8000
dPolE	286.191	90.000	99.9570	1.0000	0.0000	6.8000
uR	286.191	90.000	0.0006	1.0000	0.0000	6.8000
E	287.805	90.000	55.6629	32.4059	0.2464	0.3867	0.0000	6.8000
dPolE	287.805	90.000	99.9904	1.0000	0.0000	6.8000
uR	287.805	90.000	0.0003	1.0000	0.0000	6.8000
E	289.420	90.000	28.5459	59.6780	0.2171	0.5101	0.0000	6.8000
dPolE	289.420	90.000	99.9862	1.0000	0.0000	6.8000
uR	289.420	90.000	0.0004	1.0000	0.0000	6.8000
E	291.034	90.000	35.5395	68.4992	0.2203	0.4586	0.0000	6.8000
dPolE	291.034	90.000	99.9961	1.0000	0.0000	6.8000
uR	291.034	90.000	0.0006	1.0000	0.0000	6.8000
E	292.649	90.000	17.6692	192.9866	0.2259	0.4891	0.0000	6.8000
dPolE	292.649	90.000	99.9452	1.0000	0.0000	6.8000
uR	292.649	90.000	0.0007	1.0000	0.0000	6.8000
E	294.263	90.000	57.1972	97.7472	0.2184	0.5046	0.0000	6.8000
dPolE	294.263	90.000	99.9857	1.0000	0.0000	6.8000
uR	294.263	90.000	0.0005	1.0000	0.0000	6.8000
E	295.877	90.000	55.9699	318.5692	0.2286	0.4038	0.0000	6.8000
dPolE	295.877	90.000	99.9573	1.0000	0.0000	6.8000
uR	295.877	90.000	0.0005	1.0000	0.0000	6.8000
E	297.492	90.000	1.9963	247.1403	0.1597	6.3397	0.0000	6.8000
dPolE	297.492	90.000	99.9662	1.0000	0.0000	6.8000
uR	297.492	90.000	0.0005	1.0000	0.0000	6.8000
E	299.107	90.000	46.1520	341.7881	0.1940	0.2595	0.0000	6.8000
dPolE	299.107	90.000	99.9977	1.0000	0.0000	6.8000
uR	299.107	90.000	0.0004	1.0000	0.0000	6.8000
E	300.721	90.000	23.3965	348.4180	0.2116	0.3799	0.0000	6.8000
dPolE	300.721	90.000	99.9973	1.0000	0.0000	6.8000
uR	300.721	90.000	0.0007	1.0000	0.0000	6.8000
E	302.336	90.000	81.0525	138.3664	0.1796	1.0945	0.0000	6.8000
dPolE	302.336	90.000	99.9832	1.0000	0.0000	6.8000
uR	302.336	90.000	0.0006	1.0000	0.0000	6.8000
E	303.950	90.000	69.6239	205.4300	0.1929	0.4424	0.0000	6.8000
dPolE	303.950	90.000	99.9229	1.0000	0.0000	6.8000
uR	303.950	90.000	0.0007	1.0000	0.0000	6.8000
E	305.565	90.000	73.1830	78.8143	0.1635	0.7411	0.0000	6.8000
dPolE	305.565	90.000	99.9982	1.0000	0.0000	6.8000
uR	305.565	90.000	0.0004	1.0000	0.0000	6.8000
E	307.180	90.000	28.1160	165.1976	0.2001	0.3341	0.0000	6.8000
dPolE	307.180	90.000	99.9996	1.0000	0.0000	6.8000
uR	307.180	90.000	0.0003	1.0000	0.0000	6.8000
E	308.795	90.000	81.9614	290.8932	0.1441	1.3438	0.0000	6.8000
dPolE	308.795	90.000	99.9578	1.0000	0.0000	6.8000
uR	308.795	90.000	0.0005	1.0000	0.0000	6.8000
E	310.410	90.000	60.8187	138.6922	0.1881	0.3818	0.0000	6.8000
dPolE	310.410	90.000	99.9745	1.0000	0.0000	6.8000
uR	310.410	90.000	0.0006	1.0000	0.0000	6.8000
E	312.024	90.000	23.4910	11.2826	0.1945	0.3754	0.0000	6.8000
dPolE	312.024	90.000	99.9831	1.0000	0.0000	6.8000
uR	312.024	90.000	0.0004	1.0000	0.0000	6.8000
E	313.639	90.000	75.7797	156.2883	0.1725	0.5642	0.0000	6.8000
dPolE	313.639	90.000	99.9906	1.0000	0.0000	6.8000
uR	313.639	90.000	0.0002	1.0000	0.0000	6.8000
E	315.254	90.000	42.2990	131.4927	0.1838	0.3268	0.0000	6.8000
dPolE	315.254	90.000	99.9940	1.0000	0.0000	6.8000
uR	315.254	90.000	0.0003	1.0000	0.0000	6.8000
E	316.869	90.000	53.5478	354.2294	0.1804	0.2704	0.0000	6.8000
dPolE	316.869	90.000	99.9768	1.0000	0.0000	6.8000
uR	316.869	90.000	0.0005	1.0000	0.0000	6.8000
E	318.484	90.000	36.8044	156.7864	0.1678	0.2701	0.0000	6.8000
dPolE	318.484	90.000	99.9847	1.0000	0.0000	6.8000
uR	318.484	90.000	0.0004	1.0000	0.0000	6.8000
E	320.099	90.000	33.2392	325.0378	0.1734	0.3175	0.0000	6.8000
dPolE	320.099	90.000	99.9734	1.0000	0.0000	6.8000
uR	320.099	90.000	0.0004	1.0000	0.0000	6.8000
E	321.714	90.000	66.8236	343.8586	0.1697	0.3605	0.0000	6.8000
dPolE	321.714	90.000	99.9750	1.0000	0.0000	6.8000
uR	321.714	90.000	0.0004	1.0000	0.0000	6.8000
E	323.330	90.000	43.9987	170.0741	0.1686	0.2537	0.0000	6.8000
dPolE	323.330	90.000	99.9946	1.0000	0.0000	6.8000
uR	323.330	90.000	0.0002	1.0000	0.0000	6.8000
E	324.945	90.000	57.1235	340.1445	0.1687	0.2922	0.0000	6.8000
dPolE	324.945	90.000	99.9930	1.0000	0.0000	6.8000
uR	324.945	90.000	0.0003	1.0000	0.0000	6.8000
E	326.560	90.000	66.5669	295.4445	0.1535	0.4404	0.0000	6.8000
dPolE	326.560	90.000	99.9953	1.0000	0.0000	6.8000
uR	326.560	90.000	0.0002	1.0000	0.0000	6.8000
E	328.175	90.000	18.4858	318.4033	0.1603	0.4978	0.0000	6.8000
dPolE	328.175	90.000	99.9925	1.0000	0.0000	6.8000
uR	328.175	90.000	0.0003	1.0000	0.0000	6.8000
E	329.790	90.000	57.2953	99.3720	0.1594	0.3612	0.0000	6.8000
dPolE	329.790	90.000	99.9923	1.0000	0.0000	6.8000
uR	329.790	90.000	0.0003	1.0000	0.0000	6.8000
E	331.406	90.000	5.0382	216.1008	0.1481	1.5729	0.0000	6.8000
dPolE	331.406	90.000	99.9843	1.0000	0.0000	6.8000
uR	331.406	90.000	0.0004	1.0000	0.0000	6.8000
E	333.021	90.000	24.4143	20.6497	0.1638	0.3626	0.0000	6.8000
dPolE	333.021	90.000	99.9967	1.0000	0.0000	6.8000
uR	333.021	90.000	0.0002	1.0000	0.0000	6.8000
E	334.636	90.000	24.3351	328.7995	0.1398	0.3265	0.0000	6.8000
dPolE	334.636	90.000	99.9875	1.0000	0.0000	6.8000
uR	334.636	90.000	0.0004	1.0000	0.0000	6.8000
E	336.251	90.000	34.6140	174.7138	0.1500	0.2597	0.0000	6.8000
dPolE	336.251	90.000	99.9763	1.0000	0.0000	6.8000
uR	336.251	90.000	0.0004	1.0000	0.0000	6.8000
E	337.867	90.000	16.3300	154.3889	0.1434	0.4659	0.0000	6.8000
dPolE	337.867	90.000	99.9870	1.0000	0.0000	6.8000
uR	337.867	90.000	0.0003	1.0000	0.0000	6.8000
E	339.482	90.000	52.3401	20.3511	0.1503	0.2645	0.0000	6.8000
dPolE	339.482	90.000	99.9973	1.0000	0.0000	6.8000
uR	339.482	90.000	0.0003	1.0000	0.0000	6.8000
E	341.098	90.000	49.8940	308.8955	0.1460	0.2781	0.0000	6.8000
dPolE	341.098	90.000	99.9999	1.0000	0.0000	6.8000
uR	341.098	90.000	0.0005	1.0000	0.0000	6.8000
E	342.713	90.000	47.3517	155.7157	0.1517	0.2636	0.0000	6.8000
dPolE	342.713	90.000	99.9935	1.0000	0.0000	6.8000
uR	342.713	90.000	0.0003	1.0000	0.0000	6.8000
E	344.329	90.000	27.7022	168.2533	0.1473	0.3068	0.0000	6.8000
dPolE	344.329	90.000	99.9789	1.0000	0.0000	6.8000
uR	344.329	90.000	0.0003	1.0000	0.0000	6.8000
E	345.944	90.000	45.1995	214.0339	0.1477	0.2668	0.0000	6.8000
dPolE	345.944	90.000	99.9997	1.0000	0.0000	6.8000
uR	345.944	90.000	0.0003	1.0000	0.0000	6.8000
E	347.560	90.000	19.9884	124.7965	0.1399	0.4402	0.0000	6.8000
dPolE	347.560	90.000	99.9976	1.0000	0.0000	6.8000
uR	347.560	90.000	0.0003	1.0000	0.0000	6.8000
E	349.175	90.000	41.9446	75.8060	0.1421	0.2839	0.0000	6.8000
dPolE	349.175	90.000	99.9957	1.0000	0.0000	6.8000
uR	349.175	90.000	0.0004	1.0000	0.0000	6.8000
E	350.791	90.000	61.4329	260.1142	0.1380	0.3389	0.0000	6.8000
dPolE	350.791	90.000	99.9987	1.0000	0.0000	6.8000
uR	350.791	90.000	0.0002	1.0000	0.0000	6.8000
E	352.406	90.000	70.9355	106.3527	0.1373	0.4711	0.0000	6.8000
dPolE	352.406	90.000	99.9849	1.0000	0.0000	6.8000
uR	352.406	90.000	0.0004	1.0000	0.0000	6.8000
E	354.022	90.000	51.5516	42.4124	0.1473	0.2847	0.0000	6.8000
dPolE	354.022	90.000	99.9984	1.0000	0.0000	6.8000
uR	354.022	90.000	0.0003	1.0000	0.0000	6.8000
E	355.638	90.000	36.4744	81.5274	0.1405	0.2960	0.0000	6.8000
dPolE	355.638	90.000	99.9890	1.0000	0.0000	6.8000
uR	355.638	90.000	0.0005	1.0000	0.0000	6.8000
E	357.253	90.000	47.3388	121.9809	0.1388	0.2711	0.0000	6.8000
dPolE	357.253	90.000	99.9977	1.0000	0.0000	6.8000
uR	357.253	90.000	0.0002	1.0000	0.0000	6.8000
E	358.869	90.000	65.1776	352.8774	0.1352	0.3235	0.0000	6.8000
dPolE	358.869	90.000	99.9737	1.0000	0.0000	6.8000
uR	358.869	90.000	0.0004	1.0000	0.0000	6.8000
E	360.485	90.000	44.4268	23.8181	0.1431	0.2654	0.0000	6.8000
dPolE	360.485	90.000	99.9948	1.0000	0.0000	6.8000
uR	360.485	90.000	0.0002	1.0000	0.0000	6.8000
E	362.100	90.000	45.7992	341.5127	0.1396	0.2560	0.0000	6.8000
dPolE	362.100	90.000	99.9890	1.0000	0.0000	6.8000
uR	362.100	90.000	0.0004	1.0000	0.0000	6.8000
E	363.716	90.000	20.7143	81.9678	0.1351	0.4288	0.0000	6.8000
dPolE	363.716	90.000	99.9977	1.0000	0.0000	6.8000
uR	363.716	90.000	0.0004	1.0000	0.0000	6.8000
E	365.332	90.000	45.5092	24.3929	0.1386	0.2584	0.0000	6.8000
dPolE	365.332	90.000	99.9931	1.0000	0.0000	6.8000
uR	365.332	90.000	0.0004	1.0000	0.0000	6.8000
E	366.948	90.000	26.0523	191.8721	0.1266	0.2976	0.0000	6.8000
dPolE	366.948	90.000	99.9921	1.0000	0.0000	6.8000
uR	366.948	90.000	0.0003	1.0000	0.0000	6.8000
E	368.563	90.000	65.0023	9.9411	0.1370	0.3305	0.0000	6.8000
dPolE	368.563	90.000	99.9865	1.0000	0.0000	6.8000
uR	368.563	90.000	0.0002	1.0000	0.0000	6.8000
E	370.179	90.000	46.0550	325.4756	0.1252	0.2364	0.0000	6.8000
dPolE	370.179	90.000	99.9915	1.0000	0.0000	6.8000
uR	370.179	90.000	0.0004	1.0000	0.0000	6.8000
E	371.795	90.000	57.6785	256.2394	0.1292	0.2887	0.0000	6.8000
dPolE	371.795	90.000	99.9985	1.0000	0.0000	6.8000
uR	371.795	90.000	0.0003	1.0000	0.0000	6.8000
E	373.411	90.000	6.6398	143.8338	0.1182	1.0046	0.0000	6.8000
dPolE	373.411	90.000	99.9965	1.0000	0.0000	6.8000
uR	373.411	90.000	0.0003	1.0000	0.0000	6.8000
E	375.027	90.000	43.4153	244.6492	0.1222	0.2423	0.0000	6.8000
dPolE	375.027	90.000	99.9990	1.0000	0.0000	6.8000
uR	375.027	90.000	0.0004	1.0000	0.0000	6.8000
E	376.643	90.000	50.2626	322.8206	0.1362	0.2668	0.0000	6.8000
dPolE	376.643	90.000	99.9766	1.0000	0.0000	6.8000
uR	376.643	90.000	0.0006	1.0000	0.0000	6.8000
E	378.258	90.000	39.6473	176.4277	0.1253	0.2384	0.0000	6.8000
dPolE	378.258	90.000	99.9916	1.0000	0.0000	6.8000
uR	378.258	90.000	0.0003	1.0000	0.0000	6.8000
E	379.874	90.000	39.4611	198.7673	0.1249	0.2398	0.0000	6.8000
dPolE	379.874	90.000	99.9865	1.0000	0.0000	6.8000
uR	379.874	90.000	0.0004	1.0000	0.0000	6.8000
E	381.490	90.000	57.9130	140.3774	0.1191	0.2568	0.0000	6.8000
dPolE	381.490	90.000	99.9893	1.0000	0.0000	6.8000
uR	381.490	90.000	0.0003	1.0000	0.0000	6.8000
E	383.106	90.000	21.6905	85.3843	0.1290	0.3856	0.0000	6.8000
dPolE	383.106	90.000	99.9995	1.0000	0.0000	6.8000
uR	383.106	90.000	0.0004	1.0000	0.0000	6.8000
E	384.722	90.000	32.6065	195.3819	0.1268	0.2664	0.0000	6.8000
dPolE	384.722	90.000	99.9983	1.0000	0.0000	6.8000
uR	384.722	90.000	0.0002	1.0000	0.0000	6.8000
E	386.338	90.000	36.3520	18.9248	0.1231	0.2450	0.0000	6.8000
dPolE	386.338	90.000	99.9870	1.0000	0.0000	6.8000
uR	386.338	90.000	0.0004	1.0000	0.0000	6.8000
E	387.954	90.000	57.2517	146.1077	0.1247	0.2633	0.0000	6.8000
dPolE	387.954	90.000	99.9987	1.0000	0.0000	6.8000
uR	387.954	90.000	0.0002	1.0000	0.0000	6.8000
E	389.570	90.000	30.0310	332.7970	0.1113	0.2457	0.0000	6.8000
dPolE	389.570	90.000	99.9874	1.0000	0.0000	6.8000
uR	389.570	90.000	0.0003	1.0000	0.0000	6.8000
E	391.186	90.000	11.3371	40.2794	0.1138	0.5834	0.0000	6.8000
dPolE	391.186	90.000	99.9860	1.0000	0.0000	6.8000
uR	391.186	90.000	0.0003	1.0000	0.0000	6.8000
E	392.802	90.000	33.8954	19.4311	0.1187	0.2459	0.0000	6.8000
dPolE	392.802	90.000	99.9949	1.0000	0.0000	6.8000
uR	392.802	90.000	0.0003	1.0000	0.0000	6.8000
E	394.418	90.000	2.4098	82.3592	0.1241	3.1033	0.0000	6.8000
dPolE	394.418	90.000	99.9999	1.0000	0.0000	6.8000
uR	394.418	90.000	0.0002	1.0000	0.0000	6.8000
E	396.034	90.000	61.9105	13.3402	0.1240	0.2824	0.0000	6.8000
dPolE	396.034	90.000	99.9833	1.0000	0.0000	6.8000
uR	396.034	90.000	0.0004	1.0000	0.0000	6.8000
E	397.650	90.000	52.7890	37.9127	0.1188	0.2376	0.0000	6.8000
dPolE	397.650	90.000	99.9882	1.0000	0.0000	6.8000
uR	397.650	90.000	0.0002	1.0000	0.0000	6.8000
E	399.266	90.000	76.9620	334.5125	0.1257	0.5485	0.0000	6.8000
dPolE	399.266	90.000	99.9955	1.0000	0.0000	6.8000
uR	399.266	90.000	0.0002	1.0000	0.0000	6.8000
E	400.882	90.000	41.2650	31.7411	0.1181	0.2291	0.0000	6.8000
dPolE	400.882	90.000	99.9953	1.0000	0.0000	6.8000
uR	400.882	90.000	0.0002	1.0000	0.0000	6.8000
E	402.498	90.000	54.3622	45.0112	0.1270	0.2623	0.0000	6.8000
dPolE	402.498	90.000	99.9531	1.0000	0.0000	6.8000
uR	402.498	90.000	0.0005	1.0000	0.0000	6.8000
E	404.114	90.000	68.3009	32.6348	0.1236	0.3493	0.0000	6.8000
dPolE	404.114	90.000	99.9476	1.0000	0.0000	6.8000
uR	404.114	90.000	0.0005	1.0000	0.0000	6.8000
E	405.730	90.000	35.7230	30.2822	0.1215	0.2449	0.0000	6.8000
dPolE	405.730	90.000	99.9723	1.0000	0.0000	6.8000
uR	405.730	90.000	0.0004	1.0000	0.0000	6.8000
E	407.346	90.000	36.6383	38.4598	0.1190	0.2389	0.0000	6.8000
dPolE	407.346	90.000	99.9132	1.0000	0.0000	6.8000
uR	407.346	90.000	0.0006	1.0000	0.0000	6.8000
E	408.962	90.000	44.5382	27.0322	0.1183	0.2239	0.0000	6.8000
dPolE	408.962	90.000	99.8489	1.0000	0.0000	6.8000
uR	408.962	90.000	0.0008	1.0000	0.0000	6.8000
E	410.578	90.000	53.6994	29.5950	0.1224	0.2447	0.0000	6.8000
dPolE	410.578	90.000	99.8139	1.0000	0.0000	6.8000
uR	410.578	90.000	0.0008	1.0000	0.0000	6.8000
E	412.194	90.000	48.6244	29.1140	0.1129	0.2176	0.0000	6.8000
dPolE	412.194	90.000	99.8000	1.0000	0.0000	6.8000
uR	412.194	90.000	0.0009	1.0000	0.0000	6.8000
E	413.810	90.000	41.5992	32.2352	0.1181	0.2279	0.0000	6.8000
dPolE	413.810	90.000	99.7692	1.0000	0.0000	6.8000
uR	413.810	90.000	0.0010	1.0000	0.0000	6.8000
E	415.426	90.000	46.0297	20.1135	0.1183	0.2227	0.0000	6.8000
dPolE	415.426	90.000	99.6348	1.0000	0.0000	6.8000
uR	415.426	90.000	0.0011	1.0000	0.0000	6.8000
E	417.042	90.000	47.0419	27.9816	0.1236	0.2329	0.0000	6.8000
dPolE	417.042	90.000	99.5309	1.0000	0.0000	6.8000
uR	417.042	90.000	0.0012	1.0000	0.0000	6.8000
E	418.658	90.000	45.8243	28.8693	0.1190	0.2231	0.0000	6.8000
dPolE	418.658	90.000	99.3505	1.0000	0.0000	6.8000
uR	418.658	90.000	0.0015	1.0000	0.0000	6.8000
E	420.274	90.000	45.4887	29.4778	0.1183	0.2221	0.0000	6.8000
dPolE	420.274	90.000	99.2812	1.0000	0.0000	6.8000
uR	420.274	90.000	0.0015	1.0000	0.0000	6.8000
E	421.890	90.000	45.8778	29.1683	0.1134	0.2137	0.0000	6.8000
dPolE	421.890	90.000	98.9796	1.0000	0.0000	6.8000
uR	421.890	90.000	0.0020	1.0000	0.0000	6.8000
E	423.506	90.000	43.9108	26.1148	0.1114	0.2096	0.0000	6.8000
dPolE	423.506	90.000	99.0901	1.0000	0.0000	6.8000
uR	423.506	90.000	0.0019	1.0000	0.0000	6.8000
E	425.122	90.000	43.0446	28.3637	0.1120	0.2110	0.0000	6.8000
dPolE	425.122	90.000	98.8747	1.0000	0.0000	6.8000
uR	425.122	90.000	0.0022	1.0000	0.0000	6.8000
E	426.738	90.000	45.4372	26.9110	0.1132	0.2109	0.0000	6.8000
dPolE	426.738	90.000	98.5436	1.0000	0.0000	6.8000
uR	426.738	90.000	0.0024	1.0000	0.0000	6.8000
E	428.355	90.000	43.5880	27.1985	0.1131	0.2090	0.0000	6.8000
dPolE	428.355	90.000	98.5804	1.0000	0.0000	6.8000
uR	428.355	90.000	0.0025	1.0000	0.0000	6.8000
E	429.971	90.000	43.8133	26.1688	0.1085	0.1990	0.0000	6.8000
dPolE	429.971	90.000	98.1786	1.0000	0.0000	6.8000
uR	429.971	90.000	0.0028	1.0000	0.0000	6.8000
E	431.587	90.000	44.4780	28.8001	0.1114	0.2052	0.0000	6.8000
dPolE	431.587	90.000	97.9010	1.0000	0.0000	6.8000
uR	431.587	90.000	0.0030	1.0000	0.0000	6.8000
E	433.203	90.000	46.0096	28.3774	0.1041	0.1921	0.0000	6.8000
dPolE	433.203	90.000	98.0748	1.0000	0.0000	6.8000
uR	433.203	90.000	0.0030	1.0000	0.0000	6.8000
E	434.819	90.000	44.1484	26.2128	0.1030	0.1900	0.0000	6.8000
dPolE	434.819	90.000	97.7364	1.0000	0.0000	6.8000
uR	434.819	90.000	0.0033	1.0000	0.0000	6.8000
E	436.435	90.000	44.6900	23.9474	0.1099	0.2013	0.0000	6.8000
dPolE	436.435	90.000	97.2382	1.0000	0.0000	6.8000
uR	436.435	90.000	0.0035	1.0000	0.0000	6.8000
E	438.051	90.000	44.3511	23.4895	0.1107	0.2012	0.0000	6.8000
dPolE	438.051	90.000	96.8009	1.0000	0.0000	6.8000
uR	438.051	90.000	0.0036	1.0000	0.0000	6.8000
E	439.667	90.000	44.8773	25.8640	0.1065	0.1925	0.0000	6.8000
dPolE	439.667	90.000	96.6201	1.0000	0.0000	6.8000
uR	439.667	90.000	0.0037	1.0000	0.0000	6.8000
E	441.283	90.000	45.9593	25.6879	0.1102	0.1979	0.0000	6.8000
dPolE	441.283	90.000	95.9037	1.0000	0.0000	6.8000
uR	441.283	90.000	0.0040	1.0000	0.0000	6.8000
E	442.899	90.000	44.9336	24.8865	0.1085	0.1935	0.0000	6.8000
dPolE	442.899	90.000	95.7954	1.0000	0.0000	6.8000
uR	442.899	90.000	0.0042	1.0000	0.0000	6.8000
E	444.515	90.000	45.2849	22.0528	0.1042	0.1850	0.0000	6.8000
dPolE	444.515	90.000	95.4228	1.0000	0.0000	6.8000
uR	444.515	90.000	0.0044	1.0000	0.0000	6.8000
E	446.131	90.000	44.2734	22.4718	0.1069	0.1906	0.0000	6.8000
dPolE	446.131	90.000	95.8627	1.0000	0.0000	6.8000
uR	446.131	90.000	0.0044	1.0000	0.0000	6.8000
E	447.747	90.000	44.2058	23.4630	0.1086	0.1942	0.0000	6.8000
dPolE	447.747	90.000	95.3722	1.0000	0.0000	6.8000
uR	447.747	90.000	0.0045	1.0000	0.0000	6.8000
E	449.363	90.000	44.5762	22.8109	0.1034	0.1837	0.0000	6.8000
dPolE	449.363	90.000	94.8040	1.0000	0.0000	6.8000
uR	449.363	90.000	0.0046	1.0000	0.0000	6.8000
E	450.979	90.000	44.8203	21.4432	0.1050	0.1844	0.0000	6.8000
dPolE	450.979	90.000	93.4394	1.0000	0.0000	6.8000
uR	450.979	90.000	0.0048	1.0000	0.0000	6.8000
E	452.594	90.000	43.9244	22.1336	0.1074	0.1873	0.0000	6.8000
dPolE	452.594	90.000	93.5567	1.0000	0.0000	6.8000
uR	452.594	90.000	0.0047	1.0000	0.0000	6.8000
E	454.210	90.000	45.0548	21.1234	0.1058	0.1823	0.0000	6.8000
dPolE	454.210	90.000	93.3910	1.0000	0.0000	6.8000
uR	454.210	90.000	0.0052	1.0000	0.0000	6.8000
E	455.826	90.000	44.1910	20.6843	0.1045	0.1793	0.0000	6.8000
dPolE	455.826	90.000	93.0319	1.0000	0.0000	6.8000
uR	455.826	90.000	0.0052	1.0000	0.0000	6.8000
E	457.442	90.000	44.9839	21.5703	0.1072	0.1846	0.0000	6.8000
dPolE	457.442	90.000	92.2100	1.0000	0.0000	6.8000
uR	457.442	90.000	0.0055	1.0000	0.0000	6.8000
E	459.058	90.000	45.1769	20.5901	0.1017	0.1750	0.0000	6.8000
dPolE	459.058	90.000	91.8047	1.0000	0.0000	6.8000
uR	459.058	90.000	0.0055	1.0000	0.0000	6.8000
E	460.674	90.000	44.1209	21.3540	0.1044	0.1803	0.0000	6.8000
dPolE	460.674	90.000	90.9081	1.0000	0.0000	6.8000
uR	460.674	90.000	0.0057	1.0000	0.0000	6.8000
E	462.290	90.000	44.3886	19.8121	0.0964	0.1651	0.0000	6.8000
dPolE	462.290	90.000	90.5409	1.0000	0.0000	6.8000
uR	462.290	90.000	0.0057	1.0000	0.0000	6.8000
E	463.906	90.000	44.6983	18.6068	0.1003	0.1700	0.0000	6.8000
dPolE	463.906	90.000	89.1610	1.0000	0.0000	6.8000
uR	463.906	90.000	0.0060	1.0000	0.0000	6.8000
E	465.521	90.000	45.3800	18.9022	0.0990	0.1662	0.0000	6.8000
dPolE	465.521	90.000	87.7936	1.0000	0.0000	6.8000
uR	465.521	90.000	0.0062	1.0000	0.0000	6.8000
E	467.137	90.000	45.4225	17.9901	0.0970	0.1608	0.0000	6.8000
dPolE	467.137	90.000	86.4071	1.0000	0.0000	6.8000
uR	467.137	90.000	0.0063	1.0000	0.0000	6.8000
E	468.753	90.000	45.2857	19.9030	0.0947	0.1569	0.0000	6.8000
dPolE	468.753	90.000	84.2362	1.0000	0.0000	6.8000
uR	468.753	90.000	0.0063	1.0000	0.0000	6.8000
E	470.369	90.000	44.6731	18.4606	0.0975	0.1606	0.0000	6.8000
dPolE	470.369	90.000	85.3405	1.0000	0.0000	6.8000
uR	470.369	90.000	0.0064	1.0000	0.0000	6.8000
E	471.985	90.000	44.9011	18.7681	0.0958	0.1581	0.0000	6.8000
dPolE	471.985	90.000	86.2529	1.0000	0.0000	6.8000
uR	471.985	90.000	0.0067	1.0000	0.0000	6.8000
E	473.600	90.000	44.7984	18.4767	0.0976	0.1613	0.0000	6.8000
dPolE	473.600	90.000	85.4347	1.0000	0.0000	6.8000
uR	473.600	90.000	0.0069	1.0000	0.0000	6.8000
E	475.216	90.000	45.5208	18.7706	0.0996	0.1646	0.0000	6.8000
dPolE	475.216	90.000	87.8320	1.0000	0.0000	6.8000
uR	475.216	90.000	0.0069	1.0000	0.0000	6.8000
E	476.832	90.000	44.7872	18.2113	0.1015	0.1669	0.0000	6.8000
dPolE	476.832	90.000	88.1693	1.0000	0.0000	6.8000
uR	476.832	90.000	0.0072	1.0000	0.0000	6.8000
E	478.448	90.000	45.3501	18.3060	0.1062	0.1731	0.0000	6.8000
dPolE	478.448	90.000	88.2103	1.0000	0.0000	6.8000
uR	478.448	90.000	0.0072	1.0000	0.0000	6.8000
E	480.063	90.000	44.6277	16.5121	0.0999	0.1604	0.0000	6.8000
dPolE	480.063	90.000	87.7906	1.0000	0.0000	6.8000
uR	480.063	90.000	0.0072	1.0000	0.0000	6.8000
E	481.679	90.000	44.6160	17.3929	0.0938	0.1495	0.0000	6.8000
dPolE	481.679	90.000	87.3929	1.0000	0.0000	6.8000
uR	481.679	90.000	0.0074	1.0000	0.0000	6.8000
E	483.294	90.000	44.5736	16.1187	0.0942	0.1485	0.0000	6.8000
dPolE	483.294	90.000	84.6884	1.0000	0.0000	6.8000
uR	483.294	90.000	0.0076	1.0000	0.0000	6.8000
E	484.910	90.000	44.5895	15.5236	0.0973	0.1526	0.0000	6.8000
dPolE	484.910	90.000	85.5563	1.0000	0.0000	6.8000
uR	484.910	90.000	0.0079	1.0000	0.0000	6.8000
E	486.526	90.000	44.8520	16.6449	0.0927	0.1461	0.0000	6.8000
dPolE	486.526	90.000	87.3814	1.0000	0.0000	6.8000
uR	486.526	90.000	0.0078	1.0000	0.0000	6.8000
E	488.141	90.000	44.4937	15.2081	0.1080	0.1698	0.0000	6.8000
dPolE	488.141	90.000	86.4265	1.0000	0.0000	6.8000
uR	488.141	90.000	0.0079	1.0000	0.0000	6.8000
E	489.757	90.000	44.3034	15.5557	0.0956	0.1505	0.0000	6.8000
dPolE	489.757	90.000	86.2335	1.0000	0.0000	6.8000
uR	489.757	90.000	0.0079	1.0000	0.0000	6.8000
E	491.372	90.000	44.7383	15.6907	0.0999	0.1569	0.0000	6.8000
dPolE	491.372	90.000	85.6547	1.0000	0.0000	6.8000
uR	491.372	90.000	0.0078	1.0000	0.0000	6.8000
E	492.988	90.000	45.0085	15.6862	0.0962	0.1501	0.0000	6.8000
dPolE	492.988	90.000	84.4217	1.0000	0.0000	6.8000
uR	492.988	90.000	0.0081	1.0000	0.0000	6.8000
E	494.603	90.000	44.9730	15.5865	0.0983	0.1521	0.0000	6.8000
dPolE	494.603	90.000	84.4157	1.0000	0.0000	6.8000
uR	494.603	90.000	0.0083	1.0000	0.0000	6.8000
E	496.219	90.000	45.3289	15.2343	0.1048	0.1602	0.0000	6.8000
dPolE	496.219	90.000	85.2335	1.0000	0.0000	6.8000
uR	496.219	90.000	0.0084	1.0000	0.0000	6.8000
E	497.834	90.000	44.3096	14.6230	0.1035	0.1566	0.0000	6.8000
dPolE	497.834	90.000	85.4181	1.0000	0.0000	6.8000
uR	497.834	90.000	0.0083	1.0000	0.0000	6.8000
E	499.450	90.000	44.4453	15.7317	0.1096	0.1652	0.0000	6.8000
dPolE	499.450	90.000	84.8998	1.0000	0.0000	6.8000
uR	499.450	90.000	0.0085	1.0000	0.0000	6.8000
E	501.065	90.000	44.9584	14.2135	0.1047	0.1565	0.0000	6.8000
dPolE	501.065	90.000	85.5559	1.0000	0.0000	6.8000
uR	501.065	90.000	0.0085	1.0000	0.0000	6.8000
E	502.680	90.000	44.4329	14.7035	0.1061	0.1588	0.0000	6.8000
dPolE	502.680	90.000	85.8879	1.0000	0.0000	6.8000
uR	502.680	90.000	0.0085	1.0000	0.0000	6.8000
E	504.296	90.000	45.0500	14.6347	0.1005	0.1507	0.0000	6.8000
dPolE	504.296	90.000	84.8995	1.0000	0.0000	6.8000
uR	504.296	90.000	0.0087	1.0000	0.0000	6.8000
E	505.911	90.000	44.5049	14.5267	0.1034	0.1551	0.0000	6.8000
dPolE	505.911	90.000	84.7380	1.0000	0.0000	6.8000
uR	505.911	90.000	0.0088	1.0000	0.0000	6.8000
E	507.526	90.000	44.7444	14.4193	0.1065	0.1595	0.0000	6.8000
dPolE	507.526	90.000	83.5727	1.0000	0.0000	6.8000
uR	507.526	90.000	0.0090	1.0000	0.0000	6.8000
E	509.141	90.000	45.3128	13.2757	0.1071	0.1590	0.0000	6.8000
dPolE	509.141	90.000	83.0735	1.0000	0.0000	6.8000
uR	509.141	90.000	0.0090	1.0000	0.0000	6.8000
E	510.756	90.000	45.1889	13.2918	0.1028	0.1514	0.0000	6.8000
dPolE	510.756	90.000	82.3216	1.0000	0.0000	6.8000
uR	510.756	90.000	0.0094	1.0000	0.0000	6.8000
E	512.372	90.000	44.8829	13.7889	0.1045	0.1526	0.0000	6.8000
dPolE	512.372	90.000	83.4163	1.0000	0.0000	6.8000
uR	512.372	90.000	0.0095	1.0000	0.0000	6.8000
E	513.987	90.000	44.8994	13.2313	0.1084	0.1566	0.0000	6.8000
dPolE	513.987	90.000	83.3279	1.0000	0.0000	6.8000
uR	513.987	90.000	0.0101	1.0000	0.0000	6.8000
E	515.602	90.000	44.5422	12.9425	0.1113	0.1593	0.0000	6.8000
dPolE	515.602	90.000	83.8865	1.0000	0.0000	6.8000
uR	515.602	90.000	0.0103	1.0000	0.0000	6.8000
E	517.217	90.000	44.7162	14.0752	0.1184	0.1694	0.0000	6.8000
dPolE	517.217	90.000	85.1018	1.0000	0.0000	6.8000
uR	517.217	90.000	0.0099	1.0000	0.0000	6.8000
E	518.832	90.000	44.9573	12.5861	0.1152	0.1635	0.0000	6.8000
dPolE	518.832	90.000	85.7841	1.0000	0.0000	6.8000
uR	518.832	90.000	0.0095	1.0000	0.0000	6.8000
E	520.447	90.000	44.4367	12.6541	0.1102	0.1563	0.0000	6.8000
dPolE	520.447	90.000	87.1585	1.0000	0.0000	6.8000
uR	520.447	90.000	0.0089	1.0000	0.0000	6.8000
E	522.062	90.000	44.9027	12.1605	0.1125	0.1595	0.0000	6.8000
dPolE	522.062	90.000	85.0277	1.0000	0.0000	6.8000
uR	522.062	90.000	0.0089	1.0000	0.0000	6.8000
E	523.677	90.000	44.8034	12.9493	0.1121	0.1594	0.0000	6.8000
dPolE	523.677	90.000	83.0788	1.0000	0.0000	6.8000
uR	523.677	90.000	0.0092	1.0000	0.0000	6.8000
E	525.292	90.000	44.6637	12.1477	0.1089	0.1541	0.0000	6.8000
dPolE	525.292	90.000	82.7410	1.0000	0.0000	6.8000
uR	525.292	90.000	0.0094	1.0000	0.0000	6.8000
E	526.907	90.000	45.1720	13.1696	0.1095	0.1549	0.0000	6.8000
dPolE	526.907	90.000	81.5681	1.0000	0.0000	6.8000
uR	526.907	90.000	0.0095	1.0000	0.0000	6.8000
E	528.521	90.000	44.9684	12.1791	0.1079	0.1511	0.0000	6.8000
dPolE	528.521	90.000	82.4858	1.0000	0.0000	6.8000
uR	528.521	90.000	0.0096	1.0000	0.0000	6.8000
E	530.136	90.000	44.7096	11.8522	0.1091	0.1510	0.0000	6.8000
dPolE	530.136	90.000	81.5346	1.0000	0.0000	6.8000
uR	530.136	90.000	0.0096	1.0000	0.0000	6.8000
E	531.751	90.000	44.8898	11.0589	0.1079	0.1476	0.0000	6.8000
dPolE	531.751	90.000	82.0468	1.0000	0.0000	6.8000
uR	531.751	90.000	0.0099	1.0000	0.0000	6.8000
E	533.366	90.000	44.7911	11.8810	0.1124	0.1530	0.0000	6.8000
dPolE	533.366	90.000	81.5927	1.0000	0.0000	6.8000
uR	533.366	90.000	0.0100	1.0000	0.0000	6.8000
E	534.980	90.000	45.1068	11.3966	0.1124	0.1518	0.0000	6.8000
dPolE	534.980	90.000	79.9449	1.0000	0.0000	6.8000
uR	534.980	90.000	0.0101	1.0000	0.0000	6.8000
E	536.595	90.000	45.4055	12.3583	0.1129	0.1525	0.0000	6.8000
dPolE	536.595	90.000	81.4060	1.0000	0.0000	6.8000
uR	536.595	90.000	0.0099	1.0000	0.0000	6.8000
E	538.210	90.000	45.0158	11.5375	0.1085	0.1458	0.0000	6.8000
dPolE	538.210	90.000	81.6506	1.0000	0.0000	6.8000
uR	538.210	90.000	0.0102	1.0000	0.0000	6.8000
E	539.824	90.000	44.7590	10.9549	0.1133	0.1519	0.0000	6.8000
dPolE	539.824	90.000	79.7708	1.0000	0.0000	6.8000
uR	539.824	90.000	0.0103	1.0000	0.0000	6.8000
E	541.439	90.000	44.7451	11.0590	0.1156	0.1553	0.0000	6.8000
dPolE	541.439	90.000	80.4385	1.0000	0.0000	6.8000
uR	541.439	90.000	0.0101	1.0000	0.0000	6.8000
E	543.053	90.000	44.7263	10.5001	0.1107	0.1483	0.0000	6.8000
dPolE	543.053	90.000	80.2532	1.0000	0.0000	6.8000
uR	543.053	90.000	0.0104	1.0000	0.0000	6.8000
E	544.668	90.000	45.1140	11.1295	0.1146	0.1537	0.0000	6.8000
dPolE	544.668	90.000	79.4224	1.0000	0.0000	6.8000
uR	544.668	90.000	0.0103	1.0000	0.0000	6.8000
E	546.282	90.000	44.9420	10.6695	0.1160	0.1545	0.0000	6.8000
dPolE	546.282	90.000	80.7032	1.0000	0.0000	6.8000
uR	546.282	90.000	0.0103	1.0000	0.0000	6.8000
E	547.896	90.000	44.6859	10.7142	0.1174	0.1552	0.0000	6.8000
dPolE	547.896	90.000	79.3045	1.0000	0.0000	6.8000
uR	547.896	90.000	0.0104	1.0000	0.0000	6.8000
E	549.511	90.000	45.5631	10.2957	0.1125	0.1474	0.0000	6.8000
dPolE	549.511	90.000	78.9472	1.0000	0.0000	6.8000
uR	549.511	90.000	0.0105	1.0000	0.0000	6.8000
E	551.125	90.000	44.9157	10.5791	0.1120	0.1454	0.0000	6.8000
dPolE	551.125	90.000	79.3951	1.0000	0.0000	6.8000
uR	551.125	90.000	0.0105	1.0000	0.0000	6.8000
E	552.739	90.000	44.6153	10.2050	0.1135	0.1459	0.0000	6.8000
dPolE	552.739	90.000	77.7909	1.0000	0.0000	6.8000
uR	552.739	90.000	0.0108	1.0000	0.0000	6.8000
E	554.353	90.000	44.4501	10.1473	0.1073	0.1372	0.0000	6.8000
dPolE	554.353	90.000	78.9005	1.0000	0.0000	6.8000
uR	554.353	90.000	0.0107	1.0000	0.0000	6.8000
E	555.968	90.000	44.5938	10.4262	0.1161	0.1479	0.0000	6.8000
dPolE	555.968	90.000	78.0272	1.0000	0.0000	6.8000
uR	555.968	90.000	0.0104	1.0000	0.0000	6.8000
E	557.582	90.000	44.9827	9.8314	0.1216	0.1540	0.0000	6.8000
dPolE	557.582	90.000	77.9300	1.0000	0.0000	6.8000
uR	557.582	90.000	0.0103	1.0000	0.0000	6.8000
E	559.196	90.000	44.7228	10.2781	0.1148	0.1455	0.0000	6.8000
dPolE	559.196	90.000	78.0778	1.0000	0.0000	6.8000
uR	559.196	90.000	0.0104	1.0000	0.0000	6.8000
E	560.810	90.000	44.6407	10.1985	0.1098	0.1391	0.0000	6.8000
dPolE	560.810	90.000	78.6910	1.0000	0.0000	6.8000
uR	560.810	90.000	0.0107	1.0000	0.0000	6.8000
E	562.424	90.000	44.8401	9.4722	0.1182	0.1495	0.0000	6.8000
dPolE	562.424	90.000	76.7067	1.0000	0.0000	6.8000
uR	562.424	90.000	0.0108	1.0000	0.0000	6.8000
E	564.038	90.000	44.9038	10.2643	0.1223	0.1550	0.0000	6.8000
dPolE	564.038	90.000	77.1338	1.0000	0.0000	6.8000
uR	564.038	90.000	0.0104	1.0000	0.0000	6.8000
E	565.651	90.000	45.2597	10.5618	0.1182	0.1499	0.0000	6.8000
dPolE	565.651	90.000	79.7004	1.0000	0.0000	6.8000
uR	565.651	90.000	0.0103	1.0000	0.0000	6.8000
E	567.265	90.000	45.3913	9.7738	0.1214	0.1527	0.0000	6.8000
dPolE	567.265	90.000	75.5214	1.0000	0.0000	6.8000
uR	567.265	90.000	0.0109	1.0000	0.0000	6.8000
E	568.879	90.000	44.4526	9.3857	0.1190	0.1485	0.0000	6.8000
dPolE	568.879	90.000	76.3653	1.0000	0.0000	6.8000
uR	568.879	90.000	0.0109	1.0000	0.0000	6.8000
E	570.493	90.000	45.2814	8.7966	0.1170	0.1445	0.0000	6.8000
dPolE	570.493	90.000	74.6783	1.0000	0.0000	6.8000
uR	570.493	90.000	0.0109	1.0000	0.0000	6.8000
E	572.106	90.000	44.5718	9.3271	0.1237	0.1520	0.0000	6.8000
dPolE	572.106	90.000	74.5344	1.0000	0.0000	6.8000
uR	572.106	90.000	0.0107	1.0000	0.0000	6.8000
E	573.720	90.000	44.5990	9.6064	0.1238	0.1511	0.0000	6.8000
dPolE	573.720	90.000	74.5996	1.0000	0.0000	6.8000
uR	573.720	90.000	0.0105	1.0000	0.0000	6.8000
E	575.333	90.000	44.4656	9.1193	0.1190	0.1436	0.0000	6.8000
dPolE	575.333	90.000	74.2648	1.0000	0.0000	6.8000
uR	575.333	90.000	0.0110	1.0000	0.0000	6.8000
E	576.947	90.000	44.9644	9.0398	0.1167	0.1400	0.0000	6.8000
dPolE	576.947	90.000	75.2652	1.0000	0.0000	6.8000
uR	576.947	90.000	0.0111	1.0000	0.0000	6.8000
E	578.560	90.000	44.9630	8.8144	0.1194	0.1426	0.0000	6.8000
dPolE	578.560	90.000	75.6136	1.0000	0.0000	6.8000
uR	578.560	90.000	0.0108	1.0000	0.0000	6.8000
E	580.174	90.000	45.2115	8.7095	0.1206	0.1436	0.0000	6.8000
dPolE	580.174	90.000	74.2609	1.0000	0.0000	6.8000
uR	580.174	90.000	0.0110	1.0000	0.0000	6.8000
E	581.787	90.000	44.4538	9.1940	0.1262	0.1506	0.0000	6.8000
dPolE	581.787	90.000	74.6307	1.0000	0.0000	6.8000
uR	581.787	90.000	0.0111	1.0000	0.0000	6.8000
E	583.400	90.000	45.0008	9.1520	0.1191	0.1419	0.0000	6.8000
dPolE	583.400	90.000	74.9276	1.0000	0.0000	6.8000
uR	583.400	90.000	0.0109	1.0000	0.0000	6.8000
E	585.014	90.000	44.1406	8.9415	0.1207	0.1439	0.0000	6.8000
dPolE	585.014	90.000	73.6170	1.0000	0.0000	6.8000
uR	585.014	90.000	0.0112	1.0000	0.0000	6.8000
E	586.627	90.000	45.5370	8.4255	0.1195	0.1420	0.0000	6.8000
dPolE	586.627	90.000	73.9785	1.0000	0.0000	6.8000
uR	586.627	90.000	0.0109	1.0000	0.0000	6.8000
E	588.240	90.000	44.8534	8.8485	0.1206	0.1432	0.0000	6.8000
dPolE	588.240	90.000	74.3314	1.0000	0.0000	6.8000
uR	588.240	90.000	0.0111	1.0000	0.0000	6.8000
E	589.853	90.000	45.3147	8.1081	0.1240	0.1463	0.0000	6.8000
dPolE	589.853	90.000	71.8185	1.0000	0.0000	6.8000
uR	589.853	90.000	0.0113	1.0000	0.0000	6.8000
E	591.466	90.000	45.2320	8.6283	0.1248	0.1467	0.0000	6.8000
dPolE	591.466	90.000	74.1878	1.0000	0.0000	6.8000
uR	591.466	90.000	0.0109	1.0000	0.0000	6.8000
E	593.079	90.000	45.3537	8.4408	0.1279	0.1494	0.0000	6.8000
dPolE	593.079	90.000	72.6731	1.0000	0.0000	6.8000
uR	593.079	90.000	0.0112	1.0000	0.0000	6.8000
E	594.692	90.000	44.7694	8.3986	0.1272	0.1473	0.0000	6.8000
dPolE	594.692	90.000	72.5308	1.0000	0.0000	6.8000
uR	594.692	90.000	0.0112	1.0000	0.0000	6.8000
E	596.305	90.000	45.2618	8.3841	0.1210	0.1391	0.0000	6.8000
dPolE	596.305	90.000	73.2308	1.0000	0.0000	6.8000
uR	596.305	90.000	0.0111	1.0000	0.0000	6.8000
E	597.918	90.000	44.8687	7.9985	0.1244	0.1417	0.0000	6.8000
dPolE	597.918	90.000	76.2378	1.0000	0.0000	6.8000
uR	597.918	90.000	0.0110	1.0000	0.0000	6.8000
E	599.530	90.000	44.9885	8.2763	0.1263	0.1431	0.0000	6.8000
dPolE	599.530	90.000	72.9459	1.0000	0.0000	6.8000
uR	599.530	90.000	0.0114	1.0000	0.0000	6.8000
E	601.143	90.000	44.5408	8.5387	0.1340	0.1515	0.0000	6.8000
dPolE	601.143	90.000	73.0575	1.0000	0.0000	6.8000
uR	601.143	90.000	0.0112	1.0000	0.0000	6.8000
E	602.755	90.000	44.7405	8.0913	0.1305	0.1465	0.0000	6.8000
dPolE	602.755	90.000	72.7359	1.0000	0.0000	6.8000
uR	602.755	90.000	0.0111	1.0000	0.0000	6.8000
E	604.368	90.000	45.4913	7.8352	0.1309	0.1464	0.0000	6.8000
dPolE	604.368	90.000	73.0071	1.0000	0.0000	6.8000
uR	604.368	90.000	0.0112	1.0000	0.0000	6.8000
E	605.981	90.000	45.4510	7.9415	0.1305	0.1460	0.0000	6.8000
dPolE	605.981	90.000	72.4197	1.0000	0.0000	6.8000
uR	605.981	90.000	0.0114	1.0000	0.0000	6.8000
E	607.593	90.000	45.1850	8.0384	0.1295	0.1449	0.0000	6.8000
dPolE	607.593	90.000	71.4355	1.0000	0.0000	6.8000
uR	607.593	90.000	0.0114	1.0000	0.0000	6.8000
E	609.205	90.000	44.9326	7.9786	0.1371	0.1533	0.0000	6.8000
dPolE	609.205	90.000	71.5690	1.0000	0.0000	6.8000
uR	609.205	90.000	0.0111	1.0000	0.0000	6.8000
E	610.818	90.000	45.4744	8.1614	0.1242	0.1390	0.0000	6.8000
dPolE	610.818	90.000	75.6909	1.0000	0.0000	6.8000
uR	610.818	90.000	0.0109	1.0000	0.0000	6.8000
E	612.430	90.000	44.6434	7.6581	0.1296	0.1444	0.0000	6.8000
dPolE	612.430	90.000	72.7228	1.0000	0.0000	6.8000
uR	612.430	90.000	0.0111	1.0000	0.0000	6.8000
E	614.042	90.000	45.0038	7.9993	0.1324	0.1474	0.0000	6.8000
dPolE	614.042	90.000	73.0478	1.0000	0.0000	6.8000
uR	614.042	90.000	0.0114	1.0000	0.0000	6.8000
E	615.654	90.000	45.1260	7.5294	0.1370	0.1514	0.0000	6.8000
dPolE	615.654	90.000	69.4178	1.0000	0.0000	6.8000
uR	615.654	90.000	0.0113	1.0000	0.0000	6.8000
E	617.266	90.000	44.8550	7.3188	0.1262	0.1386	0.0000	6.8000
dPolE	617.266	90.000	71.9796	1.0000	0.0000	6.8000
uR	617.266	90.000	0.0113	1.0000	0.0000	6.8000
E	618.878	90.000	45.1097	7.2015	0.1263	0.1379	0.0000	6.8000
dPolE	618.878	90.000	71.5283	1.0000	0.0000	6.8000
uR	618.878	90.000	0.0114	1.0000	0.0000	6.8000
E	620.490	90.000	44.7695	7.6844	0.1344	0.1461	0.0000	6.8000
dPolE	620.490	90.000	69.5613	1.0000	0.0000	6.8000
uR	620.490	90.000	0.0114	1.0000	0.0000	6.8000
E	622.102	90.000	44.8348	7.3489	0.1292	0.1392	0.0000	6.8000
dPolE	622.102	90.000	69.8727	1.0000	0.0000	6.8000
uR	622.102	90.000	0.0112	1.0000	0.0000	6.8000
E	623.714	90.000	44.9601	7.8946	0.1335	0.1433	0.0000	6.8000
dPolE	623.714	90.000	68.6613	1.0000	0.0000	6.8000
uR	623.714	90.000	0.0115	1.0000	0.0000	6.8000
E	625.325	90.000	45.0929	6.7321	0.1315	0.1393	0.0000	6.8000
dPolE	625.325	90.000	71.1853	1.0000	0.0000	6.8000
uR	625.325	90.000	0.0115	1.0000	0.0000	6.8000
E	626.937	90.000	44.9198	7.2952	0.1352	0.1430	0.0000	6.8000
dPolE	626.937	90.000	67.3763	1.0000	0.0000	6.8000
uR	626.937	90.000	0.0115	1.0000	0.0000	6.8000
E	628.548	90.000	44.9554	7.3495	0.1401	0.1477	0.0000	6.8000
dPolE	628.548	90.000	70.0841	1.0000	0.0000	6.8000
uR	628.548	90.000	0.0112	1.0000	0.0000	6.8000
E	630.160	90.000	45.2096	7.4165	0.1400	0.1472	0.0000	6.8000
dPolE	630.160	90.000	68.5921	1.0000	0.0000	6.8000
uR	630.160	90.000	0.0113	1.0000	0.0000	6.8000
E	631.771	90.000	45.0998	7.2764	0.1445	0.1517	0.0000	6.8000
dPolE	631.771	90.000	68.9180	1.0000	0.0000	6.8000
uR	631.771	90.000	0.0114	1.0000	0.0000	6.8000
E	633.383	90.000	45.0145	7.0163	0.1389	0.1455	0.0000	6.8000
dPolE	633.383	90.000	69.4304	1.0000	0.0000	6.8000
uR	633.383	90.000	0.0116	1.0000	0.0000	6.8000
E	634.994	90.000	44.8036	6.8486	0.1477	0.1544	0.0000	6.8000
dPolE	634.994	90.000	66.0048	1.0000	0.0000	6.8000
uR	634.994	90.000	0.0117	1.0000	0.0000	6.8000
E	636.605	90.000	44.3298	7.4121	0.1431	0.1502	0.0000	6.8000
dPolE	636.605	90.000	72.2184	1.0000	0.0000	6.8000
uR	636.605	90.000	0.0111	1.0000	0.0000	6.8000
E	638.216	90.000	45.1243	6.2590	0.1453	0.1514	0.0000	6.8000
dPolE	638.216	90.000	71.0812	1.0000	0.0000	6.8000
uR	638.216	90.000	0.0113	1.0000	0.0000	6.8000
E	639.827	90.000	44.2939	6.1907	0.1482	0.1542	0.0000	6.8000
dPolE	639.827	90.000	71.8858	1.0000	0.0000	6.8000
uR	639.827	90.000	0.0112	1.0000	0.0000	6.8000
E	641.438	90.000	44.4652	7.1112	0.1397	0.1456	0.0000	6.8000
dPolE	641.438	90.000	72.8418	1.0000	0.0000	6.8000
uR	641.438	90.000	0.0112	1.0000	0.0000	6.8000
E	643.049	90.000	44.5164	6.9172	0.1531	0.1588	0.0000	6.8000
dPolE	643.049	90.000	68.0886	1.0000	0.0000	6.8000
uR	643.049	90.000	0.0114	1.0000	0.0000	6.8000
E	644.660	90.000	45.2918	6.4215	0.1458	0.1501	0.0000	6.8000
dPolE	644.660	90.000	69.1263	1.0000	0.0000	6.8000
uR	644.660	90.000	0.0112	1.0000	0.0000	6.8000
E	646.271	90.000	45.3137	6.8295	0.1524	0.1563	0.0000	6.8000
dPolE	646.271	90.000	71.0098	1.0000	0.0000	6.8000
uR	646.271	90.000	0.0112	1.0000	0.0000	6.8000
E	647.881	90.000	44.3590	6.9117	0.1481	0.1512	0.0000	6.8000
dPolE	647.881	90.000	68.5631	1.0000	0.0000	6.8000
uR	647.881	90.000	0.0112	1.0000	0.0000	6.8000
E	649.492	90.000	45.1988	6.9462	0.1538	0.1559	0.0000	6.8000
dPolE	649.492	90.000	67.3693	1.0000	0.0000	6.8000
uR	649.492	90.000	0.0112	1.0000	0.0000	6.8000
E	651.103	90.000	44.5800	6.4680	0.1524	0.1529	0.0000	6.8000
dPolE	651.103	90.000	67.6251	1.0000	0.0000	6.8000
uR	651.103	90.000	0.0113	1.0000	0.0000	6.8000
E	652.713	90.000	45.1274	6.3378	0.1551	0.1547	0.0000	6.8000
dPolE	652.713	90.000	68.7416	1.0000	0.0000	6.8000
uR	652.713	90.000	0.0114	1.0000	0.0000	6.8000
E	654.323	90.000	44.7763	6.2715	0.1590	0.1576	0.0000	6.8000
dPolE	654.323	90.000	70.5755	1.0000	0.0000	6.8000
uR	654.323	90.000	0.0113	1.0000	0.0000	6.8000
E	655.934	90.000	44.6030	6.5474	0.1568	0.1552	0.0000	6.8000
dPolE	655.934	90.000	70.6621	1.0000	0.0000	6.8000
uR	655.934	90.000	0.0111	1.0000	0.0000	6.8000
E	657.544	90.000	44.9299	6.8694	0.1596	0.1576	0.0000	6.8000
dPolE	657.544	90.000	70.3671	1.0000	0.0000	6.8000
uR	657.544	90.000	0.0110	1.0000	0.0000	6.8000
E	659.154	90.000	45.5618	6.4378	0.1674	0.1646	0.0000	6.8000
dPolE	659.154	90.000	69.3136	1.0000	0.0000	6.8000
uR	659.154	90.000	0.0115	1.0000	0.0000	6.8000
E	660.764	90.000	44.9833	5.6861	0.1620	0.1583	0.0000	6.8000
dPolE	660.764	90.000	67.6631	1.0000	0.0000	6.8000
uR	660.764	90.000	0.0116	1.0000	0.0000	6.8000
E	662.374	90.000	45.1240	6.7050	0.1634	0.1605	0.0000	6.8000
dPolE	662.374	90.000	70.3320	1.0000	0.0000	6.8000
uR	662.374	90.000	0.0113	1.0000	0.0000	6.8000
E	663.984	90.000	45.4857	5.6881	0.1551	0.1513	0.0000	6.8000
dPolE	663.984	90.000	69.1998	1.0000	0.0000	6.8000
uR	663.984	90.000	0.0114	1.0000	0.0000	6.8000
E	665.594	90.000	45.3141	5.7537	0.1596	0.1558	0.0000	6.8000
dPolE	665.594	90.000	70.5170	1.0000	0.0000	6.8000
uR	665.594	90.000	0.0115	1.0000	0.0000	6.8000
E	667.204	90.000	45.0322	6.1300	0.1600	0.1565	0.0000	6.8000
dPolE	667.204	90.000	69.2043	1.0000	0.0000	6.8000
uR	667.204	90.000	0.0114	1.0000	0.0000	6.8000
E	668.813	90.000	44.3036	6.0949	0.1653	0.1614	0.0000	6.8000
dPolE	668.813	90.000	65.2241	1.0000	0.0000	6.8000
uR	668.813	90.000	0.0115	1.0000	0.0000	6.8000
E	670.423	90.000	44.8664	6.0547	0.1528	0.1487	0.0000	6.8000
dPolE	670.423	90.000	67.5438	1.0000	0.0000	6.8000
uR	670.423	90.000	0.0112	1.0000	0.0000	6.8000
E	672.032	90.000	44.8527	6.2032	0.1650	0.1604	0.0000	6.8000
dPolE	672.032	90.000	67.2254	1.0000	0.0000	6.8000
uR	672.032	90.000	0.0112	1.0000	0.0000	6.8000
E	673.642	90.000	44.5527	6.1090	0.1690	0.1638	0.0000	6.8000
dPolE	673.642	90.000	67.3057	1.0000	0.0000	6.8000
uR	673.642	90.000	0.0110	1.0000	0.0000	6.8000
E	675.251	90.000	44.2087	6.1901	0.1586	0.1532	0.0000	6.8000
dPolE	675.251	90.000	70.7137	1.0000	0.0000	6.8000
uR	675.251	90.000	0.0110	1.0000	0.0000	6.8000
E	676.860	90.000	45.2658	5.6648	0.1648	0.1578	0.0000	6.8000
dPolE	676.860	90.000	65.5581	1.0000	0.0000	6.8000
uR	676.860	90.000	0.0115	1.0000	0.0000	6.8000
E	678.469	90.000	44.5328	5.6992	0.1693	0.1610	0.0000	6.8000
dPolE	678.469	90.000	67.0717	1.0000	0.0000	6.8000
uR	678.469	90.000	0.0111	1.0000	0.0000	6.8000
E	680.079	90.000	44.7483	5.4187	0.1670	0.1578	0.0000	6.8000
dPolE	680.079	90.000	66.8757	1.0000	0.0000	6.8000
uR	680.079	90.000	0.0110	1.0000	0.0000	6.8000
E	681.688	90.000	44.3610	5.9155	0.1576	0.1484	0.0000	6.8000
dPolE	681.688	90.000	68.3921	1.0000	0.0000	6.8000
uR	681.688	90.000	0.0110	1.0000	0.0000	6.8000
E	683.296	90.000	45.0823	5.6440	0.1577	0.1472	0.0000	6.8000
dPolE	683.296	90.000	63.2838	1.0000	0.0000	6.8000
uR	683.296	90.000	0.0113	1.0000	0.0000	6.8000
E	684.905	90.000	45.1938	5.6728	0.1665	0.1546	0.0000	6.8000
dPolE	684.905	90.000	61.6762	1.0000	0.0000	6.8000
uR	684.905	90.000	0.0111	1.0000	0.0000	6.8000
E	686.514	90.000	45.1112	5.6006	0.1644	0.1517	0.0000	6.8000
dPolE	686.514	90.000	62.8108	1.0000	0.0000	6.8000
uR	686.514	90.000	0.0110	1.0000	0.0000	6.8000
E	688.123	90.000	44.8985	4.9963	0.1603	0.1470	0.0000	6.8000
dPolE	688.123	90.000	63.9401	1.0000	0.0000	6.8000
uR	688.123	90.000	0.0113	1.0000	0.0000	6.8000
E	689.731	90.000	44.8961	5.4854	0.1610	0.1475	0.0000	6.8000
dPolE	689.731	90.000	58.1866	1.0000	0.0000	6.8000
uR	689.731	90.000	0.0115	1.0000	0.0000	6.8000
E	691.340	90.000	44.8430	5.3163	0.1643	0.1500	0.0000	6.8000
dPolE	691.340	90.000	65.1030	1.0000	0.0000	6.8000
uR	691.340	90.000	0.0113	1.0000	0.0000	6.8000
E	692.948	90.000	45.1923	4.9714	0.1682	0.1530	0.0000	6.8000
dPolE	692.948	90.000	60.8471	1.0000	0.0000	6.8000
uR	692.948	90.000	0.0116	1.0000	0.0000	6.8000
E	694.556	90.000	44.5387	5.6185	0.1775	0.1620	0.0000	6.8000
dPolE	694.556	90.000	64.4015	1.0000	0.0000	6.8000
uR	694.556	90.000	0.0116	1.0000	0.0000	6.8000
E	696.164	90.000	44.8291	5.2073	0.1792	0.1632	0.0000	6.8000
dPolE	696.164	90.000	68.0984	1.0000	0.0000	6.8000
uR	696.164	90.000	0.0111	1.0000	0.0000	6.8000
E	697.772	90.000	45.1302	4.9690	0.1816	0.1651	0.0000	6.8000
dPolE	697.772	90.000	65.3429	1.0000	0.0000	6.8000
uR	697.772	90.000	0.0116	1.0000	0.0000	6.8000
E	699.380	90.000	44.5680	5.0160	0.1818	0.1653	0.0000	6.8000
dPolE	699.380	90.000	68.2599	1.0000	0.0000	6.8000
uR	699.380	90.000	0.0112	1.0000	0.0000	6.8000
E	700.988	90.000	45.2917	4.3691	0.1784	0.1614	0.0000	6.8000
dPolE	700.988	90.000	65.3892	1.0000	0.0000	6.8000
uR	700.988	90.000	0.0116	1.0000	0.0000	6.8000
E	702.596	90.000	45.1534	5.1019	0.1825	0.1654	0.0000	6.8000
dPolE	702.596	90.000	67.9495	1.0000	0.0000	6.8000
uR	702.596	90.000	0.0113	1.0000	0.0000	6.8000
E	704.204	90.000	45.3636	4.9552	0.1898	0.1717	0.0000	6.8000
dPolE	704.204	90.000	69.2404	1.0000	0.0000	6.8000
uR	704.204	90.000	0.0108	1.0000	0.0000	6.8000
E	705.811	90.000	45.1183	4.7852	0.1830	0.1645	0.0000	6.8000
dPolE	705.811	90.000	71.3657	1.0000	0.0000	6.8000
uR	705.811	90.000	0.0106	1.0000	0.0000	6.8000
E	707.419	90.000	45.0477	4.6768	0.1906	0.1710	0.0000	6.8000
dPolE	707.419	90.000	68.0449	1.0000	0.0000	6.8000
uR	707.419	90.000	0.0113	1.0000	0.0000	6.8000
E	709.026	90.000	44.5200	5.0382	0.1887	0.1690	0.0000	6.8000
dPolE	709.026	90.000	66.3293	1.0000	0.0000	6.8000
uR	709.026	90.000	0.0110	1.0000	0.0000	6.8000
E	710.634	90.000	45.4405	4.9906	0.1877	0.1674	0.0000	6.8000
dPolE	710.634	90.000	64.8557	1.0000	0.0000	6.8000
uR	710.634	90.000	0.0115	1.0000	0.0000	6.8000
E	712.241	90.000	45.4872	5.0655	0.1923	0.1707	0.0000	6.8000
dPolE	712.241	90.000	64.3341	1.0000	0.0000	6.8000
uR	712.241	90.000	0.0128	1.0000	0.0000	6.8000
E	713.848	90.000	44.5764	5.1372	0.2101	0.1854	0.0000	6.8000
dPolE	713.848	90.000	68.9592	1.0000	0.0000	6.8000
uR	713.848	90.000	0.0121	1.0000	0.0000	6.8000
E	715.455	90.000	45.2919	4.9855	0.2206	0.1933	0.0000	6.8000
dPolE	715.455	90.000	74.7355	1.0000	0.0000	6.8000
uR	715.455	90.000	0.0099	1.0000	0.0000	6.8000
E	717.062	90.000	44.5396	5.3641	0.2096	0.1834	0.0000	6.8000
dPolE	717.062	90.000	76.1440	1.0000	0.0000	6.8000
uR	717.062	90.000	0.0092	1.0000	0.0000	6.8000
E	718.669	90.000	45.5086	5.0271	0.1900	0.1651	0.0000	6.8000
dPolE	718.669	90.000	69.5714	1.0000	0.0000	6.8000
uR	718.669	90.000	0.0104	1.0000	0.0000	6.8000
E	720.276	90.000	43.9971	5.0410	0.1957	0.1695	0.0000	6.8000
dPolE	720.276	90.000	70.5778	1.0000	0.0000	6.8000
uR	720.276	90.000	0.0113	1.0000	0.0000	6.8000
E	721.882	90.000	44.8124	4.8011	0.2023	0.1739	0.0000	6.8000
dPolE	721.882	90.000	72.0075	1.0000	0.0000	6.8000
uR	721.882	90.000	0.0114	1.0000	0.0000	6.8000
E	723.489	90.000	45.0479	4.5512	0.2237	0.1912	0.0000	6.8000
dPolE	723.489	90.000	67.4007	1.0000	0.0000	6.8000
uR	723.489	90.000	0.0112	1.0000	0.0000	6.8000
E	725.095	90.000	45.2439	4.9361	0.2121	0.1814	0.0000	6.8000
dPolE	725.095	90.000	72.7720	1.0000	0.0000	6.8000
uR	725.095	90.000	0.0106	1.0000	0.0000	6.8000
E	726.701	90.000	44.4760	4.1429	0.2177	0.1847	0.0000	6.8000
dPolE	726.701	90.000	69.1586	1.0000	0.0000	6.8000
uR	726.701	90.000	0.0111	1.0000	0.0000	6.8000
E	728.308	90.000	45.9796	4.4000	0.2136	0.1814	0.0000	6.8000
dPolE	728.308	90.000	71.2809	1.0000	0.0000	6.8000
uR	728.308	90.000	0.0104	1.0000	0.0000	6.8000
E	729.914	90.000	44.9965	4.6586	0.2144	0.1818	0.0000	6.8000
dPolE	729.914	90.000	66.5036	1.0000	0.0000	6.8000
uR	729.914	90.000	0.0108	1.0000	0.0000	6.8000
E	731.520	90.000	44.4961	4.4570	0.1982	0.1678	0.0000	6.8000
dPolE	731.520	90.000	65.6397	1.0000	0.0000	6.8000
uR	731.520	90.000	0.0109	1.0000	0.0000	6.8000
E	733.126	90.000	44.6777	4.2204	0.1926	0.1630	0.0000	6.8000
dPolE	733.126	90.000	65.3471	1.0000	0.0000	6.8000
uR	733.126	90.000	0.0111	1.0000	0.0000	6.8000
E	734.732	90.000	44.8466	4.5801	0.2065	0.1750	0.0000	6.8000
dPolE	734.732	90.000	60.6386	1.0000	0.0000	6.8000
uR	734.732	90.000	0.0116	1.0000	0.0000	6.8000
E	736.337	90.000	45.0234	4.4837	0.1988	0.1682	0.0000	6.8000
dPolE	736.337	90.000	66.5761	1.0000	0.0000	6.8000
uR	736.337	90.000	0.0115	1.0000	0.0000	6.8000
E	737.943	90.000	45.3485	4.3289	0.2113	0.1786	0.0000	6.8000
dPolE	737.943	90.000	66.4646	1.0000	0.0000	6.8000
uR	737.943	90.000	0.0114	1.0000	0.0000	6.8000
E	739.548	90.000	45.0045	4.5902	0.2078	0.1753	0.0000	6.8000
dPolE	739.548	90.000	62.8071	1.0000	0.0000	6.8000
uR	739.548	90.000	0.0114	1.0000	0.0000	6.8000
E	741.154	90.000	44.9467	4.6003	0.2031	0.1713	0.0000	6.8000
dPolE	741.154	90.000	63.8407	1.0000	0.0000	6.8000
uR	741.154	90.000	0.0116	1.0000	0.0000	6.8000
E	742.759	90.000	44.8573	4.6749	0.2111	0.1776	0.0000	6.8000
dPolE	742.759	90.000	61.6758	1.0000	0.0000	6.8000
uR	742.759	90.000	0.0116	1.0000	0.0000	6.8000
E	744.364	90.000	45.3469	4.4262	0.2201	0.1841	0.0000	6.8000
dPolE	744.364	90.000	62.0764	1.0000	0.0000	6.8000
uR	744.364	90.000	0.0116	1.0000	0.0000	6.8000
E	745.969	90.000	44.7994	4.8643	0.2149	0.1797	0.0000	6.8000
dPolE	745.969	90.000	68.0884	1.0000	0.0000	6.8000
uR	745.969	90.000	0.0111	1.0000	0.0000	6.8000
E	747.574	90.000	44.2618	4.3661	0.2234	0.1854	0.0000	6.8000
dPolE	747.574	90.000	67.9834	1.0000	0.0000	6.8000
uR	747.574	90.000	0.0109	1.0000	0.0000	6.8000
E	749.179	90.000	45.3170	3.6012	0.2107	0.1733	0.0000	6.8000
dPolE	749.179	90.000	69.0936	1.0000	0.0000	6.8000
uR	749.179	90.000	0.0109	1.0000	0.0000	6.8000
E	750.784	90.000	44.4558	4.6276	0.2251	0.1856	0.0000	6.8000
dPolE	750.784	90.000	65.5619	1.0000	0.0000	6.8000
uR	750.784	90.000	0.0110	1.0000	0.0000	6.8000
E	752.388	90.000	44.9470	4.0659	0.2184	0.1784	0.0000	6.8000
dPolE	752.388	90.000	67.9914	1.0000	0.0000	6.8000
uR	752.388	90.000	0.0110	1.0000	0.0000	6.8000
E	753.993	90.000	44.6173	4.7150	0.2196	0.1793	0.0000	6.8000
dPolE	753.993	90.000	68.8631	1.0000	0.0000	6.8000
uR	753.993	90.000	0.0114	1.0000	0.0000	6.8000
E	755.597	90.000	46.2271	4.7055	0.2285	0.1857	0.0000	6.8000
dPolE	755.597	90.000	64.7054	1.0000	0.0000	6.8000
uR	755.597	90.000	0.0116	1.0000	0.0000	6.8000
E	757.202	90.000	44.8306	4.2803	0.2274	0.1838	0.0000	6.8000
dPolE	757.202	90.000	66.5111	1.0000	0.0000	6.8000
uR	757.202	90.000	0.0116	1.0000	0.0000	6.8000
E	758.806	90.000	45.3087	4.1579	0.2157	0.1730	0.0000	6.8000
dPolE	758.806	90.000	64.9858	1.0000	0.0000	6.8000
uR	758.806	90.000	0.0118	1.0000	0.0000	6.8000
E	760.410	90.000	45.4649	3.9127	0.2312	0.1846	0.0000	6.8000
dPolE	760.410	90.000	61.2903	1.0000	0.0000	6.8000
uR	760.410	90.000	0.0117	1.0000	0.0000	6.8000
E	762.014	90.000	44.9728	4.5066	0.2017	0.1607	0.0000	6.8000
dPolE	762.014	90.000	62.6765	1.0000	0.0000	6.8000
uR	762.014	90.000	0.0116	1.0000	0.0000	6.8000
E	763.618	90.000	44.8900	4.4040	0.1791	0.1424	0.0000	6.8000
dPolE	763.618	90.000	46.9975	1.0000	0.0000	6.8000
uR	763.618	90.000	0.0127	1.0000	0.0000	6.8000
E	765.221	90.000	45.0892	4.4950	0.1681	0.1335	0.0000	6.8000
dPolE	765.221	90.000	45.8345	1.0000	0.0000	6.8000
uR	765.221	90.000	0.0127	1.0000	0.0000	6.8000
E	766.825	90.000	45.0923	4.2232	0.1788	0.1415	0.0000	6.8000
dPolE	766.825	90.000	46.2219	1.0000	0.0000	6.8000
uR	766.825	90.000	0.0123	1.0000	0.0000	6.8000
E	768.429	90.000	44.4705	4.6236	0.2084	0.1650	0.0000	6.8000
dPolE	768.429	90.000	56.0824	1.0000	0.0000	6.8000
uR	768.429	90.000	0.0122	1.0000	0.0000	6.8000
E	770.032	90.000	44.7907	3.6569	0.2182	0.1714	0.0000	6.8000
dPolE	770.032	90.000	66.5733	1.0000	0.0000	6.8000
uR	770.032	90.000	0.0122	1.0000	0.0000	6.8000
E	771.635	90.000	44.6378	4.6973	0.2540	0.2009	0.0000	6.8000
dPolE	771.635	90.000	64.5463	1.0000	0.0000	6.8000
uR	771.635	90.000	0.0123	1.0000	0.0000	6.8000
E	773.238	90.000	44.6897	3.8462	0.2433	0.1912	0.0000	6.8000
dPolE	773.238	90.000	66.3539	1.0000	0.0000	6.8000
uR	773.238	90.000	0.0124	1.0000	0.0000	6.8000
E	774.841	90.000	44.6007	4.6823	0.2651	0.2096	0.0000	6.8000
dPolE	774.841	90.000	73.7569	1.0000	0.0000	6.8000
uR	774.841	90.000	0.0112	1.0000	0.0000	6.8000
E	776.444	90.000	45.4150	4.6020	0.2739	0.2161	0.0000	6.8000
dPolE	776.444	90.000	74.2107	1.0000	0.0000	6.8000
uR	776.444	90.000	0.0117	1.0000	0.0000	6.8000
E	778.047	90.000	45.2573	4.2835	0.2764	0.2168	0.0000	6.8000
dPolE	778.047	90.000	75.7673	1.0000	0.0000	6.8000
uR	778.047	90.000	0.0111	1.0000	0.0000	6.8000
E	779.650	90.000	45.4370	4.9652	0.2657	0.2094	0.0000	6.8000
dPolE	779.650	90.000	77.8664	1.0000	0.0000	6.8000
uR	779.650	90.000	0.0108	1.0000	0.0000	6.8000
E	781.252	90.000	45.0540	5.1698	0.2861	0.2261	0.0000	6.8000
dPolE	781.252	90.000	74.6705	1.0000	0.0000	6.8000
uR	781.252	90.000	0.0112	1.0000	0.0000	6.8000
E	782.855	90.000	44.2947	4.1693	0.2600	0.2034	0.0000	6.8000
dPolE	782.855	90.000	77.9049	1.0000	0.0000	6.8000
uR	782.855	90.000	0.0117	1.0000	0.0000	6.8000
E	784.457	90.000	44.6880	3.8043	0.2740	0.2136	0.0000	6.8000
dPolE	784.457	90.000	75.3918	1.0000	0.0000	6.8000
uR	784.457	90.000	0.0118	1.0000	0.0000	6.8000
E	786.059	90.000	45.4870	4.3180	0.2757	0.2149	0.0000	6.8000
dPolE	786.059	90.000	70.9635	1.0000	0.0000	6.8000
uR	786.059	90.000	0.0123	1.0000	0.0000	6.8000
E	787.661	90.000	44.1122	3.9214	0.2671	0.2062	0.0000	6.8000
dPolE	787.661	90.000	73.2805	1.0000	0.0000	6.8000
uR	787.661	90.000	0.0113	1.0000	0.0000	6.8000
E	789.263	90.000	45.7087	4.0679	0.2397	0.1853	0.0000	6.8000
dPolE	789.263	90.000	72.1914	1.0000	0.0000	6.8000
uR	789.263	90.000	0.0113	1.0000	0.0000	6.8000
E	790.865	90.000	44.0405	3.2484	0.2470	0.1890	0.0000	6.8000
dPolE	790.865	90.000	70.2418	1.0000	0.0000	6.8000
uR	790.865	90.000	0.0110	1.0000	0.0000	6.8000
E	792.467	90.000	45.5047	3.8886	0.2658	0.2037	0.0000	6.8000
dPolE	792.467	90.000	66.8020	1.0000	0.0000	6.8000
uR	792.467	90.000	0.0112	1.0000	0.0000	6.8000
E	794.068	90.000	44.9084	3.8159	0.2542	0.1934	0.0000	6.8000
dPolE	794.068	90.000	72.4199	1.0000	0.0000	6.8000
uR	794.068	90.000	0.0114	1.0000	0.0000	6.8000
E	795.670	90.000	44.9824	4.4332	0.2630	0.2003	0.0000	6.8000
dPolE	795.670	90.000	71.3507	1.0000	0.0000	6.8000
uR	795.670	90.000	0.0117	1.0000	0.0000	6.8000
E	797.271	90.000	44.7796	3.2253	0.2533	0.1908	0.0000	6.8000
dPolE	797.271	90.000	67.5347	1.0000	0.0000	6.8000
uR	797.271	90.000	0.0125	1.0000	0.0000	6.8000
E	798.872	90.000	44.7884	4.0557	0.2598	0.1958	0.0000	6.8000
dPolE	798.872	90.000	61.3825	1.0000	0.0000	6.8000
uR	798.872	90.000	0.0127	1.0000	0.0000	6.8000
E	800.473	90.000	45.8303	3.4288	0.2496	0.1869	0.0000	6.8000
dPolE	800.473	90.000	68.0635	1.0000	0.0000	6.8000
uR	800.473	90.000	0.0119	1.0000	0.0000	6.8000
E	802.074	90.000	45.2099	3.2952	0.2859	0.2127	0.0000	6.8000
dPolE	802.074	90.000	70.4285	1.0000	0.0000	6.8000
uR	802.074	90.000	0.0115	1.0000	0.0000	6.8000
E	803.675	90.000	44.7572	3.5152	0.2717	0.2011	0.0000	6.8000
dPolE	803.675	90.000	72.6853	1.0000	0.0000	6.8000
uR	803.675	90.000	0.0121	1.0000	0.0000	6.8000
E	805.276	90.000	45.0500	3.5635	0.2759	0.2037	0.0000	6.8000
dPolE	805.276	90.000	70.6597	1.0000	0.0000	6.8000
uR	805.276	90.000	0.0121	1.0000	0.0000	6.8000
E	806.876	90.000	45.1377	4.0256	0.2760	0.2043	0.0000	6.8000
dPolE	806.876	90.000	70.5231	1.0000	0.0000	6.8000
uR	806.876	90.000	0.0120	1.0000	0.0000	6.8000
E	808.477	90.000	45.8281	4.0361	0.2717	0.2008	0.0000	6.8000
dPolE	808.477	90.000	67.5493	1.0000	0.0000	6.8000
uR	808.477	90.000	0.0121	1.0000	0.0000	6.8000
E	810.077	90.000	44.4408	4.1707	0.2701	0.1991	0.0000	6.8000
dPolE	810.077	90.000	72.3432	1.0000	0.0000	6.8000
uR	810.077	90.000	0.0112	1.0000	0.0000	6.8000
E	811.677	90.000	44.5035	3.2135	0.2637	0.1926	0.0000	6.8000
dPolE	811.677	90.000	69.2674	1.0000	0.0000	6.8000
uR	811.677	90.000	0.0124	1.0000	0.0000	6.8000
E	813.277	90.000	45.0910	2.9466	0.2849	0.2079	0.0000	6.8000
dPolE	813.277	90.000	69.7449	1.0000	0.0000	6.8000
uR	813.277	90.000	0.0117	1.0000	0.0000	6.8000
E	814.877	90.000	45.0282	3.0322	0.2740	0.1996	0.0000	6.8000
dPolE	814.877	90.000	66.7829	1.0000	0.0000	6.8000
uR	814.877	90.000	0.0115	1.0000	0.0000	6.8000
E	816.477	90.000	44.2136	3.2929	0.2679	0.1951	0.0000	6.8000
dPolE	816.477	90.000	63.2688	1.0000	0.0000	6.8000
uR	816.477	90.000	0.0113	1.0000	0.0000	6.8000
E	818.077	90.000	45.0089	3.8162	0.2264	0.1657	0.0000	6.8000
dPolE	818.077	90.000	58.9730	1.0000	0.0000	6.8000
uR	818.077	90.000	0.0108	1.0000	0.0000	6.8000
E	819.676	90.000	44.7117	3.3598	0.1671	0.1218	0.0000	6.8000
dPolE	819.676	90.000	41.9295	1.0000	0.0000	6.8000
uR	819.676	90.000	0.0107	1.0000	0.0000	6.8000
E	821.276	90.000	45.2440	3.5257	0.1162	0.0846	0.0000	6.8000
dPolE	821.276	90.000	20.6574	1.0000	0.0000	6.8000
uR	821.276	90.000	0.0107	1.0000	0.0000	6.8000
E	822.875	90.000	45.0024	3.4692	0.0789	0.0574	0.0000	6.8000
dPolE	822.875	90.000	14.0733	1.0000	0.0000	6.8000
uR	822.875	90.000	0.0123	1.0000	0.0000	6.8000
E	824.474	90.000	45.0333	3.3260	0.0638	0.0463	0.0000	6.8000
dPolE	824.474	90.000	12.3933	1.0000	0.0000	6.8000
uR	824.474	90.000	0.0128	1.0000	0.0000	6.8000
E	826.073	90.000	45.0231	3.3496	0.0749	0.0544	0.0000	6.8000
dPolE	826.073	90.000	14.2472	1.0000	0.0000	6.8000
uR	826.073	90.000	0.0122	1.0000	0.0000	6.8000
E	827.672	90.000	45.1030	3.5557	0.0873	0.0633	0.0000	6.8000
dPolE	827.672	90.000	18.2723	1.0000	0.0000	6.8000
uR	827.672	90.000	0.0118	1.0000	0.0000	6.8000
E	829.271	90.000	44.9673	3.3224	0.1035	0.0748	0.0000	6.8000
dPolE	829.271	90.000	20.4763	1.0000	0.0000	6.8000
uR	829.271	90.000	0.0124	1.0000	0.0000	6.8000
E	830.869	90.000	44.6241	3.4973	0.1254	0.0905	0.0000	6.8000
dPolE	830.869	90.000	29.1547	1.0000	0.0000	6.8000
uR	830.869	90.000	0.0117	1.0000	0.0000	6.8000
E	832.468	90.000	44.8512	3.3863	0.1542	0.1111	0.0000	6.8000
dPolE	832.468	90.000	42.9696	1.0000	0.0000	6.8000
uR	832.468	90.000	0.0111	1.0000	0.0000	6.8000
E	834.066	90.000	44.7057	3.4540	0.1477	0.1061	0.0000	6.8000
dPolE	834.066	90.000	40.7352	1.0000	0.0000	6.8000
uR	834.066	90.000	0.0113	1.0000	0.0000	6.8000
E	835.664	90.000	44.9439	3.3185	0.1418	0.1015	0.0000	6.8000
dPolE	835.664	90.000	38.6476	1.0000	0.0000	6.8000
uR	835.664	90.000	0.0116	1.0000	0.0000	6.8000
E	837.262	90.000	45.0088	3.3629	0.1612	0.1151	0.0000	6.8000
dPolE	837.262	90.000	41.8876	1.0000	0.0000	6.8000
uR	837.262	90.000	0.0120	1.0000	0.0000	6.8000
E	838.860	90.000	45.0718	3.1729	0.1863	0.1322	0.0000	6.8000
dPolE	838.860	90.000	50.5118	1.0000	0.0000	6.8000
uR	838.860	90.000	0.0118	1.0000	0.0000	6.8000
E	840.458	90.000	45.0474	3.5035	0.1925	0.1362	0.0000	6.8000
dPolE	840.458	90.000	58.4903	1.0000	0.0000	6.8000
uR	840.458	90.000	0.0123	1.0000	0.0000	6.8000
E	842.055	90.000	44.3995	3.0278	0.2069	0.1459	0.0000	6.8000
dPolE	842.055	90.000	55.8899	1.0000	0.0000	6.8000
uR	842.055	90.000	0.0137	1.0000	0.0000	6.8000
E	843.653	90.000	44.9634	3.4996	0.2344	0.1652	0.0000	6.8000
dPolE	843.653	90.000	56.4870	1.0000	0.0000	6.8000
uR	843.653	90.000	0.0130	1.0000	0.0000	6.8000
E	845.250	90.000	45.0769	3.8177	0.2772	0.1946	0.0000	6.8000
dPolE	845.250	90.000	70.0107	1.0000	0.0000	6.8000
uR	845.250	90.000	0.0125	1.0000	0.0000	6.8000
E	846.847	90.000	45.1220	4.4333	0.3293	0.2315	0.0000	6.8000
dPolE	846.847	90.000	80.0344	1.0000	0.0000	6.8000
uR	846.847	90.000	0.0105	1.0000	0.0000	6.8000
E	848.444	90.000	44.8874	5.1201	0.3595	0.2537	0.0000	6.8000
dPolE	848.444	90.000	82.6657	1.0000	0.0000	6.8000
uR	848.444	90.000	0.0108	1.0000	0.0000	6.8000
E	850.041	90.000	46.9803	2.9810	0.3493	0.2414	0.0000	6.8000
dPolE	850.041	90.000	86.0739	1.0000	0.0000	6.8000
uR	850.041	90.000	0.0107	1.0000	0.0000	6.8000
E	851.638	90.000	44.3574	3.1740	0.3684	0.2535	0.0000	6.8000
dPolE	851.638	90.000	86.4845	1.0000	0.0000	6.8000
uR	851.638	90.000	0.0107	1.0000	0.0000	6.8000
E	853.234	90.000	43.9617	3.0149	0.3720	0.2549	0.0000	6.8000
dPolE	853.234	90.000	85.5077	1.0000	0.0000	6.8000
uR	853.234	90.000	0.0108	1.0000	0.0000	6.8000
E	854.831	90.000	44.8474	3.4854	0.3855	0.2635	0.0000	6.8000
dPolE	854.831	90.000	84.4590	1.0000	0.0000	6.8000
uR	854.831	90.000	0.0101	1.0000	0.0000	6.8000
E	856.427	90.000	43.8939	4.7345	0.3836	0.2657	0.0000	6.8000
dPolE	856.427	90.000	82.0430	1.0000	0.0000	6.8000
uR	856.427	90.000	0.0112	1.0000	0.0000	6.8000
E	858.023	90.000	43.3457	2.4983	0.3896	0.2644	0.0000	6.8000
dPolE	858.023	90.000	84.0080	1.0000	0.0000	6.8000
uR	858.023	90.000	0.0102	1.0000	0.0000	6.8000
E	859.619	90.000	43.5782	3.2777	0.3887	0.2640	0.0000	6.8000
dPolE	859.619	90.000	80.6981	1.0000	0.0000	6.8000
uR	859.619	90.000	0.0104	1.0000	0.0000	6.8000
E	861.215	90.000	44.2695	2.8953	0.3779	0.2555	0.0000	6.8000
dPolE	861.215	90.000	78.9347	1.0000	0.0000	6.8000
uR	861.215	90.000	0.0108	1.0000	0.0000	6.8000
E	862.811	90.000	45.3279	3.1746	0.3755	0.2542	0.0000	6.8000
dPolE	862.811	90.000	79.2962	1.0000	0.0000	6.8000
uR	862.811	90.000	0.0103	1.0000	0.0000	6.8000
E	864.407	90.000	43.5257	2.6196	0.3418	0.2302	0.0000	6.8000
dPolE	864.407	90.000	77.6637	1.0000	0.0000	6.8000
uR	864.407	90.000	0.0111	1.0000	0.0000	6.8000
E	866.002	90.000	47.6615	2.2577	0.3399	0.2290	0.0000	6.8000
dPolE	866.002	90.000	75.7141	1.0000	0.0000	6.8000
uR	866.002	90.000	0.0105	1.0000	0.0000	6.8000
E	867.597	90.000	43.0685	3.1839	0.3354	0.2270	0.0000	6.8000
dPolE	867.597	90.000	75.5493	1.0000	0.0000	6.8000
uR	867.597	90.000	0.0103	1.0000	0.0000	6.8000
E	869.192	90.000	46.1229	3.4342	0.3178	0.2148	0.0000	6.8000
dPolE	869.192	90.000	69.7724	1.0000	0.0000	6.8000
uR	869.192	90.000	0.0106	1.0000	0.0000	6.8000
E	870.787	90.000	44.9326	2.6559	0.3067	0.2060	0.0000	6.8000
dPolE	870.787	90.000	69.7621	1.0000	0.0000	6.8000
uR	870.787	90.000	0.0108	1.0000	0.0000	6.8000
E	872.382	90.000	43.8745	3.2804	0.2870	0.1935	0.0000	6.8000
dPolE	872.382	90.000	63.6515	1.0000	0.0000	6.8000
uR	872.382	90.000	0.0110	1.0000	0.0000	6.8000
E	873.977	90.000	44.9840	3.0692	0.2813	0.1894	0.0000	6.8000
dPolE	873.977	90.000	58.6263	1.0000	0.0000	6.8000
uR	873.977	90.000	0.0110	1.0000	0.0000	6.8000
E	875.571	90.000	45.2688	3.2653	0.2409	0.1623	0.0000	6.8000
dPolE	875.571	90.000	54.7893	1.0000	0.0000	6.8000
uR	875.571	90.000	0.0111	1.0000	0.0000	6.8000
E	877.166	90.000	45.0501	3.1607	0.1973	0.1327	0.0000	6.8000
dPolE	877.166	90.000	44.0174	1.0000	0.0000	6.8000
uR	877.166	90.000	0.0113	1.0000	0.0000	6.8000
E	878.760	90.000	44.5156	3.0762	0.1474	0.0990	0.0000	6.8000
dPolE	878.760	90.000	28.5947	1.0000	0.0000	6.8000
uR	878.760	90.000	0.0108	1.0000	0.0000	6.8000
E	880.354	90.000	44.9402	3.0703	0.0983	0.0658	0.0000	6.8000
dPolE	880.354	90.000	16.9486	1.0000	0.0000	6.8000
uR	880.354	90.000	0.0113	1.0000	0.0000	6.8000
E	881.948	90.000	44.9107	2.8431	0.0802	0.0534	0.0000	6.8000
dPolE	881.948	90.000	12.8230	1.0000	0.0000	6.8000
uR	881.948	90.000	0.0122	1.0000	0.0000	6.8000
E	883.542	90.000	44.9157	3.0170	0.0743	0.0495	0.0000	6.8000
dPolE	883.542	90.000	12.7145	1.0000	0.0000	6.8000
uR	883.542	90.000	0.0127	1.0000	0.0000	6.8000
E	885.135	90.000	44.7935	2.8883	0.0895	0.0596	0.0000	6.8000
dPolE	885.135	90.000	14.8960	1.0000	0.0000	6.8000
uR	885.135	90.000	0.0118	1.0000	0.0000	6.8000
E	886.729	90.000	44.9226	2.8400	0.1197	0.0794	0.0000	6.8000
dPolE	886.729	90.000	26.6169	1.0000	0.0000	6.8000
uR	886.729	90.000	0.0108	1.0000	0.0000	6.8000
E	888.322	90.000	45.0851	2.6935	0.1453	0.0961	0.0000	6.8000
dPolE	888.322	90.000	34.9471	1.0000	0.0000	6.8000
uR	888.322	90.000	0.0111	1.0000	0.0000	6.8000
E	889.915	90.000	44.8867	2.8830	0.1808	0.1193	0.0000	6.8000
dPolE	889.915	90.000	41.1043	1.0000	0.0000	6.8000
uR	889.915	90.000	0.0108	1.0000	0.0000	6.8000
E	891.508	90.000	44.7770	2.7251	0.1785	0.1172	0.0000	6.8000
dPolE	891.508	90.000	40.9234	1.0000	0.0000	6.8000
uR	891.508	90.000	0.0109	1.0000	0.0000	6.8000
E	893.101	90.000	44.9831	2.8790	0.1700	0.1114	0.0000	6.8000
dPolE	893.101	90.000	33.8160	1.0000	0.0000	6.8000
uR	893.101	90.000	0.0111	1.0000	0.0000	6.8000
E	894.694	90.000	45.1423	2.9602	0.1442	0.0941	0.0000	6.8000
dPolE	894.694	90.000	33.2238	1.0000	0.0000	6.8000
uR	894.694	90.000	0.0114	1.0000	0.0000	6.8000
E	896.286	90.000	44.7853	2.6289	0.1367	0.0887	0.0000	6.8000
dPolE	896.286	90.000	31.1911	1.0000	0.0000	6.8000
uR	896.286	90.000	0.0114	1.0000	0.0000	6.8000
E	897.879	90.000	45.0192	2.9342	0.1454	0.0942	0.0000	6.8000
dPolE	897.879	90.000	31.6274	1.0000	0.0000	6.8000
uR	897.879	90.000	0.0111	1.0000	0.0000	6.8000
E	899.471	90.000	44.9660	2.9533	0.1743	0.1126	0.0000	6.8000
dPolE	899.471	90.000	40.9117	1.0000	0.0000	6.8000
uR	899.471	90.000	0.0110	1.0000	0.0000	6.8000
E	901.063	90.000	44.8833	2.7378	0.1857	0.1191	0.0000	6.8000
dPolE	901.063	90.000	40.4380	1.0000	0.0000	6.8000
uR	901.063	90.000	0.0109	1.0000	0.0000	6.8000
E	902.655	90.000	44.9470	2.8792	0.1733	0.1111	0.0000	6.8000
dPolE	902.655	90.000	31.5968	1.0000	0.0000	6.8000
uR	902.655	90.000	0.0118	1.0000	0.0000	6.8000
E	904.247	90.000	44.4014	2.6049	0.1440	0.0918	0.0000	6.8000
dPolE	904.247	90.000	30.9636	1.0000	0.0000	6.8000
uR	904.247	90.000	0.0125	1.0000	0.0000	6.8000
E	905.838	90.000	45.2793	2.8752	0.1467	0.0935	0.0000	6.8000
dPolE	905.838	90.000	29.2746	1.0000	0.0000	6.8000
uR	905.838	90.000	0.0122	1.0000	0.0000	6.8000
E	907.429	90.000	44.8515	2.7805	0.1614	0.1025	0.0000	6.8000
dPolE	907.429	90.000	36.6795	1.0000	0.0000	6.8000
uR	907.429	90.000	0.0115	1.0000	0.0000	6.8000
E	909.021	90.000	45.3314	3.1846	0.2044	0.1301	0.0000	6.8000
dPolE	909.021	90.000	46.2500	1.0000	0.0000	6.8000
uR	909.021	90.000	0.0107	1.0000	0.0000	6.8000
E	910.612	90.000	45.0982	2.4680	0.2306	0.1450	0.0000	6.8000
dPolE	910.612	90.000	43.8855	1.0000	0.0000	6.8000
uR	910.612	90.000	0.0108	1.0000	0.0000	6.8000
E	912.203	90.000	44.4718	2.5616	0.2161	0.1359	0.0000	6.8000
dPolE	912.203	90.000	38.5990	1.0000	0.0000	6.8000
uR	912.203	90.000	0.0115	1.0000	0.0000	6.8000
E	913.793	90.000	44.7014	2.6938	0.1670	0.1047	0.0000	6.8000
dPolE	913.793	90.000	30.0127	1.0000	0.0000	6.8000
uR	913.793	90.000	0.0120	1.0000	0.0000	6.8000
E	915.384	90.000	44.8665	2.7291	0.1281	0.0803	0.0000	6.8000
dPolE	915.384	90.000	26.9129	1.0000	0.0000	6.8000
uR	915.384	90.000	0.0121	1.0000	0.0000	6.8000
E	916.974	90.000	44.8502	2.5089	0.1221	0.0763	0.0000	6.8000
dPolE	916.974	90.000	20.6277	1.0000	0.0000	6.8000
uR	916.974	90.000	0.0123	1.0000	0.0000	6.8000
E	918.565	90.000	44.9605	2.7013	0.1374	0.0859	0.0000	6.8000
dPolE	918.565	90.000	27.2309	1.0000	0.0000	6.8000
uR	918.565	90.000	0.0116	1.0000	0.0000	6.8000
E	920.155	90.000	44.9240	2.8052	0.1533	0.0957	0.0000	6.8000
dPolE	920.155	90.000	31.6734	1.0000	0.0000	6.8000
uR	920.155	90.000	0.0113	1.0000	0.0000	6.8000
E	921.745	90.000	44.9023	2.9674	0.1990	0.1241	0.0000	6.8000
dPolE	921.745	90.000	42.3539	1.0000	0.0000	6.8000
uR	921.745	90.000	0.0112	1.0000	0.0000	6.8000
E	923.334	90.000	45.3438	2.8751	0.2462	0.1535	0.0000	6.8000
dPolE	923.334	90.000	45.6132	1.0000	0.0000	6.8000
uR	923.334	90.000	0.0114	1.0000	0.0000	6.8000
E	924.924	90.000	45.0875	2.7986	0.2909	0.1809	0.0000	6.8000
dPolE	924.924	90.000	52.0259	1.0000	0.0000	6.8000
uR	924.924	90.000	0.0115	1.0000	0.0000	6.8000
E	926.513	90.000	44.5961	3.1989	0.3229	0.2011	0.0000	6.8000
dPolE	926.513	90.000	61.6882	1.0000	0.0000	6.8000
uR	926.513	90.000	0.0120	1.0000	0.0000	6.8000
E	928.103	90.000	44.4684	2.4476	0.3823	0.2367	0.0000	6.8000
dPolE	928.103	90.000	62.2521	1.0000	0.0000	6.8000
uR	928.103	90.000	0.0116	1.0000	0.0000	6.8000
E	929.692	90.000	46.3170	2.1334	0.3486	0.2149	0.0000	6.8000
dPolE	929.692	90.000	73.9273	1.0000	0.0000	6.8000
uR	929.692	90.000	0.0106	1.0000	0.0000	6.8000
E	931.280	90.000	44.7499	3.5980	0.3566	0.2229	0.0000	6.8000
dPolE	931.280	90.000	69.4563	1.0000	0.0000	6.8000
uR	931.280	90.000	0.0114	1.0000	0.0000	6.8000
E	932.869	90.000	45.1933	2.9838	0.3858	0.2395	0.0000	6.8000
dPolE	932.869	90.000	70.0956	1.0000	0.0000	6.8000
uR	932.869	90.000	0.0110	1.0000	0.0000	6.8000
E	934.458	90.000	43.5095	2.1215	0.3384	0.2082	0.0000	6.8000
dPolE	934.458	90.000	76.3155	1.0000	0.0000	6.8000
uR	934.458	90.000	0.0106	1.0000	0.0000	6.8000
E	936.046	90.000	44.1855	3.2477	0.3452	0.2142	0.0000	6.8000
dPolE	936.046	90.000	71.8960	1.0000	0.0000	6.8000
uR	936.046	90.000	0.0111	1.0000	0.0000	6.8000
E	937.634	90.000	45.9075	2.5836	0.3134	0.1933	0.0000	6.8000
dPolE	937.634	90.000	61.7496	1.0000	0.0000	6.8000
uR	937.634	90.000	0.0117	1.0000	0.0000	6.8000
E	939.222	90.000	44.9570	2.6086	0.3200	0.1972	0.0000	6.8000
dPolE	939.222	90.000	64.8711	1.0000	0.0000	6.8000
uR	939.222	90.000	0.0119	1.0000	0.0000	6.8000
E	940.810	90.000	44.6051	2.4166	0.3359	0.2050	0.0000	6.8000
dPolE	940.810	90.000	65.6662	1.0000	0.0000	6.8000
uR	940.810	90.000	0.0119	1.0000	0.0000	6.8000
E	942.398	90.000	43.0219	2.3153	0.3568	0.2175	0.0000	6.8000
dPolE	942.398	90.000	70.8275	1.0000	0.0000	6.8000
uR	942.398	90.000	0.0112	1.0000	0.0000	6.8000
E	943.985	90.000	45.0940	3.1286	0.3710	0.2283	0.0000	6.8000
dPolE	943.985	90.000	68.5122	1.0000	0.0000	6.8000
uR	943.985	90.000	0.0111	1.0000	0.0000	6.8000
E	945.573	90.000	45.0698	2.0170	0.3569	0.2174	0.0000	6.8000
dPolE	945.573	90.000	72.7947	1.0000	0.0000	6.8000
uR	945.573	90.000	0.0113	1.0000	0.0000	6.8000
E	947.160	90.000	45.6133	2.1563	0.3760	0.2289	0.0000	6.8000
dPolE	947.160	90.000	69.5685	1.0000	0.0000	6.8000
uR	947.160	90.000	0.0103	1.0000	0.0000	6.8000
E	948.747	90.000	45.8130	2.8406	0.3731	0.2272	0.0000	6.8000
dPolE	948.747	90.000	68.6620	1.0000	0.0000	6.8000
uR	948.747	90.000	0.0113	1.0000	0.0000	6.8000
E	950.334	90.000	45.3151	2.2048	0.3499	0.2120	0.0000	6.8000
dPolE	950.334	90.000	64.2709	1.0000	0.0000	6.8000
uR	950.334	90.000	0.0121	1.0000	0.0000	6.8000
E	951.920	90.000	45.3735	2.5649	0.3464	0.2092	0.0000	6.8000
dPolE	951.920	90.000	65.4121	1.0000	0.0000	6.8000
uR	951.920	90.000	0.0114	1.0000	0.0000	6.8000
E	953.507	90.000	44.3274	3.2280	0.3625	0.2197	0.0000	6.8000
dPolE	953.507	90.000	67.5620	1.0000	0.0000	6.8000
uR	953.507	90.000	0.0113	1.0000	0.0000	6.8000
E	955.093	90.000	46.2786	3.0667	0.4028	0.2426	0.0000	6.8000
dPolE	955.093	90.000	73.2437	1.0000	0.0000	6.8000
uR	955.093	90.000	0.0101	1.0000	0.0000	6.8000
E	956.679	90.000	44.3737	2.4856	0.4201	0.2524	0.0000	6.8000
dPolE	956.679	90.000	74.5433	1.0000	0.0000	6.8000
uR	956.679	90.000	0.0107	1.0000	0.0000	6.8000
E	958.265	90.000	43.2997	2.2689	0.4485	0.2681	0.0000	6.8000
dPolE	958.265	90.000	81.0086	1.0000	0.0000	6.8000
uR	958.265	90.000	0.0101	1.0000	0.0000	6.8000
E	959.851	90.000	46.4358	1.0153	0.4751	0.2805	0.0000	6.8000
dPolE	959.851	90.000	82.6068	1.0000	0.0000	6.8000
uR	959.851	90.000	0.0099	1.0000	0.0000	6.8000
E	961.436	90.000	42.8021	2.4430	0.4423	0.2629	0.0000	6.8000
dPolE	961.436	90.000	86.6115	1.0000	0.0000	6.8000
uR	961.436	90.000	0.0100	1.0000	0.0000	6.8000
E	963.022	90.000	45.0919	3.2899	0.4821	0.2878	0.0000	6.8000
dPolE	963.022	90.000	81.1053	1.0000	0.0000	6.8000
uR	963.022	90.000	0.0113	1.0000	0.0000	6.8000
E	964.607	90.000	43.9108	2.8848	0.5031	0.2981	0.0000	6.8000
dPolE	964.607	90.000	81.5736	1.0000	0.0000	6.8000
uR	964.607	90.000	0.0104	1.0000	0.0000	6.8000
E	966.192	90.000	45.6392	2.0587	0.4671	0.2741	0.0000	6.8000
dPolE	966.192	90.000	77.0879	1.0000	0.0000	6.8000
uR	966.192	90.000	0.0110	1.0000	0.0000	6.8000
E	967.777	90.000	43.3163	3.3732	0.4072	0.2407	0.0000	6.8000
dPolE	967.777	90.000	77.2208	1.0000	0.0000	6.8000
uR	967.777	90.000	0.0108	1.0000	0.0000	6.8000
E	969.361	90.000	45.8661	1.0954	0.4310	0.2499	0.0000	6.8000
dPolE	969.361	90.000	72.2605	1.0000	0.0000	6.8000
uR	969.361	90.000	0.0105	1.0000	0.0000	6.8000
E	970.946	90.000	45.3060	2.8543	0.3691	0.2155	0.0000	6.8000
dPolE	970.946	90.000	68.1838	1.0000	0.0000	6.8000
uR	970.946	90.000	0.0108	1.0000	0.0000	6.8000
E	972.530	90.000	45.5790	2.5547	0.3533	0.2058	0.0000	6.8000
dPolE	972.530	90.000	68.9804	1.0000	0.0000	6.8000
uR	972.530	90.000	0.0109	1.0000	0.0000	6.8000
E	974.114	90.000	46.0540	2.6299	0.3470	0.2021	0.0000	6.8000
dPolE	974.114	90.000	56.6765	1.0000	0.0000	6.8000
uR	974.114	90.000	0.0113	1.0000	0.0000	6.8000
E	975.698	90.000	46.3578	2.8731	0.3186	0.1852	0.0000	6.8000
dPolE	975.698	90.000	47.9453	1.0000	0.0000	6.8000
uR	975.698	90.000	0.0114	1.0000	0.0000	6.8000
E	977.282	90.000	44.6865	2.3196	0.2586	0.1491	0.0000	6.8000
dPolE	977.282	90.000	37.6489	1.0000	0.0000	6.8000
uR	977.282	90.000	0.0122	1.0000	0.0000	6.8000
E	978.865	90.000	44.6146	2.3444	0.2238	0.1284	0.0000	6.8000
dPolE	978.865	90.000	27.9221	1.0000	0.0000	6.8000
uR	978.865	90.000	0.0123	1.0000	0.0000	6.8000
E	980.449	90.000	45.4136	2.5450	0.2215	0.1273	0.0000	6.8000
dPolE	980.449	90.000	30.5451	1.0000	0.0000	6.8000
uR	980.449	90.000	0.0123	1.0000	0.0000	6.8000
E	982.032	90.000	45.2710	2.2117	0.2422	0.1392	0.0000	6.8000
dPolE	982.032	90.000	42.1110	1.0000	0.0000	6.8000
uR	982.032	90.000	0.0120	1.0000	0.0000	6.8000
E	983.615	90.000	45.1182	2.5357	0.3076	0.1769	0.0000	6.8000
dPolE	983.615	90.000	38.7961	1.0000	0.0000	6.8000
uR	983.615	90.000	0.0114	1.0000	0.0000	6.8000
E	985.198	90.000	44.6723	2.0853	0.3343	0.1911	0.0000	6.8000
dPolE	985.198	90.000	46.6227	1.0000	0.0000	6.8000
uR	985.198	90.000	0.0119	1.0000	0.0000	6.8000
E	986.780	90.000	44.5043	2.0552	0.3333	0.1909	0.0000	6.8000
dPolE	986.780	90.000	51.2380	1.0000	0.0000	6.8000
uR	986.780	90.000	0.0113	1.0000	0.0000	6.8000
E	988.363	90.000	44.0920	2.3308	0.2999	0.1716	0.0000	6.8000
dPolE	988.363	90.000	54.7718	1.0000	0.0000	6.8000
uR	988.363	90.000	0.0114	1.0000	0.0000	6.8000
E	989.945	90.000	44.4034	2.3142	0.2829	0.1617	0.0000	6.8000
dPolE	989.945	90.000	41.6422	1.0000	0.0000	6.8000
uR	989.945	90.000	0.0120	1.0000	0.0000	6.8000
E	991.527	90.000	45.2144	2.4025	0.2568	0.1463	0.0000	6.8000
dPolE	991.527	90.000	36.2739	1.0000	0.0000	6.8000
uR	991.527	90.000	0.0131	1.0000	0.0000	6.8000
E	993.109	90.000	44.6583	2.5705	0.2485	0.1420	0.0000	6.8000
dPolE	993.109	90.000	33.5737	1.0000	0.0000	6.8000
uR	993.109	90.000	0.0122	1.0000	0.0000	6.8000
E	994.690	90.000	45.0850	2.1164	0.2642	0.1500	0.0000	6.8000
dPolE	994.690	90.000	31.6672	1.0000	0.0000	6.8000
uR	994.690	90.000	0.0119	1.0000	0.0000	6.8000
E	996.272	90.000	45.5609	2.3801	0.2855	0.1624	0.0000	6.8000
dPolE	996.272	90.000	34.9852	1.0000	0.0000	6.8000
uR	996.272	90.000	0.0124	1.0000	0.0000	6.8000
E	997.853	90.000	46.4422	2.4160	0.3501	0.1987	0.0000	6.8000
dPolE	997.853	90.000	41.1636	1.0000	0.0000	6.8000
uR	997.853	90.000	0.0119	1.0000	0.0000	6.8000
E	999.434	90.000	45.1909	2.7537	0.3913	0.2223	0.0000	6.8000
dPolE	999.434	90.000	65.4101	1.0000	0.0000	6.8000
uR	999.434	90.000	0.0108	1.0000	0.0000	6.8000
