
FM-removed
XY-Scan
nm
E	210.379	90.000	18.5669	233.9228	0.2546	0.8458	0.0000	6.8000
dPolE	210.379	90.000	99.9539	1.0000	0.0000	6.8000
uR	210.379	90.000	0.0328	1.0000	0.0000	6.8000
E	211.990	90.000	17.0025	56.1405	0.2778	1.0009	0.0000	6.8000
dPolE	211.990	90.000	99.9766	1.0000	0.0000	6.8000
uR	211.990	90.000	0.0135	1.0000	0.0000	6.8000
E	213.602	90.000	52.1479	3.5880	0.2551	0.4928	0.0000	6.8000
dPolE	213.602	90.000	99.9355	1.0000	0.0000	6.8000
uR	213.602	90.000	0.0136	1.0000	0.0000	6.8000
E	215.214	90.000	84.3862	88.3994	0.2186	2.4527	0.0000	6.8000
dPolE	215.214	90.000	99.9905	1.0000	0.0000	6.8000
uR	215.214	90.000	0.0047	1.0000	0.0000	6.8000
E	216.826	90.000	31.1708	58.7785	0.2689	0.5994	0.0000	6.8000
dPolE	216.826	90.000	99.8914	1.0000	0.0000	6.8000
uR	216.826	90.000	0.0110	1.0000	0.0000	6.8000
E	218.438	90.000	51.8133	340.3221	0.2925	0.5240	0.0000	6.8000
dPolE	218.438	90.000	99.8529	1.0000	0.0000	6.8000
uR	218.438	90.000	0.0101	1.0000	0.0000	6.8000
E	220.050	90.000	48.5550	142.8459	0.2598	0.4668	0.0000	6.8000
dPolE	220.050	90.000	99.9539	1.0000	0.0000	6.8000
uR	220.050	90.000	0.0056	1.0000	0.0000	6.8000
E	221.662	90.000	54.3478	196.5584	0.2467	0.4222	0.0000	6.8000
dPolE	221.662	90.000	99.9872	1.0000	0.0000	6.8000
uR	221.662	90.000	0.0053	1.0000	0.0000	6.8000
E	223.274	90.000	54.1238	347.7366	0.2731	0.4453	0.0000	6.8000
dPolE	223.274	90.000	99.9232	1.0000	0.0000	6.8000
uR	223.274	90.000	0.0054	1.0000	0.0000	6.8000
E	224.886	90.000	19.2743	259.9502	0.2410	0.9008	0.0000	6.8000
dPolE	224.886	90.000	99.9999	1.0000	0.0000	6.8000
uR	224.886	90.000	0.0031	1.0000	0.0000	6.8000
E	226.498	90.000	68.1846	127.8938	0.2712	0.7739	0.0000	6.8000
dPolE	226.498	90.000	99.9630	1.0000	0.0000	6.8000
uR	226.498	90.000	0.0029	1.0000	0.0000	6.8000
E	228.111	90.000	71.1223	189.7017	0.2647	0.6024	0.0000	6.8000
dPolE	228.111	90.000	99.9290	1.0000	0.0000	6.8000
uR	228.111	90.000	0.0034	1.0000	0.0000	6.8000
E	229.723	90.000	14.2811	357.5612	0.3116	0.8609	0.0000	6.8000
dPolE	229.723	90.000	99.9856	1.0000	0.0000	6.8000
uR	229.723	90.000	0.0025	1.0000	0.0000	6.8000
E	231.335	90.000	14.2130	357.2268	0.2935	0.7892	0.0000	6.8000
dPolE	231.335	90.000	99.9842	1.0000	0.0000	6.8000
uR	231.335	90.000	0.0017	1.0000	0.0000	6.8000
E	232.948	90.000	54.6578	174.9235	0.2699	0.3569	0.0000	6.8000
dPolE	232.948	90.000	99.9455	1.0000	0.0000	6.8000
uR	232.948	90.000	0.0024	1.0000	0.0000	6.8000
E	234.560	90.000	61.3368	343.3997	0.2891	0.4466	0.0000	6.8000
dPolE	234.560	90.000	99.9096	1.0000	0.0000	6.8000
uR	234.560	90.000	0.0026	1.0000	0.0000	6.8000
E	236.173	90.000	23.6364	221.6948	0.3087	0.7194	0.0000	6.8000
dPolE	236.173	90.000	99.9761	1.0000	0.0000	6.8000
uR	236.173	90.000	0.0016	1.0000	0.0000	6.8000
E	237.786	90.000	17.1899	220.1091	0.2901	0.8895	0.0000	6.8000
dPolE	237.786	90.000	99.9346	1.0000	0.0000	6.8000
uR	237.786	90.000	0.0018	1.0000	0.0000	6.8000
E	239.398	90.000	8.2005	70.3259	0.2040	2.0911	0.0000	6.8000
dPolE	239.398	90.000	99.9748	1.0000	0.0000	6.8000
uR	239.398	90.000	0.0010	1.0000	0.0000	6.8000
E	241.011	90.000	68.8081	37.9479	0.3025	0.7297	0.0000	6.8000
dPolE	241.011	90.000	99.8770	1.0000	0.0000	6.8000
uR	241.011	90.000	0.0018	1.0000	0.0000	6.8000
E	242.624	90.000	40.4833	178.7585	0.3291	0.3600	0.0000	6.8000
dPolE	242.624	90.000	99.9696	1.0000	0.0000	6.8000
uR	242.624	90.000	0.0009	1.0000	0.0000	6.8000
E	244.237	90.000	30.0759	189.7258	0.3263	0.4154	0.0000	6.8000
dPolE	244.237	90.000	99.9712	1.0000	0.0000	6.8000
uR	244.237	90.000	0.0014	1.0000	0.0000	6.8000
E	245.850	90.000	66.7830	14.4720	0.3221	0.5090	0.0000	6.8000
dPolE	245.850	90.000	99.9132	1.0000	0.0000	6.8000
uR	245.850	90.000	0.0014	1.0000	0.0000	6.8000
E	247.463	90.000	28.6851	220.3450	0.2777	0.5241	0.0000	6.8000
dPolE	247.463	90.000	99.9384	1.0000	0.0000	6.8000
uR	247.463	90.000	0.0015	1.0000	0.0000	6.8000
E	249.076	90.000	29.6641	31.4909	0.3316	0.5402	0.0000	6.8000
dPolE	249.076	90.000	99.9727	1.0000	0.0000	6.8000
uR	249.076	90.000	0.0010	1.0000	0.0000	6.8000
E	250.689	90.000	19.2621	28.5244	0.3153	0.7003	0.0000	6.8000
dPolE	250.689	90.000	99.9943	1.0000	0.0000	6.8000
uR	250.689	90.000	0.0007	1.0000	0.0000	6.8000
E	252.302	90.000	20.4538	234.5555	0.2845	0.8879	0.0000	6.8000
dPolE	252.302	90.000	99.9822	1.0000	0.0000	6.8000
uR	252.302	90.000	0.0010	1.0000	0.0000	6.8000
E	253.916	90.000	43.5231	188.9328	0.2918	0.3052	0.0000	6.8000
dPolE	253.916	90.000	99.8381	1.0000	0.0000	6.8000
uR	253.916	90.000	0.0015	1.0000	0.0000	6.8000
E	255.529	90.000	16.2865	140.8534	0.2668	0.8283	0.0000	6.8000
dPolE	255.529	90.000	99.9516	1.0000	0.0000	6.8000
uR	255.529	90.000	0.0010	1.0000	0.0000	6.8000
E	257.142	90.000	5.2390	3.3457	0.3263	1.8134	0.0000	6.8000
dPolE	257.142	90.000	99.9905	1.0000	0.0000	6.8000
uR	257.142	90.000	0.0009	1.0000	0.0000	6.8000
E	258.756	90.000	41.4935	97.3929	0.3134	0.6312	0.0000	6.8000
dPolE	258.756	90.000	99.9979	1.0000	0.0000	6.8000
uR	258.756	90.000	0.0006	1.0000	0.0000	6.8000
E	260.369	90.000	69.0062	297.2987	0.2607	0.8718	0.0000	6.8000
dPolE	260.369	90.000	99.9935	1.0000	0.0000	6.8000
uR	260.369	90.000	0.0006	1.0000	0.0000	6.8000
E	261.983	90.000	27.5779	294.6255	0.2766	0.7038	0.0000	6.8000
dPolE	261.983	90.000	99.9991	1.0000	0.0000	6.8000
uR	261.983	90.000	0.0004	1.0000	0.0000	6.8000
E	263.596	90.000	89.9900	180.4320	0.2896	834.1785	0.0000	6.8000
dPolE	263.596	90.000	99.9560	1.0000	0.0000	6.8000
uR	263.596	90.000	0.0007	1.0000	0.0000	6.8000
E	265.210	90.000	37.9375	190.8447	0.3045	0.3337	0.0000	6.8000
dPolE	265.210	90.000	99.9955	1.0000	0.0000	6.8000
uR	265.210	90.000	0.0006	1.0000	0.0000	6.8000
E	266.823	90.000	42.8719	259.6449	0.2818	0.5594	0.0000	6.8000
dPolE	266.823	90.000	99.9982	1.0000	0.0000	6.8000
uR	266.823	90.000	0.0010	1.0000	0.0000	6.8000
E	268.437	90.000	52.7877	185.2404	0.2968	0.3188	0.0000	6.8000
dPolE	268.437	90.000	99.9025	1.0000	0.0000	6.8000
uR	268.437	90.000	0.0011	1.0000	0.0000	6.8000
E	270.051	90.000	51.2460	322.8988	0.2743	0.4124	0.0000	6.8000
dPolE	270.051	90.000	99.9947	1.0000	0.0000	6.8000
uR	270.051	90.000	0.0009	1.0000	0.0000	6.8000
E	271.665	90.000	58.7659	167.8384	0.2817	0.3501	0.0000	6.8000
dPolE	271.665	90.000	99.9987	1.0000	0.0000	6.8000
uR	271.665	90.000	0.0005	1.0000	0.0000	6.8000
E	273.279	90.000	42.3497	169.7698	0.2695	0.2945	0.0000	6.8000
dPolE	273.279	90.000	99.9744	1.0000	0.0000	6.8000
uR	273.279	90.000	0.0007	1.0000	0.0000	6.8000
E	274.892	90.000	46.3407	26.0017	0.2858	0.3696	0.0000	6.8000
dPolE	274.892	90.000	99.9995	1.0000	0.0000	6.8000
uR	274.892	90.000	0.0003	1.0000	0.0000	6.8000
E	276.506	90.000	25.0458	155.3995	0.2447	0.4179	0.0000	6.8000
dPolE	276.506	90.000	99.9505	1.0000	0.0000	6.8000
uR	276.506	90.000	0.0007	1.0000	0.0000	6.8000
E	278.120	90.000	32.0812	313.6808	0.2573	0.4821	0.0000	6.8000
dPolE	278.120	90.000	99.9612	1.0000	0.0000	6.8000
uR	278.120	90.000	0.0006	1.0000	0.0000	6.8000
E	279.734	90.000	26.1966	149.2471	0.2589	0.4686	0.0000	6.8000
dPolE	279.734	90.000	99.9814	1.0000	0.0000	6.8000
uR	279.734	90.000	0.0009	1.0000	0.0000	6.8000
E	281.349	90.000	56.4765	26.5864	0.2766	0.4031	0.0000	6.8000
dPolE	281.349	90.000	99.9875	1.0000	0.0000	6.8000
uR	281.349	90.000	0.0007	1.0000	0.0000	6.8000
E	282.963	90.000	31.3320	117.9520	0.2533	0.5578	0.0000	6.8000
dPolE	282.963	90.000	99.9958	1.0000	0.0000	6.8000
uR	282.963	90.000	0.0004	1.0000	0.0000	6.8000
E	284.577	90.000	26.0974	53.0269	0.2361	0.5669	0.0000	6.8000
dPolE	284.577	90.000	99.9728	1.0000	0.0000	6.8000
uR	284.577	90.000	0.0005	1.0000	0.0000	6.8000
E	286.191	90.000	22.4002	131.7276	0.2346	0.6186	0.0000	6.8000
dPolE	286.191	90.000	99.9999	1.0000	0.0000	6.8000
uR	286.191	90.000	0.0004	1.0000	0.0000	6.8000
E	287.805	90.000	35.3846	1.8106	0.2430	0.2947	0.0000	6.8000
dPolE	287.805	90.000	99.9502	1.0000	0.0000	6.8000
uR	287.805	90.000	0.0007	1.0000	0.0000	6.8000
E	289.420	90.000	30.1464	219.2304	0.2360	0.4357	0.0000	6.8000
dPolE	289.420	90.000	99.9910	1.0000	0.0000	6.8000
uR	289.420	90.000	0.0003	1.0000	0.0000	6.8000
E	291.034	90.000	73.6146	297.9816	0.1953	0.8358	0.0000	6.8000
dPolE	291.034	90.000	99.9924	1.0000	0.0000	6.8000
uR	291.034	90.000	0.0005	1.0000	0.0000	6.8000
E	292.649	90.000	26.5710	16.9376	0.2139	0.3441	0.0000	6.8000
dPolE	292.649	90.000	99.9704	1.0000	0.0000	6.8000
uR	292.649	90.000	0.0007	1.0000	0.0000	6.8000
E	294.263	90.000	70.8791	173.5384	0.2300	0.4514	0.0000	6.8000
dPolE	294.263	90.000	99.9823	1.0000	0.0000	6.8000
uR	294.263	90.000	0.0004	1.0000	0.0000	6.8000
E	295.877	90.000	53.4580	160.4954	0.2265	0.3149	0.0000	6.8000
dPolE	295.877	90.000	99.8464	1.0000	0.0000	6.8000
uR	295.877	90.000	0.0009	1.0000	0.0000	6.8000
E	297.492	90.000	82.9496	90.0338	0.1447	1.8441	0.0000	6.8000
dPolE	297.492	90.000	99.9139	1.0000	0.0000	6.8000
uR	297.492	90.000	0.0007	1.0000	0.0000	6.8000
E	299.107	90.000	12.1697	138.3070	0.1736	0.7766	0.0000	6.8000
dPolE	299.107	90.000	99.9696	1.0000	0.0000	6.8000
uR	299.107	90.000	0.0006	1.0000	0.0000	6.8000
E	300.721	90.000	80.6898	98.5822	0.1498	1.3560	0.0000	6.8000
dPolE	300.721	90.000	99.9839	1.0000	0.0000	6.8000
uR	300.721	90.000	0.0005	1.0000	0.0000	6.8000
E	302.336	90.000	62.3794	275.9282	0.1916	0.5167	0.0000	6.8000
dPolE	302.336	90.000	99.9858	1.0000	0.0000	6.8000
uR	302.336	90.000	0.0004	1.0000	0.0000	6.8000
E	303.950	90.000	61.8481	316.4325	0.1924	0.4029	0.0000	6.8000
dPolE	303.950	90.000	99.9845	1.0000	0.0000	6.8000
uR	303.950	90.000	0.0004	1.0000	0.0000	6.8000
E	305.565	90.000	31.2840	8.5070	0.2103	0.3162	0.0000	6.8000
dPolE	305.565	90.000	99.9889	1.0000	0.0000	6.8000
uR	305.565	90.000	0.0003	1.0000	0.0000	6.8000
E	307.180	90.000	38.6671	273.3252	0.1998	0.4148	0.0000	6.8000
dPolE	307.180	90.000	99.9965	1.0000	0.0000	6.8000
uR	307.180	90.000	0.0003	1.0000	0.0000	6.8000
E	308.795	90.000	26.3971	327.7251	0.1926	0.3884	0.0000	6.8000
dPolE	308.795	90.000	99.9877	1.0000	0.0000	6.8000
uR	308.795	90.000	0.0004	1.0000	0.0000	6.8000
E	310.410	90.000	64.3257	171.4789	0.1921	0.3407	0.0000	6.8000
dPolE	310.410	90.000	99.9851	1.0000	0.0000	6.8000
uR	310.410	90.000	0.0004	1.0000	0.0000	6.8000
E	312.024	90.000	11.2905	253.0390	0.1564	1.0371	0.0000	6.8000
dPolE	312.024	90.000	99.9946	1.0000	0.0000	6.8000
uR	312.024	90.000	0.0004	1.0000	0.0000	6.8000
E	313.639	90.000	23.4683	88.0832	0.1597	0.5013	0.0000	6.8000
dPolE	313.639	90.000	99.9999	1.0000	0.0000	6.8000
uR	313.639	90.000	0.0003	1.0000	0.0000	6.8000
E	315.254	90.000	73.0306	194.5493	0.1819	0.4808	0.0000	6.8000
dPolE	315.254	90.000	99.9790	1.0000	0.0000	6.8000
uR	315.254	90.000	0.0003	1.0000	0.0000	6.8000
E	316.869	90.000	56.0488	127.9540	0.1848	0.3678	0.0000	6.8000
dPolE	316.869	90.000	99.9937	1.0000	0.0000	6.8000
uR	316.869	90.000	0.0004	1.0000	0.0000	6.8000
E	318.484	90.000	44.7505	39.6641	0.1707	0.2886	0.0000	6.8000
dPolE	318.484	90.000	99.9854	1.0000	0.0000	6.8000
uR	318.484	90.000	0.0003	1.0000	0.0000	6.8000
E	320.099	90.000	24.6653	134.3136	0.1629	0.3984	0.0000	6.8000
dPolE	320.099	90.000	99.9986	1.0000	0.0000	6.8000
uR	320.099	90.000	0.0004	1.0000	0.0000	6.8000
E	321.714	90.000	60.4737	33.6840	0.1659	0.3264	0.0000	6.8000
dPolE	321.714	90.000	99.9827	1.0000	0.0000	6.8000
uR	321.714	90.000	0.0004	1.0000	0.0000	6.8000
E	323.330	90.000	36.1974	339.2457	0.1625	0.2666	0.0000	6.8000
dPolE	323.330	90.000	99.9992	1.0000	0.0000	6.8000
uR	323.330	90.000	0.0003	1.0000	0.0000	6.8000
E	324.945	90.000	39.2377	172.4983	0.1707	0.2646	0.0000	6.8000
dPolE	324.945	90.000	99.9939	1.0000	0.0000	6.8000
uR	324.945	90.000	0.0003	1.0000	0.0000	6.8000
E	326.560	90.000	47.7905	235.2350	0.1681	0.3146	0.0000	6.8000
dPolE	326.560	90.000	99.9972	1.0000	0.0000	6.8000
uR	326.560	90.000	0.0002	1.0000	0.0000	6.8000
E	328.175	90.000	51.4128	11.1209	0.1661	0.2654	0.0000	6.8000
dPolE	328.175	90.000	99.9885	1.0000	0.0000	6.8000
uR	328.175	90.000	0.0004	1.0000	0.0000	6.8000
E	329.790	90.000	68.6417	234.2441	0.1502	0.4442	0.0000	6.8000
dPolE	329.790	90.000	99.9701	1.0000	0.0000	6.8000
uR	329.790	90.000	0.0004	1.0000	0.0000	6.8000
E	331.406	90.000	42.5910	270.4710	0.1624	0.3263	0.0000	6.8000
dPolE	331.406	90.000	99.9947	1.0000	0.0000	6.8000
uR	331.406	90.000	0.0002	1.0000	0.0000	6.8000
E	333.021	90.000	41.0855	21.2882	0.1644	0.2745	0.0000	6.8000
dPolE	333.021	90.000	99.9946	1.0000	0.0000	6.8000
uR	333.021	90.000	0.0004	1.0000	0.0000	6.8000
E	334.636	90.000	76.4935	185.1732	0.1400	0.4947	0.0000	6.8000
dPolE	334.636	90.000	99.9934	1.0000	0.0000	6.8000
uR	334.636	90.000	0.0003	1.0000	0.0000	6.8000
E	336.251	90.000	16.5033	187.8089	0.1523	0.4547	0.0000	6.8000
dPolE	336.251	90.000	99.9781	1.0000	0.0000	6.8000
uR	336.251	90.000	0.0004	1.0000	0.0000	6.8000
E	337.867	90.000	42.3880	177.0695	0.1577	0.2602	0.0000	6.8000
dPolE	337.867	90.000	99.9904	1.0000	0.0000	6.8000
uR	337.867	90.000	0.0003	1.0000	0.0000	6.8000
E	339.482	90.000	30.0376	231.7727	0.1517	0.3365	0.0000	6.8000
dPolE	339.482	90.000	99.9954	1.0000	0.0000	6.8000
uR	339.482	90.000	0.0003	1.0000	0.0000	6.8000
E	341.098	90.000	74.5888	131.6699	0.1443	0.5603	0.0000	6.8000
dPolE	341.098	90.000	99.9926	1.0000	0.0000	6.8000
uR	341.098	90.000	0.0003	1.0000	0.0000	6.8000
E	342.713	90.000	44.4310	324.9769	0.1635	0.2922	0.0000	6.8000
dPolE	342.713	90.000	99.9969	1.0000	0.0000	6.8000
uR	342.713	90.000	0.0002	1.0000	0.0000	6.8000
E	344.329	90.000	49.8633	3.5646	0.1537	0.2651	0.0000	6.8000
dPolE	344.329	90.000	99.9994	1.0000	0.0000	6.8000
uR	344.329	90.000	0.0002	1.0000	0.0000	6.8000
E	345.944	90.000	48.6615	356.6403	0.1477	0.2549	0.0000	6.8000
dPolE	345.944	90.000	99.9945	1.0000	0.0000	6.8000
uR	345.944	90.000	0.0003	1.0000	0.0000	6.8000
E	347.560	90.000	19.2496	63.9183	0.1377	0.4627	0.0000	6.8000
dPolE	347.560	90.000	99.9995	1.0000	0.0000	6.8000
uR	347.560	90.000	0.0002	1.0000	0.0000	6.8000
E	349.175	90.000	52.5513	339.6450	0.1499	0.2733	0.0000	6.8000
dPolE	349.175	90.000	99.9767	1.0000	0.0000	6.8000
uR	349.175	90.000	0.0004	1.0000	0.0000	6.8000
E	350.791	90.000	76.3323	126.5541	0.1360	0.6045	0.0000	6.8000
dPolE	350.791	90.000	99.9934	1.0000	0.0000	6.8000
uR	350.791	90.000	0.0003	1.0000	0.0000	6.8000
E	352.406	90.000	26.6193	191.3164	0.1467	0.3260	0.0000	6.8000
dPolE	352.406	90.000	99.9942	1.0000	0.0000	6.8000
uR	352.406	90.000	0.0003	1.0000	0.0000	6.8000
E	354.022	90.000	19.8464	98.4309	0.1382	0.4618	0.0000	6.8000
dPolE	354.022	90.000	99.9943	1.0000	0.0000	6.8000
uR	354.022	90.000	0.0002	1.0000	0.0000	6.8000
E	355.638	90.000	21.2880	189.3875	0.1462	0.3854	0.0000	6.8000
dPolE	355.638	90.000	99.9915	1.0000	0.0000	6.8000
uR	355.638	90.000	0.0004	1.0000	0.0000	6.8000
E	357.253	90.000	20.7963	217.3286	0.1404	0.4047	0.0000	6.8000
dPolE	357.253	90.000	99.9942	1.0000	0.0000	6.8000
uR	357.253	90.000	0.0002	1.0000	0.0000	6.8000
E	358.869	90.000	7.6482	36.9709	0.1330	0.9803	0.0000	6.8000
dPolE	358.869	90.000	99.9932	1.0000	0.0000	6.8000
uR	358.869	90.000	0.0003	1.0000	0.0000	6.8000
E	360.485	90.000	57.8338	343.6686	0.1464	0.2989	0.0000	6.8000
dPolE	360.485	90.000	99.9973	1.0000	0.0000	6.8000
uR	360.485	90.000	0.0003	1.0000	0.0000	6.8000
E	362.100	90.000	38.3602	56.8852	0.1366	0.2740	0.0000	6.8000
dPolE	362.100	90.000	99.9962	1.0000	0.0000	6.8000
uR	362.100	90.000	0.0003	1.0000	0.0000	6.8000
E	363.716	90.000	42.1672	159.1534	0.1412	0.2614	0.0000	6.8000
dPolE	363.716	90.000	99.9966	1.0000	0.0000	6.8000
uR	363.716	90.000	0.0004	1.0000	0.0000	6.8000
E	365.332	90.000	71.0093	248.1367	0.1293	0.4345	0.0000	6.8000
dPolE	365.332	90.000	99.9943	1.0000	0.0000	6.8000
uR	365.332	90.000	0.0002	1.0000	0.0000	6.8000
E	366.948	90.000	33.5562	255.6202	0.1289	0.2816	0.0000	6.8000
dPolE	366.948	90.000	99.9976	1.0000	0.0000	6.8000
uR	366.948	90.000	0.0002	1.0000	0.0000	6.8000
E	368.563	90.000	47.4041	55.9346	0.1389	0.2722	0.0000	6.8000
dPolE	368.563	90.000	99.9901	1.0000	0.0000	6.8000
uR	368.563	90.000	0.0003	1.0000	0.0000	6.8000
E	370.179	90.000	37.4140	26.2914	0.1345	0.2603	0.0000	6.8000
dPolE	370.179	90.000	99.9944	1.0000	0.0000	6.8000
uR	370.179	90.000	0.0004	1.0000	0.0000	6.8000
E	371.795	90.000	29.6291	27.7444	0.1380	0.3019	0.0000	6.8000
dPolE	371.795	90.000	99.9939	1.0000	0.0000	6.8000
uR	371.795	90.000	0.0003	1.0000	0.0000	6.8000
E	373.411	90.000	21.5889	352.2864	0.1272	0.3455	0.0000	6.8000
dPolE	373.411	90.000	99.9934	1.0000	0.0000	6.8000
uR	373.411	90.000	0.0005	1.0000	0.0000	6.8000
E	375.027	90.000	35.5123	199.3109	0.1278	0.2562	0.0000	6.8000
dPolE	375.027	90.000	99.9966	1.0000	0.0000	6.8000
uR	375.027	90.000	0.0003	1.0000	0.0000	6.8000
E	376.643	90.000	48.0617	129.7579	0.1324	0.2601	0.0000	6.8000
dPolE	376.643	90.000	99.9999	1.0000	0.0000	6.8000
uR	376.643	90.000	0.0004	1.0000	0.0000	6.8000
E	378.258	90.000	63.2942	44.3163	0.1263	0.3077	0.0000	6.8000
dPolE	378.258	90.000	99.9800	1.0000	0.0000	6.8000
uR	378.258	90.000	0.0004	1.0000	0.0000	6.8000
E	379.874	90.000	62.0641	18.3463	0.1327	0.3022	0.0000	6.8000
dPolE	379.874	90.000	99.9833	1.0000	0.0000	6.8000
uR	379.874	90.000	0.0004	1.0000	0.0000	6.8000
E	381.490	90.000	26.4461	352.0409	0.1232	0.2915	0.0000	6.8000
dPolE	381.490	90.000	99.9771	1.0000	0.0000	6.8000
uR	381.490	90.000	0.0005	1.0000	0.0000	6.8000
E	383.106	90.000	12.7756	328.6277	0.1312	0.5924	0.0000	6.8000
dPolE	383.106	90.000	99.9936	1.0000	0.0000	6.8000
uR	383.106	90.000	0.0003	1.0000	0.0000	6.8000
E	384.722	90.000	11.8799	334.5943	0.1274	0.6115	0.0000	6.8000
dPolE	384.722	90.000	99.9954	1.0000	0.0000	6.8000
uR	384.722	90.000	0.0003	1.0000	0.0000	6.8000
E	386.338	90.000	34.4931	82.4044	0.1168	0.2517	0.0000	6.8000
dPolE	386.338	90.000	99.9889	1.0000	0.0000	6.8000
uR	386.338	90.000	0.0004	1.0000	0.0000	6.8000
E	387.954	90.000	62.6027	1.8294	0.1306	0.2999	0.0000	6.8000
dPolE	387.954	90.000	99.9954	1.0000	0.0000	6.8000
uR	387.954	90.000	0.0002	1.0000	0.0000	6.8000
E	389.570	90.000	43.3269	197.4068	0.1154	0.2188	0.0000	6.8000
dPolE	389.570	90.000	99.9970	1.0000	0.0000	6.8000
uR	389.570	90.000	0.0002	1.0000	0.0000	6.8000
E	391.186	90.000	63.5798	79.1403	0.1164	0.2969	0.0000	6.8000
dPolE	391.186	90.000	99.9888	1.0000	0.0000	6.8000
uR	391.186	90.000	0.0004	1.0000	0.0000	6.8000
E	392.802	90.000	22.5644	303.0062	0.1233	0.3490	0.0000	6.8000
dPolE	392.802	90.000	99.9979	1.0000	0.0000	6.8000
uR	392.802	90.000	0.0003	1.0000	0.0000	6.8000
E	394.418	90.000	35.6144	355.0189	0.1297	0.2604	0.0000	6.8000
dPolE	394.418	90.000	99.9940	1.0000	0.0000	6.8000
uR	394.418	90.000	0.0002	1.0000	0.0000	6.8000
E	396.034	90.000	34.6645	24.4954	0.1232	0.2509	0.0000	6.8000
dPolE	396.034	90.000	99.9954	1.0000	0.0000	6.8000
uR	396.034	90.000	0.0003	1.0000	0.0000	6.8000
E	397.650	90.000	16.6090	41.1932	0.1194	0.4288	0.0000	6.8000
dPolE	397.650	90.000	99.9888	1.0000	0.0000	6.8000
uR	397.650	90.000	0.0003	1.0000	0.0000	6.8000
E	399.266	90.000	49.3698	355.1674	0.1203	0.2288	0.0000	6.8000
dPolE	399.266	90.000	99.9171	1.0000	0.0000	6.8000
uR	399.266	90.000	0.0006	1.0000	0.0000	6.8000
E	400.882	90.000	44.7320	9.4659	0.1149	0.2178	0.0000	6.8000
dPolE	400.882	90.000	99.9011	1.0000	0.0000	6.8000
uR	400.882	90.000	0.0006	1.0000	0.0000	6.8000
E	402.498	90.000	46.6593	350.4496	0.1196	0.2282	0.0000	6.8000
dPolE	402.498	90.000	99.9395	1.0000	0.0000	6.8000
uR	402.498	90.000	0.0005	1.0000	0.0000	6.8000
E	404.114	90.000	33.1216	354.9117	0.1221	0.2531	0.0000	6.8000
dPolE	404.114	90.000	99.8822	1.0000	0.0000	6.8000
uR	404.114	90.000	0.0007	1.0000	0.0000	6.8000
E	405.730	90.000	44.3777	359.1329	0.1141	0.2141	0.0000	6.8000
dPolE	405.730	90.000	99.8143	1.0000	0.0000	6.8000
uR	405.730	90.000	0.0009	1.0000	0.0000	6.8000
E	407.346	90.000	46.7572	10.3745	0.1211	0.2268	0.0000	6.8000
dPolE	407.346	90.000	99.7903	1.0000	0.0000	6.8000
uR	407.346	90.000	0.0009	1.0000	0.0000	6.8000
E	408.962	90.000	41.8050	8.1640	0.1166	0.2189	0.0000	6.8000
dPolE	408.962	90.000	99.6282	1.0000	0.0000	6.8000
uR	408.962	90.000	0.0012	1.0000	0.0000	6.8000
E	410.578	90.000	42.6390	1.2164	0.1198	0.2251	0.0000	6.8000
dPolE	410.578	90.000	99.3717	1.0000	0.0000	6.8000
uR	410.578	90.000	0.0015	1.0000	0.0000	6.8000
E	412.194	90.000	42.3678	5.2935	0.1095	0.2073	0.0000	6.8000
dPolE	412.194	90.000	99.2319	1.0000	0.0000	6.8000
uR	412.194	90.000	0.0018	1.0000	0.0000	6.8000
E	413.810	90.000	44.1630	1.1687	0.1122	0.2113	0.0000	6.8000
dPolE	413.810	90.000	99.1610	1.0000	0.0000	6.8000
uR	413.810	90.000	0.0018	1.0000	0.0000	6.8000
E	415.426	90.000	44.9832	1.1394	0.1126	0.2099	0.0000	6.8000
dPolE	415.426	90.000	98.6150	1.0000	0.0000	6.8000
uR	415.426	90.000	0.0023	1.0000	0.0000	6.8000
E	417.042	90.000	45.1175	5.0046	0.1128	0.2081	0.0000	6.8000
dPolE	417.042	90.000	98.2898	1.0000	0.0000	6.8000
uR	417.042	90.000	0.0025	1.0000	0.0000	6.8000
E	418.658	90.000	43.8830	3.2559	0.1175	0.2157	0.0000	6.8000
dPolE	418.658	90.000	98.0195	1.0000	0.0000	6.8000
uR	418.658	90.000	0.0028	1.0000	0.0000	6.8000
E	420.274	90.000	45.2236	1.3607	0.1072	0.1968	0.0000	6.8000
dPolE	420.274	90.000	96.8350	1.0000	0.0000	6.8000
uR	420.274	90.000	0.0035	1.0000	0.0000	6.8000
E	421.890	90.000	43.3712	3.4074	0.1035	0.1913	0.0000	6.8000
dPolE	421.890	90.000	97.0834	1.0000	0.0000	6.8000
uR	421.890	90.000	0.0036	1.0000	0.0000	6.8000
E	423.506	90.000	44.7376	0.7670	0.1087	0.2012	0.0000	6.8000
dPolE	423.506	90.000	96.6601	1.0000	0.0000	6.8000
uR	423.506	90.000	0.0040	1.0000	0.0000	6.8000
E	425.122	90.000	43.9630	0.3002	0.1003	0.1849	0.0000	6.8000
dPolE	425.122	90.000	96.3425	1.0000	0.0000	6.8000
uR	425.122	90.000	0.0043	1.0000	0.0000	6.8000
E	426.738	90.000	45.6141	2.6960	0.1018	0.1858	0.0000	6.8000
dPolE	426.738	90.000	95.7315	1.0000	0.0000	6.8000
uR	426.738	90.000	0.0046	1.0000	0.0000	6.8000
E	428.355	90.000	45.3509	0.9107	0.0998	0.1799	0.0000	6.8000
dPolE	428.355	90.000	94.9662	1.0000	0.0000	6.8000
uR	428.355	90.000	0.0053	1.0000	0.0000	6.8000
E	429.971	90.000	45.2521	1.7372	0.0999	0.1787	0.0000	6.8000
dPolE	429.971	90.000	94.5391	1.0000	0.0000	6.8000
uR	429.971	90.000	0.0054	1.0000	0.0000	6.8000
E	431.587	90.000	45.2433	0.5444	0.0993	0.1779	0.0000	6.8000
dPolE	431.587	90.000	93.5960	1.0000	0.0000	6.8000
uR	431.587	90.000	0.0059	1.0000	0.0000	6.8000
E	433.203	90.000	45.1441	1.0394	0.0996	0.1790	0.0000	6.8000
dPolE	433.203	90.000	92.8320	1.0000	0.0000	6.8000
uR	433.203	90.000	0.0066	1.0000	0.0000	6.8000
E	434.819	90.000	45.0591	0.7856	0.0949	0.1711	0.0000	6.8000
dPolE	434.819	90.000	93.1308	1.0000	0.0000	6.8000
uR	434.819	90.000	0.0066	1.0000	0.0000	6.8000
E	436.435	90.000	44.6885	2.7521	0.0966	0.1737	0.0000	6.8000
dPolE	436.435	90.000	91.7226	1.0000	0.0000	6.8000
uR	436.435	90.000	0.0070	1.0000	0.0000	6.8000
E	438.051	90.000	45.2894	0.8145	0.0904	0.1609	0.0000	6.8000
dPolE	438.051	90.000	90.1657	1.0000	0.0000	6.8000
uR	438.051	90.000	0.0075	1.0000	0.0000	6.8000
E	439.667	90.000	45.4387	0.6723	0.0948	0.1667	0.0000	6.8000
dPolE	439.667	90.000	88.4901	1.0000	0.0000	6.8000
uR	439.667	90.000	0.0081	1.0000	0.0000	6.8000
E	441.283	90.000	44.8859	1.5672	0.0944	0.1645	0.0000	6.8000
dPolE	441.283	90.000	87.9696	1.0000	0.0000	6.8000
uR	441.283	90.000	0.0083	1.0000	0.0000	6.8000
E	442.899	90.000	44.5119	1.5435	0.0991	0.1720	0.0000	6.8000
dPolE	442.899	90.000	87.5150	1.0000	0.0000	6.8000
uR	442.899	90.000	0.0087	1.0000	0.0000	6.8000
E	444.515	90.000	44.7187	0.6497	0.0933	0.1621	0.0000	6.8000
dPolE	444.515	90.000	87.3702	1.0000	0.0000	6.8000
uR	444.515	90.000	0.0088	1.0000	0.0000	6.8000
E	446.131	90.000	44.9937	0.9405	0.0873	0.1522	0.0000	6.8000
dPolE	446.131	90.000	87.4867	1.0000	0.0000	6.8000
uR	446.131	90.000	0.0092	1.0000	0.0000	6.8000
E	447.747	90.000	44.3698	1.5640	0.0934	0.1629	0.0000	6.8000
dPolE	447.747	90.000	86.6871	1.0000	0.0000	6.8000
uR	447.747	90.000	0.0095	1.0000	0.0000	6.8000
E	449.363	90.000	44.6705	1.2299	0.0904	0.1568	0.0000	6.8000
dPolE	449.363	90.000	84.1340	1.0000	0.0000	6.8000
uR	449.363	90.000	0.0101	1.0000	0.0000	6.8000
E	450.979	90.000	45.0058	1.1478	0.0854	0.1466	0.0000	6.8000
dPolE	450.979	90.000	81.6916	1.0000	0.0000	6.8000
uR	450.979	90.000	0.0103	1.0000	0.0000	6.8000
E	452.594	90.000	44.4504	1.2850	0.0908	0.1541	0.0000	6.8000
dPolE	452.594	90.000	79.5441	1.0000	0.0000	6.8000
uR	452.594	90.000	0.0109	1.0000	0.0000	6.8000
E	454.210	90.000	45.2865	1.1028	0.0842	0.1413	0.0000	6.8000
dPolE	454.210	90.000	81.2742	1.0000	0.0000	6.8000
uR	454.210	90.000	0.0112	1.0000	0.0000	6.8000
E	455.826	90.000	45.5208	0.7956	0.0869	0.1452	0.0000	6.8000
dPolE	455.826	90.000	79.6035	1.0000	0.0000	6.8000
uR	455.826	90.000	0.0117	1.0000	0.0000	6.8000
E	457.442	90.000	45.0487	0.9181	0.0841	0.1406	0.0000	6.8000
dPolE	457.442	90.000	79.5326	1.0000	0.0000	6.8000
uR	457.442	90.000	0.0117	1.0000	0.0000	6.8000
E	459.058	90.000	44.8623	0.2701	0.0841	0.1411	0.0000	6.8000
dPolE	459.058	90.000	77.2256	1.0000	0.0000	6.8000
uR	459.058	90.000	0.0121	1.0000	0.0000	6.8000
E	460.674	90.000	44.9010	0.4798	0.0828	0.1390	0.0000	6.8000
dPolE	460.674	90.000	76.8255	1.0000	0.0000	6.8000
uR	460.674	90.000	0.0122	1.0000	0.0000	6.8000
E	462.290	90.000	45.1903	0.8536	0.0800	0.1337	0.0000	6.8000
dPolE	462.290	90.000	74.2335	1.0000	0.0000	6.8000
uR	462.290	90.000	0.0127	1.0000	0.0000	6.8000
E	463.906	90.000	44.7870	0.8353	0.0737	0.1221	0.0000	6.8000
dPolE	463.906	90.000	72.0344	1.0000	0.0000	6.8000
uR	463.906	90.000	0.0132	1.0000	0.0000	6.8000
E	465.521	90.000	45.1504	1.1439	0.0776	0.1270	0.0000	6.8000
dPolE	465.521	90.000	69.8760	1.0000	0.0000	6.8000
uR	465.521	90.000	0.0135	1.0000	0.0000	6.8000
E	467.137	90.000	45.0198	0.8388	0.0741	0.1198	0.0000	6.8000
dPolE	467.137	90.000	66.4449	1.0000	0.0000	6.8000
uR	467.137	90.000	0.0139	1.0000	0.0000	6.8000
E	468.753	90.000	45.0456	0.7511	0.0729	0.1171	0.0000	6.8000
dPolE	468.753	90.000	62.9473	1.0000	0.0000	6.8000
uR	468.753	90.000	0.0141	1.0000	0.0000	6.8000
E	470.369	90.000	44.8148	0.7162	0.0739	0.1185	0.0000	6.8000
dPolE	470.369	90.000	64.3168	1.0000	0.0000	6.8000
uR	470.369	90.000	0.0144	1.0000	0.0000	6.8000
E	471.985	90.000	45.0758	0.2964	0.0748	0.1199	0.0000	6.8000
dPolE	471.985	90.000	66.1676	1.0000	0.0000	6.8000
uR	471.985	90.000	0.0148	1.0000	0.0000	6.8000
E	473.600	90.000	45.1146	0.6125	0.0764	0.1229	0.0000	6.8000
dPolE	473.600	90.000	65.4741	1.0000	0.0000	6.8000
uR	473.600	90.000	0.0152	1.0000	0.0000	6.8000
E	475.216	90.000	44.7989	0.9225	0.0750	0.1206	0.0000	6.8000
dPolE	475.216	90.000	68.7430	1.0000	0.0000	6.8000
uR	475.216	90.000	0.0154	1.0000	0.0000	6.8000
E	476.832	90.000	44.6187	0.7842	0.0791	0.1266	0.0000	6.8000
dPolE	476.832	90.000	70.8684	1.0000	0.0000	6.8000
uR	476.832	90.000	0.0156	1.0000	0.0000	6.8000
E	478.448	90.000	44.7413	0.5290	0.0811	0.1286	0.0000	6.8000
dPolE	478.448	90.000	71.2196	1.0000	0.0000	6.8000
uR	478.448	90.000	0.0156	1.0000	0.0000	6.8000
E	480.063	90.000	44.8518	0.9165	0.0811	0.1271	0.0000	6.8000
dPolE	480.063	90.000	69.9486	1.0000	0.0000	6.8000
uR	480.063	90.000	0.0158	1.0000	0.0000	6.8000
E	481.679	90.000	44.8987	0.8985	0.0764	0.1182	0.0000	6.8000
dPolE	481.679	90.000	69.3505	1.0000	0.0000	6.8000
uR	481.679	90.000	0.0161	1.0000	0.0000	6.8000
E	483.294	90.000	45.2276	0.4017	0.0783	0.1202	0.0000	6.8000
dPolE	483.294	90.000	64.4118	1.0000	0.0000	6.8000
uR	483.294	90.000	0.0165	1.0000	0.0000	6.8000
E	484.910	90.000	44.8460	0.4635	0.0732	0.1120	0.0000	6.8000
dPolE	484.910	90.000	67.3227	1.0000	0.0000	6.8000
uR	484.910	90.000	0.0167	1.0000	0.0000	6.8000
E	486.526	90.000	44.9696	0.5020	0.0759	0.1163	0.0000	6.8000
dPolE	486.526	90.000	69.2040	1.0000	0.0000	6.8000
uR	486.526	90.000	0.0169	1.0000	0.0000	6.8000
E	488.141	90.000	45.1319	0.3887	0.0796	0.1223	0.0000	6.8000
dPolE	488.141	90.000	66.7784	1.0000	0.0000	6.8000
uR	488.141	90.000	0.0174	1.0000	0.0000	6.8000
E	489.757	90.000	44.5645	0.3570	0.0785	0.1205	0.0000	6.8000
dPolE	489.757	90.000	66.2101	1.0000	0.0000	6.8000
uR	489.757	90.000	0.0176	1.0000	0.0000	6.8000
E	491.372	90.000	44.7577	0.6272	0.0774	0.1185	0.0000	6.8000
dPolE	491.372	90.000	64.3429	1.0000	0.0000	6.8000
uR	491.372	90.000	0.0176	1.0000	0.0000	6.8000
E	492.988	90.000	44.9080	0.2450	0.0735	0.1118	0.0000	6.8000
dPolE	492.988	90.000	63.6085	1.0000	0.0000	6.8000
uR	492.988	90.000	0.0179	1.0000	0.0000	6.8000
E	494.603	90.000	44.9183	0.5193	0.0727	0.1096	0.0000	6.8000
dPolE	494.603	90.000	64.0354	1.0000	0.0000	6.8000
uR	494.603	90.000	0.0179	1.0000	0.0000	6.8000
E	496.219	90.000	45.2119	0.5453	0.0784	0.1167	0.0000	6.8000
dPolE	496.219	90.000	65.3987	1.0000	0.0000	6.8000
uR	496.219	90.000	0.0182	1.0000	0.0000	6.8000
E	497.834	90.000	44.8651	0.4837	0.0787	0.1159	0.0000	6.8000
dPolE	497.834	90.000	64.4210	1.0000	0.0000	6.8000
uR	497.834	90.000	0.0184	1.0000	0.0000	6.8000
E	499.450	90.000	45.0397	0.5014	0.0801	0.1171	0.0000	6.8000
dPolE	499.450	90.000	64.4474	1.0000	0.0000	6.8000
uR	499.450	90.000	0.0188	1.0000	0.0000	6.8000
E	501.065	90.000	44.8493	0.5603	0.0776	0.1130	0.0000	6.8000
dPolE	501.065	90.000	65.7715	1.0000	0.0000	6.8000
uR	501.065	90.000	0.0189	1.0000	0.0000	6.8000
E	502.680	90.000	45.1143	359.9462	0.0777	0.1131	0.0000	6.8000
dPolE	502.680	90.000	65.1309	1.0000	0.0000	6.8000
uR	502.680	90.000	0.0190	1.0000	0.0000	6.8000
E	504.296	90.000	44.9238	0.6017	0.0755	0.1102	0.0000	6.8000
dPolE	504.296	90.000	64.8159	1.0000	0.0000	6.8000
uR	504.296	90.000	0.0191	1.0000	0.0000	6.8000
E	505.911	90.000	44.9864	0.1199	0.0786	0.1148	0.0000	6.8000
dPolE	505.911	90.000	65.1830	1.0000	0.0000	6.8000
uR	505.911	90.000	0.0192	1.0000	0.0000	6.8000
E	507.526	90.000	44.5563	0.3199	0.0786	0.1147	0.0000	6.8000
dPolE	507.526	90.000	64.1387	1.0000	0.0000	6.8000
uR	507.526	90.000	0.0191	1.0000	0.0000	6.8000
E	509.141	90.000	44.8344	0.1721	0.0769	0.1115	0.0000	6.8000
dPolE	509.141	90.000	62.6598	1.0000	0.0000	6.8000
uR	509.141	90.000	0.0195	1.0000	0.0000	6.8000
E	510.756	90.000	44.9430	0.1493	0.0782	0.1125	0.0000	6.8000
dPolE	510.756	90.000	62.3836	1.0000	0.0000	6.8000
uR	510.756	90.000	0.0200	1.0000	0.0000	6.8000
E	512.372	90.000	44.9845	0.6216	0.0747	0.1061	0.0000	6.8000
dPolE	512.372	90.000	62.9711	1.0000	0.0000	6.8000
uR	512.372	90.000	0.0206	1.0000	0.0000	6.8000
E	513.987	90.000	44.9592	0.3239	0.0796	0.1120	0.0000	6.8000
dPolE	513.987	90.000	62.9603	1.0000	0.0000	6.8000
uR	513.987	90.000	0.0215	1.0000	0.0000	6.8000
E	515.602	90.000	45.1216	0.4892	0.0805	0.1123	0.0000	6.8000
dPolE	515.602	90.000	62.9104	1.0000	0.0000	6.8000
uR	515.602	90.000	0.0225	1.0000	0.0000	6.8000
E	517.217	90.000	45.0580	0.1477	0.0814	0.1129	0.0000	6.8000
dPolE	517.217	90.000	64.4459	1.0000	0.0000	6.8000
uR	517.217	90.000	0.0218	1.0000	0.0000	6.8000
E	518.832	90.000	45.1381	0.3257	0.0887	0.1227	0.0000	6.8000
dPolE	518.832	90.000	67.0125	1.0000	0.0000	6.8000
uR	518.832	90.000	0.0205	1.0000	0.0000	6.8000
E	520.447	90.000	45.0230	0.4359	0.0857	0.1185	0.0000	6.8000
dPolE	520.447	90.000	67.5013	1.0000	0.0000	6.8000
uR	520.447	90.000	0.0198	1.0000	0.0000	6.8000
E	522.062	90.000	44.7938	0.7751	0.0834	0.1156	0.0000	6.8000
dPolE	522.062	90.000	65.4619	1.0000	0.0000	6.8000
uR	522.062	90.000	0.0192	1.0000	0.0000	6.8000
E	523.677	90.000	44.7696	0.2847	0.0811	0.1123	0.0000	6.8000
dPolE	523.677	90.000	62.1926	1.0000	0.0000	6.8000
uR	523.677	90.000	0.0201	1.0000	0.0000	6.8000
E	525.292	90.000	45.0009	0.1634	0.0796	0.1100	0.0000	6.8000
dPolE	525.292	90.000	61.1060	1.0000	0.0000	6.8000
uR	525.292	90.000	0.0208	1.0000	0.0000	6.8000
E	526.907	90.000	44.9133	0.0771	0.0836	0.1149	0.0000	6.8000
dPolE	526.907	90.000	59.2098	1.0000	0.0000	6.8000
uR	526.907	90.000	0.0210	1.0000	0.0000	6.8000
E	528.521	90.000	45.0797	0.4079	0.0790	0.1078	0.0000	6.8000
dPolE	528.521	90.000	60.5179	1.0000	0.0000	6.8000
uR	528.521	90.000	0.0212	1.0000	0.0000	6.8000
E	530.136	90.000	44.8638	0.6435	0.0806	0.1089	0.0000	6.8000
dPolE	530.136	90.000	58.9844	1.0000	0.0000	6.8000
uR	530.136	90.000	0.0212	1.0000	0.0000	6.8000
E	531.751	90.000	44.9280	0.2029	0.0780	0.1044	0.0000	6.8000
dPolE	531.751	90.000	61.1626	1.0000	0.0000	6.8000
uR	531.751	90.000	0.0212	1.0000	0.0000	6.8000
E	533.366	90.000	44.9015	0.0496	0.0780	0.1034	0.0000	6.8000
dPolE	533.366	90.000	59.6432	1.0000	0.0000	6.8000
uR	533.366	90.000	0.0216	1.0000	0.0000	6.8000
E	534.980	90.000	45.0215	0.2182	0.0837	0.1102	0.0000	6.8000
dPolE	534.980	90.000	58.4183	1.0000	0.0000	6.8000
uR	534.980	90.000	0.0215	1.0000	0.0000	6.8000
E	536.595	90.000	44.7150	0.1129	0.0832	0.1091	0.0000	6.8000
dPolE	536.595	90.000	59.1520	1.0000	0.0000	6.8000
uR	536.595	90.000	0.0215	1.0000	0.0000	6.8000
E	538.210	90.000	45.0141	0.1537	0.0834	0.1091	0.0000	6.8000
dPolE	538.210	90.000	61.2018	1.0000	0.0000	6.8000
uR	538.210	90.000	0.0214	1.0000	0.0000	6.8000
E	539.824	90.000	44.8522	0.1565	0.0854	0.1118	0.0000	6.8000
dPolE	539.824	90.000	58.6111	1.0000	0.0000	6.8000
uR	539.824	90.000	0.0214	1.0000	0.0000	6.8000
E	541.439	90.000	44.9592	0.2121	0.0837	0.1098	0.0000	6.8000
dPolE	541.439	90.000	58.7140	1.0000	0.0000	6.8000
uR	541.439	90.000	0.0215	1.0000	0.0000	6.8000
E	543.053	90.000	44.8094	0.0310	0.0813	0.1065	0.0000	6.8000
dPolE	543.053	90.000	59.8959	1.0000	0.0000	6.8000
uR	543.053	90.000	0.0216	1.0000	0.0000	6.8000
E	544.668	90.000	44.9017	0.2973	0.0830	0.1087	0.0000	6.8000
dPolE	544.668	90.000	57.7574	1.0000	0.0000	6.8000
uR	544.668	90.000	0.0216	1.0000	0.0000	6.8000
E	546.282	90.000	44.7494	0.2111	0.0815	0.1061	0.0000	6.8000
dPolE	546.282	90.000	60.4079	1.0000	0.0000	6.8000
uR	546.282	90.000	0.0214	1.0000	0.0000	6.8000
E	547.896	90.000	44.8365	359.9943	0.0828	0.1069	0.0000	6.8000
dPolE	547.896	90.000	58.3894	1.0000	0.0000	6.8000
uR	547.896	90.000	0.0216	1.0000	0.0000	6.8000
E	549.511	90.000	44.8887	359.9889	0.0871	0.1116	0.0000	6.8000
dPolE	549.511	90.000	58.2991	1.0000	0.0000	6.8000
uR	549.511	90.000	0.0220	1.0000	0.0000	6.8000
E	551.125	90.000	44.9467	0.1718	0.0848	0.1075	0.0000	6.8000
dPolE	551.125	90.000	57.8910	1.0000	0.0000	6.8000
uR	551.125	90.000	0.0218	1.0000	0.0000	6.8000
E	552.739	90.000	44.7922	0.0563	0.0847	0.1063	0.0000	6.8000
dPolE	552.739	90.000	57.3160	1.0000	0.0000	6.8000
uR	552.739	90.000	0.0220	1.0000	0.0000	6.8000
E	554.353	90.000	44.5578	0.2229	0.0834	0.1041	0.0000	6.8000
dPolE	554.353	90.000	58.1410	1.0000	0.0000	6.8000
uR	554.353	90.000	0.0217	1.0000	0.0000	6.8000
E	555.968	90.000	44.7061	0.3330	0.0842	0.1046	0.0000	6.8000
dPolE	555.968	90.000	57.0559	1.0000	0.0000	6.8000
uR	555.968	90.000	0.0216	1.0000	0.0000	6.8000
E	557.582	90.000	45.1399	0.1496	0.0875	0.1083	0.0000	6.8000
dPolE	557.582	90.000	55.5809	1.0000	0.0000	6.8000
uR	557.582	90.000	0.0218	1.0000	0.0000	6.8000
E	559.196	90.000	44.7344	359.9411	0.0866	0.1071	0.0000	6.8000
dPolE	559.196	90.000	56.6383	1.0000	0.0000	6.8000
uR	559.196	90.000	0.0218	1.0000	0.0000	6.8000
E	560.810	90.000	44.7874	0.0534	0.0849	0.1049	0.0000	6.8000
dPolE	560.810	90.000	57.3706	1.0000	0.0000	6.8000
uR	560.810	90.000	0.0222	1.0000	0.0000	6.8000
E	562.424	90.000	45.1641	0.1350	0.0850	0.1052	0.0000	6.8000
dPolE	562.424	90.000	54.4645	1.0000	0.0000	6.8000
uR	562.424	90.000	0.0225	1.0000	0.0000	6.8000
E	564.038	90.000	44.7864	0.0824	0.0836	0.1035	0.0000	6.8000
dPolE	564.038	90.000	53.3643	1.0000	0.0000	6.8000
uR	564.038	90.000	0.0224	1.0000	0.0000	6.8000
E	565.651	90.000	44.8700	0.0983	0.0837	0.1033	0.0000	6.8000
dPolE	565.651	90.000	56.0356	1.0000	0.0000	6.8000
uR	565.651	90.000	0.0225	1.0000	0.0000	6.8000
E	567.265	90.000	45.1367	359.9683	0.0854	0.1049	0.0000	6.8000
dPolE	567.265	90.000	53.0182	1.0000	0.0000	6.8000
uR	567.265	90.000	0.0222	1.0000	0.0000	6.8000
E	568.879	90.000	44.8856	0.3788	0.0876	0.1069	0.0000	6.8000
dPolE	568.879	90.000	54.3350	1.0000	0.0000	6.8000
uR	568.879	90.000	0.0221	1.0000	0.0000	6.8000
E	570.493	90.000	44.8424	0.0564	0.0890	0.1078	0.0000	6.8000
dPolE	570.493	90.000	53.1968	1.0000	0.0000	6.8000
uR	570.493	90.000	0.0221	1.0000	0.0000	6.8000
E	572.106	90.000	44.8683	0.3550	0.0888	0.1066	0.0000	6.8000
dPolE	572.106	90.000	51.5081	1.0000	0.0000	6.8000
uR	572.106	90.000	0.0222	1.0000	0.0000	6.8000
E	573.720	90.000	45.1389	359.9232	0.0853	0.1015	0.0000	6.8000
dPolE	573.720	90.000	51.9255	1.0000	0.0000	6.8000
uR	573.720	90.000	0.0220	1.0000	0.0000	6.8000
E	575.333	90.000	45.0184	359.9832	0.0884	0.1043	0.0000	6.8000
dPolE	575.333	90.000	52.5242	1.0000	0.0000	6.8000
uR	575.333	90.000	0.0222	1.0000	0.0000	6.8000
E	576.947	90.000	44.8289	0.2079	0.0868	0.1019	0.0000	6.8000
dPolE	576.947	90.000	53.4841	1.0000	0.0000	6.8000
uR	576.947	90.000	0.0223	1.0000	0.0000	6.8000
E	578.560	90.000	44.7880	359.9965	0.0880	0.1028	0.0000	6.8000
dPolE	578.560	90.000	53.3673	1.0000	0.0000	6.8000
uR	578.560	90.000	0.0219	1.0000	0.0000	6.8000
E	580.174	90.000	44.8799	0.0357	0.0903	0.1051	0.0000	6.8000
dPolE	580.174	90.000	53.5753	1.0000	0.0000	6.8000
uR	580.174	90.000	0.0217	1.0000	0.0000	6.8000
E	581.787	90.000	44.8078	0.1867	0.0854	0.0994	0.0000	6.8000
dPolE	581.787	90.000	53.0556	1.0000	0.0000	6.8000
uR	581.787	90.000	0.0219	1.0000	0.0000	6.8000
E	583.400	90.000	45.2303	0.0019	0.0871	0.1013	0.0000	6.8000
dPolE	583.400	90.000	53.3273	1.0000	0.0000	6.8000
uR	583.400	90.000	0.0216	1.0000	0.0000	6.8000
E	585.014	90.000	44.8252	359.9254	0.0883	0.1029	0.0000	6.8000
dPolE	585.014	90.000	52.8353	1.0000	0.0000	6.8000
uR	585.014	90.000	0.0218	1.0000	0.0000	6.8000
E	586.627	90.000	45.2170	359.9562	0.0875	0.1019	0.0000	6.8000
dPolE	586.627	90.000	51.9443	1.0000	0.0000	6.8000
uR	586.627	90.000	0.0222	1.0000	0.0000	6.8000
E	588.240	90.000	44.8529	0.2804	0.0842	0.0977	0.0000	6.8000
dPolE	588.240	90.000	52.0723	1.0000	0.0000	6.8000
uR	588.240	90.000	0.0225	1.0000	0.0000	6.8000
E	589.853	90.000	44.7696	0.1652	0.0890	0.1029	0.0000	6.8000
dPolE	589.853	90.000	52.7502	1.0000	0.0000	6.8000
uR	589.853	90.000	0.0221	1.0000	0.0000	6.8000
E	591.466	90.000	44.8256	0.1927	0.0886	0.1019	0.0000	6.8000
dPolE	591.466	90.000	52.7022	1.0000	0.0000	6.8000
uR	591.466	90.000	0.0221	1.0000	0.0000	6.8000
E	593.079	90.000	44.8782	359.8777	0.0882	0.1008	0.0000	6.8000
dPolE	593.079	90.000	52.3311	1.0000	0.0000	6.8000
uR	593.079	90.000	0.0220	1.0000	0.0000	6.8000
E	594.692	90.000	45.0561	359.8245	0.0920	0.1043	0.0000	6.8000
dPolE	594.692	90.000	51.2501	1.0000	0.0000	6.8000
uR	594.692	90.000	0.0221	1.0000	0.0000	6.8000
E	596.305	90.000	45.1094	0.0315	0.0894	0.1005	0.0000	6.8000
dPolE	596.305	90.000	52.3629	1.0000	0.0000	6.8000
uR	596.305	90.000	0.0221	1.0000	0.0000	6.8000
E	597.918	90.000	45.0503	359.8106	0.0864	0.0963	0.0000	6.8000
dPolE	597.918	90.000	53.2107	1.0000	0.0000	6.8000
uR	597.918	90.000	0.0227	1.0000	0.0000	6.8000
E	599.530	90.000	45.0190	359.9243	0.0917	0.1016	0.0000	6.8000
dPolE	599.530	90.000	51.4710	1.0000	0.0000	6.8000
uR	599.530	90.000	0.0226	1.0000	0.0000	6.8000
E	601.143	90.000	44.9652	359.8934	0.0940	0.1036	0.0000	6.8000
dPolE	601.143	90.000	49.0074	1.0000	0.0000	6.8000
uR	601.143	90.000	0.0231	1.0000	0.0000	6.8000
E	602.755	90.000	44.8565	0.2115	0.0984	0.1081	0.0000	6.8000
dPolE	602.755	90.000	49.7604	1.0000	0.0000	6.8000
uR	602.755	90.000	0.0227	1.0000	0.0000	6.8000
E	604.368	90.000	44.8646	359.9661	0.0946	0.1035	0.0000	6.8000
dPolE	604.368	90.000	51.5071	1.0000	0.0000	6.8000
uR	604.368	90.000	0.0225	1.0000	0.0000	6.8000
E	605.981	90.000	44.8208	0.1966	0.0919	0.1006	0.0000	6.8000
dPolE	605.981	90.000	50.5793	1.0000	0.0000	6.8000
uR	605.981	90.000	0.0229	1.0000	0.0000	6.8000
E	607.593	90.000	44.8868	359.7921	0.0955	0.1046	0.0000	6.8000
dPolE	607.593	90.000	50.3296	1.0000	0.0000	6.8000
uR	607.593	90.000	0.0226	1.0000	0.0000	6.8000
E	609.205	90.000	44.9830	359.9160	0.0932	0.1019	0.0000	6.8000
dPolE	609.205	90.000	49.5923	1.0000	0.0000	6.8000
uR	609.205	90.000	0.0223	1.0000	0.0000	6.8000
E	610.818	90.000	45.2236	359.6436	0.0908	0.0994	0.0000	6.8000
dPolE	610.818	90.000	53.1297	1.0000	0.0000	6.8000
uR	610.818	90.000	0.0226	1.0000	0.0000	6.8000
E	612.430	90.000	45.2180	0.0020	0.0942	0.1029	0.0000	6.8000
dPolE	612.430	90.000	49.7920	1.0000	0.0000	6.8000
uR	612.430	90.000	0.0225	1.0000	0.0000	6.8000
E	614.042	90.000	45.0820	0.1749	0.0922	0.1004	0.0000	6.8000
dPolE	614.042	90.000	51.5942	1.0000	0.0000	6.8000
uR	614.042	90.000	0.0225	1.0000	0.0000	6.8000
E	615.654	90.000	44.9167	359.8357	0.0924	0.1001	0.0000	6.8000
dPolE	615.654	90.000	45.8484	1.0000	0.0000	6.8000
uR	615.654	90.000	0.0227	1.0000	0.0000	6.8000
E	617.266	90.000	45.1023	359.8732	0.0933	0.1005	0.0000	6.8000
dPolE	617.266	90.000	51.1255	1.0000	0.0000	6.8000
uR	617.266	90.000	0.0222	1.0000	0.0000	6.8000
E	618.878	90.000	44.7384	359.8210	0.0947	0.1015	0.0000	6.8000
dPolE	618.878	90.000	50.6000	1.0000	0.0000	6.8000
uR	618.878	90.000	0.0223	1.0000	0.0000	6.8000
E	620.490	90.000	45.1695	359.8725	0.0936	0.0995	0.0000	6.8000
dPolE	620.490	90.000	47.0840	1.0000	0.0000	6.8000
uR	620.490	90.000	0.0225	1.0000	0.0000	6.8000
E	622.102	90.000	44.7688	359.9557	0.0958	0.1011	0.0000	6.8000
dPolE	622.102	90.000	47.8445	1.0000	0.0000	6.8000
uR	622.102	90.000	0.0225	1.0000	0.0000	6.8000
E	623.714	90.000	44.7211	0.1150	0.0931	0.0975	0.0000	6.8000
dPolE	623.714	90.000	47.5730	1.0000	0.0000	6.8000
uR	623.714	90.000	0.0227	1.0000	0.0000	6.8000
E	625.325	90.000	44.8296	359.8727	0.0979	0.1018	0.0000	6.8000
dPolE	625.325	90.000	49.6187	1.0000	0.0000	6.8000
uR	625.325	90.000	0.0229	1.0000	0.0000	6.8000
E	626.937	90.000	44.7610	0.1111	0.0951	0.0985	0.0000	6.8000
dPolE	626.937	90.000	46.7303	1.0000	0.0000	6.8000
uR	626.937	90.000	0.0230	1.0000	0.0000	6.8000
E	628.548	90.000	44.8829	0.0391	0.0998	0.1028	0.0000	6.8000
dPolE	628.548	90.000	47.0370	1.0000	0.0000	6.8000
uR	628.548	90.000	0.0227	1.0000	0.0000	6.8000
E	630.160	90.000	45.1913	359.8213	0.1035	0.1063	0.0000	6.8000
dPolE	630.160	90.000	45.1616	1.0000	0.0000	6.8000
uR	630.160	90.000	0.0229	1.0000	0.0000	6.8000
E	631.771	90.000	44.8612	359.7502	0.0987	0.1013	0.0000	6.8000
dPolE	631.771	90.000	46.9329	1.0000	0.0000	6.8000
uR	631.771	90.000	0.0228	1.0000	0.0000	6.8000
E	633.383	90.000	44.8029	359.7281	0.0984	0.1010	0.0000	6.8000
dPolE	633.383	90.000	48.1882	1.0000	0.0000	6.8000
uR	633.383	90.000	0.0228	1.0000	0.0000	6.8000
E	634.994	90.000	45.2055	359.8551	0.1009	0.1035	0.0000	6.8000
dPolE	634.994	90.000	45.4891	1.0000	0.0000	6.8000
uR	634.994	90.000	0.0229	1.0000	0.0000	6.8000
E	636.605	90.000	44.9359	0.0003	0.1009	0.1034	0.0000	6.8000
dPolE	636.605	90.000	46.5331	1.0000	0.0000	6.8000
uR	636.605	90.000	0.0233	1.0000	0.0000	6.8000
E	638.216	90.000	44.7232	359.9062	0.1022	0.1048	0.0000	6.8000
dPolE	638.216	90.000	49.3671	1.0000	0.0000	6.8000
uR	638.216	90.000	0.0230	1.0000	0.0000	6.8000
E	639.827	90.000	45.0265	0.1079	0.1025	0.1048	0.0000	6.8000
dPolE	639.827	90.000	48.2928	1.0000	0.0000	6.8000
uR	639.827	90.000	0.0230	1.0000	0.0000	6.8000
E	641.438	90.000	44.9953	359.8410	0.1075	0.1096	0.0000	6.8000
dPolE	641.438	90.000	50.3870	1.0000	0.0000	6.8000
uR	641.438	90.000	0.0227	1.0000	0.0000	6.8000
E	643.049	90.000	44.9209	0.1238	0.1045	0.1062	0.0000	6.8000
dPolE	643.049	90.000	45.7144	1.0000	0.0000	6.8000
uR	643.049	90.000	0.0227	1.0000	0.0000	6.8000
E	644.660	90.000	45.0017	359.7538	0.1090	0.1103	0.0000	6.8000
dPolE	644.660	90.000	44.0010	1.0000	0.0000	6.8000
uR	644.660	90.000	0.0232	1.0000	0.0000	6.8000
E	646.271	90.000	44.8101	359.7544	0.1009	0.1014	0.0000	6.8000
dPolE	646.271	90.000	48.5068	1.0000	0.0000	6.8000
uR	646.271	90.000	0.0228	1.0000	0.0000	6.8000
E	647.881	90.000	44.9402	0.0116	0.1060	0.1058	0.0000	6.8000
dPolE	647.881	90.000	44.6411	1.0000	0.0000	6.8000
uR	647.881	90.000	0.0229	1.0000	0.0000	6.8000
E	649.492	90.000	45.3978	359.9150	0.1054	0.1046	0.0000	6.8000
dPolE	649.492	90.000	42.8714	1.0000	0.0000	6.8000
uR	649.492	90.000	0.0230	1.0000	0.0000	6.8000
E	651.103	90.000	44.7688	359.8333	0.1053	0.1036	0.0000	6.8000
dPolE	651.103	90.000	44.1248	1.0000	0.0000	6.8000
uR	651.103	90.000	0.0233	1.0000	0.0000	6.8000
E	652.713	90.000	44.8195	0.1311	0.1077	0.1054	0.0000	6.8000
dPolE	652.713	90.000	46.0252	1.0000	0.0000	6.8000
uR	652.713	90.000	0.0238	1.0000	0.0000	6.8000
E	654.323	90.000	45.1715	0.0314	0.1054	0.1025	0.0000	6.8000
dPolE	654.323	90.000	46.0072	1.0000	0.0000	6.8000
uR	654.323	90.000	0.0237	1.0000	0.0000	6.8000
E	655.934	90.000	45.0595	359.9520	0.1077	0.1044	0.0000	6.8000
dPolE	655.934	90.000	45.8706	1.0000	0.0000	6.8000
uR	655.934	90.000	0.0234	1.0000	0.0000	6.8000
E	657.544	90.000	44.9193	359.7278	0.1129	0.1089	0.0000	6.8000
dPolE	657.544	90.000	46.2052	1.0000	0.0000	6.8000
uR	657.544	90.000	0.0230	1.0000	0.0000	6.8000
E	659.154	90.000	44.8174	359.6370	0.1116	0.1075	0.0000	6.8000
dPolE	659.154	90.000	46.5710	1.0000	0.0000	6.8000
uR	659.154	90.000	0.0233	1.0000	0.0000	6.8000
E	660.764	90.000	44.7156	359.8899	0.1174	0.1129	0.0000	6.8000
dPolE	660.764	90.000	45.4606	1.0000	0.0000	6.8000
uR	660.764	90.000	0.0235	1.0000	0.0000	6.8000
E	662.374	90.000	45.3077	359.6652	0.1118	0.1075	0.0000	6.8000
dPolE	662.374	90.000	46.6063	1.0000	0.0000	6.8000
uR	662.374	90.000	0.0231	1.0000	0.0000	6.8000
E	663.984	90.000	44.9658	359.9799	0.1104	0.1059	0.0000	6.8000
dPolE	663.984	90.000	45.3119	1.0000	0.0000	6.8000
uR	663.984	90.000	0.0232	1.0000	0.0000	6.8000
E	665.594	90.000	44.8298	359.8057	0.1038	0.0996	0.0000	6.8000
dPolE	665.594	90.000	48.1578	1.0000	0.0000	6.8000
uR	665.594	90.000	0.0226	1.0000	0.0000	6.8000
E	667.204	90.000	44.7428	359.9492	0.1108	0.1064	0.0000	6.8000
dPolE	667.204	90.000	47.6031	1.0000	0.0000	6.8000
uR	667.204	90.000	0.0223	1.0000	0.0000	6.8000
E	668.813	90.000	44.9294	0.0054	0.1141	0.1093	0.0000	6.8000
dPolE	668.813	90.000	43.9398	1.0000	0.0000	6.8000
uR	668.813	90.000	0.0226	1.0000	0.0000	6.8000
E	670.423	90.000	44.8171	0.0704	0.1107	0.1058	0.0000	6.8000
dPolE	670.423	90.000	46.3345	1.0000	0.0000	6.8000
uR	670.423	90.000	0.0225	1.0000	0.0000	6.8000
E	672.032	90.000	44.5848	359.9603	0.1071	0.1022	0.0000	6.8000
dPolE	672.032	90.000	45.0622	1.0000	0.0000	6.8000
uR	672.032	90.000	0.0228	1.0000	0.0000	6.8000
E	673.642	90.000	45.0374	359.8420	0.1082	0.1029	0.0000	6.8000
dPolE	673.642	90.000	42.7701	1.0000	0.0000	6.8000
uR	673.642	90.000	0.0228	1.0000	0.0000	6.8000
E	675.251	90.000	44.8201	359.9929	0.1108	0.1049	0.0000	6.8000
dPolE	675.251	90.000	45.0471	1.0000	0.0000	6.8000
uR	675.251	90.000	0.0235	1.0000	0.0000	6.8000
E	676.860	90.000	45.1574	359.8238	0.1132	0.1066	0.0000	6.8000
dPolE	676.860	90.000	44.7390	1.0000	0.0000	6.8000
uR	676.860	90.000	0.0231	1.0000	0.0000	6.8000
E	678.469	90.000	45.0132	0.1299	0.1139	0.1065	0.0000	6.8000
dPolE	678.469	90.000	43.9984	1.0000	0.0000	6.8000
uR	678.469	90.000	0.0228	1.0000	0.0000	6.8000
E	680.079	90.000	44.8749	359.6121	0.1161	0.1079	0.0000	6.8000
dPolE	680.079	90.000	42.7705	1.0000	0.0000	6.8000
uR	680.079	90.000	0.0226	1.0000	0.0000	6.8000
E	681.688	90.000	45.2859	359.7712	0.1114	0.1029	0.0000	6.8000
dPolE	681.688	90.000	43.2985	1.0000	0.0000	6.8000
uR	681.688	90.000	0.0228	1.0000	0.0000	6.8000
E	683.296	90.000	45.1992	0.0970	0.1115	0.1023	0.0000	6.8000
dPolE	683.296	90.000	39.8180	1.0000	0.0000	6.8000
uR	683.296	90.000	0.0230	1.0000	0.0000	6.8000
E	684.905	90.000	45.0313	0.1092	0.1089	0.0993	0.0000	6.8000
dPolE	684.905	90.000	37.7678	1.0000	0.0000	6.8000
uR	684.905	90.000	0.0229	1.0000	0.0000	6.8000
E	686.514	90.000	45.0229	359.8370	0.1053	0.0955	0.0000	6.8000
dPolE	686.514	90.000	39.5886	1.0000	0.0000	6.8000
uR	686.514	90.000	0.0224	1.0000	0.0000	6.8000
E	688.123	90.000	45.2139	359.7680	0.1028	0.0929	0.0000	6.8000
dPolE	688.123	90.000	42.5031	1.0000	0.0000	6.8000
uR	688.123	90.000	0.0223	1.0000	0.0000	6.8000
E	689.731	90.000	44.9039	359.8841	0.1096	0.0988	0.0000	6.8000
dPolE	689.731	90.000	37.6728	1.0000	0.0000	6.8000
uR	689.731	90.000	0.0225	1.0000	0.0000	6.8000
E	691.340	90.000	44.8918	359.8806	0.1119	0.1004	0.0000	6.8000
dPolE	691.340	90.000	42.4030	1.0000	0.0000	6.8000
uR	691.340	90.000	0.0224	1.0000	0.0000	6.8000
E	692.948	90.000	45.1437	359.8600	0.1162	0.1041	0.0000	6.8000
dPolE	692.948	90.000	41.0433	1.0000	0.0000	6.8000
uR	692.948	90.000	0.0229	1.0000	0.0000	6.8000
E	694.556	90.000	45.0085	359.9256	0.1160	0.1039	0.0000	6.8000
dPolE	694.556	90.000	42.5704	1.0000	0.0000	6.8000
uR	694.556	90.000	0.0228	1.0000	0.0000	6.8000
E	696.164	90.000	44.9762	0.0087	0.1175	0.1053	0.0000	6.8000
dPolE	696.164	90.000	44.6146	1.0000	0.0000	6.8000
uR	696.164	90.000	0.0228	1.0000	0.0000	6.8000
E	697.772	90.000	44.7386	359.7405	0.1231	0.1102	0.0000	6.8000
dPolE	697.772	90.000	43.6885	1.0000	0.0000	6.8000
uR	697.772	90.000	0.0231	1.0000	0.0000	6.8000
E	699.380	90.000	45.0746	359.6005	0.1211	0.1085	0.0000	6.8000
dPolE	699.380	90.000	44.0259	1.0000	0.0000	6.8000
uR	699.380	90.000	0.0233	1.0000	0.0000	6.8000
E	700.988	90.000	44.8734	359.7331	0.1250	0.1117	0.0000	6.8000
dPolE	700.988	90.000	43.4647	1.0000	0.0000	6.8000
uR	700.988	90.000	0.0233	1.0000	0.0000	6.8000
E	702.596	90.000	44.9471	359.9796	0.1277	0.1140	0.0000	6.8000
dPolE	702.596	90.000	45.1603	1.0000	0.0000	6.8000
uR	702.596	90.000	0.0230	1.0000	0.0000	6.8000
E	704.204	90.000	44.8281	359.8463	0.1277	0.1138	0.0000	6.8000
dPolE	704.204	90.000	44.7964	1.0000	0.0000	6.8000
uR	704.204	90.000	0.0231	1.0000	0.0000	6.8000
E	705.811	90.000	45.1437	359.7174	0.1267	0.1123	0.0000	6.8000
dPolE	705.811	90.000	45.0183	1.0000	0.0000	6.8000
uR	705.811	90.000	0.0233	1.0000	0.0000	6.8000
E	707.419	90.000	44.9056	0.1721	0.1292	0.1144	0.0000	6.8000
dPolE	707.419	90.000	44.1614	1.0000	0.0000	6.8000
uR	707.419	90.000	0.0234	1.0000	0.0000	6.8000
E	709.026	90.000	45.0660	359.6801	0.1264	0.1114	0.0000	6.8000
dPolE	709.026	90.000	39.5557	1.0000	0.0000	6.8000
uR	709.026	90.000	0.0235	1.0000	0.0000	6.8000
E	710.634	90.000	44.9128	0.0102	0.1250	0.1097	0.0000	6.8000
dPolE	710.634	90.000	41.3047	1.0000	0.0000	6.8000
uR	710.634	90.000	0.0242	1.0000	0.0000	6.8000
E	712.241	90.000	44.9390	359.6262	0.1255	0.1096	0.0000	6.8000
dPolE	712.241	90.000	43.5594	1.0000	0.0000	6.8000
uR	712.241	90.000	0.0252	1.0000	0.0000	6.8000
E	713.848	90.000	44.4312	359.8359	0.1503	0.1304	0.0000	6.8000
dPolE	713.848	90.000	45.8499	1.0000	0.0000	6.8000
uR	713.848	90.000	0.0242	1.0000	0.0000	6.8000
E	715.455	90.000	45.1619	359.4763	0.1556	0.1342	0.0000	6.8000
dPolE	715.455	90.000	47.9485	1.0000	0.0000	6.8000
uR	715.455	90.000	0.0217	1.0000	0.0000	6.8000
E	717.062	90.000	45.0160	359.8960	0.1547	0.1327	0.0000	6.8000
dPolE	717.062	90.000	48.6885	1.0000	0.0000	6.8000
uR	717.062	90.000	0.0205	1.0000	0.0000	6.8000
E	718.669	90.000	44.8470	359.7241	0.1397	0.1194	0.0000	6.8000
dPolE	718.669	90.000	45.2286	1.0000	0.0000	6.8000
uR	718.669	90.000	0.0219	1.0000	0.0000	6.8000
E	720.276	90.000	45.0156	0.2926	0.1318	0.1121	0.0000	6.8000
dPolE	720.276	90.000	45.2817	1.0000	0.0000	6.8000
uR	720.276	90.000	0.0236	1.0000	0.0000	6.8000
E	721.882	90.000	45.2384	359.8911	0.1381	0.1169	0.0000	6.8000
dPolE	721.882	90.000	47.4711	1.0000	0.0000	6.8000
uR	721.882	90.000	0.0235	1.0000	0.0000	6.8000
E	723.489	90.000	44.8937	359.9341	0.1501	0.1265	0.0000	6.8000
dPolE	723.489	90.000	42.0869	1.0000	0.0000	6.8000
uR	723.489	90.000	0.0233	1.0000	0.0000	6.8000
E	725.095	90.000	44.9719	0.0040	0.1482	0.1246	0.0000	6.8000
dPolE	725.095	90.000	44.6663	1.0000	0.0000	6.8000
uR	725.095	90.000	0.0237	1.0000	0.0000	6.8000
E	726.701	90.000	44.7188	359.9167	0.1506	0.1263	0.0000	6.8000
dPolE	726.701	90.000	45.4574	1.0000	0.0000	6.8000
uR	726.701	90.000	0.0232	1.0000	0.0000	6.8000
E	728.308	90.000	44.8250	359.6232	0.1456	0.1219	0.0000	6.8000
dPolE	728.308	90.000	44.0204	1.0000	0.0000	6.8000
uR	728.308	90.000	0.0234	1.0000	0.0000	6.8000
E	729.914	90.000	44.8953	359.7709	0.1382	0.1154	0.0000	6.8000
dPolE	729.914	90.000	42.1224	1.0000	0.0000	6.8000
uR	729.914	90.000	0.0230	1.0000	0.0000	6.8000
E	731.520	90.000	44.7501	359.6924	0.1399	0.1169	0.0000	6.8000
dPolE	731.520	90.000	39.7233	1.0000	0.0000	6.8000
uR	731.520	90.000	0.0230	1.0000	0.0000	6.8000
E	733.126	90.000	45.1264	359.9395	0.1348	0.1126	0.0000	6.8000
dPolE	733.126	90.000	40.8958	1.0000	0.0000	6.8000
uR	733.126	90.000	0.0230	1.0000	0.0000	6.8000
E	734.732	90.000	44.8065	359.5538	0.1394	0.1164	0.0000	6.8000
dPolE	734.732	90.000	37.5421	1.0000	0.0000	6.8000
uR	734.732	90.000	0.0235	1.0000	0.0000	6.8000
E	736.337	90.000	45.1024	359.8067	0.1391	0.1161	0.0000	6.8000
dPolE	736.337	90.000	43.7077	1.0000	0.0000	6.8000
uR	736.337	90.000	0.0235	1.0000	0.0000	6.8000
E	737.943	90.000	44.8676	359.9660	0.1376	0.1147	0.0000	6.8000
dPolE	737.943	90.000	44.2522	1.0000	0.0000	6.8000
uR	737.943	90.000	0.0230	1.0000	0.0000	6.8000
E	739.548	90.000	44.9597	359.9172	0.1468	0.1220	0.0000	6.8000
dPolE	739.548	90.000	39.3206	1.0000	0.0000	6.8000
uR	739.548	90.000	0.0229	1.0000	0.0000	6.8000
E	741.154	90.000	44.6250	359.9019	0.1380	0.1147	0.0000	6.8000
dPolE	741.154	90.000	41.8725	1.0000	0.0000	6.8000
uR	741.154	90.000	0.0226	1.0000	0.0000	6.8000
E	742.759	90.000	44.7972	359.8779	0.1467	0.1215	0.0000	6.8000
dPolE	742.759	90.000	41.4967	1.0000	0.0000	6.8000
uR	742.759	90.000	0.0225	1.0000	0.0000	6.8000
E	744.364	90.000	44.7885	359.6295	0.1489	0.1228	0.0000	6.8000
dPolE	744.364	90.000	41.1059	1.0000	0.0000	6.8000
uR	744.364	90.000	0.0228	1.0000	0.0000	6.8000
E	745.969	90.000	45.5204	359.8007	0.1458	0.1198	0.0000	6.8000
dPolE	745.969	90.000	41.9167	1.0000	0.0000	6.8000
uR	745.969	90.000	0.0232	1.0000	0.0000	6.8000
E	747.574	90.000	45.1144	359.9352	0.1524	0.1247	0.0000	6.8000
dPolE	747.574	90.000	39.9341	1.0000	0.0000	6.8000
uR	747.574	90.000	0.0234	1.0000	0.0000	6.8000
E	749.179	90.000	45.2985	359.6566	0.1455	0.1185	0.0000	6.8000
dPolE	749.179	90.000	43.8472	1.0000	0.0000	6.8000
uR	749.179	90.000	0.0232	1.0000	0.0000	6.8000
E	750.784	90.000	45.0709	359.9203	0.1618	0.1312	0.0000	6.8000
dPolE	750.784	90.000	38.1261	1.0000	0.0000	6.8000
uR	750.784	90.000	0.0237	1.0000	0.0000	6.8000
E	752.388	90.000	44.6997	359.9502	0.1539	0.1241	0.0000	6.8000
dPolE	752.388	90.000	40.9813	1.0000	0.0000	6.8000
uR	752.388	90.000	0.0240	1.0000	0.0000	6.8000
E	753.993	90.000	45.0446	359.8529	0.1511	0.1212	0.0000	6.8000
dPolE	753.993	90.000	41.7954	1.0000	0.0000	6.8000
uR	753.993	90.000	0.0243	1.0000	0.0000	6.8000
E	755.597	90.000	44.9032	359.9091	0.1561	0.1246	0.0000	6.8000
dPolE	755.597	90.000	40.6630	1.0000	0.0000	6.8000
uR	755.597	90.000	0.0241	1.0000	0.0000	6.8000
E	757.202	90.000	45.1839	359.7625	0.1520	0.1211	0.0000	6.8000
dPolE	757.202	90.000	41.2783	1.0000	0.0000	6.8000
uR	757.202	90.000	0.0233	1.0000	0.0000	6.8000
E	758.806	90.000	45.3560	359.7322	0.1555	0.1230	0.0000	6.8000
dPolE	758.806	90.000	43.0430	1.0000	0.0000	6.8000
uR	758.806	90.000	0.0224	1.0000	0.0000	6.8000
E	760.410	90.000	45.1047	359.6580	0.1520	0.1199	0.0000	6.8000
dPolE	760.410	90.000	39.7921	1.0000	0.0000	6.8000
uR	760.410	90.000	0.0223	1.0000	0.0000	6.8000
E	762.014	90.000	44.8348	359.6820	0.1459	0.1143	0.0000	6.8000
dPolE	762.014	90.000	38.3042	1.0000	0.0000	6.8000
uR	762.014	90.000	0.0226	1.0000	0.0000	6.8000
E	763.618	90.000	44.9514	359.7502	0.1249	0.0978	0.0000	6.8000
dPolE	763.618	90.000	29.8877	1.0000	0.0000	6.8000
uR	763.618	90.000	0.0235	1.0000	0.0000	6.8000
E	765.221	90.000	45.3723	359.6730	0.1129	0.0882	0.0000	6.8000
dPolE	765.221	90.000	28.9975	1.0000	0.0000	6.8000
uR	765.221	90.000	0.0236	1.0000	0.0000	6.8000
E	766.825	90.000	44.6822	359.7957	0.1220	0.0951	0.0000	6.8000
dPolE	766.825	90.000	32.8628	1.0000	0.0000	6.8000
uR	766.825	90.000	0.0228	1.0000	0.0000	6.8000
E	768.429	90.000	45.1660	359.6335	0.1511	0.1175	0.0000	6.8000
dPolE	768.429	90.000	37.8637	1.0000	0.0000	6.8000
uR	768.429	90.000	0.0226	1.0000	0.0000	6.8000
E	770.032	90.000	44.7657	359.6610	0.1546	0.1201	0.0000	6.8000
dPolE	770.032	90.000	44.0730	1.0000	0.0000	6.8000
uR	770.032	90.000	0.0231	1.0000	0.0000	6.8000
E	771.635	90.000	45.1882	359.9323	0.1759	0.1366	0.0000	6.8000
dPolE	771.635	90.000	42.2096	1.0000	0.0000	6.8000
uR	771.635	90.000	0.0232	1.0000	0.0000	6.8000
E	773.238	90.000	45.1832	359.4944	0.1829	0.1420	0.0000	6.8000
dPolE	773.238	90.000	39.9263	1.0000	0.0000	6.8000
uR	773.238	90.000	0.0247	1.0000	0.0000	6.8000
E	774.841	90.000	45.0396	0.0045	0.1834	0.1423	0.0000	6.8000
dPolE	774.841	90.000	43.5935	1.0000	0.0000	6.8000
uR	774.841	90.000	0.0253	1.0000	0.0000	6.8000
E	776.444	90.000	44.8138	359.7230	0.1864	0.1445	0.0000	6.8000
dPolE	776.444	90.000	49.0541	1.0000	0.0000	6.8000
uR	776.444	90.000	0.0256	1.0000	0.0000	6.8000
E	778.047	90.000	44.7391	359.8405	0.1941	0.1499	0.0000	6.8000
dPolE	778.047	90.000	48.0050	1.0000	0.0000	6.8000
uR	778.047	90.000	0.0253	1.0000	0.0000	6.8000
E	779.650	90.000	44.3372	0.1731	0.2056	0.1587	0.0000	6.8000
dPolE	779.650	90.000	53.9799	1.0000	0.0000	6.8000
uR	779.650	90.000	0.0234	1.0000	0.0000	6.8000
E	781.252	90.000	44.9705	0.1833	0.1952	0.1509	0.0000	6.8000
dPolE	781.252	90.000	47.5826	1.0000	0.0000	6.8000
uR	781.252	90.000	0.0243	1.0000	0.0000	6.8000
E	782.855	90.000	44.3624	359.7773	0.1930	0.1487	0.0000	6.8000
dPolE	782.855	90.000	57.1650	1.0000	0.0000	6.8000
uR	782.855	90.000	0.0237	1.0000	0.0000	6.8000
E	784.457	90.000	45.2657	0.0770	0.1993	0.1535	0.0000	6.8000
dPolE	784.457	90.000	52.8310	1.0000	0.0000	6.8000
uR	784.457	90.000	0.0236	1.0000	0.0000	6.8000
E	786.059	90.000	44.7732	359.9383	0.1923	0.1475	0.0000	6.8000
dPolE	786.059	90.000	51.4164	1.0000	0.0000	6.8000
uR	786.059	90.000	0.0237	1.0000	0.0000	6.8000
E	787.661	90.000	44.7503	359.4679	0.1987	0.1513	0.0000	6.8000
dPolE	787.661	90.000	50.1849	1.0000	0.0000	6.8000
uR	787.661	90.000	0.0223	1.0000	0.0000	6.8000
E	789.263	90.000	44.9390	359.6358	0.1799	0.1370	0.0000	6.8000
dPolE	789.263	90.000	49.1062	1.0000	0.0000	6.8000
uR	789.263	90.000	0.0225	1.0000	0.0000	6.8000
E	790.865	90.000	44.8840	359.5239	0.1814	0.1374	0.0000	6.8000
dPolE	790.865	90.000	45.9009	1.0000	0.0000	6.8000
uR	790.865	90.000	0.0217	1.0000	0.0000	6.8000
E	792.467	90.000	44.6472	359.4388	0.1831	0.1385	0.0000	6.8000
dPolE	792.467	90.000	42.7486	1.0000	0.0000	6.8000
uR	792.467	90.000	0.0223	1.0000	0.0000	6.8000
E	794.068	90.000	44.5482	359.9378	0.1937	0.1455	0.0000	6.8000
dPolE	794.068	90.000	48.3393	1.0000	0.0000	6.8000
uR	794.068	90.000	0.0233	1.0000	0.0000	6.8000
E	795.670	90.000	44.9728	0.0569	0.1887	0.1411	0.0000	6.8000
dPolE	795.670	90.000	45.1429	1.0000	0.0000	6.8000
uR	795.670	90.000	0.0241	1.0000	0.0000	6.8000
E	797.271	90.000	44.9400	359.7282	0.1758	0.1311	0.0000	6.8000
dPolE	797.271	90.000	44.0049	1.0000	0.0000	6.8000
uR	797.271	90.000	0.0246	1.0000	0.0000	6.8000
E	798.872	90.000	44.9083	359.9620	0.1838	0.1364	0.0000	6.8000
dPolE	798.872	90.000	38.7993	1.0000	0.0000	6.8000
uR	798.872	90.000	0.0242	1.0000	0.0000	6.8000
E	800.473	90.000	45.0513	359.6799	0.1809	0.1340	0.0000	6.8000
dPolE	800.473	90.000	45.4599	1.0000	0.0000	6.8000
uR	800.473	90.000	0.0237	1.0000	0.0000	6.8000
E	802.074	90.000	44.6777	359.5923	0.1924	0.1416	0.0000	6.8000
dPolE	802.074	90.000	43.6879	1.0000	0.0000	6.8000
uR	802.074	90.000	0.0240	1.0000	0.0000	6.8000
E	803.675	90.000	44.7081	359.5397	0.1912	0.1399	0.0000	6.8000
dPolE	803.675	90.000	45.7452	1.0000	0.0000	6.8000
uR	803.675	90.000	0.0255	1.0000	0.0000	6.8000
E	805.276	90.000	44.6406	359.7558	0.1944	0.1417	0.0000	6.8000
dPolE	805.276	90.000	44.4344	1.0000	0.0000	6.8000
uR	805.276	90.000	0.0251	1.0000	0.0000	6.8000
E	806.876	90.000	44.7315	0.1420	0.1935	0.1410	0.0000	6.8000
dPolE	806.876	90.000	42.7783	1.0000	0.0000	6.8000
uR	806.876	90.000	0.0247	1.0000	0.0000	6.8000
E	808.477	90.000	45.0573	359.5637	0.1956	0.1423	0.0000	6.8000
dPolE	808.477	90.000	42.8437	1.0000	0.0000	6.8000
uR	808.477	90.000	0.0238	1.0000	0.0000	6.8000
E	810.077	90.000	45.1255	359.9262	0.1914	0.1387	0.0000	6.8000
dPolE	810.077	90.000	40.9868	1.0000	0.0000	6.8000
uR	810.077	90.000	0.0248	1.0000	0.0000	6.8000
E	811.677	90.000	44.7961	359.5934	0.1902	0.1375	0.0000	6.8000
dPolE	811.677	90.000	41.9749	1.0000	0.0000	6.8000
uR	811.677	90.000	0.0257	1.0000	0.0000	6.8000
E	813.277	90.000	44.6048	359.8356	0.1897	0.1372	0.0000	6.8000
dPolE	813.277	90.000	43.4186	1.0000	0.0000	6.8000
uR	813.277	90.000	0.0241	1.0000	0.0000	6.8000
E	814.877	90.000	44.9271	359.8666	0.1876	0.1354	0.0000	6.8000
dPolE	814.877	90.000	42.6459	1.0000	0.0000	6.8000
uR	814.877	90.000	0.0231	1.0000	0.0000	6.8000
E	816.477	90.000	44.5674	359.8010	0.1847	0.1330	0.0000	6.8000
dPolE	816.477	90.000	37.4427	1.0000	0.0000	6.8000
uR	816.477	90.000	0.0235	1.0000	0.0000	6.8000
E	818.077	90.000	44.5811	0.1691	0.1513	0.1091	0.0000	6.8000
dPolE	818.077	90.000	33.2095	1.0000	0.0000	6.8000
uR	818.077	90.000	0.0219	1.0000	0.0000	6.8000
E	819.676	90.000	45.0633	359.6610	0.1124	0.0809	0.0000	6.8000
dPolE	819.676	90.000	24.8307	1.0000	0.0000	6.8000
uR	819.676	90.000	0.0198	1.0000	0.0000	6.8000
E	821.276	90.000	45.0216	359.8469	0.0759	0.0546	0.0000	6.8000
dPolE	821.276	90.000	12.4083	1.0000	0.0000	6.8000
uR	821.276	90.000	0.0207	1.0000	0.0000	6.8000
E	822.875	90.000	45.0250	359.7672	0.0523	0.0376	0.0000	6.8000
dPolE	822.875	90.000	7.5993	1.0000	0.0000	6.8000
uR	822.875	90.000	0.0233	1.0000	0.0000	6.8000
E	824.474	90.000	45.0667	359.6650	0.0453	0.0325	0.0000	6.8000
dPolE	824.474	90.000	4.1634	1.0000	0.0000	6.8000
uR	824.474	90.000	0.0241	1.0000	0.0000	6.8000
E	826.073	90.000	45.0905	359.6941	0.0487	0.0349	0.0000	6.8000
dPolE	826.073	90.000	4.0660	1.0000	0.0000	6.8000
uR	826.073	90.000	0.0229	1.0000	0.0000	6.8000
E	827.672	90.000	44.8694	359.6913	0.0570	0.0408	0.0000	6.8000
dPolE	827.672	90.000	8.0817	1.0000	0.0000	6.8000
uR	827.672	90.000	0.0225	1.0000	0.0000	6.8000
E	829.271	90.000	44.9136	359.8929	0.0662	0.0473	0.0000	6.8000
dPolE	829.271	90.000	11.5327	1.0000	0.0000	6.8000
uR	829.271	90.000	0.0230	1.0000	0.0000	6.8000
E	830.869	90.000	44.8784	359.8416	0.0835	0.0595	0.0000	6.8000
dPolE	830.869	90.000	16.9786	1.0000	0.0000	6.8000
uR	830.869	90.000	0.0215	1.0000	0.0000	6.8000
E	832.468	90.000	44.9289	359.9326	0.0983	0.0700	0.0000	6.8000
dPolE	832.468	90.000	25.3251	1.0000	0.0000	6.8000
uR	832.468	90.000	0.0203	1.0000	0.0000	6.8000
E	834.066	90.000	44.9343	359.8888	0.1005	0.0713	0.0000	6.8000
dPolE	834.066	90.000	22.8934	1.0000	0.0000	6.8000
uR	834.066	90.000	0.0217	1.0000	0.0000	6.8000
E	835.664	90.000	45.0697	359.9223	0.0962	0.0681	0.0000	6.8000
dPolE	835.664	90.000	21.5047	1.0000	0.0000	6.8000
uR	835.664	90.000	0.0224	1.0000	0.0000	6.8000
E	837.262	90.000	44.7992	359.6661	0.1083	0.0764	0.0000	6.8000
dPolE	837.262	90.000	24.7683	1.0000	0.0000	6.8000
uR	837.262	90.000	0.0235	1.0000	0.0000	6.8000
E	838.860	90.000	44.8719	359.8047	0.1303	0.0915	0.0000	6.8000
dPolE	838.860	90.000	35.0781	1.0000	0.0000	6.8000
uR	838.860	90.000	0.0227	1.0000	0.0000	6.8000
E	840.458	90.000	44.8385	359.8172	0.1341	0.0937	0.0000	6.8000
dPolE	840.458	90.000	42.4488	1.0000	0.0000	6.8000
uR	840.458	90.000	0.0235	1.0000	0.0000	6.8000
E	842.055	90.000	44.8942	359.9579	0.1378	0.0962	0.0000	6.8000
dPolE	842.055	90.000	43.3929	1.0000	0.0000	6.8000
uR	842.055	90.000	0.0250	1.0000	0.0000	6.8000
E	843.653	90.000	44.6678	359.8745	0.1647	0.1145	0.0000	6.8000
dPolE	843.653	90.000	47.7202	1.0000	0.0000	6.8000
uR	843.653	90.000	0.0233	1.0000	0.0000	6.8000
E	845.250	90.000	45.4627	359.6767	0.1962	0.1356	0.0000	6.8000
dPolE	845.250	90.000	55.5088	1.0000	0.0000	6.8000
uR	845.250	90.000	0.0229	1.0000	0.0000	6.8000
E	846.847	90.000	45.6977	359.9562	0.2324	0.1599	0.0000	6.8000
dPolE	846.847	90.000	52.0071	1.0000	0.0000	6.8000
uR	846.847	90.000	0.0243	1.0000	0.0000	6.8000
E	848.444	90.000	45.0546	0.2083	0.2468	0.1692	0.0000	6.8000
dPolE	848.444	90.000	58.5059	1.0000	0.0000	6.8000
uR	848.444	90.000	0.0257	1.0000	0.0000	6.8000
E	850.041	90.000	45.2936	0.0375	0.2560	0.1747	0.0000	6.8000
dPolE	850.041	90.000	65.4165	1.0000	0.0000	6.8000
uR	850.041	90.000	0.0252	1.0000	0.0000	6.8000
E	851.638	90.000	44.6558	359.5269	0.2775	0.1888	0.0000	6.8000
dPolE	851.638	90.000	60.9129	1.0000	0.0000	6.8000
uR	851.638	90.000	0.0262	1.0000	0.0000	6.8000
E	853.234	90.000	45.3566	359.4688	0.2729	0.1850	0.0000	6.8000
dPolE	853.234	90.000	59.2592	1.0000	0.0000	6.8000
uR	853.234	90.000	0.0259	1.0000	0.0000	6.8000
E	854.831	90.000	44.7472	359.5673	0.2790	0.1881	0.0000	6.8000
dPolE	854.831	90.000	62.1212	1.0000	0.0000	6.8000
uR	854.831	90.000	0.0234	1.0000	0.0000	6.8000
E	856.427	90.000	45.2988	359.9123	0.2763	0.1863	0.0000	6.8000
dPolE	856.427	90.000	62.7766	1.0000	0.0000	6.8000
uR	856.427	90.000	0.0233	1.0000	0.0000	6.8000
E	858.023	90.000	45.8115	359.8510	0.2740	0.1843	0.0000	6.8000
dPolE	858.023	90.000	55.3420	1.0000	0.0000	6.8000
uR	858.023	90.000	0.0247	1.0000	0.0000	6.8000
E	859.619	90.000	45.4693	359.6396	0.2749	0.1841	0.0000	6.8000
dPolE	859.619	90.000	57.4737	1.0000	0.0000	6.8000
uR	859.619	90.000	0.0231	1.0000	0.0000	6.8000
E	861.215	90.000	44.9855	359.8125	0.2674	0.1790	0.0000	6.8000
dPolE	861.215	90.000	55.2200	1.0000	0.0000	6.8000
uR	861.215	90.000	0.0242	1.0000	0.0000	6.8000
E	862.811	90.000	45.3006	0.2805	0.2589	0.1732	0.0000	6.8000
dPolE	862.811	90.000	51.2692	1.0000	0.0000	6.8000
uR	862.811	90.000	0.0243	1.0000	0.0000	6.8000
E	864.407	90.000	44.3063	359.5323	0.2462	0.1643	0.0000	6.8000
dPolE	864.407	90.000	54.9070	1.0000	0.0000	6.8000
uR	864.407	90.000	0.0245	1.0000	0.0000	6.8000
E	866.002	90.000	45.5771	359.2834	0.2297	0.1533	0.0000	6.8000
dPolE	866.002	90.000	45.7433	1.0000	0.0000	6.8000
uR	866.002	90.000	0.0253	1.0000	0.0000	6.8000
E	867.597	90.000	44.8800	359.9750	0.2295	0.1532	0.0000	6.8000
dPolE	867.597	90.000	40.8791	1.0000	0.0000	6.8000
uR	867.597	90.000	0.0249	1.0000	0.0000	6.8000
E	869.192	90.000	45.3001	359.8161	0.2215	0.1475	0.0000	6.8000
dPolE	869.192	90.000	39.8349	1.0000	0.0000	6.8000
uR	869.192	90.000	0.0242	1.0000	0.0000	6.8000
E	870.787	90.000	44.8097	359.6965	0.2116	0.1410	0.0000	6.8000
dPolE	870.787	90.000	37.8931	1.0000	0.0000	6.8000
uR	870.787	90.000	0.0244	1.0000	0.0000	6.8000
E	872.382	90.000	45.1299	359.7065	0.1928	0.1282	0.0000	6.8000
dPolE	872.382	90.000	34.9475	1.0000	0.0000	6.8000
uR	872.382	90.000	0.0233	1.0000	0.0000	6.8000
E	873.977	90.000	44.9891	359.6647	0.1746	0.1162	0.0000	6.8000
dPolE	873.977	90.000	32.9665	1.0000	0.0000	6.8000
uR	873.977	90.000	0.0231	1.0000	0.0000	6.8000
E	875.571	90.000	44.9803	0.1708	0.1560	0.1038	0.0000	6.8000
dPolE	875.571	90.000	32.0340	1.0000	0.0000	6.8000
uR	875.571	90.000	0.0224	1.0000	0.0000	6.8000
E	877.166	90.000	45.1269	359.7939	0.1402	0.0932	0.0000	6.8000
dPolE	877.166	90.000	29.4561	1.0000	0.0000	6.8000
uR	877.166	90.000	0.0210	1.0000	0.0000	6.8000
E	878.760	90.000	44.7741	359.7221	0.0971	0.0645	0.0000	6.8000
dPolE	878.760	90.000	17.4448	1.0000	0.0000	6.8000
uR	878.760	90.000	0.0202	1.0000	0.0000	6.8000
E	880.354	90.000	44.7420	359.7616	0.0725	0.0480	0.0000	6.8000
dPolE	880.354	90.000	9.4789	1.0000	0.0000	6.8000
uR	880.354	90.000	0.0209	1.0000	0.0000	6.8000
E	881.948	90.000	44.9605	359.6073	0.0529	0.0349	0.0000	6.8000
dPolE	881.948	90.000	5.7188	1.0000	0.0000	6.8000
uR	881.948	90.000	0.0229	1.0000	0.0000	6.8000
E	883.542	90.000	44.9070	359.6557	0.0529	0.0349	0.0000	6.8000
dPolE	883.542	90.000	4.7385	1.0000	0.0000	6.8000
uR	883.542	90.000	0.0238	1.0000	0.0000	6.8000
E	885.135	90.000	44.8615	359.7092	0.0593	0.0390	0.0000	6.8000
dPolE	885.135	90.000	5.8906	1.0000	0.0000	6.8000
uR	885.135	90.000	0.0232	1.0000	0.0000	6.8000
E	886.729	90.000	45.0120	359.6751	0.0758	0.0497	0.0000	6.8000
dPolE	886.729	90.000	10.5267	1.0000	0.0000	6.8000
uR	886.729	90.000	0.0222	1.0000	0.0000	6.8000
E	888.322	90.000	44.8222	359.8312	0.1002	0.0656	0.0000	6.8000
dPolE	888.322	90.000	21.5782	1.0000	0.0000	6.8000
uR	888.322	90.000	0.0221	1.0000	0.0000	6.8000
E	889.915	90.000	44.9091	359.6885	0.1148	0.0750	0.0000	6.8000
dPolE	889.915	90.000	24.2989	1.0000	0.0000	6.8000
uR	889.915	90.000	0.0218	1.0000	0.0000	6.8000
E	891.508	90.000	45.1730	359.7104	0.1201	0.0781	0.0000	6.8000
dPolE	891.508	90.000	23.0563	1.0000	0.0000	6.8000
uR	891.508	90.000	0.0223	1.0000	0.0000	6.8000
E	893.101	90.000	44.9680	359.9111	0.1106	0.0717	0.0000	6.8000
dPolE	893.101	90.000	21.5428	1.0000	0.0000	6.8000
uR	893.101	90.000	0.0219	1.0000	0.0000	6.8000
E	894.694	90.000	44.8798	359.6184	0.0956	0.0617	0.0000	6.8000
dPolE	894.694	90.000	17.0588	1.0000	0.0000	6.8000
uR	894.694	90.000	0.0238	1.0000	0.0000	6.8000
E	896.286	90.000	45.1314	359.8095	0.0891	0.0573	0.0000	6.8000
dPolE	896.286	90.000	16.0494	1.0000	0.0000	6.8000
uR	896.286	90.000	0.0236	1.0000	0.0000	6.8000
E	897.879	90.000	44.9677	359.7733	0.0963	0.0617	0.0000	6.8000
dPolE	897.879	90.000	16.4008	1.0000	0.0000	6.8000
uR	897.879	90.000	0.0232	1.0000	0.0000	6.8000
E	899.471	90.000	44.8873	359.9023	0.1073	0.0685	0.0000	6.8000
dPolE	899.471	90.000	21.1164	1.0000	0.0000	6.8000
uR	899.471	90.000	0.0227	1.0000	0.0000	6.8000
E	901.063	90.000	44.7868	359.5516	0.1203	0.0764	0.0000	6.8000
dPolE	901.063	90.000	21.5823	1.0000	0.0000	6.8000
uR	901.063	90.000	0.0221	1.0000	0.0000	6.8000
E	902.655	90.000	45.2318	359.7841	0.1113	0.0705	0.0000	6.8000
dPolE	902.655	90.000	17.6979	1.0000	0.0000	6.8000
uR	902.655	90.000	0.0230	1.0000	0.0000	6.8000
E	904.247	90.000	44.7932	359.7247	0.0978	0.0617	0.0000	6.8000
dPolE	904.247	90.000	14.1548	1.0000	0.0000	6.8000
uR	904.247	90.000	0.0244	1.0000	0.0000	6.8000
E	905.838	90.000	44.8324	359.7848	0.0989	0.0623	0.0000	6.8000
dPolE	905.838	90.000	17.4879	1.0000	0.0000	6.8000
uR	905.838	90.000	0.0238	1.0000	0.0000	6.8000
E	907.429	90.000	45.0882	359.7518	0.1060	0.0666	0.0000	6.8000
dPolE	907.429	90.000	21.0586	1.0000	0.0000	6.8000
uR	907.429	90.000	0.0227	1.0000	0.0000	6.8000
E	909.021	90.000	45.0413	359.7309	0.1375	0.0863	0.0000	6.8000
dPolE	909.021	90.000	26.8894	1.0000	0.0000	6.8000
uR	909.021	90.000	0.0208	1.0000	0.0000	6.8000
E	910.612	90.000	44.7090	359.9074	0.1561	0.0973	0.0000	6.8000
dPolE	910.612	90.000	31.1994	1.0000	0.0000	6.8000
uR	910.612	90.000	0.0207	1.0000	0.0000	6.8000
E	912.203	90.000	45.4022	359.6533	0.1444	0.0900	0.0000	6.8000
dPolE	912.203	90.000	29.5129	1.0000	0.0000	6.8000
uR	912.203	90.000	0.0204	1.0000	0.0000	6.8000
E	913.793	90.000	44.9589	359.6634	0.1177	0.0731	0.0000	6.8000
dPolE	913.793	90.000	20.4183	1.0000	0.0000	6.8000
uR	913.793	90.000	0.0217	1.0000	0.0000	6.8000
E	915.384	90.000	45.0981	359.7297	0.0906	0.0562	0.0000	6.8000
dPolE	915.384	90.000	12.8722	1.0000	0.0000	6.8000
uR	915.384	90.000	0.0228	1.0000	0.0000	6.8000
E	916.974	90.000	45.1655	359.6371	0.0852	0.0528	0.0000	6.8000
dPolE	916.974	90.000	12.6243	1.0000	0.0000	6.8000
uR	916.974	90.000	0.0232	1.0000	0.0000	6.8000
E	918.565	90.000	44.8170	359.6260	0.0902	0.0558	0.0000	6.8000
dPolE	918.565	90.000	14.9253	1.0000	0.0000	6.8000
uR	918.565	90.000	0.0229	1.0000	0.0000	6.8000
E	920.155	90.000	45.0201	359.6449	0.1075	0.0664	0.0000	6.8000
dPolE	920.155	90.000	20.9037	1.0000	0.0000	6.8000
uR	920.155	90.000	0.0214	1.0000	0.0000	6.8000
E	921.745	90.000	45.4826	359.7214	0.1360	0.0838	0.0000	6.8000
dPolE	921.745	90.000	22.4309	1.0000	0.0000	6.8000
uR	921.745	90.000	0.0220	1.0000	0.0000	6.8000
E	923.334	90.000	44.4487	359.7553	0.1597	0.0984	0.0000	6.8000
dPolE	923.334	90.000	32.4405	1.0000	0.0000	6.8000
uR	923.334	90.000	0.0229	1.0000	0.0000	6.8000
E	924.924	90.000	44.5452	359.6556	0.1867	0.1148	0.0000	6.8000
dPolE	924.924	90.000	41.3561	1.0000	0.0000	6.8000
uR	924.924	90.000	0.0218	1.0000	0.0000	6.8000
E	926.513	90.000	44.8626	359.4346	0.2094	0.1286	0.0000	6.8000
dPolE	926.513	90.000	43.8915	1.0000	0.0000	6.8000
uR	926.513	90.000	0.0231	1.0000	0.0000	6.8000
E	928.103	90.000	45.2190	359.9894	0.2412	0.1480	0.0000	6.8000
dPolE	928.103	90.000	40.6069	1.0000	0.0000	6.8000
uR	928.103	90.000	0.0230	1.0000	0.0000	6.8000
E	929.692	90.000	44.5143	359.8978	0.2373	0.1452	0.0000	6.8000
dPolE	929.692	90.000	46.4766	1.0000	0.0000	6.8000
uR	929.692	90.000	0.0239	1.0000	0.0000	6.8000
E	931.280	90.000	44.7110	359.6768	0.2375	0.1458	0.0000	6.8000
dPolE	931.280	90.000	42.3018	1.0000	0.0000	6.8000
uR	931.280	90.000	0.0248	1.0000	0.0000	6.8000
E	932.869	90.000	44.7834	359.6240	0.2507	0.1537	0.0000	6.8000
dPolE	932.869	90.000	38.0264	1.0000	0.0000	6.8000
uR	932.869	90.000	0.0254	1.0000	0.0000	6.8000
E	934.458	90.000	44.8356	359.7290	0.2443	0.1491	0.0000	6.8000
dPolE	934.458	90.000	43.9248	1.0000	0.0000	6.8000
uR	934.458	90.000	0.0246	1.0000	0.0000	6.8000
E	936.046	90.000	45.0342	359.9151	0.2258	0.1380	0.0000	6.8000
dPolE	936.046	90.000	40.6781	1.0000	0.0000	6.8000
uR	936.046	90.000	0.0250	1.0000	0.0000	6.8000
E	937.634	90.000	44.6027	359.9092	0.2180	0.1331	0.0000	6.8000
dPolE	937.634	90.000	40.1449	1.0000	0.0000	6.8000
uR	937.634	90.000	0.0234	1.0000	0.0000	6.8000
E	939.222	90.000	44.5065	359.8716	0.2204	0.1344	0.0000	6.8000
dPolE	939.222	90.000	41.7662	1.0000	0.0000	6.8000
uR	939.222	90.000	0.0241	1.0000	0.0000	6.8000
E	940.810	90.000	45.1043	359.5284	0.2333	0.1412	0.0000	6.8000
dPolE	940.810	90.000	40.4020	1.0000	0.0000	6.8000
uR	940.810	90.000	0.0236	1.0000	0.0000	6.8000
E	942.398	90.000	45.0239	359.7137	0.2365	0.1427	0.0000	6.8000
dPolE	942.398	90.000	43.4932	1.0000	0.0000	6.8000
uR	942.398	90.000	0.0231	1.0000	0.0000	6.8000
E	943.985	90.000	44.6989	359.5222	0.2623	0.1592	0.0000	6.8000
dPolE	943.985	90.000	40.0050	1.0000	0.0000	6.8000
uR	943.985	90.000	0.0243	1.0000	0.0000	6.8000
E	945.573	90.000	44.9304	359.8521	0.2596	0.1572	0.0000	6.8000
dPolE	945.573	90.000	43.2358	1.0000	0.0000	6.8000
uR	945.573	90.000	0.0245	1.0000	0.0000	6.8000
E	947.160	90.000	44.9230	359.8540	0.2648	0.1601	0.0000	6.8000
dPolE	947.160	90.000	34.8004	1.0000	0.0000	6.8000
uR	947.160	90.000	0.0242	1.0000	0.0000	6.8000
E	948.747	90.000	45.6798	359.8991	0.2423	0.1457	0.0000	6.8000
dPolE	948.747	90.000	38.8427	1.0000	0.0000	6.8000
uR	948.747	90.000	0.0245	1.0000	0.0000	6.8000
E	950.334	90.000	44.2966	359.6840	0.2318	0.1394	0.0000	6.8000
dPolE	950.334	90.000	41.4787	1.0000	0.0000	6.8000
uR	950.334	90.000	0.0247	1.0000	0.0000	6.8000
E	951.920	90.000	44.4155	359.9882	0.2315	0.1384	0.0000	6.8000
dPolE	951.920	90.000	39.2787	1.0000	0.0000	6.8000
uR	951.920	90.000	0.0238	1.0000	0.0000	6.8000
E	953.507	90.000	44.3226	359.6244	0.2475	0.1477	0.0000	6.8000
dPolE	953.507	90.000	38.9212	1.0000	0.0000	6.8000
uR	953.507	90.000	0.0251	1.0000	0.0000	6.8000
E	955.093	90.000	44.6973	359.6261	0.2595	0.1539	0.0000	6.8000
dPolE	955.093	90.000	40.7972	1.0000	0.0000	6.8000
uR	955.093	90.000	0.0243	1.0000	0.0000	6.8000
E	956.679	90.000	44.9791	0.0032	0.2906	0.1729	0.0000	6.8000
dPolE	956.679	90.000	42.1086	1.0000	0.0000	6.8000
uR	956.679	90.000	0.0249	1.0000	0.0000	6.8000
E	958.265	90.000	44.4252	359.9809	0.3087	0.1827	0.0000	6.8000
dPolE	958.265	90.000	49.0038	1.0000	0.0000	6.8000
uR	958.265	90.000	0.0249	1.0000	0.0000	6.8000
E	959.851	90.000	45.0200	359.7784	0.3363	0.1980	0.0000	6.8000
dPolE	959.851	90.000	59.0930	1.0000	0.0000	6.8000
uR	959.851	90.000	0.0228	1.0000	0.0000	6.8000
E	961.436	90.000	43.9800	359.8820	0.3528	0.2073	0.0000	6.8000
dPolE	961.436	90.000	63.6272	1.0000	0.0000	6.8000
uR	961.436	90.000	0.0236	1.0000	0.0000	6.8000
E	963.022	90.000	43.7977	0.3153	0.3528	0.2072	0.0000	6.8000
dPolE	963.022	90.000	63.9116	1.0000	0.0000	6.8000
uR	963.022	90.000	0.0231	1.0000	0.0000	6.8000
E	964.607	90.000	44.2374	359.4657	0.3567	0.2086	0.0000	6.8000
dPolE	964.607	90.000	57.7329	1.0000	0.0000	6.8000
uR	964.607	90.000	0.0231	1.0000	0.0000	6.8000
E	966.192	90.000	46.1971	359.3120	0.3166	0.1848	0.0000	6.8000
dPolE	966.192	90.000	53.4685	1.0000	0.0000	6.8000
uR	966.192	90.000	0.0233	1.0000	0.0000	6.8000
E	967.777	90.000	45.1724	359.8036	0.2948	0.1707	0.0000	6.8000
dPolE	967.777	90.000	55.9990	1.0000	0.0000	6.8000
uR	967.777	90.000	0.0219	1.0000	0.0000	6.8000
E	969.361	90.000	44.9185	0.0857	0.2948	0.1705	0.0000	6.8000
dPolE	969.361	90.000	41.5078	1.0000	0.0000	6.8000
uR	969.361	90.000	0.0238	1.0000	0.0000	6.8000
E	970.946	90.000	44.4396	359.4853	0.2728	0.1572	0.0000	6.8000
dPolE	970.946	90.000	42.8823	1.0000	0.0000	6.8000
uR	970.946	90.000	0.0234	1.0000	0.0000	6.8000
E	972.530	90.000	44.5965	359.5695	0.2479	0.1429	0.0000	6.8000
dPolE	972.530	90.000	40.6989	1.0000	0.0000	6.8000
uR	972.530	90.000	0.0237	1.0000	0.0000	6.8000
E	974.114	90.000	45.3183	359.7237	0.2307	0.1328	0.0000	6.8000
dPolE	974.114	90.000	33.6350	1.0000	0.0000	6.8000
uR	974.114	90.000	0.0223	1.0000	0.0000	6.8000
E	975.698	90.000	44.9138	359.8259	0.2161	0.1237	0.0000	6.8000
dPolE	975.698	90.000	31.3768	1.0000	0.0000	6.8000
uR	975.698	90.000	0.0216	1.0000	0.0000	6.8000
E	977.282	90.000	44.8703	359.6630	0.1646	0.0940	0.0000	6.8000
dPolE	977.282	90.000	27.6138	1.0000	0.0000	6.8000
uR	977.282	90.000	0.0230	1.0000	0.0000	6.8000
E	978.865	90.000	45.1478	359.7432	0.1543	0.0877	0.0000	6.8000
dPolE	978.865	90.000	19.2618	1.0000	0.0000	6.8000
uR	978.865	90.000	0.0232	1.0000	0.0000	6.8000
E	980.449	90.000	44.7667	359.7727	0.1487	0.0846	0.0000	6.8000
dPolE	980.449	90.000	20.7939	1.0000	0.0000	6.8000
uR	980.449	90.000	0.0230	1.0000	0.0000	6.8000
E	982.032	90.000	45.0547	359.6000	0.1632	0.0930	0.0000	6.8000
dPolE	982.032	90.000	24.5081	1.0000	0.0000	6.8000
uR	982.032	90.000	0.0233	1.0000	0.0000	6.8000
E	983.615	90.000	45.0975	359.6632	0.1934	0.1101	0.0000	6.8000
dPolE	983.615	90.000	30.1455	1.0000	0.0000	6.8000
uR	983.615	90.000	0.0210	1.0000	0.0000	6.8000
E	985.198	90.000	44.2447	359.4767	0.2283	0.1296	0.0000	6.8000
dPolE	985.198	90.000	36.4283	1.0000	0.0000	6.8000
uR	985.198	90.000	0.0212	1.0000	0.0000	6.8000
E	986.780	90.000	44.2158	359.6935	0.2298	0.1307	0.0000	6.8000
dPolE	986.780	90.000	36.0419	1.0000	0.0000	6.8000
uR	986.780	90.000	0.0214	1.0000	0.0000	6.8000
E	988.363	90.000	45.2032	359.4781	0.2135	0.1210	0.0000	6.8000
dPolE	988.363	90.000	30.6260	1.0000	0.0000	6.8000
uR	988.363	90.000	0.0225	1.0000	0.0000	6.8000
E	989.945	90.000	44.4317	359.6660	0.1814	0.1027	0.0000	6.8000
dPolE	989.945	90.000	30.6809	1.0000	0.0000	6.8000
uR	989.945	90.000	0.0217	1.0000	0.0000	6.8000
E	991.527	90.000	44.8185	359.8154	0.1563	0.0882	0.0000	6.8000
dPolE	991.527	90.000	29.3099	1.0000	0.0000	6.8000
uR	991.527	90.000	0.0241	1.0000	0.0000	6.8000
E	993.109	90.000	44.7114	359.7940	0.1630	0.0921	0.0000	6.8000
dPolE	993.109	90.000	23.8708	1.0000	0.0000	6.8000
uR	993.109	90.000	0.0239	1.0000	0.0000	6.8000
E	994.690	90.000	44.7991	359.8316	0.1690	0.0952	0.0000	6.8000
dPolE	994.690	90.000	22.4511	1.0000	0.0000	6.8000
uR	994.690	90.000	0.0231	1.0000	0.0000	6.8000
E	996.272	90.000	45.6136	359.9372	0.1952	0.1100	0.0000	6.8000
dPolE	996.272	90.000	29.9216	1.0000	0.0000	6.8000
uR	996.272	90.000	0.0222	1.0000	0.0000	6.8000
E	997.853	90.000	44.5731	359.7038	0.2226	0.1249	0.0000	6.8000
dPolE	997.853	90.000	41.5187	1.0000	0.0000	6.8000
uR	997.853	90.000	0.0213	1.0000	0.0000	6.8000
E	999.434	90.000	44.2827	359.7649	0.2688	0.1508	0.0000	6.8000
dPolE	999.434	90.000	43.8890	1.0000	0.0000	6.8000
uR	999.434	90.000	0.0222	1.0000	0.0000	6.8000
