
FM-removed
XY-Scan
nm
E	210.379	90.000	51.1885	57.3422	0.2596	0.5263	0.0000	6.8000
dPolE	210.379	90.000	99.9839	1.0000	0.0000	6.8000
uR	210.379	90.000	0.0163	1.0000	0.0000	6.8000
E	211.990	90.000	24.2794	325.7887	0.2756	0.7177	0.0000	6.8000
dPolE	211.990	90.000	99.9805	1.0000	0.0000	6.8000
uR	211.990	90.000	0.0190	1.0000	0.0000	6.8000
E	213.602	90.000	81.7246	5.3241	0.2635	1.7328	0.0000	6.8000
dPolE	213.602	90.000	99.9699	1.0000	0.0000	6.8000
uR	213.602	90.000	0.0082	1.0000	0.0000	6.8000
E	215.214	90.000	29.3998	243.4335	0.2416	0.5656	0.0000	6.8000
dPolE	215.214	90.000	99.9881	1.0000	0.0000	6.8000
uR	215.214	90.000	0.0093	1.0000	0.0000	6.8000
E	216.826	90.000	36.5583	223.3748	0.2710	0.5347	0.0000	6.8000
dPolE	216.826	90.000	99.9655	1.0000	0.0000	6.8000
uR	216.826	90.000	0.0075	1.0000	0.0000	6.8000
E	218.438	90.000	33.2453	320.7186	0.2801	0.5632	0.0000	6.8000
dPolE	218.438	90.000	99.9934	1.0000	0.0000	6.8000
uR	218.438	90.000	0.0073	1.0000	0.0000	6.8000
E	220.050	90.000	44.7741	56.4949	0.2734	0.5191	0.0000	6.8000
dPolE	220.050	90.000	99.9922	1.0000	0.0000	6.8000
uR	220.050	90.000	0.0044	1.0000	0.0000	6.8000
E	221.662	90.000	35.6275	221.6412	0.2475	0.4688	0.0000	6.8000
dPolE	221.662	90.000	99.9977	1.0000	0.0000	6.8000
uR	221.662	90.000	0.0052	1.0000	0.0000	6.8000
E	223.274	90.000	72.1724	135.9748	0.2575	0.8400	0.0000	6.8000
dPolE	223.274	90.000	99.8484	1.0000	0.0000	6.8000
uR	223.274	90.000	0.0075	1.0000	0.0000	6.8000
E	224.886	90.000	23.4619	29.8336	0.2910	0.6618	0.0000	6.8000
dPolE	224.886	90.000	99.8841	1.0000	0.0000	6.8000
uR	224.886	90.000	0.0051	1.0000	0.0000	6.8000
E	226.498	90.000	24.8509	182.5637	0.2902	0.5388	0.0000	6.8000
dPolE	226.498	90.000	99.9596	1.0000	0.0000	6.8000
uR	226.498	90.000	0.0041	1.0000	0.0000	6.8000
E	228.111	90.000	53.7912	261.2353	0.2528	0.5401	0.0000	6.8000
dPolE	228.111	90.000	99.9975	1.0000	0.0000	6.8000
uR	228.111	90.000	0.0024	1.0000	0.0000	6.8000
E	229.723	90.000	33.4981	169.8994	0.3040	0.4447	0.0000	6.8000
dPolE	229.723	90.000	99.9984	1.0000	0.0000	6.8000
uR	229.723	90.000	0.0028	1.0000	0.0000	6.8000
E	231.335	90.000	56.6359	349.7319	0.2915	0.4152	0.0000	6.8000
dPolE	231.335	90.000	99.8877	1.0000	0.0000	6.8000
uR	231.335	90.000	0.0030	1.0000	0.0000	6.8000
E	232.948	90.000	11.3776	39.8091	0.2505	1.1662	0.0000	6.8000
dPolE	232.948	90.000	99.9745	1.0000	0.0000	6.8000
uR	232.948	90.000	0.0020	1.0000	0.0000	6.8000
E	234.560	90.000	66.5373	86.1096	0.2449	0.7974	0.0000	6.8000
dPolE	234.560	90.000	99.9971	1.0000	0.0000	6.8000
uR	234.560	90.000	0.0009	1.0000	0.0000	6.8000
E	236.173	90.000	22.7365	327.4599	0.3001	0.6466	0.0000	6.8000
dPolE	236.173	90.000	99.9814	1.0000	0.0000	6.8000
uR	236.173	90.000	0.0016	1.0000	0.0000	6.8000
E	237.786	90.000	23.6876	82.9858	0.2728	0.8839	0.0000	6.8000
dPolE	237.786	90.000	99.9831	1.0000	0.0000	6.8000
uR	237.786	90.000	0.0011	1.0000	0.0000	6.8000
E	239.398	90.000	21.6127	341.6371	0.3050	0.5611	0.0000	6.8000
dPolE	239.398	90.000	99.9473	1.0000	0.0000	6.8000
uR	239.398	90.000	0.0017	1.0000	0.0000	6.8000
E	241.011	90.000	57.6642	336.4702	0.3185	0.4577	0.0000	6.8000
dPolE	241.011	90.000	99.9817	1.0000	0.0000	6.8000
uR	241.011	90.000	0.0009	1.0000	0.0000	6.8000
E	242.624	90.000	17.0123	325.7582	0.2880	0.8039	0.0000	6.8000
dPolE	242.624	90.000	99.9063	1.0000	0.0000	6.8000
uR	242.624	90.000	0.0015	1.0000	0.0000	6.8000
E	244.237	90.000	16.3608	340.2326	0.3103	0.7146	0.0000	6.8000
dPolE	244.237	90.000	99.9748	1.0000	0.0000	6.8000
uR	244.237	90.000	0.0009	1.0000	0.0000	6.8000
E	245.850	90.000	48.7963	359.9162	0.3124	0.3308	0.0000	6.8000
dPolE	245.850	90.000	99.9768	1.0000	0.0000	6.8000
uR	245.850	90.000	0.0018	1.0000	0.0000	6.8000
E	247.463	90.000	45.0540	112.5646	0.2989	0.5647	0.0000	6.8000
dPolE	247.463	90.000	99.9814	1.0000	0.0000	6.8000
uR	247.463	90.000	0.0009	1.0000	0.0000	6.8000
E	249.076	90.000	51.4200	161.5562	0.3298	0.3941	0.0000	6.8000
dPolE	249.076	90.000	99.8664	1.0000	0.0000	6.8000
uR	249.076	90.000	0.0013	1.0000	0.0000	6.8000
E	250.689	90.000	30.8031	182.9599	0.3182	0.3706	0.0000	6.8000
dPolE	250.689	90.000	99.9297	1.0000	0.0000	6.8000
uR	250.689	90.000	0.0012	1.0000	0.0000	6.8000
E	252.302	90.000	16.9687	177.0585	0.3434	0.6269	0.0000	6.8000
dPolE	252.302	90.000	99.9999	1.0000	0.0000	6.8000
uR	252.302	90.000	0.0010	1.0000	0.0000	6.8000
E	253.916	90.000	32.2379	173.5140	0.3042	0.3470	0.0000	6.8000
dPolE	253.916	90.000	99.9230	1.0000	0.0000	6.8000
uR	253.916	90.000	0.0010	1.0000	0.0000	6.8000
E	255.529	90.000	14.7611	118.0502	0.2266	1.1237	0.0000	6.8000
dPolE	255.529	90.000	99.9986	1.0000	0.0000	6.8000
uR	255.529	90.000	0.0009	1.0000	0.0000	6.8000
E	257.142	90.000	46.1138	8.6560	0.3355	0.3484	0.0000	6.8000
dPolE	257.142	90.000	99.9693	1.0000	0.0000	6.8000
uR	257.142	90.000	0.0008	1.0000	0.0000	6.8000
E	258.756	90.000	12.9257	293.4825	0.2130	1.3101	0.0000	6.8000
dPolE	258.756	90.000	99.9745	1.0000	0.0000	6.8000
uR	258.756	90.000	0.0005	1.0000	0.0000	6.8000
E	260.369	90.000	48.2204	353.9113	0.3042	0.3122	0.0000	6.8000
dPolE	260.369	90.000	99.8696	1.0000	0.0000	6.8000
uR	260.369	90.000	0.0010	1.0000	0.0000	6.8000
E	261.983	90.000	78.1046	18.0467	0.2874	0.8367	0.0000	6.8000
dPolE	261.983	90.000	99.9105	1.0000	0.0000	6.8000
uR	261.983	90.000	0.0010	1.0000	0.0000	6.8000
E	263.596	90.000	34.7048	57.8359	0.2984	0.5858	0.0000	6.8000
dPolE	263.596	90.000	99.9878	1.0000	0.0000	6.8000
uR	263.596	90.000	0.0008	1.0000	0.0000	6.8000
E	265.210	90.000	66.1615	256.0755	0.2600	0.8330	0.0000	6.8000
dPolE	265.210	90.000	99.9191	1.0000	0.0000	6.8000
uR	265.210	90.000	0.0009	1.0000	0.0000	6.8000
E	266.823	90.000	43.0606	5.7465	0.3077	0.3173	0.0000	6.8000
dPolE	266.823	90.000	99.9757	1.0000	0.0000	6.8000
uR	266.823	90.000	0.0007	1.0000	0.0000	6.8000
E	268.437	90.000	76.9919	269.4253	0.1859	1.3345	0.0000	6.8000
dPolE	268.437	90.000	99.9977	1.0000	0.0000	6.8000
uR	268.437	90.000	0.0005	1.0000	0.0000	6.8000
E	270.051	90.000	59.2134	27.8509	0.2585	0.3903	0.0000	6.8000
dPolE	270.051	90.000	99.9964	1.0000	0.0000	6.8000
uR	270.051	90.000	0.0005	1.0000	0.0000	6.8000
E	271.665	90.000	10.3810	328.3543	0.2388	1.0179	0.0000	6.8000
dPolE	271.665	90.000	99.9985	1.0000	0.0000	6.8000
uR	271.665	90.000	0.0002	1.0000	0.0000	6.8000
E	273.279	90.000	79.5396	89.2699	0.1753	1.6231	0.0000	6.8000
dPolE	273.279	90.000	99.9753	1.0000	0.0000	6.8000
uR	273.279	90.000	0.0008	1.0000	0.0000	6.8000
E	274.892	90.000	69.4864	192.1098	0.2938	0.5030	0.0000	6.8000
dPolE	274.892	90.000	99.9489	1.0000	0.0000	6.8000
uR	274.892	90.000	0.0007	1.0000	0.0000	6.8000
E	276.506	90.000	21.8583	70.3294	0.2086	0.7081	0.0000	6.8000
dPolE	276.506	90.000	99.9984	1.0000	0.0000	6.8000
uR	276.506	90.000	0.0008	1.0000	0.0000	6.8000
E	278.120	90.000	65.7353	333.5559	0.2678	0.4835	0.0000	6.8000
dPolE	278.120	90.000	99.9440	1.0000	0.0000	6.8000
uR	278.120	90.000	0.0006	1.0000	0.0000	6.8000
E	279.734	90.000	30.1003	339.8131	0.2691	0.3855	0.0000	6.8000
dPolE	279.734	90.000	99.9851	1.0000	0.0000	6.8000
uR	279.734	90.000	0.0003	1.0000	0.0000	6.8000
E	281.349	90.000	11.7521	326.8913	0.2407	0.9486	0.0000	6.8000
dPolE	281.349	90.000	99.9107	1.0000	0.0000	6.8000
uR	281.349	90.000	0.0008	1.0000	0.0000	6.8000
E	282.963	90.000	34.0394	26.0694	0.2624	0.3796	0.0000	6.8000
dPolE	282.963	90.000	99.9999	1.0000	0.0000	6.8000
uR	282.963	90.000	0.0006	1.0000	0.0000	6.8000
E	284.577	90.000	47.5486	166.8575	0.2576	0.3059	0.0000	6.8000
dPolE	284.577	90.000	99.9634	1.0000	0.0000	6.8000
uR	284.577	90.000	0.0005	1.0000	0.0000	6.8000
E	286.191	90.000	52.9854	354.8493	0.2510	0.2981	0.0000	6.8000
dPolE	286.191	90.000	99.9852	1.0000	0.0000	6.8000
uR	286.191	90.000	0.0005	1.0000	0.0000	6.8000
E	287.805	90.000	9.8626	343.1245	0.2339	0.8813	0.0000	6.8000
dPolE	287.805	90.000	99.9999	1.0000	0.0000	6.8000
uR	287.805	90.000	0.0005	1.0000	0.0000	6.8000
E	289.420	90.000	4.5425	239.0729	0.1592	2.5338	0.0000	6.8000
dPolE	289.420	90.000	99.9216	1.0000	0.0000	6.8000
uR	289.420	90.000	0.0007	1.0000	0.0000	6.8000
E	291.034	90.000	27.9506	183.0255	0.2469	0.3498	0.0000	6.8000
dPolE	291.034	90.000	99.9763	1.0000	0.0000	6.8000
uR	291.034	90.000	0.0006	1.0000	0.0000	6.8000
E	292.649	90.000	42.6490	288.9391	0.2311	0.4485	0.0000	6.8000
dPolE	292.649	90.000	99.9914	1.0000	0.0000	6.8000
uR	292.649	90.000	0.0003	1.0000	0.0000	6.8000
E	294.263	90.000	75.5505	51.1862	0.1968	0.8409	0.0000	6.8000
dPolE	294.263	90.000	99.9608	1.0000	0.0000	6.8000
uR	294.263	90.000	0.0006	1.0000	0.0000	6.8000
E	295.877	90.000	71.5080	165.5515	0.2248	0.4837	0.0000	6.8000
dPolE	295.877	90.000	99.8760	1.0000	0.0000	6.8000
uR	295.877	90.000	0.0009	1.0000	0.0000	6.8000
E	297.492	90.000	41.5433	188.8465	0.2431	0.3069	0.0000	6.8000
dPolE	297.492	90.000	99.9607	1.0000	0.0000	6.8000
uR	297.492	90.000	0.0005	1.0000	0.0000	6.8000
E	299.107	90.000	33.9573	158.2353	0.1950	0.2906	0.0000	6.8000
dPolE	299.107	90.000	99.9629	1.0000	0.0000	6.8000
uR	299.107	90.000	0.0006	1.0000	0.0000	6.8000
E	300.721	90.000	20.0025	244.9142	0.1852	0.6456	0.0000	6.8000
dPolE	300.721	90.000	99.9909	1.0000	0.0000	6.8000
uR	300.721	90.000	0.0004	1.0000	0.0000	6.8000
E	302.336	90.000	49.6569	56.9458	0.2091	0.3867	0.0000	6.8000
dPolE	302.336	90.000	99.9808	1.0000	0.0000	6.8000
uR	302.336	90.000	0.0003	1.0000	0.0000	6.8000
E	303.950	90.000	29.6913	326.7012	0.1926	0.3530	0.0000	6.8000
dPolE	303.950	90.000	99.9875	1.0000	0.0000	6.8000
uR	303.950	90.000	0.0003	1.0000	0.0000	6.8000
E	305.565	90.000	22.4856	29.4157	0.2100	0.4644	0.0000	6.8000
dPolE	305.565	90.000	99.9967	1.0000	0.0000	6.8000
uR	305.565	90.000	0.0002	1.0000	0.0000	6.8000
E	307.180	90.000	9.6519	112.9417	0.1469	1.1191	0.0000	6.8000
dPolE	307.180	90.000	99.9997	1.0000	0.0000	6.8000
uR	307.180	90.000	0.0004	1.0000	0.0000	6.8000
E	308.795	90.000	26.0332	175.9168	0.1901	0.3251	0.0000	6.8000
dPolE	308.795	90.000	99.9655	1.0000	0.0000	6.8000
uR	308.795	90.000	0.0004	1.0000	0.0000	6.8000
E	310.410	90.000	80.3493	180.8421	0.1885	0.7782	0.0000	6.8000
dPolE	310.410	90.000	99.9481	1.0000	0.0000	6.8000
uR	310.410	90.000	0.0005	1.0000	0.0000	6.8000
E	312.024	90.000	46.6861	254.1735	0.2033	0.3995	0.0000	6.8000
dPolE	312.024	90.000	99.9915	1.0000	0.0000	6.8000
uR	312.024	90.000	0.0004	1.0000	0.0000	6.8000
E	313.639	90.000	34.1002	37.4375	0.1828	0.3278	0.0000	6.8000
dPolE	313.639	90.000	99.9893	1.0000	0.0000	6.8000
uR	313.639	90.000	0.0003	1.0000	0.0000	6.8000
E	315.254	90.000	77.6196	36.8795	0.1838	0.7846	0.0000	6.8000
dPolE	315.254	90.000	99.9806	1.0000	0.0000	6.8000
uR	315.254	90.000	0.0003	1.0000	0.0000	6.8000
E	316.869	90.000	79.2160	258.8788	0.1486	1.0427	0.0000	6.8000
dPolE	316.869	90.000	99.9673	1.0000	0.0000	6.8000
uR	316.869	90.000	0.0004	1.0000	0.0000	6.8000
E	318.484	90.000	18.7618	21.2136	0.1671	0.4267	0.0000	6.8000
dPolE	318.484	90.000	99.9909	1.0000	0.0000	6.8000
uR	318.484	90.000	0.0004	1.0000	0.0000	6.8000
E	320.099	90.000	11.8006	265.0234	0.1385	0.8821	0.0000	6.8000
dPolE	320.099	90.000	99.9999	1.0000	0.0000	6.8000
uR	320.099	90.000	0.0003	1.0000	0.0000	6.8000
E	321.714	90.000	36.8105	16.9792	0.1747	0.2789	0.0000	6.8000
dPolE	321.714	90.000	99.9814	1.0000	0.0000	6.8000
uR	321.714	90.000	0.0004	1.0000	0.0000	6.8000
E	323.330	90.000	22.0498	202.8091	0.1613	0.3712	0.0000	6.8000
dPolE	323.330	90.000	99.9999	1.0000	0.0000	6.8000
uR	323.330	90.000	0.0004	1.0000	0.0000	6.8000
E	324.945	90.000	73.4904	13.8321	0.1679	0.4791	0.0000	6.8000
dPolE	324.945	90.000	99.9516	1.0000	0.0000	6.8000
uR	324.945	90.000	0.0005	1.0000	0.0000	6.8000
E	326.560	90.000	38.4215	112.6614	0.1721	0.3456	0.0000	6.8000
dPolE	326.560	90.000	99.9948	1.0000	0.0000	6.8000
uR	326.560	90.000	0.0004	1.0000	0.0000	6.8000
E	328.175	90.000	74.5886	152.0054	0.1690	0.5635	0.0000	6.8000
dPolE	328.175	90.000	99.9947	1.0000	0.0000	6.8000
uR	328.175	90.000	0.0002	1.0000	0.0000	6.8000
E	329.790	90.000	74.2594	207.3099	0.1577	0.5159	0.0000	6.8000
dPolE	329.790	90.000	99.9942	1.0000	0.0000	6.8000
uR	329.790	90.000	0.0003	1.0000	0.0000	6.8000
E	331.406	90.000	76.6851	337.1541	0.1530	0.5764	0.0000	6.8000
dPolE	331.406	90.000	99.9770	1.0000	0.0000	6.8000
uR	331.406	90.000	0.0004	1.0000	0.0000	6.8000
E	333.021	90.000	48.3072	318.7220	0.1627	0.2922	0.0000	6.8000
dPolE	333.021	90.000	99.9972	1.0000	0.0000	6.8000
uR	333.021	90.000	0.0003	1.0000	0.0000	6.8000
E	334.636	90.000	21.4395	181.9072	0.1468	0.3452	0.0000	6.8000
dPolE	334.636	90.000	99.9888	1.0000	0.0000	6.8000
uR	334.636	90.000	0.0004	1.0000	0.0000	6.8000
E	336.251	90.000	70.5514	286.6055	0.1384	0.4838	0.0000	6.8000
dPolE	336.251	90.000	99.9596	1.0000	0.0000	6.8000
uR	336.251	90.000	0.0005	1.0000	0.0000	6.8000
E	337.867	90.000	23.0467	100.5610	0.1423	0.4264	0.0000	6.8000
dPolE	337.867	90.000	99.9961	1.0000	0.0000	6.8000
uR	337.867	90.000	0.0004	1.0000	0.0000	6.8000
E	339.482	90.000	58.8755	45.2706	0.1488	0.3143	0.0000	6.8000
dPolE	339.482	90.000	99.9979	1.0000	0.0000	6.8000
uR	339.482	90.000	0.0003	1.0000	0.0000	6.8000
E	341.098	90.000	65.0818	300.0630	0.1429	0.3780	0.0000	6.8000
dPolE	341.098	90.000	99.9983	1.0000	0.0000	6.8000
uR	341.098	90.000	0.0002	1.0000	0.0000	6.8000
E	342.713	90.000	49.4055	155.7574	0.1608	0.2819	0.0000	6.8000
dPolE	342.713	90.000	99.9925	1.0000	0.0000	6.8000
uR	342.713	90.000	0.0003	1.0000	0.0000	6.8000
E	344.329	90.000	16.0936	291.1292	0.1373	0.5570	0.0000	6.8000
dPolE	344.329	90.000	99.9951	1.0000	0.0000	6.8000
uR	344.329	90.000	0.0004	1.0000	0.0000	6.8000
E	345.944	90.000	31.4489	166.1955	0.1503	0.2924	0.0000	6.8000
dPolE	345.944	90.000	99.9905	1.0000	0.0000	6.8000
uR	345.944	90.000	0.0003	1.0000	0.0000	6.8000
E	347.560	90.000	24.7668	196.1314	0.1449	0.3318	0.0000	6.8000
dPolE	347.560	90.000	99.9962	1.0000	0.0000	6.8000
uR	347.560	90.000	0.0003	1.0000	0.0000	6.8000
E	349.175	90.000	66.1264	31.3596	0.1450	0.3589	0.0000	6.8000
dPolE	349.175	90.000	99.9679	1.0000	0.0000	6.8000
uR	349.175	90.000	0.0005	1.0000	0.0000	6.8000
E	350.791	90.000	68.5014	358.9726	0.1436	0.3686	0.0000	6.8000
dPolE	350.791	90.000	99.9836	1.0000	0.0000	6.8000
uR	350.791	90.000	0.0005	1.0000	0.0000	6.8000
E	352.406	90.000	70.4682	51.8161	0.1392	0.4413	0.0000	6.8000
dPolE	352.406	90.000	99.9762	1.0000	0.0000	6.8000
uR	352.406	90.000	0.0004	1.0000	0.0000	6.8000
E	354.022	90.000	18.8114	320.0190	0.1341	0.4224	0.0000	6.8000
dPolE	354.022	90.000	99.9849	1.0000	0.0000	6.8000
uR	354.022	90.000	0.0004	1.0000	0.0000	6.8000
E	355.638	90.000	37.5754	3.5601	0.1455	0.2673	0.0000	6.8000
dPolE	355.638	90.000	99.9371	1.0000	0.0000	6.8000
uR	355.638	90.000	0.0007	1.0000	0.0000	6.8000
E	357.253	90.000	57.1715	195.9375	0.1397	0.2786	0.0000	6.8000
dPolE	357.253	90.000	99.9676	1.0000	0.0000	6.8000
uR	357.253	90.000	0.0004	1.0000	0.0000	6.8000
E	358.869	90.000	22.8346	117.8228	0.1372	0.3894	0.0000	6.8000
dPolE	358.869	90.000	99.9924	1.0000	0.0000	6.8000
uR	358.869	90.000	0.0002	1.0000	0.0000	6.8000
E	360.485	90.000	36.2060	146.9407	0.1397	0.2758	0.0000	6.8000
dPolE	360.485	90.000	99.9948	1.0000	0.0000	6.8000
uR	360.485	90.000	0.0003	1.0000	0.0000	6.8000
E	362.100	90.000	28.2593	350.1344	0.1320	0.2883	0.0000	6.8000
dPolE	362.100	90.000	99.9881	1.0000	0.0000	6.8000
uR	362.100	90.000	0.0004	1.0000	0.0000	6.8000
E	363.716	90.000	16.0314	212.1210	0.1426	0.5119	0.0000	6.8000
dPolE	363.716	90.000	99.9999	1.0000	0.0000	6.8000
uR	363.716	90.000	0.0003	1.0000	0.0000	6.8000
E	365.332	90.000	38.0056	82.9853	0.1362	0.2816	0.0000	6.8000
dPolE	365.332	90.000	99.9982	1.0000	0.0000	6.8000
uR	365.332	90.000	0.0002	1.0000	0.0000	6.8000
E	366.948	90.000	31.2856	182.6209	0.1283	0.2670	0.0000	6.8000
dPolE	366.948	90.000	99.9895	1.0000	0.0000	6.8000
uR	366.948	90.000	0.0003	1.0000	0.0000	6.8000
E	368.563	90.000	61.0915	254.8724	0.1351	0.3242	0.0000	6.8000
dPolE	368.563	90.000	99.9891	1.0000	0.0000	6.8000
uR	368.563	90.000	0.0004	1.0000	0.0000	6.8000
E	370.179	90.000	74.0909	207.5504	0.1295	0.4650	0.0000	6.8000
dPolE	370.179	90.000	99.9809	1.0000	0.0000	6.8000
uR	370.179	90.000	0.0004	1.0000	0.0000	6.8000
E	371.795	90.000	49.4937	347.3516	0.1377	0.2571	0.0000	6.8000
dPolE	371.795	90.000	99.9833	1.0000	0.0000	6.8000
uR	371.795	90.000	0.0004	1.0000	0.0000	6.8000
E	373.411	90.000	60.0410	181.8480	0.1260	0.2700	0.0000	6.8000
dPolE	373.411	90.000	99.9749	1.0000	0.0000	6.8000
uR	373.411	90.000	0.0006	1.0000	0.0000	6.8000
E	375.027	90.000	55.6066	2.8229	0.1246	0.2516	0.0000	6.8000
dPolE	375.027	90.000	99.9877	1.0000	0.0000	6.8000
uR	375.027	90.000	0.0005	1.0000	0.0000	6.8000
E	376.643	90.000	70.1715	186.6387	0.1337	0.3944	0.0000	6.8000
dPolE	376.643	90.000	99.9680	1.0000	0.0000	6.8000
uR	376.643	90.000	0.0005	1.0000	0.0000	6.8000
E	378.258	90.000	43.8661	306.3588	0.1339	0.2620	0.0000	6.8000
dPolE	378.258	90.000	99.9969	1.0000	0.0000	6.8000
uR	378.258	90.000	0.0004	1.0000	0.0000	6.8000
E	379.874	90.000	37.9345	21.5832	0.1317	0.2564	0.0000	6.8000
dPolE	379.874	90.000	99.9978	1.0000	0.0000	6.8000
uR	379.874	90.000	0.0002	1.0000	0.0000	6.8000
E	381.490	90.000	12.0995	76.0754	0.1140	0.5807	0.0000	6.8000
dPolE	381.490	90.000	99.9899	1.0000	0.0000	6.8000
uR	381.490	90.000	0.0004	1.0000	0.0000	6.8000
E	383.106	90.000	24.6990	56.4820	0.1304	0.3434	0.0000	6.8000
dPolE	383.106	90.000	99.9893	1.0000	0.0000	6.8000
uR	383.106	90.000	0.0004	1.0000	0.0000	6.8000
E	384.722	90.000	76.9950	22.7850	0.1281	0.5627	0.0000	6.8000
dPolE	384.722	90.000	99.9872	1.0000	0.0000	6.8000
uR	384.722	90.000	0.0003	1.0000	0.0000	6.8000
E	386.338	90.000	18.7203	311.0773	0.1200	0.3931	0.0000	6.8000
dPolE	386.338	90.000	99.9994	1.0000	0.0000	6.8000
uR	386.338	90.000	0.0002	1.0000	0.0000	6.8000
E	387.954	90.000	33.4233	276.5310	0.1255	0.2752	0.0000	6.8000
dPolE	387.954	90.000	99.9982	1.0000	0.0000	6.8000
uR	387.954	90.000	0.0003	1.0000	0.0000	6.8000
E	389.570	90.000	25.3639	46.1145	0.1122	0.2851	0.0000	6.8000
dPolE	389.570	90.000	99.9993	1.0000	0.0000	6.8000
uR	389.570	90.000	0.0003	1.0000	0.0000	6.8000
E	391.186	90.000	53.3283	24.5343	0.1238	0.2476	0.0000	6.8000
dPolE	391.186	90.000	99.9804	1.0000	0.0000	6.8000
uR	391.186	90.000	0.0003	1.0000	0.0000	6.8000
E	392.802	90.000	59.7526	29.4418	0.1197	0.2659	0.0000	6.8000
dPolE	392.802	90.000	99.9936	1.0000	0.0000	6.8000
uR	392.802	90.000	0.0003	1.0000	0.0000	6.8000
E	394.418	90.000	63.3313	352.1701	0.1237	0.2934	0.0000	6.8000
dPolE	394.418	90.000	99.9921	1.0000	0.0000	6.8000
uR	394.418	90.000	0.0002	1.0000	0.0000	6.8000
E	396.034	90.000	40.8584	359.2362	0.1245	0.2370	0.0000	6.8000
dPolE	396.034	90.000	99.9752	1.0000	0.0000	6.8000
uR	396.034	90.000	0.0003	1.0000	0.0000	6.8000
E	397.650	90.000	29.0048	63.6363	0.1126	0.2661	0.0000	6.8000
dPolE	397.650	90.000	99.9788	1.0000	0.0000	6.8000
uR	397.650	90.000	0.0003	1.0000	0.0000	6.8000
E	399.266	90.000	43.3989	0.5053	0.1199	0.2256	0.0000	6.8000
dPolE	399.266	90.000	99.9344	1.0000	0.0000	6.8000
uR	399.266	90.000	0.0005	1.0000	0.0000	6.8000
E	400.882	90.000	53.3877	10.8819	0.1178	0.2334	0.0000	6.8000
dPolE	400.882	90.000	99.9699	1.0000	0.0000	6.8000
uR	400.882	90.000	0.0004	1.0000	0.0000	6.8000
E	402.498	90.000	38.6603	21.8649	0.1180	0.2318	0.0000	6.8000
dPolE	402.498	90.000	99.9395	1.0000	0.0000	6.8000
uR	402.498	90.000	0.0005	1.0000	0.0000	6.8000
E	404.114	90.000	52.7022	7.7802	0.1186	0.2334	0.0000	6.8000
dPolE	404.114	90.000	99.9107	1.0000	0.0000	6.8000
uR	404.114	90.000	0.0006	1.0000	0.0000	6.8000
E	405.730	90.000	44.8618	7.1575	0.1190	0.2236	0.0000	6.8000
dPolE	405.730	90.000	99.8074	1.0000	0.0000	6.8000
uR	405.730	90.000	0.0009	1.0000	0.0000	6.8000
E	407.346	90.000	48.7684	4.2392	0.1145	0.2155	0.0000	6.8000
dPolE	407.346	90.000	99.6960	1.0000	0.0000	6.8000
uR	407.346	90.000	0.0011	1.0000	0.0000	6.8000
E	408.962	90.000	41.3637	5.6405	0.1124	0.2113	0.0000	6.8000
dPolE	408.962	90.000	99.4485	1.0000	0.0000	6.8000
uR	408.962	90.000	0.0015	1.0000	0.0000	6.8000
E	410.578	90.000	48.9203	6.9030	0.1144	0.2165	0.0000	6.8000
dPolE	410.578	90.000	99.4948	1.0000	0.0000	6.8000
uR	410.578	90.000	0.0013	1.0000	0.0000	6.8000
E	412.194	90.000	46.5162	7.9049	0.1132	0.2138	0.0000	6.8000
dPolE	412.194	90.000	99.0879	1.0000	0.0000	6.8000
uR	412.194	90.000	0.0019	1.0000	0.0000	6.8000
E	413.810	90.000	47.6058	9.0802	0.1191	0.2253	0.0000	6.8000
dPolE	413.810	90.000	98.9597	1.0000	0.0000	6.8000
uR	413.810	90.000	0.0021	1.0000	0.0000	6.8000
E	415.426	90.000	45.4224	6.0786	0.1093	0.2039	0.0000	6.8000
dPolE	415.426	90.000	98.5236	1.0000	0.0000	6.8000
uR	415.426	90.000	0.0024	1.0000	0.0000	6.8000
E	417.042	90.000	46.5139	9.2362	0.1166	0.2157	0.0000	6.8000
dPolE	417.042	90.000	98.2663	1.0000	0.0000	6.8000
uR	417.042	90.000	0.0025	1.0000	0.0000	6.8000
E	418.658	90.000	44.4090	4.2666	0.1108	0.2034	0.0000	6.8000
dPolE	418.658	90.000	97.8194	1.0000	0.0000	6.8000
uR	418.658	90.000	0.0029	1.0000	0.0000	6.8000
E	420.274	90.000	45.4580	6.6066	0.1145	0.2104	0.0000	6.8000
dPolE	420.274	90.000	97.0919	1.0000	0.0000	6.8000
uR	420.274	90.000	0.0033	1.0000	0.0000	6.8000
E	421.890	90.000	44.6865	7.4368	0.1031	0.1906	0.0000	6.8000
dPolE	421.890	90.000	96.7329	1.0000	0.0000	6.8000
uR	421.890	90.000	0.0038	1.0000	0.0000	6.8000
E	423.506	90.000	44.6845	6.2923	0.1013	0.1877	0.0000	6.8000
dPolE	423.506	90.000	96.4469	1.0000	0.0000	6.8000
uR	423.506	90.000	0.0041	1.0000	0.0000	6.8000
E	425.122	90.000	44.3867	6.9173	0.0999	0.1844	0.0000	6.8000
dPolE	425.122	90.000	96.3221	1.0000	0.0000	6.8000
uR	425.122	90.000	0.0043	1.0000	0.0000	6.8000
E	426.738	90.000	44.0223	7.2397	0.1046	0.1912	0.0000	6.8000
dPolE	426.738	90.000	95.1470	1.0000	0.0000	6.8000
uR	426.738	90.000	0.0049	1.0000	0.0000	6.8000
E	428.355	90.000	45.2443	7.6537	0.0981	0.1772	0.0000	6.8000
dPolE	428.355	90.000	95.0704	1.0000	0.0000	6.8000
uR	428.355	90.000	0.0052	1.0000	0.0000	6.8000
E	429.971	90.000	45.0143	3.8892	0.1025	0.1835	0.0000	6.8000
dPolE	429.971	90.000	94.2429	1.0000	0.0000	6.8000
uR	429.971	90.000	0.0056	1.0000	0.0000	6.8000
E	431.587	90.000	44.0532	6.0518	0.1023	0.1835	0.0000	6.8000
dPolE	431.587	90.000	93.6085	1.0000	0.0000	6.8000
uR	431.587	90.000	0.0059	1.0000	0.0000	6.8000
E	433.203	90.000	45.4586	4.8165	0.0936	0.1684	0.0000	6.8000
dPolE	433.203	90.000	93.0406	1.0000	0.0000	6.8000
uR	433.203	90.000	0.0065	1.0000	0.0000	6.8000
E	434.819	90.000	44.5408	4.9388	0.0977	0.1763	0.0000	6.8000
dPolE	434.819	90.000	92.8991	1.0000	0.0000	6.8000
uR	434.819	90.000	0.0066	1.0000	0.0000	6.8000
E	436.435	90.000	44.5677	5.1298	0.0956	0.1719	0.0000	6.8000
dPolE	436.435	90.000	91.0251	1.0000	0.0000	6.8000
uR	436.435	90.000	0.0072	1.0000	0.0000	6.8000
E	438.051	90.000	44.2970	4.8539	0.0983	0.1752	0.0000	6.8000
dPolE	438.051	90.000	90.1818	1.0000	0.0000	6.8000
uR	438.051	90.000	0.0075	1.0000	0.0000	6.8000
E	439.667	90.000	44.9216	5.2430	0.0955	0.1682	0.0000	6.8000
dPolE	439.667	90.000	88.9549	1.0000	0.0000	6.8000
uR	439.667	90.000	0.0079	1.0000	0.0000	6.8000
E	441.283	90.000	44.8141	5.1115	0.0956	0.1668	0.0000	6.8000
dPolE	441.283	90.000	87.9062	1.0000	0.0000	6.8000
uR	441.283	90.000	0.0083	1.0000	0.0000	6.8000
E	442.899	90.000	45.1254	4.0972	0.0991	0.1721	0.0000	6.8000
dPolE	442.899	90.000	87.6607	1.0000	0.0000	6.8000
uR	442.899	90.000	0.0086	1.0000	0.0000	6.8000
E	444.515	90.000	44.9608	4.9897	0.0953	0.1658	0.0000	6.8000
dPolE	444.515	90.000	87.0355	1.0000	0.0000	6.8000
uR	444.515	90.000	0.0089	1.0000	0.0000	6.8000
E	446.131	90.000	44.1851	4.8883	0.0946	0.1652	0.0000	6.8000
dPolE	446.131	90.000	86.9111	1.0000	0.0000	6.8000
uR	446.131	90.000	0.0094	1.0000	0.0000	6.8000
E	447.747	90.000	44.7132	4.3470	0.0930	0.1624	0.0000	6.8000
dPolE	447.747	90.000	86.1313	1.0000	0.0000	6.8000
uR	447.747	90.000	0.0096	1.0000	0.0000	6.8000
E	449.363	90.000	44.9608	4.8025	0.0832	0.1446	0.0000	6.8000
dPolE	449.363	90.000	85.1571	1.0000	0.0000	6.8000
uR	449.363	90.000	0.0097	1.0000	0.0000	6.8000
E	450.979	90.000	44.9024	4.0383	0.0893	0.1534	0.0000	6.8000
dPolE	450.979	90.000	81.0711	1.0000	0.0000	6.8000
uR	450.979	90.000	0.0105	1.0000	0.0000	6.8000
E	452.594	90.000	44.8656	4.0555	0.0862	0.1464	0.0000	6.8000
dPolE	452.594	90.000	79.7928	1.0000	0.0000	6.8000
uR	452.594	90.000	0.0110	1.0000	0.0000	6.8000
E	454.210	90.000	44.7583	4.3393	0.0831	0.1397	0.0000	6.8000
dPolE	454.210	90.000	81.7544	1.0000	0.0000	6.8000
uR	454.210	90.000	0.0112	1.0000	0.0000	6.8000
E	455.826	90.000	44.8864	3.7404	0.0892	0.1491	0.0000	6.8000
dPolE	455.826	90.000	79.7506	1.0000	0.0000	6.8000
uR	455.826	90.000	0.0116	1.0000	0.0000	6.8000
E	457.442	90.000	45.3171	4.0772	0.0835	0.1399	0.0000	6.8000
dPolE	457.442	90.000	79.2004	1.0000	0.0000	6.8000
uR	457.442	90.000	0.0117	1.0000	0.0000	6.8000
E	459.058	90.000	44.9991	3.7614	0.0832	0.1396	0.0000	6.8000
dPolE	459.058	90.000	77.4734	1.0000	0.0000	6.8000
uR	459.058	90.000	0.0122	1.0000	0.0000	6.8000
E	460.674	90.000	44.7633	4.3308	0.0830	0.1397	0.0000	6.8000
dPolE	460.674	90.000	76.8629	1.0000	0.0000	6.8000
uR	460.674	90.000	0.0122	1.0000	0.0000	6.8000
E	462.290	90.000	45.2713	4.0819	0.0786	0.1316	0.0000	6.8000
dPolE	462.290	90.000	73.9781	1.0000	0.0000	6.8000
uR	462.290	90.000	0.0128	1.0000	0.0000	6.8000
E	463.906	90.000	44.9975	3.7319	0.0801	0.1328	0.0000	6.8000
dPolE	463.906	90.000	72.2398	1.0000	0.0000	6.8000
uR	463.906	90.000	0.0131	1.0000	0.0000	6.8000
E	465.521	90.000	44.8787	3.6477	0.0772	0.1266	0.0000	6.8000
dPolE	465.521	90.000	69.0923	1.0000	0.0000	6.8000
uR	465.521	90.000	0.0136	1.0000	0.0000	6.8000
E	467.137	90.000	44.8195	4.1447	0.0725	0.1174	0.0000	6.8000
dPolE	467.137	90.000	67.0131	1.0000	0.0000	6.8000
uR	467.137	90.000	0.0139	1.0000	0.0000	6.8000
E	468.753	90.000	44.9772	3.5487	0.0713	0.1146	0.0000	6.8000
dPolE	468.753	90.000	63.6146	1.0000	0.0000	6.8000
uR	468.753	90.000	0.0139	1.0000	0.0000	6.8000
E	470.369	90.000	45.0970	3.5659	0.0704	0.1130	0.0000	6.8000
dPolE	470.369	90.000	64.4651	1.0000	0.0000	6.8000
uR	470.369	90.000	0.0144	1.0000	0.0000	6.8000
E	471.985	90.000	44.6881	3.5172	0.0757	0.1217	0.0000	6.8000
dPolE	471.985	90.000	65.7874	1.0000	0.0000	6.8000
uR	471.985	90.000	0.0149	1.0000	0.0000	6.8000
E	473.600	90.000	45.0000	3.3577	0.0766	0.1234	0.0000	6.8000
dPolE	473.600	90.000	65.0596	1.0000	0.0000	6.8000
uR	473.600	90.000	0.0153	1.0000	0.0000	6.8000
E	475.216	90.000	44.7108	3.2060	0.0775	0.1248	0.0000	6.8000
dPolE	475.216	90.000	68.7685	1.0000	0.0000	6.8000
uR	475.216	90.000	0.0154	1.0000	0.0000	6.8000
E	476.832	90.000	44.7857	3.1008	0.0791	0.1268	0.0000	6.8000
dPolE	476.832	90.000	70.9234	1.0000	0.0000	6.8000
uR	476.832	90.000	0.0155	1.0000	0.0000	6.8000
E	478.448	90.000	44.7655	3.4151	0.0802	0.1273	0.0000	6.8000
dPolE	478.448	90.000	70.3781	1.0000	0.0000	6.8000
uR	478.448	90.000	0.0158	1.0000	0.0000	6.8000
E	480.063	90.000	44.9604	3.2617	0.0793	0.1244	0.0000	6.8000
dPolE	480.063	90.000	68.7661	1.0000	0.0000	6.8000
uR	480.063	90.000	0.0160	1.0000	0.0000	6.8000
E	481.679	90.000	44.7958	3.6064	0.0751	0.1163	0.0000	6.8000
dPolE	481.679	90.000	69.0628	1.0000	0.0000	6.8000
uR	481.679	90.000	0.0162	1.0000	0.0000	6.8000
E	483.294	90.000	45.1447	2.7592	0.0751	0.1154	0.0000	6.8000
dPolE	483.294	90.000	64.2980	1.0000	0.0000	6.8000
uR	483.294	90.000	0.0165	1.0000	0.0000	6.8000
E	484.910	90.000	44.9496	2.9566	0.0745	0.1140	0.0000	6.8000
dPolE	484.910	90.000	67.1727	1.0000	0.0000	6.8000
uR	484.910	90.000	0.0167	1.0000	0.0000	6.8000
E	486.526	90.000	44.9447	2.8985	0.0751	0.1151	0.0000	6.8000
dPolE	486.526	90.000	68.4420	1.0000	0.0000	6.8000
uR	486.526	90.000	0.0171	1.0000	0.0000	6.8000
E	488.141	90.000	45.0861	2.9764	0.0783	0.1204	0.0000	6.8000
dPolE	488.141	90.000	66.5602	1.0000	0.0000	6.8000
uR	488.141	90.000	0.0175	1.0000	0.0000	6.8000
E	489.757	90.000	44.8169	2.8070	0.0784	0.1205	0.0000	6.8000
dPolE	489.757	90.000	67.4000	1.0000	0.0000	6.8000
uR	489.757	90.000	0.0173	1.0000	0.0000	6.8000
E	491.372	90.000	44.7732	3.0387	0.0773	0.1185	0.0000	6.8000
dPolE	491.372	90.000	64.1495	1.0000	0.0000	6.8000
uR	491.372	90.000	0.0177	1.0000	0.0000	6.8000
E	492.988	90.000	44.8542	2.7965	0.0750	0.1141	0.0000	6.8000
dPolE	492.988	90.000	63.3318	1.0000	0.0000	6.8000
uR	492.988	90.000	0.0179	1.0000	0.0000	6.8000
E	494.603	90.000	44.7036	2.7884	0.0719	0.1085	0.0000	6.8000
dPolE	494.603	90.000	62.7750	1.0000	0.0000	6.8000
uR	494.603	90.000	0.0182	1.0000	0.0000	6.8000
E	496.219	90.000	45.0254	2.9071	0.0773	0.1152	0.0000	6.8000
dPolE	496.219	90.000	65.5220	1.0000	0.0000	6.8000
uR	496.219	90.000	0.0182	1.0000	0.0000	6.8000
E	497.834	90.000	44.7355	2.6714	0.0807	0.1189	0.0000	6.8000
dPolE	497.834	90.000	64.5538	1.0000	0.0000	6.8000
uR	497.834	90.000	0.0184	1.0000	0.0000	6.8000
E	499.450	90.000	44.6677	2.7486	0.0817	0.1195	0.0000	6.8000
dPolE	499.450	90.000	65.2271	1.0000	0.0000	6.8000
uR	499.450	90.000	0.0186	1.0000	0.0000	6.8000
E	501.065	90.000	45.2443	2.8298	0.0801	0.1169	0.0000	6.8000
dPolE	501.065	90.000	65.5612	1.0000	0.0000	6.8000
uR	501.065	90.000	0.0188	1.0000	0.0000	6.8000
E	502.680	90.000	44.9647	2.7558	0.0803	0.1170	0.0000	6.8000
dPolE	502.680	90.000	65.9003	1.0000	0.0000	6.8000
uR	502.680	90.000	0.0187	1.0000	0.0000	6.8000
E	504.296	90.000	44.8566	2.5265	0.0782	0.1142	0.0000	6.8000
dPolE	504.296	90.000	65.6573	1.0000	0.0000	6.8000
uR	504.296	90.000	0.0190	1.0000	0.0000	6.8000
E	505.911	90.000	44.9551	2.4294	0.0766	0.1120	0.0000	6.8000
dPolE	505.911	90.000	64.4836	1.0000	0.0000	6.8000
uR	505.911	90.000	0.0192	1.0000	0.0000	6.8000
E	507.526	90.000	44.9427	3.1334	0.0771	0.1125	0.0000	6.8000
dPolE	507.526	90.000	63.1968	1.0000	0.0000	6.8000
uR	507.526	90.000	0.0193	1.0000	0.0000	6.8000
E	509.141	90.000	44.9669	2.3318	0.0795	0.1154	0.0000	6.8000
dPolE	509.141	90.000	62.4848	1.0000	0.0000	6.8000
uR	509.141	90.000	0.0195	1.0000	0.0000	6.8000
E	510.756	90.000	45.1133	2.3649	0.0796	0.1145	0.0000	6.8000
dPolE	510.756	90.000	61.8636	1.0000	0.0000	6.8000
uR	510.756	90.000	0.0202	1.0000	0.0000	6.8000
E	512.372	90.000	44.7308	2.7435	0.0750	0.1068	0.0000	6.8000
dPolE	512.372	90.000	62.4803	1.0000	0.0000	6.8000
uR	512.372	90.000	0.0208	1.0000	0.0000	6.8000
E	513.987	90.000	44.6762	2.5329	0.0767	0.1080	0.0000	6.8000
dPolE	513.987	90.000	63.0093	1.0000	0.0000	6.8000
uR	513.987	90.000	0.0215	1.0000	0.0000	6.8000
E	515.602	90.000	44.7930	2.4698	0.0828	0.1156	0.0000	6.8000
dPolE	515.602	90.000	63.4084	1.0000	0.0000	6.8000
uR	515.602	90.000	0.0222	1.0000	0.0000	6.8000
E	517.217	90.000	45.0209	2.0480	0.0850	0.1180	0.0000	6.8000
dPolE	517.217	90.000	64.1270	1.0000	0.0000	6.8000
uR	517.217	90.000	0.0219	1.0000	0.0000	6.8000
E	518.832	90.000	44.9618	2.1046	0.0841	0.1165	0.0000	6.8000
dPolE	518.832	90.000	66.3082	1.0000	0.0000	6.8000
uR	518.832	90.000	0.0207	1.0000	0.0000	6.8000
E	520.447	90.000	44.8392	2.2072	0.0862	0.1192	0.0000	6.8000
dPolE	520.447	90.000	67.5946	1.0000	0.0000	6.8000
uR	520.447	90.000	0.0197	1.0000	0.0000	6.8000
E	522.062	90.000	44.6615	2.1339	0.0896	0.1241	0.0000	6.8000
dPolE	522.062	90.000	64.9129	1.0000	0.0000	6.8000
uR	522.062	90.000	0.0194	1.0000	0.0000	6.8000
E	523.677	90.000	44.9954	2.5185	0.0870	0.1206	0.0000	6.8000
dPolE	523.677	90.000	62.3757	1.0000	0.0000	6.8000
uR	523.677	90.000	0.0199	1.0000	0.0000	6.8000
E	525.292	90.000	45.0703	2.2196	0.0799	0.1105	0.0000	6.8000
dPolE	525.292	90.000	61.1547	1.0000	0.0000	6.8000
uR	525.292	90.000	0.0207	1.0000	0.0000	6.8000
E	526.907	90.000	45.1416	1.9977	0.0821	0.1130	0.0000	6.8000
dPolE	526.907	90.000	59.3150	1.0000	0.0000	6.8000
uR	526.907	90.000	0.0209	1.0000	0.0000	6.8000
E	528.521	90.000	44.8305	2.0274	0.0815	0.1113	0.0000	6.8000
dPolE	528.521	90.000	60.6897	1.0000	0.0000	6.8000
uR	528.521	90.000	0.0211	1.0000	0.0000	6.8000
E	530.136	90.000	44.9742	2.1991	0.0817	0.1105	0.0000	6.8000
dPolE	530.136	90.000	59.3278	1.0000	0.0000	6.8000
uR	530.136	90.000	0.0210	1.0000	0.0000	6.8000
E	531.751	90.000	44.6306	1.9641	0.0805	0.1078	0.0000	6.8000
dPolE	531.751	90.000	60.4223	1.0000	0.0000	6.8000
uR	531.751	90.000	0.0213	1.0000	0.0000	6.8000
E	533.366	90.000	45.1489	1.9742	0.0816	0.1083	0.0000	6.8000
dPolE	533.366	90.000	59.5630	1.0000	0.0000	6.8000
uR	533.366	90.000	0.0214	1.0000	0.0000	6.8000
E	534.980	90.000	44.7817	1.6723	0.0825	0.1087	0.0000	6.8000
dPolE	534.980	90.000	58.3431	1.0000	0.0000	6.8000
uR	534.980	90.000	0.0215	1.0000	0.0000	6.8000
E	536.595	90.000	44.8917	1.8289	0.0824	0.1082	0.0000	6.8000
dPolE	536.595	90.000	58.8538	1.0000	0.0000	6.8000
uR	536.595	90.000	0.0214	1.0000	0.0000	6.8000
E	538.210	90.000	44.8362	1.8281	0.0807	0.1056	0.0000	6.8000
dPolE	538.210	90.000	61.5174	1.0000	0.0000	6.8000
uR	538.210	90.000	0.0214	1.0000	0.0000	6.8000
E	539.824	90.000	45.1478	1.9011	0.0808	0.1060	0.0000	6.8000
dPolE	539.824	90.000	57.9015	1.0000	0.0000	6.8000
uR	539.824	90.000	0.0217	1.0000	0.0000	6.8000
E	541.439	90.000	45.0820	1.9240	0.0835	0.1096	0.0000	6.8000
dPolE	541.439	90.000	57.8357	1.0000	0.0000	6.8000
uR	541.439	90.000	0.0216	1.0000	0.0000	6.8000
E	543.053	90.000	45.0065	1.7865	0.0827	0.1085	0.0000	6.8000
dPolE	543.053	90.000	59.7905	1.0000	0.0000	6.8000
uR	543.053	90.000	0.0217	1.0000	0.0000	6.8000
E	544.668	90.000	44.6557	2.1050	0.0802	0.1051	0.0000	6.8000
dPolE	544.668	90.000	57.4183	1.0000	0.0000	6.8000
uR	544.668	90.000	0.0217	1.0000	0.0000	6.8000
E	546.282	90.000	44.7708	2.1159	0.0845	0.1101	0.0000	6.8000
dPolE	546.282	90.000	59.8342	1.0000	0.0000	6.8000
uR	546.282	90.000	0.0216	1.0000	0.0000	6.8000
E	547.896	90.000	44.9535	2.0991	0.0851	0.1099	0.0000	6.8000
dPolE	547.896	90.000	57.8194	1.0000	0.0000	6.8000
uR	547.896	90.000	0.0217	1.0000	0.0000	6.8000
E	549.511	90.000	45.2279	1.6561	0.0830	0.1064	0.0000	6.8000
dPolE	549.511	90.000	58.0539	1.0000	0.0000	6.8000
uR	549.511	90.000	0.0219	1.0000	0.0000	6.8000
E	551.125	90.000	44.9915	1.7446	0.0843	0.1069	0.0000	6.8000
dPolE	551.125	90.000	57.5787	1.0000	0.0000	6.8000
uR	551.125	90.000	0.0220	1.0000	0.0000	6.8000
E	552.739	90.000	45.1039	1.6316	0.0860	0.1081	0.0000	6.8000
dPolE	552.739	90.000	56.8053	1.0000	0.0000	6.8000
uR	552.739	90.000	0.0221	1.0000	0.0000	6.8000
E	554.353	90.000	44.9924	1.5638	0.0863	0.1078	0.0000	6.8000
dPolE	554.353	90.000	58.1541	1.0000	0.0000	6.8000
uR	554.353	90.000	0.0217	1.0000	0.0000	6.8000
E	555.968	90.000	45.1560	1.8784	0.0850	0.1056	0.0000	6.8000
dPolE	555.968	90.000	56.6898	1.0000	0.0000	6.8000
uR	555.968	90.000	0.0216	1.0000	0.0000	6.8000
E	557.582	90.000	44.9544	1.7332	0.0868	0.1075	0.0000	6.8000
dPolE	557.582	90.000	56.0356	1.0000	0.0000	6.8000
uR	557.582	90.000	0.0216	1.0000	0.0000	6.8000
E	559.196	90.000	44.8123	1.6363	0.0822	0.1017	0.0000	6.8000
dPolE	559.196	90.000	55.6618	1.0000	0.0000	6.8000
uR	559.196	90.000	0.0222	1.0000	0.0000	6.8000
E	560.810	90.000	45.2626	1.5322	0.0805	0.0996	0.0000	6.8000
dPolE	560.810	90.000	57.1917	1.0000	0.0000	6.8000
uR	560.810	90.000	0.0222	1.0000	0.0000	6.8000
E	562.424	90.000	44.9241	1.6648	0.0804	0.0997	0.0000	6.8000
dPolE	562.424	90.000	54.7182	1.0000	0.0000	6.8000
uR	562.424	90.000	0.0224	1.0000	0.0000	6.8000
E	564.038	90.000	45.1386	1.5096	0.0820	0.1015	0.0000	6.8000
dPolE	564.038	90.000	53.7323	1.0000	0.0000	6.8000
uR	564.038	90.000	0.0223	1.0000	0.0000	6.8000
E	565.651	90.000	44.7476	1.6873	0.0882	0.1090	0.0000	6.8000
dPolE	565.651	90.000	55.9838	1.0000	0.0000	6.8000
uR	565.651	90.000	0.0224	1.0000	0.0000	6.8000
E	567.265	90.000	44.8994	1.6227	0.0853	0.1049	0.0000	6.8000
dPolE	567.265	90.000	54.6067	1.0000	0.0000	6.8000
uR	567.265	90.000	0.0217	1.0000	0.0000	6.8000
E	568.879	90.000	44.9480	1.6254	0.0874	0.1067	0.0000	6.8000
dPolE	568.879	90.000	54.9753	1.0000	0.0000	6.8000
uR	568.879	90.000	0.0220	1.0000	0.0000	6.8000
E	570.493	90.000	45.0729	1.7102	0.0834	0.1010	0.0000	6.8000
dPolE	570.493	90.000	52.5271	1.0000	0.0000	6.8000
uR	570.493	90.000	0.0224	1.0000	0.0000	6.8000
E	572.106	90.000	45.0099	1.5294	0.0853	0.1025	0.0000	6.8000
dPolE	572.106	90.000	51.1609	1.0000	0.0000	6.8000
uR	572.106	90.000	0.0223	1.0000	0.0000	6.8000
E	573.720	90.000	45.1849	1.4098	0.0874	0.1041	0.0000	6.8000
dPolE	573.720	90.000	51.2071	1.0000	0.0000	6.8000
uR	573.720	90.000	0.0221	1.0000	0.0000	6.8000
E	575.333	90.000	45.0122	1.7520	0.0869	0.1026	0.0000	6.8000
dPolE	575.333	90.000	52.6156	1.0000	0.0000	6.8000
uR	575.333	90.000	0.0223	1.0000	0.0000	6.8000
E	576.947	90.000	44.7448	1.3202	0.0857	0.1005	0.0000	6.8000
dPolE	576.947	90.000	54.5459	1.0000	0.0000	6.8000
uR	576.947	90.000	0.0223	1.0000	0.0000	6.8000
E	578.560	90.000	44.9954	1.4182	0.0901	0.1053	0.0000	6.8000
dPolE	578.560	90.000	53.5084	1.0000	0.0000	6.8000
uR	578.560	90.000	0.0219	1.0000	0.0000	6.8000
E	580.174	90.000	44.9946	1.5601	0.0867	0.1011	0.0000	6.8000
dPolE	580.174	90.000	53.1035	1.0000	0.0000	6.8000
uR	580.174	90.000	0.0218	1.0000	0.0000	6.8000
E	581.787	90.000	44.6849	1.4109	0.0869	0.1012	0.0000	6.8000
dPolE	581.787	90.000	53.3382	1.0000	0.0000	6.8000
uR	581.787	90.000	0.0219	1.0000	0.0000	6.8000
E	583.400	90.000	45.1523	1.3731	0.0876	0.1020	0.0000	6.8000
dPolE	583.400	90.000	53.3982	1.0000	0.0000	6.8000
uR	583.400	90.000	0.0215	1.0000	0.0000	6.8000
E	585.014	90.000	45.0195	1.1734	0.0883	0.1029	0.0000	6.8000
dPolE	585.014	90.000	51.3493	1.0000	0.0000	6.8000
uR	585.014	90.000	0.0221	1.0000	0.0000	6.8000
E	586.627	90.000	45.2138	1.4495	0.0862	0.1004	0.0000	6.8000
dPolE	586.627	90.000	52.3717	1.0000	0.0000	6.8000
uR	586.627	90.000	0.0221	1.0000	0.0000	6.8000
E	588.240	90.000	44.8559	1.4765	0.0890	0.1034	0.0000	6.8000
dPolE	588.240	90.000	52.3805	1.0000	0.0000	6.8000
uR	588.240	90.000	0.0223	1.0000	0.0000	6.8000
E	589.853	90.000	44.7955	1.4611	0.0861	0.0997	0.0000	6.8000
dPolE	589.853	90.000	51.7205	1.0000	0.0000	6.8000
uR	589.853	90.000	0.0224	1.0000	0.0000	6.8000
E	591.466	90.000	44.9683	1.5631	0.0848	0.0976	0.0000	6.8000
dPolE	591.466	90.000	51.9428	1.0000	0.0000	6.8000
uR	591.466	90.000	0.0222	1.0000	0.0000	6.8000
E	593.079	90.000	44.9198	1.2838	0.0937	0.1071	0.0000	6.8000
dPolE	593.079	90.000	51.3562	1.0000	0.0000	6.8000
uR	593.079	90.000	0.0222	1.0000	0.0000	6.8000
E	594.692	90.000	45.1055	1.3695	0.0886	0.1004	0.0000	6.8000
dPolE	594.692	90.000	51.5927	1.0000	0.0000	6.8000
uR	594.692	90.000	0.0221	1.0000	0.0000	6.8000
E	596.305	90.000	45.1705	1.2728	0.0920	0.1034	0.0000	6.8000
dPolE	596.305	90.000	51.4030	1.0000	0.0000	6.8000
uR	596.305	90.000	0.0223	1.0000	0.0000	6.8000
E	597.918	90.000	45.0080	0.9337	0.0931	0.1039	0.0000	6.8000
dPolE	597.918	90.000	54.1483	1.0000	0.0000	6.8000
uR	597.918	90.000	0.0226	1.0000	0.0000	6.8000
E	599.530	90.000	44.7722	1.2128	0.0903	0.1001	0.0000	6.8000
dPolE	599.530	90.000	50.4441	1.0000	0.0000	6.8000
uR	599.530	90.000	0.0228	1.0000	0.0000	6.8000
E	601.143	90.000	44.8249	1.4659	0.0992	0.1095	0.0000	6.8000
dPolE	601.143	90.000	50.0102	1.0000	0.0000	6.8000
uR	601.143	90.000	0.0230	1.0000	0.0000	6.8000
E	602.755	90.000	45.0654	1.1989	0.0975	0.1072	0.0000	6.8000
dPolE	602.755	90.000	50.0159	1.0000	0.0000	6.8000
uR	602.755	90.000	0.0228	1.0000	0.0000	6.8000
E	604.368	90.000	45.2404	1.2567	0.0932	0.1020	0.0000	6.8000
dPolE	604.368	90.000	50.7428	1.0000	0.0000	6.8000
uR	604.368	90.000	0.0227	1.0000	0.0000	6.8000
E	605.981	90.000	44.9328	1.0791	0.0918	0.1005	0.0000	6.8000
dPolE	605.981	90.000	51.4563	1.0000	0.0000	6.8000
uR	605.981	90.000	0.0225	1.0000	0.0000	6.8000
E	607.593	90.000	45.0152	1.2509	0.0907	0.0993	0.0000	6.8000
dPolE	607.593	90.000	50.9102	1.0000	0.0000	6.8000
uR	607.593	90.000	0.0224	1.0000	0.0000	6.8000
E	609.205	90.000	44.8361	0.8051	0.0949	0.1038	0.0000	6.8000
dPolE	609.205	90.000	50.3856	1.0000	0.0000	6.8000
uR	609.205	90.000	0.0221	1.0000	0.0000	6.8000
E	610.818	90.000	44.6624	1.3514	0.0907	0.0993	0.0000	6.8000
dPolE	610.818	90.000	53.6622	1.0000	0.0000	6.8000
uR	610.818	90.000	0.0225	1.0000	0.0000	6.8000
E	612.430	90.000	44.8121	1.1341	0.0917	0.1002	0.0000	6.8000
dPolE	612.430	90.000	49.4628	1.0000	0.0000	6.8000
uR	612.430	90.000	0.0227	1.0000	0.0000	6.8000
E	614.042	90.000	44.7837	0.9947	0.0926	0.1008	0.0000	6.8000
dPolE	614.042	90.000	52.3814	1.0000	0.0000	6.8000
uR	614.042	90.000	0.0224	1.0000	0.0000	6.8000
E	615.654	90.000	45.1928	1.2118	0.0943	0.1023	0.0000	6.8000
dPolE	615.654	90.000	46.7044	1.0000	0.0000	6.8000
uR	615.654	90.000	0.0222	1.0000	0.0000	6.8000
E	617.266	90.000	44.8717	1.3110	0.0928	0.1000	0.0000	6.8000
dPolE	617.266	90.000	50.8142	1.0000	0.0000	6.8000
uR	617.266	90.000	0.0223	1.0000	0.0000	6.8000
E	618.878	90.000	44.5611	1.0989	0.0898	0.0962	0.0000	6.8000
dPolE	618.878	90.000	50.5168	1.0000	0.0000	6.8000
uR	618.878	90.000	0.0223	1.0000	0.0000	6.8000
E	620.490	90.000	44.7761	1.0234	0.0958	0.1019	0.0000	6.8000
dPolE	620.490	90.000	48.7481	1.0000	0.0000	6.8000
uR	620.490	90.000	0.0222	1.0000	0.0000	6.8000
E	622.102	90.000	44.7871	0.6633	0.0930	0.0981	0.0000	6.8000
dPolE	622.102	90.000	47.7319	1.0000	0.0000	6.8000
uR	622.102	90.000	0.0224	1.0000	0.0000	6.8000
E	623.714	90.000	44.6993	1.0610	0.1008	0.1056	0.0000	6.8000
dPolE	623.714	90.000	47.5301	1.0000	0.0000	6.8000
uR	623.714	90.000	0.0226	1.0000	0.0000	6.8000
E	625.325	90.000	44.7254	1.3900	0.0950	0.0989	0.0000	6.8000
dPolE	625.325	90.000	50.2373	1.0000	0.0000	6.8000
uR	625.325	90.000	0.0227	1.0000	0.0000	6.8000
E	626.937	90.000	45.1081	0.9973	0.1011	0.1047	0.0000	6.8000
dPolE	626.937	90.000	45.9464	1.0000	0.0000	6.8000
uR	626.937	90.000	0.0229	1.0000	0.0000	6.8000
E	628.548	90.000	44.9768	1.3714	0.1054	0.1088	0.0000	6.8000
dPolE	628.548	90.000	46.5827	1.0000	0.0000	6.8000
uR	628.548	90.000	0.0227	1.0000	0.0000	6.8000
E	630.160	90.000	45.0093	1.1089	0.1026	0.1054	0.0000	6.8000
dPolE	630.160	90.000	46.2015	1.0000	0.0000	6.8000
uR	630.160	90.000	0.0228	1.0000	0.0000	6.8000
E	631.771	90.000	44.8458	1.1628	0.0988	0.1015	0.0000	6.8000
dPolE	631.771	90.000	46.3398	1.0000	0.0000	6.8000
uR	631.771	90.000	0.0232	1.0000	0.0000	6.8000
E	633.383	90.000	44.7231	0.9230	0.0984	0.1011	0.0000	6.8000
dPolE	633.383	90.000	48.3703	1.0000	0.0000	6.8000
uR	633.383	90.000	0.0229	1.0000	0.0000	6.8000
E	634.994	90.000	44.9862	1.1138	0.0998	0.1024	0.0000	6.8000
dPolE	634.994	90.000	44.1114	1.0000	0.0000	6.8000
uR	634.994	90.000	0.0229	1.0000	0.0000	6.8000
E	636.605	90.000	44.7678	0.9296	0.1001	0.1027	0.0000	6.8000
dPolE	636.605	90.000	47.6474	1.0000	0.0000	6.8000
uR	636.605	90.000	0.0232	1.0000	0.0000	6.8000
E	638.216	90.000	45.1180	1.1557	0.0966	0.0990	0.0000	6.8000
dPolE	638.216	90.000	47.3199	1.0000	0.0000	6.8000
uR	638.216	90.000	0.0233	1.0000	0.0000	6.8000
E	639.827	90.000	44.9509	0.8905	0.0994	0.1017	0.0000	6.8000
dPolE	639.827	90.000	48.3062	1.0000	0.0000	6.8000
uR	639.827	90.000	0.0229	1.0000	0.0000	6.8000
E	641.438	90.000	44.8445	1.0959	0.1072	0.1094	0.0000	6.8000
dPolE	641.438	90.000	49.7590	1.0000	0.0000	6.8000
uR	641.438	90.000	0.0229	1.0000	0.0000	6.8000
E	643.049	90.000	44.7597	0.7746	0.1063	0.1081	0.0000	6.8000
dPolE	643.049	90.000	46.6586	1.0000	0.0000	6.8000
uR	643.049	90.000	0.0226	1.0000	0.0000	6.8000
E	644.660	90.000	44.9550	1.1565	0.1021	0.1033	0.0000	6.8000
dPolE	644.660	90.000	45.6451	1.0000	0.0000	6.8000
uR	644.660	90.000	0.0230	1.0000	0.0000	6.8000
E	646.271	90.000	45.0153	1.3367	0.1041	0.1046	0.0000	6.8000
dPolE	646.271	90.000	47.7777	1.0000	0.0000	6.8000
uR	646.271	90.000	0.0230	1.0000	0.0000	6.8000
E	647.881	90.000	45.0817	1.1934	0.1047	0.1046	0.0000	6.8000
dPolE	647.881	90.000	44.5552	1.0000	0.0000	6.8000
uR	647.881	90.000	0.0229	1.0000	0.0000	6.8000
E	649.492	90.000	44.7699	0.9400	0.1000	0.0992	0.0000	6.8000
dPolE	649.492	90.000	43.8658	1.0000	0.0000	6.8000
uR	649.492	90.000	0.0231	1.0000	0.0000	6.8000
E	651.103	90.000	45.1958	1.2041	0.0991	0.0976	0.0000	6.8000
dPolE	651.103	90.000	44.6726	1.0000	0.0000	6.8000
uR	651.103	90.000	0.0230	1.0000	0.0000	6.8000
E	652.713	90.000	44.6532	0.9774	0.1040	0.1019	0.0000	6.8000
dPolE	652.713	90.000	46.6435	1.0000	0.0000	6.8000
uR	652.713	90.000	0.0237	1.0000	0.0000	6.8000
E	654.323	90.000	45.3895	0.8974	0.1075	0.1045	0.0000	6.8000
dPolE	654.323	90.000	44.8339	1.0000	0.0000	6.8000
uR	654.323	90.000	0.0238	1.0000	0.0000	6.8000
E	655.934	90.000	45.2267	1.0615	0.1112	0.1078	0.0000	6.8000
dPolE	655.934	90.000	45.0717	1.0000	0.0000	6.8000
uR	655.934	90.000	0.0235	1.0000	0.0000	6.8000
E	657.544	90.000	44.7647	0.9502	0.1107	0.1069	0.0000	6.8000
dPolE	657.544	90.000	45.9482	1.0000	0.0000	6.8000
uR	657.544	90.000	0.0230	1.0000	0.0000	6.8000
E	659.154	90.000	44.9538	0.5775	0.1091	0.1051	0.0000	6.8000
dPolE	659.154	90.000	46.0957	1.0000	0.0000	6.8000
uR	659.154	90.000	0.0233	1.0000	0.0000	6.8000
E	660.764	90.000	44.8417	0.8338	0.1138	0.1094	0.0000	6.8000
dPolE	660.764	90.000	45.9990	1.0000	0.0000	6.8000
uR	660.764	90.000	0.0233	1.0000	0.0000	6.8000
E	662.374	90.000	45.1602	0.5842	0.1088	0.1046	0.0000	6.8000
dPolE	662.374	90.000	47.1058	1.0000	0.0000	6.8000
uR	662.374	90.000	0.0230	1.0000	0.0000	6.8000
E	663.984	90.000	44.9536	1.0066	0.1101	0.1057	0.0000	6.8000
dPolE	663.984	90.000	47.1798	1.0000	0.0000	6.8000
uR	663.984	90.000	0.0227	1.0000	0.0000	6.8000
E	665.594	90.000	44.9943	0.8081	0.1132	0.1087	0.0000	6.8000
dPolE	665.594	90.000	47.9010	1.0000	0.0000	6.8000
uR	665.594	90.000	0.0228	1.0000	0.0000	6.8000
E	667.204	90.000	45.2821	0.9439	0.1102	0.1059	0.0000	6.8000
dPolE	667.204	90.000	47.2286	1.0000	0.0000	6.8000
uR	667.204	90.000	0.0225	1.0000	0.0000	6.8000
E	668.813	90.000	44.8808	0.6971	0.1143	0.1096	0.0000	6.8000
dPolE	668.813	90.000	44.6019	1.0000	0.0000	6.8000
uR	668.813	90.000	0.0226	1.0000	0.0000	6.8000
E	670.423	90.000	44.7999	1.0093	0.1096	0.1048	0.0000	6.8000
dPolE	670.423	90.000	45.1324	1.0000	0.0000	6.8000
uR	670.423	90.000	0.0229	1.0000	0.0000	6.8000
E	672.032	90.000	45.1583	0.9229	0.1122	0.1071	0.0000	6.8000
dPolE	672.032	90.000	44.0298	1.0000	0.0000	6.8000
uR	672.032	90.000	0.0228	1.0000	0.0000	6.8000
E	673.642	90.000	44.6144	0.7135	0.1108	0.1054	0.0000	6.8000
dPolE	673.642	90.000	41.8432	1.0000	0.0000	6.8000
uR	673.642	90.000	0.0231	1.0000	0.0000	6.8000
E	675.251	90.000	45.1809	0.6641	0.1107	0.1048	0.0000	6.8000
dPolE	675.251	90.000	45.1754	1.0000	0.0000	6.8000
uR	675.251	90.000	0.0235	1.0000	0.0000	6.8000
E	676.860	90.000	44.8290	0.8333	0.1101	0.1037	0.0000	6.8000
dPolE	676.860	90.000	44.7614	1.0000	0.0000	6.8000
uR	676.860	90.000	0.0232	1.0000	0.0000	6.8000
E	678.469	90.000	44.9124	0.7892	0.1138	0.1064	0.0000	6.8000
dPolE	678.469	90.000	43.5789	1.0000	0.0000	6.8000
uR	678.469	90.000	0.0230	1.0000	0.0000	6.8000
E	680.079	90.000	44.8713	1.0326	0.1116	0.1038	0.0000	6.8000
dPolE	680.079	90.000	42.8670	1.0000	0.0000	6.8000
uR	680.079	90.000	0.0225	1.0000	0.0000	6.8000
E	681.688	90.000	44.9624	0.7602	0.1102	0.1018	0.0000	6.8000
dPolE	681.688	90.000	42.7874	1.0000	0.0000	6.8000
uR	681.688	90.000	0.0232	1.0000	0.0000	6.8000
E	683.296	90.000	44.7859	0.7885	0.1104	0.1013	0.0000	6.8000
dPolE	683.296	90.000	41.2127	1.0000	0.0000	6.8000
uR	683.296	90.000	0.0231	1.0000	0.0000	6.8000
E	684.905	90.000	44.9383	0.9605	0.1091	0.0995	0.0000	6.8000
dPolE	684.905	90.000	38.2348	1.0000	0.0000	6.8000
uR	684.905	90.000	0.0230	1.0000	0.0000	6.8000
E	686.514	90.000	44.9406	0.7005	0.1116	0.1012	0.0000	6.8000
dPolE	686.514	90.000	40.5502	1.0000	0.0000	6.8000
uR	686.514	90.000	0.0224	1.0000	0.0000	6.8000
E	688.123	90.000	45.1711	0.8577	0.1070	0.0967	0.0000	6.8000
dPolE	688.123	90.000	40.3489	1.0000	0.0000	6.8000
uR	688.123	90.000	0.0227	1.0000	0.0000	6.8000
E	689.731	90.000	44.5352	0.7322	0.1077	0.0970	0.0000	6.8000
dPolE	689.731	90.000	38.9585	1.0000	0.0000	6.8000
uR	689.731	90.000	0.0224	1.0000	0.0000	6.8000
E	691.340	90.000	45.1703	0.7949	0.1105	0.0992	0.0000	6.8000
dPolE	691.340	90.000	42.0377	1.0000	0.0000	6.8000
uR	691.340	90.000	0.0228	1.0000	0.0000	6.8000
E	692.948	90.000	44.9324	0.8142	0.1142	0.1024	0.0000	6.8000
dPolE	692.948	90.000	41.3545	1.0000	0.0000	6.8000
uR	692.948	90.000	0.0227	1.0000	0.0000	6.8000
E	694.556	90.000	44.8056	0.7458	0.1211	0.1085	0.0000	6.8000
dPolE	694.556	90.000	44.2900	1.0000	0.0000	6.8000
uR	694.556	90.000	0.0226	1.0000	0.0000	6.8000
E	696.164	90.000	45.3436	0.8711	0.1265	0.1135	0.0000	6.8000
dPolE	696.164	90.000	42.1942	1.0000	0.0000	6.8000
uR	696.164	90.000	0.0233	1.0000	0.0000	6.8000
E	697.772	90.000	45.1210	0.7785	0.1209	0.1083	0.0000	6.8000
dPolE	697.772	90.000	41.1510	1.0000	0.0000	6.8000
uR	697.772	90.000	0.0237	1.0000	0.0000	6.8000
E	699.380	90.000	45.0300	0.8721	0.1205	0.1080	0.0000	6.8000
dPolE	699.380	90.000	44.0419	1.0000	0.0000	6.8000
uR	699.380	90.000	0.0232	1.0000	0.0000	6.8000
E	700.988	90.000	44.9644	0.7695	0.1301	0.1164	0.0000	6.8000
dPolE	700.988	90.000	43.3198	1.0000	0.0000	6.8000
uR	700.988	90.000	0.0233	1.0000	0.0000	6.8000
E	702.596	90.000	45.1464	0.6361	0.1206	0.1076	0.0000	6.8000
dPolE	702.596	90.000	41.7285	1.0000	0.0000	6.8000
uR	702.596	90.000	0.0236	1.0000	0.0000	6.8000
E	704.204	90.000	44.9413	0.4613	0.1330	0.1186	0.0000	6.8000
dPolE	704.204	90.000	44.3971	1.0000	0.0000	6.8000
uR	704.204	90.000	0.0229	1.0000	0.0000	6.8000
E	705.811	90.000	45.0383	0.5578	0.1268	0.1124	0.0000	6.8000
dPolE	705.811	90.000	46.9339	1.0000	0.0000	6.8000
uR	705.811	90.000	0.0228	1.0000	0.0000	6.8000
E	707.419	90.000	44.7625	0.8487	0.1329	0.1177	0.0000	6.8000
dPolE	707.419	90.000	44.3028	1.0000	0.0000	6.8000
uR	707.419	90.000	0.0235	1.0000	0.0000	6.8000
E	709.026	90.000	45.0325	0.6722	0.1259	0.1110	0.0000	6.8000
dPolE	709.026	90.000	38.4705	1.0000	0.0000	6.8000
uR	709.026	90.000	0.0238	1.0000	0.0000	6.8000
E	710.634	90.000	44.4354	0.8409	0.1213	0.1065	0.0000	6.8000
dPolE	710.634	90.000	41.9633	1.0000	0.0000	6.8000
uR	710.634	90.000	0.0240	1.0000	0.0000	6.8000
E	712.241	90.000	44.8452	0.4396	0.1240	0.1083	0.0000	6.8000
dPolE	712.241	90.000	42.2943	1.0000	0.0000	6.8000
uR	712.241	90.000	0.0253	1.0000	0.0000	6.8000
E	713.848	90.000	45.1682	0.6402	0.1423	0.1235	0.0000	6.8000
dPolE	713.848	90.000	43.2123	1.0000	0.0000	6.8000
uR	713.848	90.000	0.0245	1.0000	0.0000	6.8000
E	715.455	90.000	45.2475	0.7736	0.1596	0.1377	0.0000	6.8000
dPolE	715.455	90.000	49.3124	1.0000	0.0000	6.8000
uR	715.455	90.000	0.0215	1.0000	0.0000	6.8000
E	717.062	90.000	45.1533	0.6312	0.1507	0.1294	0.0000	6.8000
dPolE	717.062	90.000	47.6366	1.0000	0.0000	6.8000
uR	717.062	90.000	0.0208	1.0000	0.0000	6.8000
E	718.669	90.000	45.1294	0.4568	0.1412	0.1207	0.0000	6.8000
dPolE	718.669	90.000	42.9776	1.0000	0.0000	6.8000
uR	718.669	90.000	0.0222	1.0000	0.0000	6.8000
E	720.276	90.000	44.7148	0.6398	0.1352	0.1151	0.0000	6.8000
dPolE	720.276	90.000	45.5586	1.0000	0.0000	6.8000
uR	720.276	90.000	0.0236	1.0000	0.0000	6.8000
E	721.882	90.000	45.1907	0.8566	0.1412	0.1196	0.0000	6.8000
dPolE	721.882	90.000	46.4407	1.0000	0.0000	6.8000
uR	721.882	90.000	0.0237	1.0000	0.0000	6.8000
E	723.489	90.000	44.8361	0.3408	0.1478	0.1246	0.0000	6.8000
dPolE	723.489	90.000	42.3538	1.0000	0.0000	6.8000
uR	723.489	90.000	0.0233	1.0000	0.0000	6.8000
E	725.095	90.000	45.0231	0.5423	0.1476	0.1241	0.0000	6.8000
dPolE	725.095	90.000	44.3008	1.0000	0.0000	6.8000
uR	725.095	90.000	0.0236	1.0000	0.0000	6.8000
E	726.701	90.000	44.6450	0.0603	0.1482	0.1242	0.0000	6.8000
dPolE	726.701	90.000	43.4824	1.0000	0.0000	6.8000
uR	726.701	90.000	0.0238	1.0000	0.0000	6.8000
E	728.308	90.000	45.0946	0.3875	0.1409	0.1180	0.0000	6.8000
dPolE	728.308	90.000	42.9777	1.0000	0.0000	6.8000
uR	728.308	90.000	0.0236	1.0000	0.0000	6.8000
E	729.914	90.000	45.1847	0.7331	0.1360	0.1136	0.0000	6.8000
dPolE	729.914	90.000	40.5982	1.0000	0.0000	6.8000
uR	729.914	90.000	0.0230	1.0000	0.0000	6.8000
E	731.520	90.000	45.0168	0.4514	0.1334	0.1114	0.0000	6.8000
dPolE	731.520	90.000	40.5958	1.0000	0.0000	6.8000
uR	731.520	90.000	0.0228	1.0000	0.0000	6.8000
E	733.126	90.000	45.0408	0.6835	0.1325	0.1107	0.0000	6.8000
dPolE	733.126	90.000	38.6822	1.0000	0.0000	6.8000
uR	733.126	90.000	0.0232	1.0000	0.0000	6.8000
E	734.732	90.000	44.7290	0.7572	0.1309	0.1093	0.0000	6.8000
dPolE	734.732	90.000	37.0202	1.0000	0.0000	6.8000
uR	734.732	90.000	0.0236	1.0000	0.0000	6.8000
E	736.337	90.000	45.1877	0.4771	0.1349	0.1125	0.0000	6.8000
dPolE	736.337	90.000	43.6536	1.0000	0.0000	6.8000
uR	736.337	90.000	0.0233	1.0000	0.0000	6.8000
E	737.943	90.000	45.0285	0.6561	0.1427	0.1191	0.0000	6.8000
dPolE	737.943	90.000	43.8745	1.0000	0.0000	6.8000
uR	737.943	90.000	0.0229	1.0000	0.0000	6.8000
E	739.548	90.000	45.5355	0.8306	0.1444	0.1201	0.0000	6.8000
dPolE	739.548	90.000	38.2796	1.0000	0.0000	6.8000
uR	739.548	90.000	0.0228	1.0000	0.0000	6.8000
E	741.154	90.000	44.9346	0.5847	0.1372	0.1140	0.0000	6.8000
dPolE	741.154	90.000	40.7953	1.0000	0.0000	6.8000
uR	741.154	90.000	0.0227	1.0000	0.0000	6.8000
E	742.759	90.000	44.9264	0.5574	0.1399	0.1159	0.0000	6.8000
dPolE	742.759	90.000	37.4794	1.0000	0.0000	6.8000
uR	742.759	90.000	0.0231	1.0000	0.0000	6.8000
E	744.364	90.000	44.7039	0.6165	0.1444	0.1191	0.0000	6.8000
dPolE	744.364	90.000	37.3291	1.0000	0.0000	6.8000
uR	744.364	90.000	0.0236	1.0000	0.0000	6.8000
E	745.969	90.000	45.0563	0.3745	0.1441	0.1184	0.0000	6.8000
dPolE	745.969	90.000	41.8841	1.0000	0.0000	6.8000
uR	745.969	90.000	0.0233	1.0000	0.0000	6.8000
E	747.574	90.000	45.0684	0.6632	0.1546	0.1265	0.0000	6.8000
dPolE	747.574	90.000	41.3981	1.0000	0.0000	6.8000
uR	747.574	90.000	0.0232	1.0000	0.0000	6.8000
E	749.179	90.000	44.9620	0.6039	0.1522	0.1240	0.0000	6.8000
dPolE	749.179	90.000	44.2734	1.0000	0.0000	6.8000
uR	749.179	90.000	0.0231	1.0000	0.0000	6.8000
E	750.784	90.000	44.7248	0.3202	0.1515	0.1229	0.0000	6.8000
dPolE	750.784	90.000	38.8219	1.0000	0.0000	6.8000
uR	750.784	90.000	0.0237	1.0000	0.0000	6.8000
E	752.388	90.000	45.2622	0.3830	0.1549	0.1249	0.0000	6.8000
dPolE	752.388	90.000	41.0224	1.0000	0.0000	6.8000
uR	752.388	90.000	0.0237	1.0000	0.0000	6.8000
E	753.993	90.000	45.3224	0.1830	0.1518	0.1218	0.0000	6.8000
dPolE	753.993	90.000	41.8486	1.0000	0.0000	6.8000
uR	753.993	90.000	0.0241	1.0000	0.0000	6.8000
E	755.597	90.000	45.0845	0.5853	0.1563	0.1248	0.0000	6.8000
dPolE	755.597	90.000	39.6326	1.0000	0.0000	6.8000
uR	755.597	90.000	0.0241	1.0000	0.0000	6.8000
E	757.202	90.000	44.8074	0.6558	0.1494	0.1190	0.0000	6.8000
dPolE	757.202	90.000	41.6775	1.0000	0.0000	6.8000
uR	757.202	90.000	0.0234	1.0000	0.0000	6.8000
E	758.806	90.000	45.0344	0.3910	0.1609	0.1273	0.0000	6.8000
dPolE	758.806	90.000	44.0532	1.0000	0.0000	6.8000
uR	758.806	90.000	0.0220	1.0000	0.0000	6.8000
E	760.410	90.000	44.8588	0.5814	0.1464	0.1154	0.0000	6.8000
dPolE	760.410	90.000	39.6144	1.0000	0.0000	6.8000
uR	760.410	90.000	0.0221	1.0000	0.0000	6.8000
E	762.014	90.000	44.7718	0.4679	0.1399	0.1096	0.0000	6.8000
dPolE	762.014	90.000	38.5156	1.0000	0.0000	6.8000
uR	762.014	90.000	0.0226	1.0000	0.0000	6.8000
E	763.618	90.000	45.0305	0.5729	0.1249	0.0978	0.0000	6.8000
dPolE	763.618	90.000	30.5944	1.0000	0.0000	6.8000
uR	763.618	90.000	0.0233	1.0000	0.0000	6.8000
E	765.221	90.000	44.9210	0.5006	0.1161	0.0907	0.0000	6.8000
dPolE	765.221	90.000	30.2286	1.0000	0.0000	6.8000
uR	765.221	90.000	0.0233	1.0000	0.0000	6.8000
E	766.825	90.000	45.0025	0.2816	0.1273	0.0992	0.0000	6.8000
dPolE	766.825	90.000	33.8118	1.0000	0.0000	6.8000
uR	766.825	90.000	0.0222	1.0000	0.0000	6.8000
E	768.429	90.000	45.4174	0.1082	0.1421	0.1105	0.0000	6.8000
dPolE	768.429	90.000	36.8365	1.0000	0.0000	6.8000
uR	768.429	90.000	0.0226	1.0000	0.0000	6.8000
E	770.032	90.000	45.0664	0.6508	0.1671	0.1299	0.0000	6.8000
dPolE	770.032	90.000	45.6380	1.0000	0.0000	6.8000
uR	770.032	90.000	0.0225	1.0000	0.0000	6.8000
E	771.635	90.000	45.2024	0.4478	0.1744	0.1355	0.0000	6.8000
dPolE	771.635	90.000	41.9436	1.0000	0.0000	6.8000
uR	771.635	90.000	0.0230	1.0000	0.0000	6.8000
E	773.238	90.000	44.8741	0.4057	0.1812	0.1407	0.0000	6.8000
dPolE	773.238	90.000	42.5479	1.0000	0.0000	6.8000
uR	773.238	90.000	0.0240	1.0000	0.0000	6.8000
E	774.841	90.000	44.7391	0.6289	0.1819	0.1412	0.0000	6.8000
dPolE	774.841	90.000	40.5865	1.0000	0.0000	6.8000
uR	774.841	90.000	0.0259	1.0000	0.0000	6.8000
E	776.444	90.000	44.8550	0.5467	0.1914	0.1484	0.0000	6.8000
dPolE	776.444	90.000	47.2907	1.0000	0.0000	6.8000
uR	776.444	90.000	0.0260	1.0000	0.0000	6.8000
E	778.047	90.000	45.0677	0.2442	0.1898	0.1465	0.0000	6.8000
dPolE	778.047	90.000	48.9877	1.0000	0.0000	6.8000
uR	778.047	90.000	0.0248	1.0000	0.0000	6.8000
E	779.650	90.000	44.2430	0.6927	0.1966	0.1519	0.0000	6.8000
dPolE	779.650	90.000	52.0551	1.0000	0.0000	6.8000
uR	779.650	90.000	0.0240	1.0000	0.0000	6.8000
E	781.252	90.000	45.1979	359.9919	0.2099	0.1622	0.0000	6.8000
dPolE	781.252	90.000	48.9794	1.0000	0.0000	6.8000
uR	781.252	90.000	0.0236	1.0000	0.0000	6.8000
E	782.855	90.000	44.7811	0.1626	0.1974	0.1521	0.0000	6.8000
dPolE	782.855	90.000	56.2819	1.0000	0.0000	6.8000
uR	782.855	90.000	0.0240	1.0000	0.0000	6.8000
E	784.457	90.000	45.2599	0.0754	0.1984	0.1527	0.0000	6.8000
dPolE	784.457	90.000	49.5320	1.0000	0.0000	6.8000
uR	784.457	90.000	0.0244	1.0000	0.0000	6.8000
E	786.059	90.000	43.9776	0.7724	0.1988	0.1527	0.0000	6.8000
dPolE	786.059	90.000	53.9150	1.0000	0.0000	6.8000
uR	786.059	90.000	0.0234	1.0000	0.0000	6.8000
E	787.661	90.000	44.8577	0.2338	0.1932	0.1471	0.0000	6.8000
dPolE	787.661	90.000	49.9038	1.0000	0.0000	6.8000
uR	787.661	90.000	0.0225	1.0000	0.0000	6.8000
E	789.263	90.000	44.6215	359.9514	0.1749	0.1332	0.0000	6.8000
dPolE	789.263	90.000	48.8233	1.0000	0.0000	6.8000
uR	789.263	90.000	0.0225	1.0000	0.0000	6.8000
E	790.865	90.000	45.2531	0.3592	0.1713	0.1298	0.0000	6.8000
dPolE	790.865	90.000	43.2434	1.0000	0.0000	6.8000
uR	790.865	90.000	0.0221	1.0000	0.0000	6.8000
E	792.467	90.000	45.1502	0.6450	0.1870	0.1414	0.0000	6.8000
dPolE	792.467	90.000	41.8960	1.0000	0.0000	6.8000
uR	792.467	90.000	0.0223	1.0000	0.0000	6.8000
E	794.068	90.000	44.9760	0.8006	0.1945	0.1462	0.0000	6.8000
dPolE	794.068	90.000	44.6816	1.0000	0.0000	6.8000
uR	794.068	90.000	0.0237	1.0000	0.0000	6.8000
E	795.670	90.000	45.1420	0.3540	0.1868	0.1398	0.0000	6.8000
dPolE	795.670	90.000	45.7209	1.0000	0.0000	6.8000
uR	795.670	90.000	0.0241	1.0000	0.0000	6.8000
E	797.271	90.000	44.7248	0.4653	0.1746	0.1303	0.0000	6.8000
dPolE	797.271	90.000	44.6510	1.0000	0.0000	6.8000
uR	797.271	90.000	0.0243	1.0000	0.0000	6.8000
E	798.872	90.000	44.7738	0.3674	0.1811	0.1345	0.0000	6.8000
dPolE	798.872	90.000	37.8827	1.0000	0.0000	6.8000
uR	798.872	90.000	0.0245	1.0000	0.0000	6.8000
E	800.473	90.000	44.9568	0.2333	0.1729	0.1280	0.0000	6.8000
dPolE	800.473	90.000	41.9613	1.0000	0.0000	6.8000
uR	800.473	90.000	0.0244	1.0000	0.0000	6.8000
E	802.074	90.000	45.0350	0.5129	0.1961	0.1444	0.0000	6.8000
dPolE	802.074	90.000	42.6233	1.0000	0.0000	6.8000
uR	802.074	90.000	0.0241	1.0000	0.0000	6.8000
E	803.675	90.000	44.3833	0.5619	0.1984	0.1452	0.0000	6.8000
dPolE	803.675	90.000	46.0909	1.0000	0.0000	6.8000
uR	803.675	90.000	0.0256	1.0000	0.0000	6.8000
E	805.276	90.000	44.6853	0.3939	0.1962	0.1431	0.0000	6.8000
dPolE	805.276	90.000	45.0897	1.0000	0.0000	6.8000
uR	805.276	90.000	0.0250	1.0000	0.0000	6.8000
E	806.876	90.000	45.3263	0.4313	0.1967	0.1434	0.0000	6.8000
dPolE	806.876	90.000	41.2871	1.0000	0.0000	6.8000
uR	806.876	90.000	0.0248	1.0000	0.0000	6.8000
E	808.477	90.000	45.3459	0.5308	0.1964	0.1428	0.0000	6.8000
dPolE	808.477	90.000	44.2550	1.0000	0.0000	6.8000
uR	808.477	90.000	0.0234	1.0000	0.0000	6.8000
E	810.077	90.000	44.8243	0.7127	0.1913	0.1386	0.0000	6.8000
dPolE	810.077	90.000	43.4109	1.0000	0.0000	6.8000
uR	810.077	90.000	0.0243	1.0000	0.0000	6.8000
E	811.677	90.000	45.2267	0.6588	0.1844	0.1334	0.0000	6.8000
dPolE	811.677	90.000	45.6981	1.0000	0.0000	6.8000
uR	811.677	90.000	0.0248	1.0000	0.0000	6.8000
E	813.277	90.000	44.6509	0.5949	0.1844	0.1334	0.0000	6.8000
dPolE	813.277	90.000	44.2618	1.0000	0.0000	6.8000
uR	813.277	90.000	0.0240	1.0000	0.0000	6.8000
E	814.877	90.000	44.7279	0.3859	0.1856	0.1340	0.0000	6.8000
dPolE	814.877	90.000	41.8221	1.0000	0.0000	6.8000
uR	814.877	90.000	0.0234	1.0000	0.0000	6.8000
E	816.477	90.000	45.4132	0.3160	0.1824	0.1313	0.0000	6.8000
dPolE	816.477	90.000	34.2375	1.0000	0.0000	6.8000
uR	816.477	90.000	0.0236	1.0000	0.0000	6.8000
E	818.077	90.000	45.1770	0.3824	0.1597	0.1152	0.0000	6.8000
dPolE	818.077	90.000	31.8135	1.0000	0.0000	6.8000
uR	818.077	90.000	0.0217	1.0000	0.0000	6.8000
E	819.676	90.000	44.6811	0.3842	0.1142	0.0823	0.0000	6.8000
dPolE	819.676	90.000	25.1483	1.0000	0.0000	6.8000
uR	819.676	90.000	0.0198	1.0000	0.0000	6.8000
E	821.276	90.000	44.9146	0.4142	0.0746	0.0536	0.0000	6.8000
dPolE	821.276	90.000	11.9021	1.0000	0.0000	6.8000
uR	821.276	90.000	0.0207	1.0000	0.0000	6.8000
E	822.875	90.000	45.0010	0.2856	0.0520	0.0374	0.0000	6.8000
dPolE	822.875	90.000	7.0177	1.0000	0.0000	6.8000
uR	822.875	90.000	0.0232	1.0000	0.0000	6.8000
E	824.474	90.000	44.9346	0.2612	0.0454	0.0326	0.0000	6.8000
dPolE	824.474	90.000	5.1378	1.0000	0.0000	6.8000
uR	824.474	90.000	0.0239	1.0000	0.0000	6.8000
E	826.073	90.000	44.9499	0.3438	0.0494	0.0355	0.0000	6.8000
dPolE	826.073	90.000	4.6810	1.0000	0.0000	6.8000
uR	826.073	90.000	0.0229	1.0000	0.0000	6.8000
E	827.672	90.000	44.9810	0.3890	0.0590	0.0422	0.0000	6.8000
dPolE	827.672	90.000	8.1546	1.0000	0.0000	6.8000
uR	827.672	90.000	0.0224	1.0000	0.0000	6.8000
E	829.271	90.000	44.9821	0.3585	0.0675	0.0483	0.0000	6.8000
dPolE	829.271	90.000	10.6035	1.0000	0.0000	6.8000
uR	829.271	90.000	0.0231	1.0000	0.0000	6.8000
E	830.869	90.000	44.8479	0.3921	0.0885	0.0631	0.0000	6.8000
dPolE	830.869	90.000	17.2471	1.0000	0.0000	6.8000
uR	830.869	90.000	0.0215	1.0000	0.0000	6.8000
E	832.468	90.000	44.9882	0.3519	0.1045	0.0744	0.0000	6.8000
dPolE	832.468	90.000	27.4239	1.0000	0.0000	6.8000
uR	832.468	90.000	0.0201	1.0000	0.0000	6.8000
E	834.066	90.000	45.1825	0.4236	0.1014	0.0720	0.0000	6.8000
dPolE	834.066	90.000	21.7950	1.0000	0.0000	6.8000
uR	834.066	90.000	0.0217	1.0000	0.0000	6.8000
E	835.664	90.000	44.9275	0.4328	0.0969	0.0686	0.0000	6.8000
dPolE	835.664	90.000	22.0772	1.0000	0.0000	6.8000
uR	835.664	90.000	0.0226	1.0000	0.0000	6.8000
E	837.262	90.000	44.8514	0.3190	0.1095	0.0772	0.0000	6.8000
dPolE	837.262	90.000	23.6010	1.0000	0.0000	6.8000
uR	837.262	90.000	0.0234	1.0000	0.0000	6.8000
E	838.860	90.000	44.9148	0.1803	0.1257	0.0883	0.0000	6.8000
dPolE	838.860	90.000	32.7929	1.0000	0.0000	6.8000
uR	838.860	90.000	0.0230	1.0000	0.0000	6.8000
E	840.458	90.000	44.6753	0.5976	0.1355	0.0947	0.0000	6.8000
dPolE	840.458	90.000	42.7115	1.0000	0.0000	6.8000
uR	840.458	90.000	0.0236	1.0000	0.0000	6.8000
E	842.055	90.000	44.7077	0.4475	0.1366	0.0954	0.0000	6.8000
dPolE	842.055	90.000	43.1877	1.0000	0.0000	6.8000
uR	842.055	90.000	0.0252	1.0000	0.0000	6.8000
E	843.653	90.000	44.9740	0.4637	0.1610	0.1120	0.0000	6.8000
dPolE	843.653	90.000	47.9468	1.0000	0.0000	6.8000
uR	843.653	90.000	0.0232	1.0000	0.0000	6.8000
E	845.250	90.000	44.8679	0.2455	0.2032	0.1404	0.0000	6.8000
dPolE	845.250	90.000	54.7878	1.0000	0.0000	6.8000
uR	845.250	90.000	0.0232	1.0000	0.0000	6.8000
E	846.847	90.000	45.2578	0.0480	0.2379	0.1637	0.0000	6.8000
dPolE	846.847	90.000	50.8825	1.0000	0.0000	6.8000
uR	846.847	90.000	0.0247	1.0000	0.0000	6.8000
E	848.444	90.000	44.8489	0.4600	0.2588	0.1775	0.0000	6.8000
dPolE	848.444	90.000	59.0361	1.0000	0.0000	6.8000
uR	848.444	90.000	0.0254	1.0000	0.0000	6.8000
E	850.041	90.000	44.6767	0.0475	0.2620	0.1789	0.0000	6.8000
dPolE	850.041	90.000	63.4956	1.0000	0.0000	6.8000
uR	850.041	90.000	0.0265	1.0000	0.0000	6.8000
E	851.638	90.000	44.8097	0.6568	0.2598	0.1768	0.0000	6.8000
dPolE	851.638	90.000	62.6555	1.0000	0.0000	6.8000
uR	851.638	90.000	0.0257	1.0000	0.0000	6.8000
E	853.234	90.000	45.2639	0.4599	0.2556	0.1732	0.0000	6.8000
dPolE	853.234	90.000	58.8618	1.0000	0.0000	6.8000
uR	853.234	90.000	0.0263	1.0000	0.0000	6.8000
E	854.831	90.000	45.4302	0.3208	0.2803	0.1889	0.0000	6.8000
dPolE	854.831	90.000	59.9178	1.0000	0.0000	6.8000
uR	854.831	90.000	0.0240	1.0000	0.0000	6.8000
E	856.427	90.000	44.3466	0.1284	0.2670	0.1801	0.0000	6.8000
dPolE	856.427	90.000	64.3583	1.0000	0.0000	6.8000
uR	856.427	90.000	0.0231	1.0000	0.0000	6.8000
E	858.023	90.000	44.8383	0.5235	0.2827	0.1902	0.0000	6.8000
dPolE	858.023	90.000	55.4120	1.0000	0.0000	6.8000
uR	858.023	90.000	0.0249	1.0000	0.0000	6.8000
E	859.619	90.000	44.9858	0.0874	0.2918	0.1954	0.0000	6.8000
dPolE	859.619	90.000	57.2745	1.0000	0.0000	6.8000
uR	859.619	90.000	0.0231	1.0000	0.0000	6.8000
E	861.215	90.000	45.7029	0.1244	0.2586	0.1731	0.0000	6.8000
dPolE	861.215	90.000	57.6548	1.0000	0.0000	6.8000
uR	861.215	90.000	0.0232	1.0000	0.0000	6.8000
E	862.811	90.000	44.6889	0.2791	0.2748	0.1838	0.0000	6.8000
dPolE	862.811	90.000	52.7492	1.0000	0.0000	6.8000
uR	862.811	90.000	0.0243	1.0000	0.0000	6.8000
E	864.407	90.000	44.0688	359.9763	0.2407	0.1607	0.0000	6.8000
dPolE	864.407	90.000	54.6476	1.0000	0.0000	6.8000
uR	864.407	90.000	0.0246	1.0000	0.0000	6.8000
E	866.002	90.000	45.2286	0.1378	0.2419	0.1613	0.0000	6.8000
dPolE	866.002	90.000	48.3294	1.0000	0.0000	6.8000
uR	866.002	90.000	0.0246	1.0000	0.0000	6.8000
E	867.597	90.000	45.2776	0.4829	0.2204	0.1471	0.0000	6.8000
dPolE	867.597	90.000	44.1523	1.0000	0.0000	6.8000
uR	867.597	90.000	0.0242	1.0000	0.0000	6.8000
E	869.192	90.000	45.2010	0.0840	0.2152	0.1433	0.0000	6.8000
dPolE	869.192	90.000	41.1767	1.0000	0.0000	6.8000
uR	869.192	90.000	0.0239	1.0000	0.0000	6.8000
E	870.787	90.000	44.7632	0.4089	0.2057	0.1370	0.0000	6.8000
dPolE	870.787	90.000	42.4462	1.0000	0.0000	6.8000
uR	870.787	90.000	0.0236	1.0000	0.0000	6.8000
E	872.382	90.000	44.7310	0.1987	0.1983	0.1319	0.0000	6.8000
dPolE	872.382	90.000	35.2696	1.0000	0.0000	6.8000
uR	872.382	90.000	0.0235	1.0000	0.0000	6.8000
E	873.977	90.000	45.1095	0.4692	0.1852	0.1233	0.0000	6.8000
dPolE	873.977	90.000	32.9422	1.0000	0.0000	6.8000
uR	873.977	90.000	0.0231	1.0000	0.0000	6.8000
E	875.571	90.000	45.3614	0.4919	0.1617	0.1077	0.0000	6.8000
dPolE	875.571	90.000	29.3764	1.0000	0.0000	6.8000
uR	875.571	90.000	0.0227	1.0000	0.0000	6.8000
E	877.166	90.000	44.8116	0.0409	0.1341	0.0891	0.0000	6.8000
dPolE	877.166	90.000	32.9106	1.0000	0.0000	6.8000
uR	877.166	90.000	0.0208	1.0000	0.0000	6.8000
E	878.760	90.000	44.9838	0.2072	0.0985	0.0654	0.0000	6.8000
dPolE	878.760	90.000	19.2096	1.0000	0.0000	6.8000
uR	878.760	90.000	0.0201	1.0000	0.0000	6.8000
E	880.354	90.000	44.9161	0.2521	0.0724	0.0480	0.0000	6.8000
dPolE	880.354	90.000	8.5181	1.0000	0.0000	6.8000
uR	880.354	90.000	0.0209	1.0000	0.0000	6.8000
E	881.948	90.000	44.9135	0.1629	0.0520	0.0343	0.0000	6.8000
dPolE	881.948	90.000	6.5197	1.0000	0.0000	6.8000
uR	881.948	90.000	0.0229	1.0000	0.0000	6.8000
E	883.542	90.000	45.0618	0.2331	0.0529	0.0348	0.0000	6.8000
dPolE	883.542	90.000	4.3301	1.0000	0.0000	6.8000
uR	883.542	90.000	0.0241	1.0000	0.0000	6.8000
E	885.135	90.000	45.0398	0.1816	0.0583	0.0384	0.0000	6.8000
dPolE	885.135	90.000	4.9117	1.0000	0.0000	6.8000
uR	885.135	90.000	0.0233	1.0000	0.0000	6.8000
E	886.729	90.000	45.1591	0.2702	0.0781	0.0513	0.0000	6.8000
dPolE	886.729	90.000	9.9023	1.0000	0.0000	6.8000
uR	886.729	90.000	0.0223	1.0000	0.0000	6.8000
E	888.322	90.000	44.6970	0.3088	0.0961	0.0630	0.0000	6.8000
dPolE	888.322	90.000	22.1045	1.0000	0.0000	6.8000
uR	888.322	90.000	0.0221	1.0000	0.0000	6.8000
E	889.915	90.000	44.8060	0.2073	0.1095	0.0715	0.0000	6.8000
dPolE	889.915	90.000	23.2301	1.0000	0.0000	6.8000
uR	889.915	90.000	0.0221	1.0000	0.0000	6.8000
E	891.508	90.000	45.1249	0.4289	0.1175	0.0764	0.0000	6.8000
dPolE	891.508	90.000	22.8579	1.0000	0.0000	6.8000
uR	891.508	90.000	0.0224	1.0000	0.0000	6.8000
E	893.101	90.000	44.9222	0.1844	0.1035	0.0671	0.0000	6.8000
dPolE	893.101	90.000	20.4493	1.0000	0.0000	6.8000
uR	893.101	90.000	0.0222	1.0000	0.0000	6.8000
E	894.694	90.000	45.0320	0.3097	0.0955	0.0617	0.0000	6.8000
dPolE	894.694	90.000	15.0498	1.0000	0.0000	6.8000
uR	894.694	90.000	0.0242	1.0000	0.0000	6.8000
E	896.286	90.000	44.8853	0.2693	0.0904	0.0581	0.0000	6.8000
dPolE	896.286	90.000	17.5180	1.0000	0.0000	6.8000
uR	896.286	90.000	0.0237	1.0000	0.0000	6.8000
E	897.879	90.000	44.7937	0.2803	0.0967	0.0620	0.0000	6.8000
dPolE	897.879	90.000	17.2831	1.0000	0.0000	6.8000
uR	897.879	90.000	0.0231	1.0000	0.0000	6.8000
E	899.471	90.000	44.9141	0.1831	0.1103	0.0704	0.0000	6.8000
dPolE	899.471	90.000	24.1333	1.0000	0.0000	6.8000
uR	899.471	90.000	0.0223	1.0000	0.0000	6.8000
E	901.063	90.000	45.1519	0.3383	0.1214	0.0771	0.0000	6.8000
dPolE	901.063	90.000	20.7402	1.0000	0.0000	6.8000
uR	901.063	90.000	0.0221	1.0000	0.0000	6.8000
E	902.655	90.000	45.0161	0.1856	0.1075	0.0682	0.0000	6.8000
dPolE	902.655	90.000	18.5711	1.0000	0.0000	6.8000
uR	902.655	90.000	0.0228	1.0000	0.0000	6.8000
E	904.247	90.000	44.9693	0.2371	0.0992	0.0626	0.0000	6.8000
dPolE	904.247	90.000	13.7194	1.0000	0.0000	6.8000
uR	904.247	90.000	0.0244	1.0000	0.0000	6.8000
E	905.838	90.000	44.9140	0.2089	0.0978	0.0617	0.0000	6.8000
dPolE	905.838	90.000	16.6548	1.0000	0.0000	6.8000
uR	905.838	90.000	0.0240	1.0000	0.0000	6.8000
E	907.429	90.000	44.7825	0.2949	0.1079	0.0678	0.0000	6.8000
dPolE	907.429	90.000	18.6123	1.0000	0.0000	6.8000
uR	907.429	90.000	0.0231	1.0000	0.0000	6.8000
E	909.021	90.000	45.2465	0.0214	0.1329	0.0834	0.0000	6.8000
dPolE	909.021	90.000	26.5162	1.0000	0.0000	6.8000
uR	909.021	90.000	0.0208	1.0000	0.0000	6.8000
E	910.612	90.000	44.9420	0.3422	0.1557	0.0971	0.0000	6.8000
dPolE	910.612	90.000	30.0290	1.0000	0.0000	6.8000
uR	910.612	90.000	0.0206	1.0000	0.0000	6.8000
E	912.203	90.000	45.1851	0.3085	0.1401	0.0873	0.0000	6.8000
dPolE	912.203	90.000	29.6298	1.0000	0.0000	6.8000
uR	912.203	90.000	0.0202	1.0000	0.0000	6.8000
E	913.793	90.000	45.0509	0.0441	0.1184	0.0735	0.0000	6.8000
dPolE	913.793	90.000	19.5073	1.0000	0.0000	6.8000
uR	913.793	90.000	0.0215	1.0000	0.0000	6.8000
E	915.384	90.000	44.9407	0.2191	0.0905	0.0562	0.0000	6.8000
dPolE	915.384	90.000	12.7426	1.0000	0.0000	6.8000
uR	915.384	90.000	0.0229	1.0000	0.0000	6.8000
E	916.974	90.000	45.0347	0.1409	0.0845	0.0523	0.0000	6.8000
dPolE	916.974	90.000	12.3374	1.0000	0.0000	6.8000
uR	916.974	90.000	0.0232	1.0000	0.0000	6.8000
E	918.565	90.000	44.9204	0.2299	0.0833	0.0515	0.0000	6.8000
dPolE	918.565	90.000	14.1694	1.0000	0.0000	6.8000
uR	918.565	90.000	0.0230	1.0000	0.0000	6.8000
E	920.155	90.000	44.9197	0.2362	0.1077	0.0665	0.0000	6.8000
dPolE	920.155	90.000	21.3355	1.0000	0.0000	6.8000
uR	920.155	90.000	0.0215	1.0000	0.0000	6.8000
E	921.745	90.000	45.1504	0.2857	0.1312	0.0809	0.0000	6.8000
dPolE	921.745	90.000	24.8816	1.0000	0.0000	6.8000
uR	921.745	90.000	0.0218	1.0000	0.0000	6.8000
E	923.334	90.000	44.7515	0.2385	0.1649	0.1015	0.0000	6.8000
dPolE	923.334	90.000	30.3771	1.0000	0.0000	6.8000
uR	923.334	90.000	0.0230	1.0000	0.0000	6.8000
E	924.924	90.000	45.0330	0.0694	0.1905	0.1171	0.0000	6.8000
dPolE	924.924	90.000	39.5725	1.0000	0.0000	6.8000
uR	924.924	90.000	0.0216	1.0000	0.0000	6.8000
E	926.513	90.000	45.2666	0.2473	0.2104	0.1292	0.0000	6.8000
dPolE	926.513	90.000	45.1013	1.0000	0.0000	6.8000
uR	926.513	90.000	0.0229	1.0000	0.0000	6.8000
E	928.103	90.000	45.3485	0.2851	0.2297	0.1410	0.0000	6.8000
dPolE	928.103	90.000	39.8081	1.0000	0.0000	6.8000
uR	928.103	90.000	0.0231	1.0000	0.0000	6.8000
E	929.692	90.000	45.9173	0.1927	0.2405	0.1472	0.0000	6.8000
dPolE	929.692	90.000	43.1616	1.0000	0.0000	6.8000
uR	929.692	90.000	0.0241	1.0000	0.0000	6.8000
E	931.280	90.000	45.1798	0.0958	0.2505	0.1537	0.0000	6.8000
dPolE	931.280	90.000	39.4660	1.0000	0.0000	6.8000
uR	931.280	90.000	0.0250	1.0000	0.0000	6.8000
E	932.869	90.000	45.5947	0.0390	0.2459	0.1507	0.0000	6.8000
dPolE	932.869	90.000	36.3110	1.0000	0.0000	6.8000
uR	932.869	90.000	0.0252	1.0000	0.0000	6.8000
E	934.458	90.000	44.5630	0.1462	0.2459	0.1501	0.0000	6.8000
dPolE	934.458	90.000	45.8193	1.0000	0.0000	6.8000
uR	934.458	90.000	0.0245	1.0000	0.0000	6.8000
E	936.046	90.000	45.2422	0.4118	0.2388	0.1459	0.0000	6.8000
dPolE	936.046	90.000	43.2664	1.0000	0.0000	6.8000
uR	936.046	90.000	0.0244	1.0000	0.0000	6.8000
E	937.634	90.000	44.2255	0.2693	0.2222	0.1357	0.0000	6.8000
dPolE	937.634	90.000	38.8886	1.0000	0.0000	6.8000
uR	937.634	90.000	0.0239	1.0000	0.0000	6.8000
E	939.222	90.000	45.0946	0.2957	0.2190	0.1336	0.0000	6.8000
dPolE	939.222	90.000	40.1002	1.0000	0.0000	6.8000
uR	939.222	90.000	0.0242	1.0000	0.0000	6.8000
E	940.810	90.000	44.1195	0.0598	0.2334	0.1413	0.0000	6.8000
dPolE	940.810	90.000	42.9035	1.0000	0.0000	6.8000
uR	940.810	90.000	0.0237	1.0000	0.0000	6.8000
E	942.398	90.000	44.9827	0.2425	0.2494	0.1505	0.0000	6.8000
dPolE	942.398	90.000	41.6625	1.0000	0.0000	6.8000
uR	942.398	90.000	0.0236	1.0000	0.0000	6.8000
E	943.985	90.000	45.3510	0.3039	0.2519	0.1528	0.0000	6.8000
dPolE	943.985	90.000	38.5702	1.0000	0.0000	6.8000
uR	943.985	90.000	0.0240	1.0000	0.0000	6.8000
E	945.573	90.000	44.8427	0.2818	0.2599	0.1573	0.0000	6.8000
dPolE	945.573	90.000	47.4721	1.0000	0.0000	6.8000
uR	945.573	90.000	0.0237	1.0000	0.0000	6.8000
E	947.160	90.000	44.0419	0.6856	0.2657	0.1608	0.0000	6.8000
dPolE	947.160	90.000	40.7349	1.0000	0.0000	6.8000
uR	947.160	90.000	0.0236	1.0000	0.0000	6.8000
E	948.747	90.000	44.7065	0.1555	0.2479	0.1491	0.0000	6.8000
dPolE	948.747	90.000	39.4239	1.0000	0.0000	6.8000
uR	948.747	90.000	0.0248	1.0000	0.0000	6.8000
E	950.334	90.000	44.9995	0.4584	0.2388	0.1436	0.0000	6.8000
dPolE	950.334	90.000	35.9594	1.0000	0.0000	6.8000
uR	950.334	90.000	0.0253	1.0000	0.0000	6.8000
E	951.920	90.000	45.6419	0.1010	0.2457	0.1470	0.0000	6.8000
dPolE	951.920	90.000	38.0907	1.0000	0.0000	6.8000
uR	951.920	90.000	0.0239	1.0000	0.0000	6.8000
E	953.507	90.000	44.7302	0.1191	0.2465	0.1470	0.0000	6.8000
dPolE	953.507	90.000	40.6366	1.0000	0.0000	6.8000
uR	953.507	90.000	0.0247	1.0000	0.0000	6.8000
E	955.093	90.000	44.2121	0.1175	0.2674	0.1586	0.0000	6.8000
dPolE	955.093	90.000	41.6429	1.0000	0.0000	6.8000
uR	955.093	90.000	0.0247	1.0000	0.0000	6.8000
E	956.679	90.000	45.3780	0.1189	0.2845	0.1692	0.0000	6.8000
dPolE	956.679	90.000	39.9555	1.0000	0.0000	6.8000
uR	956.679	90.000	0.0253	1.0000	0.0000	6.8000
E	958.265	90.000	44.9389	359.9264	0.3168	0.1875	0.0000	6.8000
dPolE	958.265	90.000	50.6961	1.0000	0.0000	6.8000
uR	958.265	90.000	0.0244	1.0000	0.0000	6.8000
E	959.851	90.000	45.6141	359.8042	0.3416	0.2011	0.0000	6.8000
dPolE	959.851	90.000	59.3757	1.0000	0.0000	6.8000
uR	959.851	90.000	0.0227	1.0000	0.0000	6.8000
E	961.436	90.000	45.1922	359.8182	0.3221	0.1891	0.0000	6.8000
dPolE	961.436	90.000	64.4923	1.0000	0.0000	6.8000
uR	961.436	90.000	0.0227	1.0000	0.0000	6.8000
E	963.022	90.000	44.0233	359.5009	0.3545	0.2082	0.0000	6.8000
dPolE	963.022	90.000	62.8108	1.0000	0.0000	6.8000
uR	963.022	90.000	0.0232	1.0000	0.0000	6.8000
E	964.607	90.000	46.3560	359.5800	0.3381	0.1978	0.0000	6.8000
dPolE	964.607	90.000	50.3988	1.0000	0.0000	6.8000
uR	964.607	90.000	0.0239	1.0000	0.0000	6.8000
E	966.192	90.000	44.7980	0.0643	0.3316	0.1932	0.0000	6.8000
dPolE	966.192	90.000	57.0333	1.0000	0.0000	6.8000
uR	966.192	90.000	0.0229	1.0000	0.0000	6.8000
E	967.777	90.000	44.8916	0.3125	0.3021	0.1750	0.0000	6.8000
dPolE	967.777	90.000	51.0621	1.0000	0.0000	6.8000
uR	967.777	90.000	0.0232	1.0000	0.0000	6.8000
E	969.361	90.000	45.2459	359.9253	0.2886	0.1670	0.0000	6.8000
dPolE	969.361	90.000	40.2814	1.0000	0.0000	6.8000
uR	969.361	90.000	0.0240	1.0000	0.0000	6.8000
E	970.946	90.000	44.4146	359.9611	0.2590	0.1492	0.0000	6.8000
dPolE	970.946	90.000	39.6925	1.0000	0.0000	6.8000
uR	970.946	90.000	0.0242	1.0000	0.0000	6.8000
E	972.530	90.000	44.4714	359.8851	0.2374	0.1368	0.0000	6.8000
dPolE	972.530	90.000	40.9952	1.0000	0.0000	6.8000
uR	972.530	90.000	0.0235	1.0000	0.0000	6.8000
E	974.114	90.000	45.2650	0.3339	0.2436	0.1402	0.0000	6.8000
dPolE	974.114	90.000	34.4838	1.0000	0.0000	6.8000
uR	974.114	90.000	0.0223	1.0000	0.0000	6.8000
E	975.698	90.000	44.6109	0.0798	0.2103	0.1204	0.0000	6.8000
dPolE	975.698	90.000	30.8586	1.0000	0.0000	6.8000
uR	975.698	90.000	0.0219	1.0000	0.0000	6.8000
E	977.282	90.000	44.8715	0.1812	0.1644	0.0939	0.0000	6.8000
dPolE	977.282	90.000	26.2681	1.0000	0.0000	6.8000
uR	977.282	90.000	0.0232	1.0000	0.0000	6.8000
E	978.865	90.000	45.2669	0.1016	0.1500	0.0852	0.0000	6.8000
dPolE	978.865	90.000	18.0200	1.0000	0.0000	6.8000
uR	978.865	90.000	0.0236	1.0000	0.0000	6.8000
E	980.449	90.000	44.8187	0.4397	0.1480	0.0842	0.0000	6.8000
dPolE	980.449	90.000	19.8138	1.0000	0.0000	6.8000
uR	980.449	90.000	0.0234	1.0000	0.0000	6.8000
E	982.032	90.000	44.6301	0.0559	0.1567	0.0893	0.0000	6.8000
dPolE	982.032	90.000	29.3511	1.0000	0.0000	6.8000
uR	982.032	90.000	0.0229	1.0000	0.0000	6.8000
E	983.615	90.000	44.3861	0.2471	0.1923	0.1094	0.0000	6.8000
dPolE	983.615	90.000	35.6010	1.0000	0.0000	6.8000
uR	983.615	90.000	0.0204	1.0000	0.0000	6.8000
E	985.198	90.000	44.7997	0.2497	0.2196	0.1246	0.0000	6.8000
dPolE	985.198	90.000	39.5080	1.0000	0.0000	6.8000
uR	985.198	90.000	0.0205	1.0000	0.0000	6.8000
E	986.780	90.000	45.3956	0.5562	0.2214	0.1259	0.0000	6.8000
dPolE	986.780	90.000	34.4682	1.0000	0.0000	6.8000
uR	986.780	90.000	0.0211	1.0000	0.0000	6.8000
E	988.363	90.000	44.9850	0.2471	0.1959	0.1110	0.0000	6.8000
dPolE	988.363	90.000	32.0304	1.0000	0.0000	6.8000
uR	988.363	90.000	0.0226	1.0000	0.0000	6.8000
E	989.945	90.000	45.2291	0.4232	0.1811	0.1025	0.0000	6.8000
dPolE	989.945	90.000	27.5763	1.0000	0.0000	6.8000
uR	989.945	90.000	0.0219	1.0000	0.0000	6.8000
E	991.527	90.000	44.9991	0.0942	0.1623	0.0915	0.0000	6.8000
dPolE	991.527	90.000	26.7496	1.0000	0.0000	6.8000
uR	991.527	90.000	0.0245	1.0000	0.0000	6.8000
E	993.109	90.000	44.9888	0.2376	0.1550	0.0876	0.0000	6.8000
dPolE	993.109	90.000	20.1667	1.0000	0.0000	6.8000
uR	993.109	90.000	0.0244	1.0000	0.0000	6.8000
E	994.690	90.000	44.8962	0.1518	0.1666	0.0938	0.0000	6.8000
dPolE	994.690	90.000	25.5042	1.0000	0.0000	6.8000
uR	994.690	90.000	0.0229	1.0000	0.0000	6.8000
E	996.272	90.000	45.3390	0.1052	0.1935	0.1090	0.0000	6.8000
dPolE	996.272	90.000	30.7250	1.0000	0.0000	6.8000
uR	996.272	90.000	0.0224	1.0000	0.0000	6.8000
E	997.853	90.000	45.6676	359.9056	0.2170	0.1218	0.0000	6.8000
dPolE	997.853	90.000	35.6843	1.0000	0.0000	6.8000
uR	997.853	90.000	0.0218	1.0000	0.0000	6.8000
E	999.434	90.000	45.3697	359.9801	0.2635	0.1478	0.0000	6.8000
dPolE	999.434	90.000	44.9071	1.0000	0.0000	6.8000
uR	999.434	90.000	0.0219	1.0000	0.0000	6.8000
