
FM-removed
XY-Scan
nm
E	210.379	90.000	52.8992	87.9163	0.2623	0.5468	0.0000	6.8000
dPolE	210.379	90.000	99.9517	1.0000	0.0000	6.8000
uR	210.379	90.000	0.0283	1.0000	0.0000	6.8000
E	211.990	90.000	13.3618	342.2574	0.2752	1.1790	0.0000	6.8000
dPolE	211.990	90.000	99.9893	1.0000	0.0000	6.8000
uR	211.990	90.000	0.0212	1.0000	0.0000	6.8000
E	213.602	90.000	73.3901	179.8812	0.2535	0.8660	0.0000	6.8000
dPolE	213.602	90.000	99.9867	1.0000	0.0000	6.8000
uR	213.602	90.000	0.0059	1.0000	0.0000	6.8000
E	215.214	90.000	39.2859	153.8603	0.2433	0.4618	0.0000	6.8000
dPolE	215.214	90.000	99.9495	1.0000	0.0000	6.8000
uR	215.214	90.000	0.0099	1.0000	0.0000	6.8000
E	216.826	90.000	67.7416	113.4175	0.2501	0.7366	0.0000	6.8000
dPolE	216.826	90.000	99.9449	1.0000	0.0000	6.8000
uR	216.826	90.000	0.0090	1.0000	0.0000	6.8000
E	218.438	90.000	34.7765	61.2943	0.2800	0.5859	0.0000	6.8000
dPolE	218.438	90.000	99.9819	1.0000	0.0000	6.8000
uR	218.438	90.000	0.0053	1.0000	0.0000	6.8000
E	220.050	90.000	21.4162	179.1552	0.2770	0.6694	0.0000	6.8000
dPolE	220.050	90.000	99.9241	1.0000	0.0000	6.8000
uR	220.050	90.000	0.0083	1.0000	0.0000	6.8000
E	221.662	90.000	36.7166	326.0797	0.2566	0.4632	0.0000	6.8000
dPolE	221.662	90.000	99.9726	1.0000	0.0000	6.8000
uR	221.662	90.000	0.0058	1.0000	0.0000	6.8000
E	223.274	90.000	55.0941	196.9301	0.2825	0.4731	0.0000	6.8000
dPolE	223.274	90.000	99.9527	1.0000	0.0000	6.8000
uR	223.274	90.000	0.0049	1.0000	0.0000	6.8000
E	224.886	90.000	55.4381	263.8199	0.2884	0.6342	0.0000	6.8000
dPolE	224.886	90.000	99.9772	1.0000	0.0000	6.8000
uR	224.886	90.000	0.0031	1.0000	0.0000	6.8000
E	226.498	90.000	4.7815	109.0148	0.2319	3.6129	0.0000	6.8000
dPolE	226.498	90.000	99.9843	1.0000	0.0000	6.8000
uR	226.498	90.000	0.0035	1.0000	0.0000	6.8000
E	228.111	90.000	12.8801	223.9296	0.2349	1.0332	0.0000	6.8000
dPolE	228.111	90.000	99.9961	1.0000	0.0000	6.8000
uR	228.111	90.000	0.0038	1.0000	0.0000	6.8000
E	229.723	90.000	53.8431	141.5114	0.2984	0.5117	0.0000	6.8000
dPolE	229.723	90.000	99.9874	1.0000	0.0000	6.8000
uR	229.723	90.000	0.0020	1.0000	0.0000	6.8000
E	231.335	90.000	11.3479	34.6462	0.2669	1.1703	0.0000	6.8000
dPolE	231.335	90.000	99.9837	1.0000	0.0000	6.8000
uR	231.335	90.000	0.0023	1.0000	0.0000	6.8000
E	232.948	90.000	10.1606	166.7093	0.2879	1.0860	0.0000	6.8000
dPolE	232.948	90.000	99.9967	1.0000	0.0000	6.8000
uR	232.948	90.000	0.0022	1.0000	0.0000	6.8000
E	234.560	90.000	51.0944	186.5364	0.2896	0.3617	0.0000	6.8000
dPolE	234.560	90.000	99.9256	1.0000	0.0000	6.8000
uR	234.560	90.000	0.0021	1.0000	0.0000	6.8000
E	236.173	90.000	23.7227	192.1524	0.3212	0.5372	0.0000	6.8000
dPolE	236.173	90.000	99.9561	1.0000	0.0000	6.8000
uR	236.173	90.000	0.0016	1.0000	0.0000	6.8000
E	237.786	90.000	43.1256	336.6064	0.3105	0.4104	0.0000	6.8000
dPolE	237.786	90.000	99.9924	1.0000	0.0000	6.8000
uR	237.786	90.000	0.0016	1.0000	0.0000	6.8000
E	239.398	90.000	31.5340	88.4562	0.2884	0.6977	0.0000	6.8000
dPolE	239.398	90.000	99.9966	1.0000	0.0000	6.8000
uR	239.398	90.000	0.0010	1.0000	0.0000	6.8000
E	241.011	90.000	38.4925	39.9899	0.3132	0.4976	0.0000	6.8000
dPolE	241.011	90.000	99.9960	1.0000	0.0000	6.8000
uR	241.011	90.000	0.0012	1.0000	0.0000	6.8000
E	242.624	90.000	28.9973	90.7751	0.2992	0.7885	0.0000	6.8000
dPolE	242.624	90.000	99.9885	1.0000	0.0000	6.8000
uR	242.624	90.000	0.0016	1.0000	0.0000	6.8000
E	244.237	90.000	74.9941	25.6638	0.3022	0.8234	0.0000	6.8000
dPolE	244.237	90.000	99.8635	1.0000	0.0000	6.8000
uR	244.237	90.000	0.0016	1.0000	0.0000	6.8000
E	245.850	90.000	32.8322	188.2883	0.3151	0.3733	0.0000	6.8000
dPolE	245.850	90.000	99.9784	1.0000	0.0000	6.8000
uR	245.850	90.000	0.0010	1.0000	0.0000	6.8000
E	247.463	90.000	66.4173	162.6352	0.2981	0.4773	0.0000	6.8000
dPolE	247.463	90.000	99.9848	1.0000	0.0000	6.8000
uR	247.463	90.000	0.0007	1.0000	0.0000	6.8000
E	249.076	90.000	65.2090	68.0470	0.2864	0.8317	0.0000	6.8000
dPolE	249.076	90.000	99.9506	1.0000	0.0000	6.8000
uR	249.076	90.000	0.0008	1.0000	0.0000	6.8000
E	250.689	90.000	64.1343	281.4443	0.2844	0.8369	0.0000	6.8000
dPolE	250.689	90.000	99.9912	1.0000	0.0000	6.8000
uR	250.689	90.000	0.0006	1.0000	0.0000	6.8000
E	252.302	90.000	52.2477	39.7908	0.3387	0.5294	0.0000	6.8000
dPolE	252.302	90.000	99.9317	1.0000	0.0000	6.8000
uR	252.302	90.000	0.0017	1.0000	0.0000	6.8000
E	253.916	90.000	18.0590	269.1416	0.2120	1.0032	0.0000	6.8000
dPolE	253.916	90.000	99.9973	1.0000	0.0000	6.8000
uR	253.916	90.000	0.0013	1.0000	0.0000	6.8000
E	255.529	90.000	36.0729	291.4543	0.3151	0.6482	0.0000	6.8000
dPolE	255.529	90.000	99.9921	1.0000	0.0000	6.8000
uR	255.529	90.000	0.0004	1.0000	0.0000	6.8000
E	257.142	90.000	20.7753	13.9733	0.3193	0.5302	0.0000	6.8000
dPolE	257.142	90.000	99.9539	1.0000	0.0000	6.8000
uR	257.142	90.000	0.0008	1.0000	0.0000	6.8000
E	258.756	90.000	60.3381	39.6242	0.3099	0.5598	0.0000	6.8000
dPolE	258.756	90.000	99.9332	1.0000	0.0000	6.8000
uR	258.756	90.000	0.0013	1.0000	0.0000	6.8000
E	260.369	90.000	66.2538	163.3825	0.3182	0.4897	0.0000	6.8000
dPolE	260.369	90.000	99.9005	1.0000	0.0000	6.8000
uR	260.369	90.000	0.0011	1.0000	0.0000	6.8000
E	261.983	90.000	59.6490	247.2572	0.2718	0.6381	0.0000	6.8000
dPolE	261.983	90.000	99.9833	1.0000	0.0000	6.8000
uR	261.983	90.000	0.0006	1.0000	0.0000	6.8000
E	263.596	90.000	75.9007	216.2773	0.2809	0.9554	0.0000	6.8000
dPolE	263.596	90.000	99.9873	1.0000	0.0000	6.8000
uR	263.596	90.000	0.0005	1.0000	0.0000	6.8000
E	265.210	90.000	8.8789	109.2745	0.1946	1.9377	0.0000	6.8000
dPolE	265.210	90.000	99.9588	1.0000	0.0000	6.8000
uR	265.210	90.000	0.0008	1.0000	0.0000	6.8000
E	266.823	90.000	68.6670	313.3183	0.2544	0.6824	0.0000	6.8000
dPolE	266.823	90.000	99.9873	1.0000	0.0000	6.8000
uR	266.823	90.000	0.0008	1.0000	0.0000	6.8000
E	268.437	90.000	82.5004	97.9101	0.1678	2.2628	0.0000	6.8000
dPolE	268.437	90.000	99.9933	1.0000	0.0000	6.8000
uR	268.437	90.000	0.0004	1.0000	0.0000	6.8000
E	270.051	90.000	46.4601	7.0820	0.2664	0.2799	0.0000	6.8000
dPolE	270.051	90.000	99.9804	1.0000	0.0000	6.8000
uR	270.051	90.000	0.0005	1.0000	0.0000	6.8000
E	271.665	90.000	76.8560	199.0575	0.2684	0.7375	0.0000	6.8000
dPolE	271.665	90.000	99.9496	1.0000	0.0000	6.8000
uR	271.665	90.000	0.0007	1.0000	0.0000	6.8000
E	273.279	90.000	56.0541	84.6215	0.2700	0.6130	0.0000	6.8000
dPolE	273.279	90.000	99.9979	1.0000	0.0000	6.8000
uR	273.279	90.000	0.0009	1.0000	0.0000	6.8000
E	274.892	90.000	4.4249	241.8790	0.1988	3.5223	0.0000	6.8000
dPolE	274.892	90.000	99.9999	1.0000	0.0000	6.8000
uR	274.892	90.000	0.0006	1.0000	0.0000	6.8000
E	276.506	90.000	81.5646	1.7200	0.2626	0.9636	0.0000	6.8000
dPolE	276.506	90.000	99.9323	1.0000	0.0000	6.8000
uR	276.506	90.000	0.0008	1.0000	0.0000	6.8000
E	278.120	90.000	29.6506	153.7835	0.2599	0.4023	0.0000	6.8000
dPolE	278.120	90.000	99.9999	1.0000	0.0000	6.8000
uR	278.120	90.000	0.0007	1.0000	0.0000	6.8000
E	279.734	90.000	15.8479	102.3974	0.1914	1.0011	0.0000	6.8000
dPolE	279.734	90.000	99.9960	1.0000	0.0000	6.8000
uR	279.734	90.000	0.0004	1.0000	0.0000	6.8000
E	281.349	90.000	56.5821	131.5945	0.2484	0.4637	0.0000	6.8000
dPolE	281.349	90.000	99.9455	1.0000	0.0000	6.8000
uR	281.349	90.000	0.0011	1.0000	0.0000	6.8000
E	282.963	90.000	26.7374	252.3574	0.2314	0.6321	0.0000	6.8000
dPolE	282.963	90.000	99.9965	1.0000	0.0000	6.8000
uR	282.963	90.000	0.0004	1.0000	0.0000	6.8000
E	284.577	90.000	49.2782	28.2818	0.2545	0.3529	0.0000	6.8000
dPolE	284.577	90.000	99.9772	1.0000	0.0000	6.8000
uR	284.577	90.000	0.0005	1.0000	0.0000	6.8000
E	286.191	90.000	20.6867	211.5250	0.2231	0.5076	0.0000	6.8000
dPolE	286.191	90.000	99.9860	1.0000	0.0000	6.8000
uR	286.191	90.000	0.0006	1.0000	0.0000	6.8000
E	287.805	90.000	17.6053	45.5042	0.2112	0.6823	0.0000	6.8000
dPolE	287.805	90.000	99.9973	1.0000	0.0000	6.8000
uR	287.805	90.000	0.0008	1.0000	0.0000	6.8000
E	289.420	90.000	28.3214	163.7496	0.2361	0.3542	0.0000	6.8000
dPolE	289.420	90.000	99.9914	1.0000	0.0000	6.8000
uR	289.420	90.000	0.0007	1.0000	0.0000	6.8000
E	291.034	90.000	21.1628	224.0381	0.2112	0.5606	0.0000	6.8000
dPolE	291.034	90.000	99.9994	1.0000	0.0000	6.8000
uR	291.034	90.000	0.0004	1.0000	0.0000	6.8000
E	292.649	90.000	33.3750	157.1655	0.2267	0.3331	0.0000	6.8000
dPolE	292.649	90.000	99.9786	1.0000	0.0000	6.8000
uR	292.649	90.000	0.0004	1.0000	0.0000	6.8000
E	294.263	90.000	9.6096	122.9917	0.1723	1.2185	0.0000	6.8000
dPolE	294.263	90.000	99.9908	1.0000	0.0000	6.8000
uR	294.263	90.000	0.0007	1.0000	0.0000	6.8000
E	295.877	90.000	69.5575	148.3850	0.2161	0.5125	0.0000	6.8000
dPolE	295.877	90.000	99.9741	1.0000	0.0000	6.8000
uR	295.877	90.000	0.0006	1.0000	0.0000	6.8000
E	297.492	90.000	14.7448	43.6480	0.1902	0.7207	0.0000	6.8000
dPolE	297.492	90.000	99.9889	1.0000	0.0000	6.8000
uR	297.492	90.000	0.0005	1.0000	0.0000	6.8000
E	299.107	90.000	46.6047	30.1744	0.2052	0.3027	0.0000	6.8000
dPolE	299.107	90.000	99.9971	1.0000	0.0000	6.8000
uR	299.107	90.000	0.0002	1.0000	0.0000	6.8000
E	300.721	90.000	16.9381	313.0430	0.1921	0.6627	0.0000	6.8000
dPolE	300.721	90.000	99.9953	1.0000	0.0000	6.8000
uR	300.721	90.000	0.0002	1.0000	0.0000	6.8000
E	302.336	90.000	54.0678	1.3275	0.2099	0.2822	0.0000	6.8000
dPolE	302.336	90.000	99.9993	1.0000	0.0000	6.8000
uR	302.336	90.000	0.0003	1.0000	0.0000	6.8000
E	303.950	90.000	48.2111	175.9944	0.1949	0.2545	0.0000	6.8000
dPolE	303.950	90.000	99.9834	1.0000	0.0000	6.8000
uR	303.950	90.000	0.0005	1.0000	0.0000	6.8000
E	305.565	90.000	74.2327	9.9035	0.2128	0.5482	0.0000	6.8000
dPolE	305.565	90.000	99.9782	1.0000	0.0000	6.8000
uR	305.565	90.000	0.0005	1.0000	0.0000	6.8000
E	307.180	90.000	37.5616	100.8592	0.1862	0.3884	0.0000	6.8000
dPolE	307.180	90.000	99.9988	1.0000	0.0000	6.8000
uR	307.180	90.000	0.0006	1.0000	0.0000	6.8000
E	308.795	90.000	74.1507	4.5330	0.1971	0.5064	0.0000	6.8000
dPolE	308.795	90.000	99.9659	1.0000	0.0000	6.8000
uR	308.795	90.000	0.0004	1.0000	0.0000	6.8000
E	310.410	90.000	77.3817	104.5781	0.1478	0.8868	0.0000	6.8000
dPolE	310.410	90.000	99.9969	1.0000	0.0000	6.8000
uR	310.410	90.000	0.0002	1.0000	0.0000	6.8000
E	312.024	90.000	41.0331	285.3733	0.2057	0.4095	0.0000	6.8000
dPolE	312.024	90.000	99.9996	1.0000	0.0000	6.8000
uR	312.024	90.000	0.0004	1.0000	0.0000	6.8000
E	313.639	90.000	53.7368	102.2470	0.1852	0.3926	0.0000	6.8000
dPolE	313.639	90.000	99.9988	1.0000	0.0000	6.8000
uR	313.639	90.000	0.0002	1.0000	0.0000	6.8000
E	315.254	90.000	36.2381	208.2037	0.1875	0.3094	0.0000	6.8000
dPolE	315.254	90.000	99.9861	1.0000	0.0000	6.8000
uR	315.254	90.000	0.0004	1.0000	0.0000	6.8000
E	316.869	90.000	64.9460	147.1374	0.1818	0.3949	0.0000	6.8000
dPolE	316.869	90.000	99.9893	1.0000	0.0000	6.8000
uR	316.869	90.000	0.0004	1.0000	0.0000	6.8000
E	318.484	90.000	38.5937	41.5955	0.1674	0.2949	0.0000	6.8000
dPolE	318.484	90.000	99.9909	1.0000	0.0000	6.8000
uR	318.484	90.000	0.0003	1.0000	0.0000	6.8000
E	320.099	90.000	39.1970	142.3912	0.1739	0.2999	0.0000	6.8000
dPolE	320.099	90.000	99.9946	1.0000	0.0000	6.8000
uR	320.099	90.000	0.0003	1.0000	0.0000	6.8000
E	321.714	90.000	53.7508	279.5040	0.1683	0.3580	0.0000	6.8000
dPolE	321.714	90.000	99.9851	1.0000	0.0000	6.8000
uR	321.714	90.000	0.0003	1.0000	0.0000	6.8000
E	323.330	90.000	57.2007	326.5969	0.1661	0.3060	0.0000	6.8000
dPolE	323.330	90.000	99.9341	1.0000	0.0000	6.8000
uR	323.330	90.000	0.0006	1.0000	0.0000	6.8000
E	324.945	90.000	56.0936	180.1649	0.1753	0.2857	0.0000	6.8000
dPolE	324.945	90.000	99.9858	1.0000	0.0000	6.8000
uR	324.945	90.000	0.0003	1.0000	0.0000	6.8000
E	326.560	90.000	51.6688	147.5080	0.1697	0.2939	0.0000	6.8000
dPolE	326.560	90.000	99.9979	1.0000	0.0000	6.8000
uR	326.560	90.000	0.0002	1.0000	0.0000	6.8000
E	328.175	90.000	40.9657	271.1116	0.1701	0.3449	0.0000	6.8000
dPolE	328.175	90.000	99.9963	1.0000	0.0000	6.8000
uR	328.175	90.000	0.0004	1.0000	0.0000	6.8000
E	329.790	90.000	82.8298	291.4039	0.1342	1.2833	0.0000	6.8000
dPolE	329.790	90.000	99.9838	1.0000	0.0000	6.8000
uR	329.790	90.000	0.0003	1.0000	0.0000	6.8000
E	331.406	90.000	40.7800	24.0434	0.1592	0.2668	0.0000	6.8000
dPolE	331.406	90.000	99.9987	1.0000	0.0000	6.8000
uR	331.406	90.000	0.0003	1.0000	0.0000	6.8000
E	333.021	90.000	39.3781	224.0422	0.1604	0.2957	0.0000	6.8000
dPolE	333.021	90.000	99.9925	1.0000	0.0000	6.8000
uR	333.021	90.000	0.0003	1.0000	0.0000	6.8000
E	334.636	90.000	28.1009	344.5530	0.1405	0.2769	0.0000	6.8000
dPolE	334.636	90.000	99.9831	1.0000	0.0000	6.8000
uR	334.636	90.000	0.0004	1.0000	0.0000	6.8000
E	336.251	90.000	35.3469	183.9418	0.1536	0.2633	0.0000	6.8000
dPolE	336.251	90.000	99.9721	1.0000	0.0000	6.8000
uR	336.251	90.000	0.0004	1.0000	0.0000	6.8000
E	337.867	90.000	62.1154	302.7396	0.1451	0.3467	0.0000	6.8000
dPolE	337.867	90.000	99.9945	1.0000	0.0000	6.8000
uR	337.867	90.000	0.0003	1.0000	0.0000	6.8000
E	339.482	90.000	66.0354	19.2268	0.1509	0.3472	0.0000	6.8000
dPolE	339.482	90.000	99.9879	1.0000	0.0000	6.8000
uR	339.482	90.000	0.0004	1.0000	0.0000	6.8000
E	341.098	90.000	31.4839	288.1768	0.1429	0.3257	0.0000	6.8000
dPolE	341.098	90.000	99.9992	1.0000	0.0000	6.8000
uR	341.098	90.000	0.0001	1.0000	0.0000	6.8000
E	342.713	90.000	66.6337	45.7888	0.1508	0.3973	0.0000	6.8000
dPolE	342.713	90.000	99.9825	1.0000	0.0000	6.8000
uR	342.713	90.000	0.0004	1.0000	0.0000	6.8000
E	344.329	90.000	50.3008	269.0346	0.1478	0.3021	0.0000	6.8000
dPolE	344.329	90.000	99.9990	1.0000	0.0000	6.8000
uR	344.329	90.000	0.0003	1.0000	0.0000	6.8000
E	345.944	90.000	14.1628	319.8007	0.1436	0.5819	0.0000	6.8000
dPolE	345.944	90.000	99.9903	1.0000	0.0000	6.8000
uR	345.944	90.000	0.0003	1.0000	0.0000	6.8000
E	347.560	90.000	13.2625	155.6850	0.1377	0.5537	0.0000	6.8000
dPolE	347.560	90.000	99.9983	1.0000	0.0000	6.8000
uR	347.560	90.000	0.0003	1.0000	0.0000	6.8000
E	349.175	90.000	36.7922	209.9226	0.1502	0.2819	0.0000	6.8000
dPolE	349.175	90.000	99.9897	1.0000	0.0000	6.8000
uR	349.175	90.000	0.0004	1.0000	0.0000	6.8000
E	350.791	90.000	13.8314	233.8909	0.1410	0.6206	0.0000	6.8000
dPolE	350.791	90.000	99.9999	1.0000	0.0000	6.8000
uR	350.791	90.000	0.0002	1.0000	0.0000	6.8000
E	352.406	90.000	36.7214	213.2020	0.1435	0.2764	0.0000	6.8000
dPolE	352.406	90.000	99.9866	1.0000	0.0000	6.8000
uR	352.406	90.000	0.0003	1.0000	0.0000	6.8000
E	354.022	90.000	33.4896	64.7464	0.1389	0.3000	0.0000	6.8000
dPolE	354.022	90.000	99.9819	1.0000	0.0000	6.8000
uR	354.022	90.000	0.0005	1.0000	0.0000	6.8000
E	355.638	90.000	38.5838	314.8835	0.1469	0.2856	0.0000	6.8000
dPolE	355.638	90.000	99.9795	1.0000	0.0000	6.8000
uR	355.638	90.000	0.0004	1.0000	0.0000	6.8000
E	357.253	90.000	38.5798	341.5951	0.1376	0.2569	0.0000	6.8000
dPolE	357.253	90.000	99.9907	1.0000	0.0000	6.8000
uR	357.253	90.000	0.0004	1.0000	0.0000	6.8000
E	358.869	90.000	10.4050	38.3148	0.1410	0.7733	0.0000	6.8000
dPolE	358.869	90.000	99.9943	1.0000	0.0000	6.8000
uR	358.869	90.000	0.0003	1.0000	0.0000	6.8000
E	360.485	90.000	46.1172	289.7865	0.1420	0.2814	0.0000	6.8000
dPolE	360.485	90.000	99.9982	1.0000	0.0000	6.8000
uR	360.485	90.000	0.0004	1.0000	0.0000	6.8000
E	362.100	90.000	50.8370	51.2732	0.1390	0.2744	0.0000	6.8000
dPolE	362.100	90.000	99.9958	1.0000	0.0000	6.8000
uR	362.100	90.000	0.0002	1.0000	0.0000	6.8000
E	363.716	90.000	38.5218	37.1751	0.1420	0.2752	0.0000	6.8000
dPolE	363.716	90.000	99.9971	1.0000	0.0000	6.8000
uR	363.716	90.000	0.0004	1.0000	0.0000	6.8000
E	365.332	90.000	62.9342	138.0618	0.1371	0.3271	0.0000	6.8000
dPolE	365.332	90.000	99.9961	1.0000	0.0000	6.8000
uR	365.332	90.000	0.0002	1.0000	0.0000	6.8000
E	366.948	90.000	35.9673	293.6028	0.1269	0.2653	0.0000	6.8000
dPolE	366.948	90.000	99.9948	1.0000	0.0000	6.8000
uR	366.948	90.000	0.0003	1.0000	0.0000	6.8000
E	368.563	90.000	61.7124	284.6227	0.1356	0.3307	0.0000	6.8000
dPolE	368.563	90.000	99.9958	1.0000	0.0000	6.8000
uR	368.563	90.000	0.0004	1.0000	0.0000	6.8000
E	370.179	90.000	41.1305	151.0679	0.1321	0.2497	0.0000	6.8000
dPolE	370.179	90.000	99.9931	1.0000	0.0000	6.8000
uR	370.179	90.000	0.0002	1.0000	0.0000	6.8000
E	371.795	90.000	54.3486	36.6528	0.1330	0.2670	0.0000	6.8000
dPolE	371.795	90.000	99.9838	1.0000	0.0000	6.8000
uR	371.795	90.000	0.0004	1.0000	0.0000	6.8000
E	373.411	90.000	20.1861	214.8624	0.1232	0.3668	0.0000	6.8000
dPolE	373.411	90.000	99.9850	1.0000	0.0000	6.8000
uR	373.411	90.000	0.0004	1.0000	0.0000	6.8000
E	375.027	90.000	43.7104	195.7973	0.1288	0.2437	0.0000	6.8000
dPolE	375.027	90.000	99.9925	1.0000	0.0000	6.8000
uR	375.027	90.000	0.0005	1.0000	0.0000	6.8000
E	376.643	90.000	39.1712	137.2960	0.1337	0.2647	0.0000	6.8000
dPolE	376.643	90.000	99.9970	1.0000	0.0000	6.8000
uR	376.643	90.000	0.0003	1.0000	0.0000	6.8000
E	378.258	90.000	59.9240	106.0361	0.1256	0.2926	0.0000	6.8000
dPolE	378.258	90.000	99.9974	1.0000	0.0000	6.8000
uR	378.258	90.000	0.0002	1.0000	0.0000	6.8000
E	379.874	90.000	47.0679	300.9599	0.1337	0.2637	0.0000	6.8000
dPolE	379.874	90.000	99.9999	1.0000	0.0000	6.8000
uR	379.874	90.000	0.0003	1.0000	0.0000	6.8000
E	381.490	90.000	60.7119	181.2982	0.1264	0.2791	0.0000	6.8000
dPolE	381.490	90.000	99.9996	1.0000	0.0000	6.8000
uR	381.490	90.000	0.0002	1.0000	0.0000	6.8000
E	383.106	90.000	20.4524	31.8440	0.1297	0.3847	0.0000	6.8000
dPolE	383.106	90.000	99.9674	1.0000	0.0000	6.8000
uR	383.106	90.000	0.0005	1.0000	0.0000	6.8000
E	384.722	90.000	23.4457	109.0896	0.1293	0.3599	0.0000	6.8000
dPolE	384.722	90.000	99.9991	1.0000	0.0000	6.8000
uR	384.722	90.000	0.0002	1.0000	0.0000	6.8000
E	386.338	90.000	27.9506	135.5171	0.1180	0.2793	0.0000	6.8000
dPolE	386.338	90.000	99.9962	1.0000	0.0000	6.8000
uR	386.338	90.000	0.0002	1.0000	0.0000	6.8000
E	387.954	90.000	71.4119	5.3405	0.1275	0.3962	0.0000	6.8000
dPolE	387.954	90.000	99.9979	1.0000	0.0000	6.8000
uR	387.954	90.000	0.0002	1.0000	0.0000	6.8000
E	389.570	90.000	38.9745	68.5917	0.1160	0.2359	0.0000	6.8000
dPolE	389.570	90.000	99.9979	1.0000	0.0000	6.8000
uR	389.570	90.000	0.0003	1.0000	0.0000	6.8000
E	391.186	90.000	58.2540	11.2625	0.1169	0.2483	0.0000	6.8000
dPolE	391.186	90.000	99.9915	1.0000	0.0000	6.8000
uR	391.186	90.000	0.0004	1.0000	0.0000	6.8000
E	392.802	90.000	28.6220	81.6408	0.1222	0.2942	0.0000	6.8000
dPolE	392.802	90.000	99.9995	1.0000	0.0000	6.8000
uR	392.802	90.000	0.0003	1.0000	0.0000	6.8000
E	394.418	90.000	44.8864	45.9910	0.1238	0.2417	0.0000	6.8000
dPolE	394.418	90.000	99.9799	1.0000	0.0000	6.8000
uR	394.418	90.000	0.0003	1.0000	0.0000	6.8000
E	396.034	90.000	60.4961	42.1425	0.1304	0.2967	0.0000	6.8000
dPolE	396.034	90.000	99.9830	1.0000	0.0000	6.8000
uR	396.034	90.000	0.0003	1.0000	0.0000	6.8000
E	397.650	90.000	48.8317	10.1203	0.1141	0.2163	0.0000	6.8000
dPolE	397.650	90.000	99.9682	1.0000	0.0000	6.8000
uR	397.650	90.000	0.0004	1.0000	0.0000	6.8000
E	399.266	90.000	45.8727	26.3038	0.1226	0.2335	0.0000	6.8000
dPolE	399.266	90.000	99.9531	1.0000	0.0000	6.8000
uR	399.266	90.000	0.0004	1.0000	0.0000	6.8000
E	400.882	90.000	50.1099	39.6891	0.1158	0.2281	0.0000	6.8000
dPolE	400.882	90.000	99.9642	1.0000	0.0000	6.8000
uR	400.882	90.000	0.0004	1.0000	0.0000	6.8000
E	402.498	90.000	49.7600	12.1203	0.1145	0.2214	0.0000	6.8000
dPolE	402.498	90.000	99.9143	1.0000	0.0000	6.8000
uR	402.498	90.000	0.0006	1.0000	0.0000	6.8000
E	404.114	90.000	46.6655	7.6600	0.1203	0.2287	0.0000	6.8000
dPolE	404.114	90.000	99.8607	1.0000	0.0000	6.8000
uR	404.114	90.000	0.0008	1.0000	0.0000	6.8000
E	405.730	90.000	44.1515	15.3576	0.1197	0.2259	0.0000	6.8000
dPolE	405.730	90.000	99.8243	1.0000	0.0000	6.8000
uR	405.730	90.000	0.0008	1.0000	0.0000	6.8000
E	407.346	90.000	44.3607	8.5455	0.1196	0.2234	0.0000	6.8000
dPolE	407.346	90.000	99.7607	1.0000	0.0000	6.8000
uR	407.346	90.000	0.0009	1.0000	0.0000	6.8000
E	408.962	90.000	44.2354	8.4572	0.1160	0.2164	0.0000	6.8000
dPolE	408.962	90.000	99.5587	1.0000	0.0000	6.8000
uR	408.962	90.000	0.0013	1.0000	0.0000	6.8000
E	410.578	90.000	42.7173	10.7142	0.1189	0.2239	0.0000	6.8000
dPolE	410.578	90.000	99.3905	1.0000	0.0000	6.8000
uR	410.578	90.000	0.0015	1.0000	0.0000	6.8000
E	412.194	90.000	44.5353	13.0570	0.1106	0.2090	0.0000	6.8000
dPolE	412.194	90.000	99.1602	1.0000	0.0000	6.8000
uR	412.194	90.000	0.0019	1.0000	0.0000	6.8000
E	413.810	90.000	42.6897	12.7234	0.1167	0.2210	0.0000	6.8000
dPolE	413.810	90.000	98.9697	1.0000	0.0000	6.8000
uR	413.810	90.000	0.0021	1.0000	0.0000	6.8000
E	415.426	90.000	47.0343	6.8442	0.1109	0.2075	0.0000	6.8000
dPolE	415.426	90.000	98.5781	1.0000	0.0000	6.8000
uR	415.426	90.000	0.0023	1.0000	0.0000	6.8000
E	417.042	90.000	45.1121	8.7746	0.1100	0.2033	0.0000	6.8000
dPolE	417.042	90.000	98.3703	1.0000	0.0000	6.8000
uR	417.042	90.000	0.0025	1.0000	0.0000	6.8000
E	418.658	90.000	45.1510	12.3969	0.1093	0.2014	0.0000	6.8000
dPolE	418.658	90.000	97.7634	1.0000	0.0000	6.8000
uR	418.658	90.000	0.0030	1.0000	0.0000	6.8000
E	420.274	90.000	44.2548	11.2425	0.1124	0.2072	0.0000	6.8000
dPolE	420.274	90.000	97.1408	1.0000	0.0000	6.8000
uR	420.274	90.000	0.0033	1.0000	0.0000	6.8000
E	421.890	90.000	43.4403	12.5886	0.1069	0.1984	0.0000	6.8000
dPolE	421.890	90.000	96.8972	1.0000	0.0000	6.8000
uR	421.890	90.000	0.0037	1.0000	0.0000	6.8000
E	423.506	90.000	45.1706	11.7671	0.1021	0.1896	0.0000	6.8000
dPolE	423.506	90.000	96.7257	1.0000	0.0000	6.8000
uR	423.506	90.000	0.0039	1.0000	0.0000	6.8000
E	425.122	90.000	45.4492	10.5062	0.0995	0.1839	0.0000	6.8000
dPolE	425.122	90.000	96.1671	1.0000	0.0000	6.8000
uR	425.122	90.000	0.0044	1.0000	0.0000	6.8000
E	426.738	90.000	46.2741	10.9341	0.1000	0.1833	0.0000	6.8000
dPolE	426.738	90.000	95.4828	1.0000	0.0000	6.8000
uR	426.738	90.000	0.0047	1.0000	0.0000	6.8000
E	428.355	90.000	43.8383	9.9934	0.1025	0.1855	0.0000	6.8000
dPolE	428.355	90.000	95.1338	1.0000	0.0000	6.8000
uR	428.355	90.000	0.0052	1.0000	0.0000	6.8000
E	429.971	90.000	44.9915	10.6442	0.0996	0.1789	0.0000	6.8000
dPolE	429.971	90.000	94.0129	1.0000	0.0000	6.8000
uR	429.971	90.000	0.0057	1.0000	0.0000	6.8000
E	431.587	90.000	44.8828	9.8208	0.0977	0.1755	0.0000	6.8000
dPolE	431.587	90.000	93.3910	1.0000	0.0000	6.8000
uR	431.587	90.000	0.0060	1.0000	0.0000	6.8000
E	433.203	90.000	45.0892	10.1028	0.0951	0.1716	0.0000	6.8000
dPolE	433.203	90.000	93.5908	1.0000	0.0000	6.8000
uR	433.203	90.000	0.0063	1.0000	0.0000	6.8000
E	434.819	90.000	45.3647	8.1412	0.0974	0.1761	0.0000	6.8000
dPolE	434.819	90.000	93.5788	1.0000	0.0000	6.8000
uR	434.819	90.000	0.0063	1.0000	0.0000	6.8000
E	436.435	90.000	45.9263	9.0000	0.0935	0.1687	0.0000	6.8000
dPolE	436.435	90.000	91.7892	1.0000	0.0000	6.8000
uR	436.435	90.000	0.0070	1.0000	0.0000	6.8000
E	438.051	90.000	45.7237	8.5817	0.0942	0.1683	0.0000	6.8000
dPolE	438.051	90.000	90.1860	1.0000	0.0000	6.8000
uR	438.051	90.000	0.0075	1.0000	0.0000	6.8000
E	439.667	90.000	45.0400	8.9932	0.0962	0.1698	0.0000	6.8000
dPolE	439.667	90.000	89.0896	1.0000	0.0000	6.8000
uR	439.667	90.000	0.0079	1.0000	0.0000	6.8000
E	441.283	90.000	44.9022	9.1320	0.0940	0.1645	0.0000	6.8000
dPolE	441.283	90.000	88.1049	1.0000	0.0000	6.8000
uR	441.283	90.000	0.0083	1.0000	0.0000	6.8000
E	442.899	90.000	44.9162	9.2951	0.0947	0.1650	0.0000	6.8000
dPolE	442.899	90.000	87.7805	1.0000	0.0000	6.8000
uR	442.899	90.000	0.0086	1.0000	0.0000	6.8000
E	444.515	90.000	45.2138	9.1194	0.0940	0.1640	0.0000	6.8000
dPolE	444.515	90.000	87.2674	1.0000	0.0000	6.8000
uR	444.515	90.000	0.0089	1.0000	0.0000	6.8000
E	446.131	90.000	44.8733	7.8232	0.0900	0.1573	0.0000	6.8000
dPolE	446.131	90.000	87.1124	1.0000	0.0000	6.8000
uR	446.131	90.000	0.0093	1.0000	0.0000	6.8000
E	447.747	90.000	45.4616	8.0608	0.0946	0.1656	0.0000	6.8000
dPolE	447.747	90.000	85.7830	1.0000	0.0000	6.8000
uR	447.747	90.000	0.0098	1.0000	0.0000	6.8000
E	449.363	90.000	45.3351	7.8684	0.0843	0.1467	0.0000	6.8000
dPolE	449.363	90.000	83.9802	1.0000	0.0000	6.8000
uR	449.363	90.000	0.0101	1.0000	0.0000	6.8000
E	450.979	90.000	45.3488	8.4153	0.0875	0.1508	0.0000	6.8000
dPolE	450.979	90.000	81.4430	1.0000	0.0000	6.8000
uR	450.979	90.000	0.0104	1.0000	0.0000	6.8000
E	452.594	90.000	45.1564	7.4754	0.0875	0.1488	0.0000	6.8000
dPolE	452.594	90.000	80.1941	1.0000	0.0000	6.8000
uR	452.594	90.000	0.0108	1.0000	0.0000	6.8000
E	454.210	90.000	45.3224	7.4419	0.0852	0.1434	0.0000	6.8000
dPolE	454.210	90.000	81.3901	1.0000	0.0000	6.8000
uR	454.210	90.000	0.0112	1.0000	0.0000	6.8000
E	455.826	90.000	45.2990	7.5144	0.0896	0.1503	0.0000	6.8000
dPolE	455.826	90.000	79.9182	1.0000	0.0000	6.8000
uR	455.826	90.000	0.0116	1.0000	0.0000	6.8000
E	457.442	90.000	44.9090	7.3815	0.0810	0.1360	0.0000	6.8000
dPolE	457.442	90.000	79.3013	1.0000	0.0000	6.8000
uR	457.442	90.000	0.0117	1.0000	0.0000	6.8000
E	459.058	90.000	44.6967	7.4286	0.0825	0.1389	0.0000	6.8000
dPolE	459.058	90.000	77.8451	1.0000	0.0000	6.8000
uR	459.058	90.000	0.0121	1.0000	0.0000	6.8000
E	460.674	90.000	44.6867	6.9768	0.0795	0.1340	0.0000	6.8000
dPolE	460.674	90.000	76.6142	1.0000	0.0000	6.8000
uR	460.674	90.000	0.0124	1.0000	0.0000	6.8000
E	462.290	90.000	44.8653	7.7821	0.0785	0.1319	0.0000	6.8000
dPolE	462.290	90.000	74.6862	1.0000	0.0000	6.8000
uR	462.290	90.000	0.0126	1.0000	0.0000	6.8000
E	463.906	90.000	45.3124	7.3432	0.0760	0.1264	0.0000	6.8000
dPolE	463.906	90.000	71.2658	1.0000	0.0000	6.8000
uR	463.906	90.000	0.0134	1.0000	0.0000	6.8000
E	465.521	90.000	44.8705	7.1349	0.0763	0.1254	0.0000	6.8000
dPolE	465.521	90.000	69.3011	1.0000	0.0000	6.8000
uR	465.521	90.000	0.0136	1.0000	0.0000	6.8000
E	467.137	90.000	44.5176	7.2834	0.0710	0.1153	0.0000	6.8000
dPolE	467.137	90.000	67.0015	1.0000	0.0000	6.8000
uR	467.137	90.000	0.0138	1.0000	0.0000	6.8000
E	468.753	90.000	44.9198	6.9205	0.0714	0.1150	0.0000	6.8000
dPolE	468.753	90.000	63.2280	1.0000	0.0000	6.8000
uR	468.753	90.000	0.0139	1.0000	0.0000	6.8000
E	470.369	90.000	44.9301	6.7530	0.0718	0.1156	0.0000	6.8000
dPolE	470.369	90.000	64.6595	1.0000	0.0000	6.8000
uR	470.369	90.000	0.0144	1.0000	0.0000	6.8000
E	471.985	90.000	45.0294	6.7131	0.0724	0.1167	0.0000	6.8000
dPolE	471.985	90.000	66.6122	1.0000	0.0000	6.8000
uR	471.985	90.000	0.0147	1.0000	0.0000	6.8000
E	473.600	90.000	44.8719	6.8255	0.0766	0.1237	0.0000	6.8000
dPolE	473.600	90.000	66.2286	1.0000	0.0000	6.8000
uR	473.600	90.000	0.0150	1.0000	0.0000	6.8000
E	475.216	90.000	44.7935	6.8132	0.0748	0.1207	0.0000	6.8000
dPolE	475.216	90.000	68.9994	1.0000	0.0000	6.8000
uR	475.216	90.000	0.0153	1.0000	0.0000	6.8000
E	476.832	90.000	44.7193	6.4510	0.0787	0.1265	0.0000	6.8000
dPolE	476.832	90.000	70.9822	1.0000	0.0000	6.8000
uR	476.832	90.000	0.0156	1.0000	0.0000	6.8000
E	478.448	90.000	44.5027	6.2564	0.0791	0.1258	0.0000	6.8000
dPolE	478.448	90.000	69.8712	1.0000	0.0000	6.8000
uR	478.448	90.000	0.0161	1.0000	0.0000	6.8000
E	480.063	90.000	45.4130	6.1190	0.0793	0.1246	0.0000	6.8000
dPolE	480.063	90.000	69.0277	1.0000	0.0000	6.8000
uR	480.063	90.000	0.0160	1.0000	0.0000	6.8000
E	481.679	90.000	45.0106	6.3305	0.0732	0.1136	0.0000	6.8000
dPolE	481.679	90.000	69.3184	1.0000	0.0000	6.8000
uR	481.679	90.000	0.0161	1.0000	0.0000	6.8000
E	483.294	90.000	44.8695	6.0894	0.0782	0.1205	0.0000	6.8000
dPolE	483.294	90.000	64.6883	1.0000	0.0000	6.8000
uR	483.294	90.000	0.0164	1.0000	0.0000	6.8000
E	484.910	90.000	44.9258	6.2721	0.0740	0.1136	0.0000	6.8000
dPolE	484.910	90.000	67.1796	1.0000	0.0000	6.8000
uR	484.910	90.000	0.0167	1.0000	0.0000	6.8000
E	486.526	90.000	45.1617	5.9170	0.0757	0.1163	0.0000	6.8000
dPolE	486.526	90.000	69.1240	1.0000	0.0000	6.8000
uR	486.526	90.000	0.0170	1.0000	0.0000	6.8000
E	488.141	90.000	44.7371	5.9314	0.0765	0.1179	0.0000	6.8000
dPolE	488.141	90.000	67.7729	1.0000	0.0000	6.8000
uR	488.141	90.000	0.0172	1.0000	0.0000	6.8000
E	489.757	90.000	44.8345	5.9727	0.0758	0.1168	0.0000	6.8000
dPolE	489.757	90.000	67.2283	1.0000	0.0000	6.8000
uR	489.757	90.000	0.0173	1.0000	0.0000	6.8000
E	491.372	90.000	44.8466	5.7172	0.0777	0.1194	0.0000	6.8000
dPolE	491.372	90.000	64.8943	1.0000	0.0000	6.8000
uR	491.372	90.000	0.0175	1.0000	0.0000	6.8000
E	492.988	90.000	44.6844	5.6895	0.0736	0.1123	0.0000	6.8000
dPolE	492.988	90.000	63.3498	1.0000	0.0000	6.8000
uR	492.988	90.000	0.0178	1.0000	0.0000	6.8000
E	494.603	90.000	44.7453	5.7630	0.0756	0.1144	0.0000	6.8000
dPolE	494.603	90.000	63.5978	1.0000	0.0000	6.8000
uR	494.603	90.000	0.0181	1.0000	0.0000	6.8000
E	496.219	90.000	45.1049	5.3627	0.0768	0.1148	0.0000	6.8000
dPolE	496.219	90.000	65.2207	1.0000	0.0000	6.8000
uR	496.219	90.000	0.0183	1.0000	0.0000	6.8000
E	497.834	90.000	44.9533	5.6185	0.0806	0.1191	0.0000	6.8000
dPolE	497.834	90.000	65.1240	1.0000	0.0000	6.8000
uR	497.834	90.000	0.0183	1.0000	0.0000	6.8000
E	499.450	90.000	45.2218	5.1229	0.0817	0.1199	0.0000	6.8000
dPolE	499.450	90.000	65.0262	1.0000	0.0000	6.8000
uR	499.450	90.000	0.0187	1.0000	0.0000	6.8000
E	501.065	90.000	44.7403	5.2251	0.0824	0.1204	0.0000	6.8000
dPolE	501.065	90.000	65.3277	1.0000	0.0000	6.8000
uR	501.065	90.000	0.0190	1.0000	0.0000	6.8000
E	502.680	90.000	44.8257	5.0887	0.0765	0.1117	0.0000	6.8000
dPolE	502.680	90.000	65.9019	1.0000	0.0000	6.8000
uR	502.680	90.000	0.0188	1.0000	0.0000	6.8000
E	504.296	90.000	44.7604	5.1228	0.0778	0.1140	0.0000	6.8000
dPolE	504.296	90.000	65.1373	1.0000	0.0000	6.8000
uR	504.296	90.000	0.0190	1.0000	0.0000	6.8000
E	505.911	90.000	45.0631	5.0028	0.0792	0.1161	0.0000	6.8000
dPolE	505.911	90.000	65.6575	1.0000	0.0000	6.8000
uR	505.911	90.000	0.0190	1.0000	0.0000	6.8000
E	507.526	90.000	44.7347	4.8652	0.0765	0.1118	0.0000	6.8000
dPolE	507.526	90.000	63.3011	1.0000	0.0000	6.8000
uR	507.526	90.000	0.0193	1.0000	0.0000	6.8000
E	509.141	90.000	44.9642	5.0122	0.0784	0.1141	0.0000	6.8000
dPolE	509.141	90.000	62.8320	1.0000	0.0000	6.8000
uR	509.141	90.000	0.0194	1.0000	0.0000	6.8000
E	510.756	90.000	45.1984	5.5792	0.0756	0.1092	0.0000	6.8000
dPolE	510.756	90.000	62.1556	1.0000	0.0000	6.8000
uR	510.756	90.000	0.0200	1.0000	0.0000	6.8000
E	512.372	90.000	45.0604	4.8542	0.0771	0.1100	0.0000	6.8000
dPolE	512.372	90.000	63.3985	1.0000	0.0000	6.8000
uR	512.372	90.000	0.0205	1.0000	0.0000	6.8000
E	513.987	90.000	44.9437	4.9613	0.0804	0.1135	0.0000	6.8000
dPolE	513.987	90.000	62.3383	1.0000	0.0000	6.8000
uR	513.987	90.000	0.0217	1.0000	0.0000	6.8000
E	515.602	90.000	44.8960	4.5673	0.0791	0.1107	0.0000	6.8000
dPolE	515.602	90.000	63.5994	1.0000	0.0000	6.8000
uR	515.602	90.000	0.0224	1.0000	0.0000	6.8000
E	517.217	90.000	44.8790	4.7375	0.0850	0.1184	0.0000	6.8000
dPolE	517.217	90.000	64.2774	1.0000	0.0000	6.8000
uR	517.217	90.000	0.0220	1.0000	0.0000	6.8000
E	518.832	90.000	44.7027	4.6957	0.0869	0.1207	0.0000	6.8000
dPolE	518.832	90.000	66.1228	1.0000	0.0000	6.8000
uR	518.832	90.000	0.0208	1.0000	0.0000	6.8000
E	520.447	90.000	45.0140	4.8644	0.0885	0.1228	0.0000	6.8000
dPolE	520.447	90.000	67.2804	1.0000	0.0000	6.8000
uR	520.447	90.000	0.0199	1.0000	0.0000	6.8000
E	522.062	90.000	45.0269	4.5710	0.0886	0.1231	0.0000	6.8000
dPolE	522.062	90.000	64.9524	1.0000	0.0000	6.8000
uR	522.062	90.000	0.0194	1.0000	0.0000	6.8000
E	523.677	90.000	45.3130	4.3446	0.0822	0.1142	0.0000	6.8000
dPolE	523.677	90.000	61.8641	1.0000	0.0000	6.8000
uR	523.677	90.000	0.0201	1.0000	0.0000	6.8000
E	525.292	90.000	45.0474	4.3036	0.0774	0.1072	0.0000	6.8000
dPolE	525.292	90.000	61.2709	1.0000	0.0000	6.8000
uR	525.292	90.000	0.0206	1.0000	0.0000	6.8000
E	526.907	90.000	45.0535	4.4463	0.0780	0.1076	0.0000	6.8000
dPolE	526.907	90.000	60.5669	1.0000	0.0000	6.8000
uR	526.907	90.000	0.0207	1.0000	0.0000	6.8000
E	528.521	90.000	44.9562	4.2950	0.0829	0.1135	0.0000	6.8000
dPolE	528.521	90.000	60.9531	1.0000	0.0000	6.8000
uR	528.521	90.000	0.0211	1.0000	0.0000	6.8000
E	530.136	90.000	44.8392	4.7762	0.0841	0.1141	0.0000	6.8000
dPolE	530.136	90.000	59.0078	1.0000	0.0000	6.8000
uR	530.136	90.000	0.0210	1.0000	0.0000	6.8000
E	531.751	90.000	44.9458	4.2562	0.0819	0.1099	0.0000	6.8000
dPolE	531.751	90.000	61.6291	1.0000	0.0000	6.8000
uR	531.751	90.000	0.0210	1.0000	0.0000	6.8000
E	533.366	90.000	44.6045	3.9678	0.0780	0.1038	0.0000	6.8000
dPolE	533.366	90.000	60.1361	1.0000	0.0000	6.8000
uR	533.366	90.000	0.0215	1.0000	0.0000	6.8000
E	534.980	90.000	44.9047	4.0509	0.0821	0.1085	0.0000	6.8000
dPolE	534.980	90.000	58.5718	1.0000	0.0000	6.8000
uR	534.980	90.000	0.0215	1.0000	0.0000	6.8000
E	536.595	90.000	44.9650	4.4013	0.0805	0.1060	0.0000	6.8000
dPolE	536.595	90.000	58.5979	1.0000	0.0000	6.8000
uR	536.595	90.000	0.0217	1.0000	0.0000	6.8000
E	538.210	90.000	45.0076	3.9564	0.0812	0.1066	0.0000	6.8000
dPolE	538.210	90.000	61.1225	1.0000	0.0000	6.8000
uR	538.210	90.000	0.0215	1.0000	0.0000	6.8000
E	539.824	90.000	45.1239	4.0111	0.0851	0.1118	0.0000	6.8000
dPolE	539.824	90.000	58.0851	1.0000	0.0000	6.8000
uR	539.824	90.000	0.0217	1.0000	0.0000	6.8000
E	541.439	90.000	44.8896	4.1806	0.0803	0.1057	0.0000	6.8000
dPolE	541.439	90.000	58.2357	1.0000	0.0000	6.8000
uR	541.439	90.000	0.0217	1.0000	0.0000	6.8000
E	543.053	90.000	45.0133	4.0609	0.0796	0.1047	0.0000	6.8000
dPolE	543.053	90.000	59.3185	1.0000	0.0000	6.8000
uR	543.053	90.000	0.0217	1.0000	0.0000	6.8000
E	544.668	90.000	44.9226	3.9223	0.0819	0.1075	0.0000	6.8000
dPolE	544.668	90.000	57.4534	1.0000	0.0000	6.8000
uR	544.668	90.000	0.0218	1.0000	0.0000	6.8000
E	546.282	90.000	45.1582	3.8657	0.0857	0.1119	0.0000	6.8000
dPolE	546.282	90.000	58.9807	1.0000	0.0000	6.8000
uR	546.282	90.000	0.0218	1.0000	0.0000	6.8000
E	547.896	90.000	45.1326	3.8423	0.0863	0.1117	0.0000	6.8000
dPolE	547.896	90.000	57.4109	1.0000	0.0000	6.8000
uR	547.896	90.000	0.0220	1.0000	0.0000	6.8000
E	549.511	90.000	44.8781	3.4642	0.0798	0.1024	0.0000	6.8000
dPolE	549.511	90.000	58.2452	1.0000	0.0000	6.8000
uR	549.511	90.000	0.0220	1.0000	0.0000	6.8000
E	551.125	90.000	44.8760	3.5515	0.0824	0.1047	0.0000	6.8000
dPolE	551.125	90.000	57.6901	1.0000	0.0000	6.8000
uR	551.125	90.000	0.0221	1.0000	0.0000	6.8000
E	552.739	90.000	45.0515	3.6630	0.0827	0.1042	0.0000	6.8000
dPolE	552.739	90.000	56.9952	1.0000	0.0000	6.8000
uR	552.739	90.000	0.0221	1.0000	0.0000	6.8000
E	554.353	90.000	45.1332	4.2344	0.0841	0.1054	0.0000	6.8000
dPolE	554.353	90.000	58.5414	1.0000	0.0000	6.8000
uR	554.353	90.000	0.0215	1.0000	0.0000	6.8000
E	555.968	90.000	44.7678	3.7660	0.0824	0.1027	0.0000	6.8000
dPolE	555.968	90.000	56.2026	1.0000	0.0000	6.8000
uR	555.968	90.000	0.0218	1.0000	0.0000	6.8000
E	557.582	90.000	45.0612	3.2976	0.0867	0.1076	0.0000	6.8000
dPolE	557.582	90.000	56.0053	1.0000	0.0000	6.8000
uR	557.582	90.000	0.0217	1.0000	0.0000	6.8000
E	559.196	90.000	44.9643	3.4384	0.0841	0.1043	0.0000	6.8000
dPolE	559.196	90.000	55.3596	1.0000	0.0000	6.8000
uR	559.196	90.000	0.0222	1.0000	0.0000	6.8000
E	560.810	90.000	44.9473	3.1913	0.0845	0.1047	0.0000	6.8000
dPolE	560.810	90.000	57.5462	1.0000	0.0000	6.8000
uR	560.810	90.000	0.0223	1.0000	0.0000	6.8000
E	562.424	90.000	44.8812	3.5417	0.0858	0.1066	0.0000	6.8000
dPolE	562.424	90.000	54.5518	1.0000	0.0000	6.8000
uR	562.424	90.000	0.0224	1.0000	0.0000	6.8000
E	564.038	90.000	45.0096	3.2035	0.0847	0.1050	0.0000	6.8000
dPolE	564.038	90.000	53.1122	1.0000	0.0000	6.8000
uR	564.038	90.000	0.0225	1.0000	0.0000	6.8000
E	565.651	90.000	44.8212	3.3248	0.0838	0.1037	0.0000	6.8000
dPolE	565.651	90.000	56.8026	1.0000	0.0000	6.8000
uR	565.651	90.000	0.0223	1.0000	0.0000	6.8000
E	567.265	90.000	44.7574	3.0519	0.0815	0.1004	0.0000	6.8000
dPolE	567.265	90.000	53.5106	1.0000	0.0000	6.8000
uR	567.265	90.000	0.0221	1.0000	0.0000	6.8000
E	568.879	90.000	44.9173	3.1187	0.0850	0.1040	0.0000	6.8000
dPolE	568.879	90.000	53.6378	1.0000	0.0000	6.8000
uR	568.879	90.000	0.0224	1.0000	0.0000	6.8000
E	570.493	90.000	44.9861	3.5316	0.0843	0.1024	0.0000	6.8000
dPolE	570.493	90.000	53.7307	1.0000	0.0000	6.8000
uR	570.493	90.000	0.0221	1.0000	0.0000	6.8000
E	572.106	90.000	45.1058	3.4683	0.0837	0.1008	0.0000	6.8000
dPolE	572.106	90.000	51.7397	1.0000	0.0000	6.8000
uR	572.106	90.000	0.0221	1.0000	0.0000	6.8000
E	573.720	90.000	44.7512	3.2041	0.0864	0.1031	0.0000	6.8000
dPolE	573.720	90.000	52.1002	1.0000	0.0000	6.8000
uR	573.720	90.000	0.0221	1.0000	0.0000	6.8000
E	575.333	90.000	44.9594	3.2182	0.0882	0.1044	0.0000	6.8000
dPolE	575.333	90.000	52.1117	1.0000	0.0000	6.8000
uR	575.333	90.000	0.0222	1.0000	0.0000	6.8000
E	576.947	90.000	44.8392	2.8565	0.0867	0.1019	0.0000	6.8000
dPolE	576.947	90.000	54.5145	1.0000	0.0000	6.8000
uR	576.947	90.000	0.0221	1.0000	0.0000	6.8000
E	578.560	90.000	44.9543	3.1465	0.0894	0.1047	0.0000	6.8000
dPolE	578.560	90.000	53.1709	1.0000	0.0000	6.8000
uR	578.560	90.000	0.0221	1.0000	0.0000	6.8000
E	580.174	90.000	44.7782	3.2261	0.0854	0.0997	0.0000	6.8000
dPolE	580.174	90.000	53.6237	1.0000	0.0000	6.8000
uR	580.174	90.000	0.0218	1.0000	0.0000	6.8000
E	581.787	90.000	44.6674	3.2688	0.0903	0.1054	0.0000	6.8000
dPolE	581.787	90.000	52.7561	1.0000	0.0000	6.8000
uR	581.787	90.000	0.0222	1.0000	0.0000	6.8000
E	583.400	90.000	44.7427	2.6688	0.0873	0.1018	0.0000	6.8000
dPolE	583.400	90.000	53.7632	1.0000	0.0000	6.8000
uR	583.400	90.000	0.0217	1.0000	0.0000	6.8000
E	585.014	90.000	44.8236	3.0044	0.0835	0.0975	0.0000	6.8000
dPolE	585.014	90.000	52.9189	1.0000	0.0000	6.8000
uR	585.014	90.000	0.0218	1.0000	0.0000	6.8000
E	586.627	90.000	44.7924	3.2383	0.0901	0.1052	0.0000	6.8000
dPolE	586.627	90.000	52.1825	1.0000	0.0000	6.8000
uR	586.627	90.000	0.0222	1.0000	0.0000	6.8000
E	588.240	90.000	44.9296	2.8470	0.0828	0.0963	0.0000	6.8000
dPolE	588.240	90.000	52.6666	1.0000	0.0000	6.8000
uR	588.240	90.000	0.0223	1.0000	0.0000	6.8000
E	589.853	90.000	44.7830	2.5528	0.0887	0.1028	0.0000	6.8000
dPolE	589.853	90.000	52.1646	1.0000	0.0000	6.8000
uR	589.853	90.000	0.0221	1.0000	0.0000	6.8000
E	591.466	90.000	44.8217	3.0184	0.0890	0.1026	0.0000	6.8000
dPolE	591.466	90.000	52.5128	1.0000	0.0000	6.8000
uR	591.466	90.000	0.0222	1.0000	0.0000	6.8000
E	593.079	90.000	45.0839	2.8161	0.0871	0.0998	0.0000	6.8000
dPolE	593.079	90.000	51.1569	1.0000	0.0000	6.8000
uR	593.079	90.000	0.0223	1.0000	0.0000	6.8000
E	594.692	90.000	45.1215	2.7867	0.0900	0.1022	0.0000	6.8000
dPolE	594.692	90.000	50.5562	1.0000	0.0000	6.8000
uR	594.692	90.000	0.0223	1.0000	0.0000	6.8000
E	596.305	90.000	44.9510	3.1353	0.0942	0.1063	0.0000	6.8000
dPolE	596.305	90.000	51.3040	1.0000	0.0000	6.8000
uR	596.305	90.000	0.0225	1.0000	0.0000	6.8000
E	597.918	90.000	44.9154	3.0548	0.0898	0.1005	0.0000	6.8000
dPolE	597.918	90.000	54.0682	1.0000	0.0000	6.8000
uR	597.918	90.000	0.0226	1.0000	0.0000	6.8000
E	599.530	90.000	44.8430	2.9021	0.0925	0.1028	0.0000	6.8000
dPolE	599.530	90.000	50.1700	1.0000	0.0000	6.8000
uR	599.530	90.000	0.0230	1.0000	0.0000	6.8000
E	601.143	90.000	44.8649	2.9678	0.0888	0.0983	0.0000	6.8000
dPolE	601.143	90.000	49.7223	1.0000	0.0000	6.8000
uR	601.143	90.000	0.0230	1.0000	0.0000	6.8000
E	602.755	90.000	45.1105	3.0159	0.0950	0.1046	0.0000	6.8000
dPolE	602.755	90.000	49.8311	1.0000	0.0000	6.8000
uR	602.755	90.000	0.0227	1.0000	0.0000	6.8000
E	604.368	90.000	45.0294	2.9662	0.0948	0.1040	0.0000	6.8000
dPolE	604.368	90.000	50.2697	1.0000	0.0000	6.8000
uR	604.368	90.000	0.0228	1.0000	0.0000	6.8000
E	605.981	90.000	44.9904	2.7850	0.0941	0.1033	0.0000	6.8000
dPolE	605.981	90.000	50.6718	1.0000	0.0000	6.8000
uR	605.981	90.000	0.0227	1.0000	0.0000	6.8000
E	607.593	90.000	44.9072	2.7300	0.0942	0.1034	0.0000	6.8000
dPolE	607.593	90.000	51.0623	1.0000	0.0000	6.8000
uR	607.593	90.000	0.0225	1.0000	0.0000	6.8000
E	609.205	90.000	44.8894	2.5400	0.0993	0.1089	0.0000	6.8000
dPolE	609.205	90.000	49.8353	1.0000	0.0000	6.8000
uR	609.205	90.000	0.0222	1.0000	0.0000	6.8000
E	610.818	90.000	44.7192	2.5925	0.0933	0.1023	0.0000	6.8000
dPolE	610.818	90.000	53.7845	1.0000	0.0000	6.8000
uR	610.818	90.000	0.0226	1.0000	0.0000	6.8000
E	612.430	90.000	44.6989	2.6265	0.0938	0.1026	0.0000	6.8000
dPolE	612.430	90.000	49.5276	1.0000	0.0000	6.8000
uR	612.430	90.000	0.0226	1.0000	0.0000	6.8000
E	614.042	90.000	44.7262	2.5504	0.0908	0.0991	0.0000	6.8000
dPolE	614.042	90.000	51.8860	1.0000	0.0000	6.8000
uR	614.042	90.000	0.0224	1.0000	0.0000	6.8000
E	615.654	90.000	45.0124	2.4421	0.0948	0.1030	0.0000	6.8000
dPolE	615.654	90.000	47.3652	1.0000	0.0000	6.8000
uR	615.654	90.000	0.0224	1.0000	0.0000	6.8000
E	617.266	90.000	44.6304	2.5383	0.0936	0.1011	0.0000	6.8000
dPolE	617.266	90.000	51.6812	1.0000	0.0000	6.8000
uR	617.266	90.000	0.0223	1.0000	0.0000	6.8000
E	618.878	90.000	44.8106	2.4622	0.0951	0.1021	0.0000	6.8000
dPolE	618.878	90.000	49.3668	1.0000	0.0000	6.8000
uR	618.878	90.000	0.0227	1.0000	0.0000	6.8000
E	620.490	90.000	44.5988	2.3808	0.0955	0.1017	0.0000	6.8000
dPolE	620.490	90.000	46.9190	1.0000	0.0000	6.8000
uR	620.490	90.000	0.0226	1.0000	0.0000	6.8000
E	622.102	90.000	45.0602	2.0853	0.0895	0.0946	0.0000	6.8000
dPolE	622.102	90.000	46.8013	1.0000	0.0000	6.8000
uR	622.102	90.000	0.0226	1.0000	0.0000	6.8000
E	623.714	90.000	45.1260	2.5381	0.0982	0.1031	0.0000	6.8000
dPolE	623.714	90.000	46.0600	1.0000	0.0000	6.8000
uR	623.714	90.000	0.0228	1.0000	0.0000	6.8000
E	625.325	90.000	45.2160	2.4582	0.0902	0.0941	0.0000	6.8000
dPolE	625.325	90.000	49.0266	1.0000	0.0000	6.8000
uR	625.325	90.000	0.0229	1.0000	0.0000	6.8000
E	626.937	90.000	44.7530	2.4535	0.0999	0.1036	0.0000	6.8000
dPolE	626.937	90.000	46.2885	1.0000	0.0000	6.8000
uR	626.937	90.000	0.0231	1.0000	0.0000	6.8000
E	628.548	90.000	45.3590	2.5171	0.0961	0.0993	0.0000	6.8000
dPolE	628.548	90.000	46.5321	1.0000	0.0000	6.8000
uR	628.548	90.000	0.0228	1.0000	0.0000	6.8000
E	630.160	90.000	44.8268	2.3224	0.0992	0.1022	0.0000	6.8000
dPolE	630.160	90.000	46.3257	1.0000	0.0000	6.8000
uR	630.160	90.000	0.0227	1.0000	0.0000	6.8000
E	631.771	90.000	44.9907	2.7601	0.0990	0.1020	0.0000	6.8000
dPolE	631.771	90.000	45.9302	1.0000	0.0000	6.8000
uR	631.771	90.000	0.0232	1.0000	0.0000	6.8000
E	633.383	90.000	44.9035	2.5430	0.0967	0.0996	0.0000	6.8000
dPolE	633.383	90.000	48.4806	1.0000	0.0000	6.8000
uR	633.383	90.000	0.0230	1.0000	0.0000	6.8000
E	634.994	90.000	44.6309	2.1923	0.1037	0.1066	0.0000	6.8000
dPolE	634.994	90.000	44.7782	1.0000	0.0000	6.8000
uR	634.994	90.000	0.0231	1.0000	0.0000	6.8000
E	636.605	90.000	45.0187	2.3962	0.1032	0.1061	0.0000	6.8000
dPolE	636.605	90.000	47.5001	1.0000	0.0000	6.8000
uR	636.605	90.000	0.0232	1.0000	0.0000	6.8000
E	638.216	90.000	44.9193	2.2073	0.0979	0.1006	0.0000	6.8000
dPolE	638.216	90.000	48.7326	1.0000	0.0000	6.8000
uR	638.216	90.000	0.0232	1.0000	0.0000	6.8000
E	639.827	90.000	44.8480	2.4440	0.1033	0.1060	0.0000	6.8000
dPolE	639.827	90.000	47.0616	1.0000	0.0000	6.8000
uR	639.827	90.000	0.0231	1.0000	0.0000	6.8000
E	641.438	90.000	45.1089	2.0845	0.1039	0.1062	0.0000	6.8000
dPolE	641.438	90.000	50.0909	1.0000	0.0000	6.8000
uR	641.438	90.000	0.0227	1.0000	0.0000	6.8000
E	643.049	90.000	44.8949	2.0840	0.1039	0.1058	0.0000	6.8000
dPolE	643.049	90.000	45.8029	1.0000	0.0000	6.8000
uR	643.049	90.000	0.0229	1.0000	0.0000	6.8000
E	644.660	90.000	45.2190	2.3273	0.1073	0.1088	0.0000	6.8000
dPolE	644.660	90.000	43.6596	1.0000	0.0000	6.8000
uR	644.660	90.000	0.0232	1.0000	0.0000	6.8000
E	646.271	90.000	45.0288	2.3234	0.1063	0.1071	0.0000	6.8000
dPolE	646.271	90.000	47.3704	1.0000	0.0000	6.8000
uR	646.271	90.000	0.0232	1.0000	0.0000	6.8000
E	647.881	90.000	44.7862	2.2703	0.1077	0.1078	0.0000	6.8000
dPolE	647.881	90.000	44.2083	1.0000	0.0000	6.8000
uR	647.881	90.000	0.0231	1.0000	0.0000	6.8000
E	649.492	90.000	45.0458	1.9290	0.1026	0.1019	0.0000	6.8000
dPolE	649.492	90.000	45.6743	1.0000	0.0000	6.8000
uR	649.492	90.000	0.0226	1.0000	0.0000	6.8000
E	651.103	90.000	44.6297	2.2288	0.1039	0.1025	0.0000	6.8000
dPolE	651.103	90.000	43.4636	1.0000	0.0000	6.8000
uR	651.103	90.000	0.0234	1.0000	0.0000	6.8000
E	652.713	90.000	44.7468	2.1313	0.1090	0.1069	0.0000	6.8000
dPolE	652.713	90.000	46.6000	1.0000	0.0000	6.8000
uR	652.713	90.000	0.0236	1.0000	0.0000	6.8000
E	654.323	90.000	44.7964	2.0512	0.1097	0.1069	0.0000	6.8000
dPolE	654.323	90.000	45.9867	1.0000	0.0000	6.8000
uR	654.323	90.000	0.0238	1.0000	0.0000	6.8000
E	655.934	90.000	45.0887	2.1165	0.1093	0.1061	0.0000	6.8000
dPolE	655.934	90.000	45.8160	1.0000	0.0000	6.8000
uR	655.934	90.000	0.0236	1.0000	0.0000	6.8000
E	657.544	90.000	44.8297	1.9175	0.1146	0.1108	0.0000	6.8000
dPolE	657.544	90.000	47.0470	1.0000	0.0000	6.8000
uR	657.544	90.000	0.0229	1.0000	0.0000	6.8000
E	659.154	90.000	45.1161	2.0176	0.1074	0.1037	0.0000	6.8000
dPolE	659.154	90.000	45.5112	1.0000	0.0000	6.8000
uR	659.154	90.000	0.0233	1.0000	0.0000	6.8000
E	660.764	90.000	44.9625	1.8343	0.1137	0.1095	0.0000	6.8000
dPolE	660.764	90.000	44.4161	1.0000	0.0000	6.8000
uR	660.764	90.000	0.0236	1.0000	0.0000	6.8000
E	662.374	90.000	44.7457	1.9938	0.1131	0.1089	0.0000	6.8000
dPolE	662.374	90.000	48.0829	1.0000	0.0000	6.8000
uR	662.374	90.000	0.0228	1.0000	0.0000	6.8000
E	663.984	90.000	45.2357	2.0841	0.1171	0.1126	0.0000	6.8000
dPolE	663.984	90.000	46.4404	1.0000	0.0000	6.8000
uR	663.984	90.000	0.0228	1.0000	0.0000	6.8000
E	665.594	90.000	45.1768	2.1794	0.1130	0.1088	0.0000	6.8000
dPolE	665.594	90.000	48.1988	1.0000	0.0000	6.8000
uR	665.594	90.000	0.0226	1.0000	0.0000	6.8000
E	667.204	90.000	45.2462	1.8331	0.1110	0.1067	0.0000	6.8000
dPolE	667.204	90.000	49.3617	1.0000	0.0000	6.8000
uR	667.204	90.000	0.0220	1.0000	0.0000	6.8000
E	668.813	90.000	45.0340	2.1717	0.1119	0.1075	0.0000	6.8000
dPolE	668.813	90.000	43.2417	1.0000	0.0000	6.8000
uR	668.813	90.000	0.0228	1.0000	0.0000	6.8000
E	670.423	90.000	45.0107	1.8376	0.1131	0.1083	0.0000	6.8000
dPolE	670.423	90.000	44.5502	1.0000	0.0000	6.8000
uR	670.423	90.000	0.0228	1.0000	0.0000	6.8000
E	672.032	90.000	44.8747	2.1011	0.1136	0.1086	0.0000	6.8000
dPolE	672.032	90.000	44.2358	1.0000	0.0000	6.8000
uR	672.032	90.000	0.0231	1.0000	0.0000	6.8000
E	673.642	90.000	44.9155	1.7442	0.1091	0.1039	0.0000	6.8000
dPolE	673.642	90.000	42.0277	1.0000	0.0000	6.8000
uR	673.642	90.000	0.0230	1.0000	0.0000	6.8000
E	675.251	90.000	45.1355	1.7854	0.1097	0.1040	0.0000	6.8000
dPolE	675.251	90.000	45.6519	1.0000	0.0000	6.8000
uR	675.251	90.000	0.0235	1.0000	0.0000	6.8000
E	676.860	90.000	44.9197	1.7184	0.1089	0.1027	0.0000	6.8000
dPolE	676.860	90.000	45.0760	1.0000	0.0000	6.8000
uR	676.860	90.000	0.0231	1.0000	0.0000	6.8000
E	678.469	90.000	45.4029	2.1411	0.1099	0.1030	0.0000	6.8000
dPolE	678.469	90.000	42.3208	1.0000	0.0000	6.8000
uR	678.469	90.000	0.0231	1.0000	0.0000	6.8000
E	680.079	90.000	45.0429	2.0050	0.1101	0.1026	0.0000	6.8000
dPolE	680.079	90.000	41.8545	1.0000	0.0000	6.8000
uR	680.079	90.000	0.0228	1.0000	0.0000	6.8000
E	681.688	90.000	44.9555	1.6530	0.1157	0.1070	0.0000	6.8000
dPolE	681.688	90.000	44.9226	1.0000	0.0000	6.8000
uR	681.688	90.000	0.0227	1.0000	0.0000	6.8000
E	683.296	90.000	44.9772	2.0260	0.1128	0.1038	0.0000	6.8000
dPolE	683.296	90.000	40.0805	1.0000	0.0000	6.8000
uR	683.296	90.000	0.0230	1.0000	0.0000	6.8000
E	684.905	90.000	44.9171	1.7894	0.1161	0.1061	0.0000	6.8000
dPolE	684.905	90.000	39.4360	1.0000	0.0000	6.8000
uR	684.905	90.000	0.0226	1.0000	0.0000	6.8000
E	686.514	90.000	44.8599	1.6823	0.1040	0.0944	0.0000	6.8000
dPolE	686.514	90.000	39.8475	1.0000	0.0000	6.8000
uR	686.514	90.000	0.0223	1.0000	0.0000	6.8000
E	688.123	90.000	45.0643	1.6285	0.1085	0.0982	0.0000	6.8000
dPolE	688.123	90.000	40.3268	1.0000	0.0000	6.8000
uR	688.123	90.000	0.0227	1.0000	0.0000	6.8000
E	689.731	90.000	44.8872	1.6073	0.1083	0.0977	0.0000	6.8000
dPolE	689.731	90.000	37.3942	1.0000	0.0000	6.8000
uR	689.731	90.000	0.0227	1.0000	0.0000	6.8000
E	691.340	90.000	45.0707	1.5869	0.1092	0.0982	0.0000	6.8000
dPolE	691.340	90.000	42.2578	1.0000	0.0000	6.8000
uR	691.340	90.000	0.0226	1.0000	0.0000	6.8000
E	692.948	90.000	44.9530	1.4679	0.1169	0.1049	0.0000	6.8000
dPolE	692.948	90.000	39.3186	1.0000	0.0000	6.8000
uR	692.948	90.000	0.0232	1.0000	0.0000	6.8000
E	694.556	90.000	44.7115	1.9533	0.1189	0.1067	0.0000	6.8000
dPolE	694.556	90.000	42.3114	1.0000	0.0000	6.8000
uR	694.556	90.000	0.0233	1.0000	0.0000	6.8000
E	696.164	90.000	45.1647	2.0270	0.1197	0.1075	0.0000	6.8000
dPolE	696.164	90.000	43.0823	1.0000	0.0000	6.8000
uR	696.164	90.000	0.0232	1.0000	0.0000	6.8000
E	697.772	90.000	44.9371	1.7269	0.1233	0.1107	0.0000	6.8000
dPolE	697.772	90.000	42.4826	1.0000	0.0000	6.8000
uR	697.772	90.000	0.0234	1.0000	0.0000	6.8000
E	699.380	90.000	45.0422	1.7890	0.1269	0.1139	0.0000	6.8000
dPolE	699.380	90.000	44.0809	1.0000	0.0000	6.8000
uR	699.380	90.000	0.0235	1.0000	0.0000	6.8000
E	700.988	90.000	45.0560	1.5822	0.1214	0.1087	0.0000	6.8000
dPolE	700.988	90.000	43.7151	1.0000	0.0000	6.8000
uR	700.988	90.000	0.0231	1.0000	0.0000	6.8000
E	702.596	90.000	44.8523	1.7403	0.1240	0.1108	0.0000	6.8000
dPolE	702.596	90.000	43.8402	1.0000	0.0000	6.8000
uR	702.596	90.000	0.0230	1.0000	0.0000	6.8000
E	704.204	90.000	45.1109	1.5946	0.1275	0.1138	0.0000	6.8000
dPolE	704.204	90.000	43.4018	1.0000	0.0000	6.8000
uR	704.204	90.000	0.0231	1.0000	0.0000	6.8000
E	705.811	90.000	44.8080	1.6858	0.1310	0.1163	0.0000	6.8000
dPolE	705.811	90.000	46.0324	1.0000	0.0000	6.8000
uR	705.811	90.000	0.0232	1.0000	0.0000	6.8000
E	707.419	90.000	45.3426	1.4013	0.1289	0.1142	0.0000	6.8000
dPolE	707.419	90.000	43.3923	1.0000	0.0000	6.8000
uR	707.419	90.000	0.0234	1.0000	0.0000	6.8000
E	709.026	90.000	44.7575	1.5632	0.1214	0.1072	0.0000	6.8000
dPolE	709.026	90.000	41.4722	1.0000	0.0000	6.8000
uR	709.026	90.000	0.0234	1.0000	0.0000	6.8000
E	710.634	90.000	45.1022	1.4165	0.1204	0.1058	0.0000	6.8000
dPolE	710.634	90.000	40.5564	1.0000	0.0000	6.8000
uR	710.634	90.000	0.0240	1.0000	0.0000	6.8000
E	712.241	90.000	45.1179	1.4169	0.1291	0.1129	0.0000	6.8000
dPolE	712.241	90.000	41.2246	1.0000	0.0000	6.8000
uR	712.241	90.000	0.0257	1.0000	0.0000	6.8000
E	713.848	90.000	45.1254	1.7052	0.1481	0.1287	0.0000	6.8000
dPolE	713.848	90.000	44.5942	1.0000	0.0000	6.8000
uR	713.848	90.000	0.0245	1.0000	0.0000	6.8000
E	715.455	90.000	44.8848	1.4915	0.1497	0.1293	0.0000	6.8000
dPolE	715.455	90.000	48.5527	1.0000	0.0000	6.8000
uR	715.455	90.000	0.0216	1.0000	0.0000	6.8000
E	717.062	90.000	44.8316	1.6494	0.1468	0.1262	0.0000	6.8000
dPolE	717.062	90.000	46.4118	1.0000	0.0000	6.8000
uR	717.062	90.000	0.0210	1.0000	0.0000	6.8000
E	718.669	90.000	45.0217	1.2241	0.1369	0.1171	0.0000	6.8000
dPolE	718.669	90.000	42.8732	1.0000	0.0000	6.8000
uR	718.669	90.000	0.0223	1.0000	0.0000	6.8000
E	720.276	90.000	44.7797	1.7106	0.1282	0.1093	0.0000	6.8000
dPolE	720.276	90.000	47.2176	1.0000	0.0000	6.8000
uR	720.276	90.000	0.0236	1.0000	0.0000	6.8000
E	721.882	90.000	45.1538	1.6919	0.1379	0.1170	0.0000	6.8000
dPolE	721.882	90.000	47.4402	1.0000	0.0000	6.8000
uR	721.882	90.000	0.0235	1.0000	0.0000	6.8000
E	723.489	90.000	44.9957	1.4183	0.1560	0.1316	0.0000	6.8000
dPolE	723.489	90.000	42.7565	1.0000	0.0000	6.8000
uR	723.489	90.000	0.0233	1.0000	0.0000	6.8000
E	725.095	90.000	45.0817	1.4317	0.1525	0.1284	0.0000	6.8000
dPolE	725.095	90.000	44.3456	1.0000	0.0000	6.8000
uR	725.095	90.000	0.0238	1.0000	0.0000	6.8000
E	726.701	90.000	45.1850	1.5656	0.1587	0.1333	0.0000	6.8000
dPolE	726.701	90.000	42.7296	1.0000	0.0000	6.8000
uR	726.701	90.000	0.0237	1.0000	0.0000	6.8000
E	728.308	90.000	45.2852	1.4117	0.1349	0.1131	0.0000	6.8000
dPolE	728.308	90.000	43.6378	1.0000	0.0000	6.8000
uR	728.308	90.000	0.0233	1.0000	0.0000	6.8000
E	729.914	90.000	44.9845	1.5718	0.1376	0.1150	0.0000	6.8000
dPolE	729.914	90.000	41.8518	1.0000	0.0000	6.8000
uR	729.914	90.000	0.0228	1.0000	0.0000	6.8000
E	731.520	90.000	45.1651	1.3660	0.1291	0.1079	0.0000	6.8000
dPolE	731.520	90.000	39.6854	1.0000	0.0000	6.8000
uR	731.520	90.000	0.0229	1.0000	0.0000	6.8000
E	733.126	90.000	44.9397	1.4908	0.1294	0.1082	0.0000	6.8000
dPolE	733.126	90.000	39.7564	1.0000	0.0000	6.8000
uR	733.126	90.000	0.0232	1.0000	0.0000	6.8000
E	734.732	90.000	44.9830	1.5682	0.1369	0.1145	0.0000	6.8000
dPolE	734.732	90.000	37.9363	1.0000	0.0000	6.8000
uR	734.732	90.000	0.0234	1.0000	0.0000	6.8000
E	736.337	90.000	44.9321	1.5960	0.1352	0.1130	0.0000	6.8000
dPolE	736.337	90.000	43.1296	1.0000	0.0000	6.8000
uR	736.337	90.000	0.0235	1.0000	0.0000	6.8000
E	737.943	90.000	45.0398	1.4077	0.1388	0.1159	0.0000	6.8000
dPolE	737.943	90.000	42.8211	1.0000	0.0000	6.8000
uR	737.943	90.000	0.0230	1.0000	0.0000	6.8000
E	739.548	90.000	44.9258	1.3012	0.1448	0.1205	0.0000	6.8000
dPolE	739.548	90.000	39.2529	1.0000	0.0000	6.8000
uR	739.548	90.000	0.0228	1.0000	0.0000	6.8000
E	741.154	90.000	45.3307	1.0185	0.1310	0.1089	0.0000	6.8000
dPolE	741.154	90.000	40.3241	1.0000	0.0000	6.8000
uR	741.154	90.000	0.0226	1.0000	0.0000	6.8000
E	742.759	90.000	45.1605	1.5405	0.1392	0.1155	0.0000	6.8000
dPolE	742.759	90.000	37.3835	1.0000	0.0000	6.8000
uR	742.759	90.000	0.0233	1.0000	0.0000	6.8000
E	744.364	90.000	44.6042	1.3690	0.1487	0.1228	0.0000	6.8000
dPolE	744.364	90.000	39.1410	1.0000	0.0000	6.8000
uR	744.364	90.000	0.0233	1.0000	0.0000	6.8000
E	745.969	90.000	44.9541	1.5501	0.1507	0.1240	0.0000	6.8000
dPolE	745.969	90.000	42.4578	1.0000	0.0000	6.8000
uR	745.969	90.000	0.0234	1.0000	0.0000	6.8000
E	747.574	90.000	45.2556	1.5857	0.1482	0.1214	0.0000	6.8000
dPolE	747.574	90.000	39.6239	1.0000	0.0000	6.8000
uR	747.574	90.000	0.0235	1.0000	0.0000	6.8000
E	749.179	90.000	45.1342	1.3001	0.1515	0.1236	0.0000	6.8000
dPolE	749.179	90.000	44.8810	1.0000	0.0000	6.8000
uR	749.179	90.000	0.0229	1.0000	0.0000	6.8000
E	750.784	90.000	45.0345	1.2209	0.1551	0.1259	0.0000	6.8000
dPolE	750.784	90.000	38.7827	1.0000	0.0000	6.8000
uR	750.784	90.000	0.0234	1.0000	0.0000	6.8000
E	752.388	90.000	44.7094	0.8253	0.1524	0.1229	0.0000	6.8000
dPolE	752.388	90.000	42.6799	1.0000	0.0000	6.8000
uR	752.388	90.000	0.0237	1.0000	0.0000	6.8000
E	753.993	90.000	45.1599	1.4833	0.1522	0.1223	0.0000	6.8000
dPolE	753.993	90.000	42.1697	1.0000	0.0000	6.8000
uR	753.993	90.000	0.0242	1.0000	0.0000	6.8000
E	755.597	90.000	45.2512	1.3374	0.1576	0.1259	0.0000	6.8000
dPolE	755.597	90.000	39.4486	1.0000	0.0000	6.8000
uR	755.597	90.000	0.0240	1.0000	0.0000	6.8000
E	757.202	90.000	45.3271	1.2898	0.1512	0.1206	0.0000	6.8000
dPolE	757.202	90.000	39.8434	1.0000	0.0000	6.8000
uR	757.202	90.000	0.0235	1.0000	0.0000	6.8000
E	758.806	90.000	45.4277	1.5648	0.1576	0.1249	0.0000	6.8000
dPolE	758.806	90.000	42.7274	1.0000	0.0000	6.8000
uR	758.806	90.000	0.0224	1.0000	0.0000	6.8000
E	760.410	90.000	44.9781	1.2861	0.1489	0.1176	0.0000	6.8000
dPolE	760.410	90.000	38.9122	1.0000	0.0000	6.8000
uR	760.410	90.000	0.0223	1.0000	0.0000	6.8000
E	762.014	90.000	44.8001	1.1317	0.1376	0.1079	0.0000	6.8000
dPolE	762.014	90.000	37.9172	1.0000	0.0000	6.8000
uR	762.014	90.000	0.0228	1.0000	0.0000	6.8000
E	763.618	90.000	45.2885	1.2296	0.1237	0.0969	0.0000	6.8000
dPolE	763.618	90.000	28.5796	1.0000	0.0000	6.8000
uR	763.618	90.000	0.0235	1.0000	0.0000	6.8000
E	765.221	90.000	44.8605	1.2696	0.1148	0.0898	0.0000	6.8000
dPolE	765.221	90.000	30.1377	1.0000	0.0000	6.8000
uR	765.221	90.000	0.0234	1.0000	0.0000	6.8000
E	766.825	90.000	45.1120	1.1637	0.1239	0.0967	0.0000	6.8000
dPolE	766.825	90.000	31.8345	1.0000	0.0000	6.8000
uR	766.825	90.000	0.0226	1.0000	0.0000	6.8000
E	768.429	90.000	45.2673	1.1846	0.1462	0.1138	0.0000	6.8000
dPolE	768.429	90.000	39.0589	1.0000	0.0000	6.8000
uR	768.429	90.000	0.0224	1.0000	0.0000	6.8000
E	770.032	90.000	44.8435	1.1759	0.1503	0.1169	0.0000	6.8000
dPolE	770.032	90.000	46.2084	1.0000	0.0000	6.8000
uR	770.032	90.000	0.0224	1.0000	0.0000	6.8000
E	771.635	90.000	44.6345	1.1039	0.1726	0.1342	0.0000	6.8000
dPolE	771.635	90.000	45.0241	1.0000	0.0000	6.8000
uR	771.635	90.000	0.0225	1.0000	0.0000	6.8000
E	773.238	90.000	44.4244	1.4508	0.1791	0.1393	0.0000	6.8000
dPolE	773.238	90.000	44.8859	1.0000	0.0000	6.8000
uR	773.238	90.000	0.0236	1.0000	0.0000	6.8000
E	774.841	90.000	45.7121	1.3462	0.1832	0.1425	0.0000	6.8000
dPolE	774.841	90.000	42.0960	1.0000	0.0000	6.8000
uR	774.841	90.000	0.0253	1.0000	0.0000	6.8000
E	776.444	90.000	44.3901	1.1968	0.1833	0.1423	0.0000	6.8000
dPolE	776.444	90.000	48.4005	1.0000	0.0000	6.8000
uR	776.444	90.000	0.0260	1.0000	0.0000	6.8000
E	778.047	90.000	45.2017	1.3837	0.1889	0.1461	0.0000	6.8000
dPolE	778.047	90.000	45.3123	1.0000	0.0000	6.8000
uR	778.047	90.000	0.0256	1.0000	0.0000	6.8000
E	779.650	90.000	45.5878	1.2364	0.1936	0.1496	0.0000	6.8000
dPolE	779.650	90.000	53.7774	1.0000	0.0000	6.8000
uR	779.650	90.000	0.0231	1.0000	0.0000	6.8000
E	781.252	90.000	45.1989	0.8800	0.1956	0.1512	0.0000	6.8000
dPolE	781.252	90.000	47.2268	1.0000	0.0000	6.8000
uR	781.252	90.000	0.0244	1.0000	0.0000	6.8000
E	782.855	90.000	45.2416	1.0743	0.2036	0.1570	0.0000	6.8000
dPolE	782.855	90.000	55.0305	1.0000	0.0000	6.8000
uR	782.855	90.000	0.0243	1.0000	0.0000	6.8000
E	784.457	90.000	45.3835	1.1261	0.2048	0.1579	0.0000	6.8000
dPolE	784.457	90.000	49.1013	1.0000	0.0000	6.8000
uR	784.457	90.000	0.0244	1.0000	0.0000	6.8000
E	786.059	90.000	44.9424	0.8488	0.1983	0.1522	0.0000	6.8000
dPolE	786.059	90.000	47.6800	1.0000	0.0000	6.8000
uR	786.059	90.000	0.0245	1.0000	0.0000	6.8000
E	787.661	90.000	44.9404	1.2160	0.1960	0.1494	0.0000	6.8000
dPolE	787.661	90.000	48.9396	1.0000	0.0000	6.8000
uR	787.661	90.000	0.0225	1.0000	0.0000	6.8000
E	789.263	90.000	44.9381	0.8490	0.1734	0.1321	0.0000	6.8000
dPolE	789.263	90.000	48.7328	1.0000	0.0000	6.8000
uR	789.263	90.000	0.0225	1.0000	0.0000	6.8000
E	790.865	90.000	44.4755	1.2726	0.1751	0.1328	0.0000	6.8000
dPolE	790.865	90.000	45.6687	1.0000	0.0000	6.8000
uR	790.865	90.000	0.0218	1.0000	0.0000	6.8000
E	792.467	90.000	45.3856	1.5108	0.1841	0.1394	0.0000	6.8000
dPolE	792.467	90.000	40.6860	1.0000	0.0000	6.8000
uR	792.467	90.000	0.0225	1.0000	0.0000	6.8000
E	794.068	90.000	44.9962	1.4703	0.1906	0.1434	0.0000	6.8000
dPolE	794.068	90.000	49.4793	1.0000	0.0000	6.8000
uR	794.068	90.000	0.0225	1.0000	0.0000	6.8000
E	795.670	90.000	44.8682	1.0851	0.1862	0.1394	0.0000	6.8000
dPolE	795.670	90.000	43.8446	1.0000	0.0000	6.8000
uR	795.670	90.000	0.0242	1.0000	0.0000	6.8000
E	797.271	90.000	45.1815	1.0532	0.1782	0.1330	0.0000	6.8000
dPolE	797.271	90.000	40.2810	1.0000	0.0000	6.8000
uR	797.271	90.000	0.0252	1.0000	0.0000	6.8000
E	798.872	90.000	45.3343	1.1079	0.1778	0.1321	0.0000	6.8000
dPolE	798.872	90.000	36.0451	1.0000	0.0000	6.8000
uR	798.872	90.000	0.0245	1.0000	0.0000	6.8000
E	800.473	90.000	45.3112	1.0967	0.1799	0.1333	0.0000	6.8000
dPolE	800.473	90.000	42.1401	1.0000	0.0000	6.8000
uR	800.473	90.000	0.0244	1.0000	0.0000	6.8000
E	802.074	90.000	45.3133	1.0994	0.1898	0.1399	0.0000	6.8000
dPolE	802.074	90.000	42.1524	1.0000	0.0000	6.8000
uR	802.074	90.000	0.0239	1.0000	0.0000	6.8000
E	803.675	90.000	44.5407	1.3238	0.1789	0.1311	0.0000	6.8000
dPolE	803.675	90.000	47.4956	1.0000	0.0000	6.8000
uR	803.675	90.000	0.0250	1.0000	0.0000	6.8000
E	805.276	90.000	44.8268	1.2068	0.1913	0.1397	0.0000	6.8000
dPolE	805.276	90.000	44.8945	1.0000	0.0000	6.8000
uR	805.276	90.000	0.0248	1.0000	0.0000	6.8000
E	806.876	90.000	45.3814	1.0074	0.1947	0.1421	0.0000	6.8000
dPolE	806.876	90.000	45.2554	1.0000	0.0000	6.8000
uR	806.876	90.000	0.0240	1.0000	0.0000	6.8000
E	808.477	90.000	45.4524	1.2031	0.1890	0.1376	0.0000	6.8000
dPolE	808.477	90.000	43.5769	1.0000	0.0000	6.8000
uR	808.477	90.000	0.0237	1.0000	0.0000	6.8000
E	810.077	90.000	44.3723	0.9786	0.1909	0.1385	0.0000	6.8000
dPolE	810.077	90.000	41.2910	1.0000	0.0000	6.8000
uR	810.077	90.000	0.0250	1.0000	0.0000	6.8000
E	811.677	90.000	44.8346	0.5137	0.1883	0.1362	0.0000	6.8000
dPolE	811.677	90.000	42.6148	1.0000	0.0000	6.8000
uR	811.677	90.000	0.0257	1.0000	0.0000	6.8000
E	813.277	90.000	45.0943	1.0729	0.1876	0.1358	0.0000	6.8000
dPolE	813.277	90.000	43.8121	1.0000	0.0000	6.8000
uR	813.277	90.000	0.0240	1.0000	0.0000	6.8000
E	814.877	90.000	45.7775	1.2111	0.1852	0.1339	0.0000	6.8000
dPolE	814.877	90.000	41.5419	1.0000	0.0000	6.8000
uR	814.877	90.000	0.0231	1.0000	0.0000	6.8000
E	816.477	90.000	44.8749	0.6470	0.1782	0.1284	0.0000	6.8000
dPolE	816.477	90.000	36.2865	1.0000	0.0000	6.8000
uR	816.477	90.000	0.0236	1.0000	0.0000	6.8000
E	818.077	90.000	44.7458	1.1938	0.1566	0.1131	0.0000	6.8000
dPolE	818.077	90.000	36.1879	1.0000	0.0000	6.8000
uR	818.077	90.000	0.0213	1.0000	0.0000	6.8000
E	819.676	90.000	45.1562	1.1667	0.1177	0.0849	0.0000	6.8000
dPolE	819.676	90.000	24.7946	1.0000	0.0000	6.8000
uR	819.676	90.000	0.0198	1.0000	0.0000	6.8000
E	821.276	90.000	44.9410	0.9565	0.0764	0.0550	0.0000	6.8000
dPolE	821.276	90.000	12.4660	1.0000	0.0000	6.8000
uR	821.276	90.000	0.0207	1.0000	0.0000	6.8000
E	822.875	90.000	45.0079	0.9649	0.0551	0.0396	0.0000	6.8000
dPolE	822.875	90.000	7.0221	1.0000	0.0000	6.8000
uR	822.875	90.000	0.0232	1.0000	0.0000	6.8000
E	824.474	90.000	44.9821	0.9766	0.0468	0.0336	0.0000	6.8000
dPolE	824.474	90.000	4.1601	1.0000	0.0000	6.8000
uR	824.474	90.000	0.0239	1.0000	0.0000	6.8000
E	826.073	90.000	44.9559	0.8939	0.0499	0.0358	0.0000	6.8000
dPolE	826.073	90.000	4.0819	1.0000	0.0000	6.8000
uR	826.073	90.000	0.0228	1.0000	0.0000	6.8000
E	827.672	90.000	44.9085	1.0874	0.0578	0.0415	0.0000	6.8000
dPolE	827.672	90.000	8.3315	1.0000	0.0000	6.8000
uR	827.672	90.000	0.0224	1.0000	0.0000	6.8000
E	829.271	90.000	44.9954	0.9947	0.0683	0.0489	0.0000	6.8000
dPolE	829.271	90.000	10.7947	1.0000	0.0000	6.8000
uR	829.271	90.000	0.0230	1.0000	0.0000	6.8000
E	830.869	90.000	44.9474	0.8794	0.0854	0.0609	0.0000	6.8000
dPolE	830.869	90.000	17.7106	1.0000	0.0000	6.8000
uR	830.869	90.000	0.0214	1.0000	0.0000	6.8000
E	832.468	90.000	44.9448	0.8142	0.1024	0.0730	0.0000	6.8000
dPolE	832.468	90.000	27.6630	1.0000	0.0000	6.8000
uR	832.468	90.000	0.0201	1.0000	0.0000	6.8000
E	834.066	90.000	45.3535	1.0013	0.1019	0.0724	0.0000	6.8000
dPolE	834.066	90.000	22.5061	1.0000	0.0000	6.8000
uR	834.066	90.000	0.0215	1.0000	0.0000	6.8000
E	835.664	90.000	44.6996	0.9860	0.0953	0.0675	0.0000	6.8000
dPolE	835.664	90.000	23.1880	1.0000	0.0000	6.8000
uR	835.664	90.000	0.0224	1.0000	0.0000	6.8000
E	837.262	90.000	45.0193	1.0254	0.1067	0.0753	0.0000	6.8000
dPolE	837.262	90.000	22.4829	1.0000	0.0000	6.8000
uR	837.262	90.000	0.0236	1.0000	0.0000	6.8000
E	838.860	90.000	45.1836	0.9491	0.1258	0.0884	0.0000	6.8000
dPolE	838.860	90.000	34.5130	1.0000	0.0000	6.8000
uR	838.860	90.000	0.0227	1.0000	0.0000	6.8000
E	840.458	90.000	45.1553	0.9642	0.1381	0.0966	0.0000	6.8000
dPolE	840.458	90.000	41.3089	1.0000	0.0000	6.8000
uR	840.458	90.000	0.0237	1.0000	0.0000	6.8000
E	842.055	90.000	44.7115	0.8179	0.1409	0.0985	0.0000	6.8000
dPolE	842.055	90.000	43.6548	1.0000	0.0000	6.8000
uR	842.055	90.000	0.0250	1.0000	0.0000	6.8000
E	843.653	90.000	44.7409	0.8463	0.1560	0.1086	0.0000	6.8000
dPolE	843.653	90.000	45.1454	1.0000	0.0000	6.8000
uR	843.653	90.000	0.0238	1.0000	0.0000	6.8000
E	845.250	90.000	45.7630	0.8033	0.1950	0.1349	0.0000	6.8000
dPolE	845.250	90.000	53.9048	1.0000	0.0000	6.8000
uR	845.250	90.000	0.0232	1.0000	0.0000	6.8000
E	846.847	90.000	45.1340	0.8554	0.2419	0.1666	0.0000	6.8000
dPolE	846.847	90.000	54.4376	1.0000	0.0000	6.8000
uR	846.847	90.000	0.0241	1.0000	0.0000	6.8000
E	848.444	90.000	44.8765	1.5238	0.2443	0.1679	0.0000	6.8000
dPolE	848.444	90.000	59.7787	1.0000	0.0000	6.8000
uR	848.444	90.000	0.0254	1.0000	0.0000	6.8000
E	850.041	90.000	44.5352	1.5414	0.2537	0.1737	0.0000	6.8000
dPolE	850.041	90.000	63.5516	1.0000	0.0000	6.8000
uR	850.041	90.000	0.0264	1.0000	0.0000	6.8000
E	851.638	90.000	44.9792	1.2362	0.2617	0.1783	0.0000	6.8000
dPolE	851.638	90.000	62.7563	1.0000	0.0000	6.8000
uR	851.638	90.000	0.0255	1.0000	0.0000	6.8000
E	853.234	90.000	45.4238	1.1781	0.2682	0.1821	0.0000	6.8000
dPolE	853.234	90.000	59.3878	1.0000	0.0000	6.8000
uR	853.234	90.000	0.0260	1.0000	0.0000	6.8000
E	854.831	90.000	44.8665	0.8821	0.2891	0.1950	0.0000	6.8000
dPolE	854.831	90.000	57.5380	1.0000	0.0000	6.8000
uR	854.831	90.000	0.0250	1.0000	0.0000	6.8000
E	856.427	90.000	45.8565	0.5636	0.2845	0.1920	0.0000	6.8000
dPolE	856.427	90.000	62.6066	1.0000	0.0000	6.8000
uR	856.427	90.000	0.0232	1.0000	0.0000	6.8000
E	858.023	90.000	44.7323	0.4856	0.2758	0.1855	0.0000	6.8000
dPolE	858.023	90.000	56.8728	1.0000	0.0000	6.8000
uR	858.023	90.000	0.0245	1.0000	0.0000	6.8000
E	859.619	90.000	44.8422	0.9057	0.2699	0.1809	0.0000	6.8000
dPolE	859.619	90.000	57.2668	1.0000	0.0000	6.8000
uR	859.619	90.000	0.0233	1.0000	0.0000	6.8000
E	861.215	90.000	44.6808	1.1830	0.2576	0.1727	0.0000	6.8000
dPolE	861.215	90.000	52.7318	1.0000	0.0000	6.8000
uR	861.215	90.000	0.0247	1.0000	0.0000	6.8000
E	862.811	90.000	44.2450	0.7630	0.2557	0.1712	0.0000	6.8000
dPolE	862.811	90.000	52.8508	1.0000	0.0000	6.8000
uR	862.811	90.000	0.0244	1.0000	0.0000	6.8000
E	864.407	90.000	44.4010	0.7264	0.2453	0.1638	0.0000	6.8000
dPolE	864.407	90.000	56.6631	1.0000	0.0000	6.8000
uR	864.407	90.000	0.0242	1.0000	0.0000	6.8000
E	866.002	90.000	44.9680	0.7600	0.2334	0.1557	0.0000	6.8000
dPolE	866.002	90.000	50.2591	1.0000	0.0000	6.8000
uR	866.002	90.000	0.0245	1.0000	0.0000	6.8000
E	867.597	90.000	44.6467	1.1350	0.2266	0.1515	0.0000	6.8000
dPolE	867.597	90.000	43.7317	1.0000	0.0000	6.8000
uR	867.597	90.000	0.0246	1.0000	0.0000	6.8000
E	869.192	90.000	45.1137	0.7373	0.2131	0.1420	0.0000	6.8000
dPolE	869.192	90.000	40.6850	1.0000	0.0000	6.8000
uR	869.192	90.000	0.0243	1.0000	0.0000	6.8000
E	870.787	90.000	45.6925	1.0317	0.2076	0.1385	0.0000	6.8000
dPolE	870.787	90.000	38.4349	1.0000	0.0000	6.8000
uR	870.787	90.000	0.0238	1.0000	0.0000	6.8000
E	872.382	90.000	45.3640	0.9141	0.1929	0.1284	0.0000	6.8000
dPolE	872.382	90.000	37.0119	1.0000	0.0000	6.8000
uR	872.382	90.000	0.0230	1.0000	0.0000	6.8000
E	873.977	90.000	44.6904	0.7855	0.1776	0.1183	0.0000	6.8000
dPolE	873.977	90.000	32.3683	1.0000	0.0000	6.8000
uR	873.977	90.000	0.0235	1.0000	0.0000	6.8000
E	875.571	90.000	45.4303	0.8195	0.1600	0.1066	0.0000	6.8000
dPolE	875.571	90.000	30.4611	1.0000	0.0000	6.8000
uR	875.571	90.000	0.0226	1.0000	0.0000	6.8000
E	877.166	90.000	44.7410	0.9218	0.1306	0.0869	0.0000	6.8000
dPolE	877.166	90.000	30.7018	1.0000	0.0000	6.8000
uR	877.166	90.000	0.0211	1.0000	0.0000	6.8000
E	878.760	90.000	44.8477	0.8717	0.1015	0.0674	0.0000	6.8000
dPolE	878.760	90.000	18.3550	1.0000	0.0000	6.8000
uR	878.760	90.000	0.0202	1.0000	0.0000	6.8000
E	880.354	90.000	44.9730	0.7222	0.0663	0.0439	0.0000	6.8000
dPolE	880.354	90.000	8.0940	1.0000	0.0000	6.8000
uR	880.354	90.000	0.0211	1.0000	0.0000	6.8000
E	881.948	90.000	44.9101	0.7640	0.0555	0.0367	0.0000	6.8000
dPolE	881.948	90.000	6.7187	1.0000	0.0000	6.8000
uR	881.948	90.000	0.0229	1.0000	0.0000	6.8000
E	883.542	90.000	44.8452	0.8116	0.0532	0.0351	0.0000	6.8000
dPolE	883.542	90.000	4.3846	1.0000	0.0000	6.8000
uR	883.542	90.000	0.0241	1.0000	0.0000	6.8000
E	885.135	90.000	44.9290	0.7966	0.0608	0.0401	0.0000	6.8000
dPolE	885.135	90.000	5.2957	1.0000	0.0000	6.8000
uR	885.135	90.000	0.0234	1.0000	0.0000	6.8000
E	886.729	90.000	45.0677	0.8168	0.0792	0.0520	0.0000	6.8000
dPolE	886.729	90.000	9.9197	1.0000	0.0000	6.8000
uR	886.729	90.000	0.0224	1.0000	0.0000	6.8000
E	888.322	90.000	44.8966	0.8183	0.0991	0.0650	0.0000	6.8000
dPolE	888.322	90.000	22.3322	1.0000	0.0000	6.8000
uR	888.322	90.000	0.0221	1.0000	0.0000	6.8000
E	889.915	90.000	45.1180	1.0161	0.1180	0.0771	0.0000	6.8000
dPolE	889.915	90.000	22.4425	1.0000	0.0000	6.8000
uR	889.915	90.000	0.0220	1.0000	0.0000	6.8000
E	891.508	90.000	45.1625	0.8575	0.1234	0.0803	0.0000	6.8000
dPolE	891.508	90.000	20.6968	1.0000	0.0000	6.8000
uR	891.508	90.000	0.0227	1.0000	0.0000	6.8000
E	893.101	90.000	45.0903	0.8777	0.1130	0.0733	0.0000	6.8000
dPolE	893.101	90.000	20.0518	1.0000	0.0000	6.8000
uR	893.101	90.000	0.0220	1.0000	0.0000	6.8000
E	894.694	90.000	44.8987	0.8005	0.0918	0.0593	0.0000	6.8000
dPolE	894.694	90.000	14.8174	1.0000	0.0000	6.8000
uR	894.694	90.000	0.0241	1.0000	0.0000	6.8000
E	896.286	90.000	44.8591	0.7927	0.0895	0.0576	0.0000	6.8000
dPolE	896.286	90.000	17.4175	1.0000	0.0000	6.8000
uR	896.286	90.000	0.0236	1.0000	0.0000	6.8000
E	897.879	90.000	44.8215	0.8991	0.0964	0.0618	0.0000	6.8000
dPolE	897.879	90.000	16.7972	1.0000	0.0000	6.8000
uR	897.879	90.000	0.0232	1.0000	0.0000	6.8000
E	899.471	90.000	45.2566	0.7087	0.1139	0.0728	0.0000	6.8000
dPolE	899.471	90.000	24.4785	1.0000	0.0000	6.8000
uR	899.471	90.000	0.0221	1.0000	0.0000	6.8000
E	901.063	90.000	44.8195	0.7201	0.1201	0.0763	0.0000	6.8000
dPolE	901.063	90.000	21.8197	1.0000	0.0000	6.8000
uR	901.063	90.000	0.0220	1.0000	0.0000	6.8000
E	902.655	90.000	44.8289	0.7900	0.1117	0.0709	0.0000	6.8000
dPolE	902.655	90.000	20.0532	1.0000	0.0000	6.8000
uR	902.655	90.000	0.0230	1.0000	0.0000	6.8000
E	904.247	90.000	44.9364	0.7435	0.0936	0.0592	0.0000	6.8000
dPolE	904.247	90.000	14.9934	1.0000	0.0000	6.8000
uR	904.247	90.000	0.0243	1.0000	0.0000	6.8000
E	905.838	90.000	45.0287	0.7883	0.0974	0.0614	0.0000	6.8000
dPolE	905.838	90.000	16.9023	1.0000	0.0000	6.8000
uR	905.838	90.000	0.0240	1.0000	0.0000	6.8000
E	907.429	90.000	44.7404	0.8505	0.1052	0.0662	0.0000	6.8000
dPolE	907.429	90.000	19.9824	1.0000	0.0000	6.8000
uR	907.429	90.000	0.0230	1.0000	0.0000	6.8000
E	909.021	90.000	44.7136	0.6162	0.1374	0.0863	0.0000	6.8000
dPolE	909.021	90.000	27.9305	1.0000	0.0000	6.8000
uR	909.021	90.000	0.0209	1.0000	0.0000	6.8000
E	910.612	90.000	44.8833	0.7516	0.1604	0.1001	0.0000	6.8000
dPolE	910.612	90.000	29.5194	1.0000	0.0000	6.8000
uR	910.612	90.000	0.0211	1.0000	0.0000	6.8000
E	912.203	90.000	45.1525	0.6357	0.1429	0.0891	0.0000	6.8000
dPolE	912.203	90.000	28.3464	1.0000	0.0000	6.8000
uR	912.203	90.000	0.0205	1.0000	0.0000	6.8000
E	913.793	90.000	44.9351	0.6672	0.1079	0.0670	0.0000	6.8000
dPolE	913.793	90.000	20.1304	1.0000	0.0000	6.8000
uR	913.793	90.000	0.0216	1.0000	0.0000	6.8000
E	915.384	90.000	45.1877	0.6519	0.0888	0.0551	0.0000	6.8000
dPolE	915.384	90.000	12.6509	1.0000	0.0000	6.8000
uR	915.384	90.000	0.0227	1.0000	0.0000	6.8000
E	916.974	90.000	44.9919	0.8069	0.0798	0.0495	0.0000	6.8000
dPolE	916.974	90.000	12.9919	1.0000	0.0000	6.8000
uR	916.974	90.000	0.0232	1.0000	0.0000	6.8000
E	918.565	90.000	44.9690	0.7069	0.0877	0.0543	0.0000	6.8000
dPolE	918.565	90.000	15.3976	1.0000	0.0000	6.8000
uR	918.565	90.000	0.0228	1.0000	0.0000	6.8000
E	920.155	90.000	44.9138	0.7434	0.1086	0.0671	0.0000	6.8000
dPolE	920.155	90.000	20.5783	1.0000	0.0000	6.8000
uR	920.155	90.000	0.0216	1.0000	0.0000	6.8000
E	921.745	90.000	44.7698	0.7617	0.1320	0.0814	0.0000	6.8000
dPolE	921.745	90.000	26.6259	1.0000	0.0000	6.8000
uR	921.745	90.000	0.0218	1.0000	0.0000	6.8000
E	923.334	90.000	44.9642	0.7377	0.1597	0.0984	0.0000	6.8000
dPolE	923.334	90.000	30.1032	1.0000	0.0000	6.8000
uR	923.334	90.000	0.0230	1.0000	0.0000	6.8000
E	924.924	90.000	45.2692	0.6391	0.1887	0.1161	0.0000	6.8000
dPolE	924.924	90.000	39.1477	1.0000	0.0000	6.8000
uR	924.924	90.000	0.0220	1.0000	0.0000	6.8000
E	926.513	90.000	44.7103	0.3994	0.2132	0.1309	0.0000	6.8000
dPolE	926.513	90.000	47.3313	1.0000	0.0000	6.8000
uR	926.513	90.000	0.0225	1.0000	0.0000	6.8000
E	928.103	90.000	44.1811	0.6038	0.2360	0.1450	0.0000	6.8000
dPolE	928.103	90.000	43.1583	1.0000	0.0000	6.8000
uR	928.103	90.000	0.0230	1.0000	0.0000	6.8000
E	929.692	90.000	45.1406	0.4578	0.2375	0.1454	0.0000	6.8000
dPolE	929.692	90.000	45.2073	1.0000	0.0000	6.8000
uR	929.692	90.000	0.0239	1.0000	0.0000	6.8000
E	931.280	90.000	44.9514	0.6556	0.2436	0.1496	0.0000	6.8000
dPolE	931.280	90.000	40.5708	1.0000	0.0000	6.8000
uR	931.280	90.000	0.0250	1.0000	0.0000	6.8000
E	932.869	90.000	45.7944	0.7292	0.2536	0.1556	0.0000	6.8000
dPolE	932.869	90.000	35.1801	1.0000	0.0000	6.8000
uR	932.869	90.000	0.0254	1.0000	0.0000	6.8000
E	934.458	90.000	44.8784	0.8774	0.2437	0.1489	0.0000	6.8000
dPolE	934.458	90.000	44.3988	1.0000	0.0000	6.8000
uR	934.458	90.000	0.0247	1.0000	0.0000	6.8000
E	936.046	90.000	44.5970	0.9518	0.2411	0.1475	0.0000	6.8000
dPolE	936.046	90.000	43.9411	1.0000	0.0000	6.8000
uR	936.046	90.000	0.0245	1.0000	0.0000	6.8000
E	937.634	90.000	44.8085	0.7913	0.2192	0.1340	0.0000	6.8000
dPolE	937.634	90.000	39.9187	1.0000	0.0000	6.8000
uR	937.634	90.000	0.0237	1.0000	0.0000	6.8000
E	939.222	90.000	45.2787	0.8579	0.2169	0.1325	0.0000	6.8000
dPolE	939.222	90.000	36.4051	1.0000	0.0000	6.8000
uR	939.222	90.000	0.0247	1.0000	0.0000	6.8000
E	940.810	90.000	45.2552	0.9877	0.2290	0.1388	0.0000	6.8000
dPolE	940.810	90.000	42.5577	1.0000	0.0000	6.8000
uR	940.810	90.000	0.0231	1.0000	0.0000	6.8000
E	942.398	90.000	45.4294	0.5457	0.2426	0.1465	0.0000	6.8000
dPolE	942.398	90.000	42.1115	1.0000	0.0000	6.8000
uR	942.398	90.000	0.0235	1.0000	0.0000	6.8000
E	943.985	90.000	43.8327	0.3236	0.2563	0.1556	0.0000	6.8000
dPolE	943.985	90.000	42.6578	1.0000	0.0000	6.8000
uR	943.985	90.000	0.0237	1.0000	0.0000	6.8000
E	945.573	90.000	45.1134	0.8783	0.2508	0.1520	0.0000	6.8000
dPolE	945.573	90.000	43.7513	1.0000	0.0000	6.8000
uR	945.573	90.000	0.0244	1.0000	0.0000	6.8000
E	947.160	90.000	45.0386	0.6648	0.2645	0.1599	0.0000	6.8000
dPolE	947.160	90.000	34.0531	1.0000	0.0000	6.8000
uR	947.160	90.000	0.0243	1.0000	0.0000	6.8000
E	948.747	90.000	44.7278	0.6544	0.2461	0.1481	0.0000	6.8000
dPolE	948.747	90.000	40.2410	1.0000	0.0000	6.8000
uR	948.747	90.000	0.0249	1.0000	0.0000	6.8000
E	950.334	90.000	45.2554	0.3169	0.2427	0.1459	0.0000	6.8000
dPolE	950.334	90.000	36.4066	1.0000	0.0000	6.8000
uR	950.334	90.000	0.0254	1.0000	0.0000	6.8000
E	951.920	90.000	44.7546	0.6850	0.2373	0.1420	0.0000	6.8000
dPolE	951.920	90.000	36.8216	1.0000	0.0000	6.8000
uR	951.920	90.000	0.0244	1.0000	0.0000	6.8000
E	953.507	90.000	43.9750	0.4968	0.2402	0.1434	0.0000	6.8000
dPolE	953.507	90.000	40.5778	1.0000	0.0000	6.8000
uR	953.507	90.000	0.0251	1.0000	0.0000	6.8000
E	955.093	90.000	45.2014	0.6089	0.2566	0.1522	0.0000	6.8000
dPolE	955.093	90.000	38.1420	1.0000	0.0000	6.8000
uR	955.093	90.000	0.0249	1.0000	0.0000	6.8000
E	956.679	90.000	45.3709	0.8191	0.2870	0.1709	0.0000	6.8000
dPolE	956.679	90.000	42.3149	1.0000	0.0000	6.8000
uR	956.679	90.000	0.0248	1.0000	0.0000	6.8000
E	958.265	90.000	45.3514	0.4331	0.3102	0.1837	0.0000	6.8000
dPolE	958.265	90.000	50.6674	1.0000	0.0000	6.8000
uR	958.265	90.000	0.0242	1.0000	0.0000	6.8000
E	959.851	90.000	44.9745	0.8279	0.3333	0.1964	0.0000	6.8000
dPolE	959.851	90.000	54.5072	1.0000	0.0000	6.8000
uR	959.851	90.000	0.0242	1.0000	0.0000	6.8000
E	961.436	90.000	44.8244	0.6004	0.3188	0.1873	0.0000	6.8000
dPolE	961.436	90.000	60.9246	1.0000	0.0000	6.8000
uR	961.436	90.000	0.0244	1.0000	0.0000	6.8000
E	963.022	90.000	44.1835	0.7217	0.3268	0.1920	0.0000	6.8000
dPolE	963.022	90.000	63.7331	1.0000	0.0000	6.8000
uR	963.022	90.000	0.0231	1.0000	0.0000	6.8000
E	964.607	90.000	45.0978	0.6727	0.3456	0.2021	0.0000	6.8000
dPolE	964.607	90.000	57.3442	1.0000	0.0000	6.8000
uR	964.607	90.000	0.0228	1.0000	0.0000	6.8000
E	966.192	90.000	43.8649	0.6775	0.3148	0.1837	0.0000	6.8000
dPolE	966.192	90.000	59.5017	1.0000	0.0000	6.8000
uR	966.192	90.000	0.0228	1.0000	0.0000	6.8000
E	967.777	90.000	45.6388	0.9187	0.2973	0.1725	0.0000	6.8000
dPolE	967.777	90.000	52.5287	1.0000	0.0000	6.8000
uR	967.777	90.000	0.0227	1.0000	0.0000	6.8000
E	969.361	90.000	44.8393	0.7251	0.2900	0.1679	0.0000	6.8000
dPolE	969.361	90.000	45.8910	1.0000	0.0000	6.8000
uR	969.361	90.000	0.0231	1.0000	0.0000	6.8000
E	970.946	90.000	44.1943	0.6118	0.2615	0.1508	0.0000	6.8000
dPolE	970.946	90.000	42.6777	1.0000	0.0000	6.8000
uR	970.946	90.000	0.0239	1.0000	0.0000	6.8000
E	972.530	90.000	45.3978	0.4040	0.2283	0.1316	0.0000	6.8000
dPolE	972.530	90.000	36.4586	1.0000	0.0000	6.8000
uR	972.530	90.000	0.0243	1.0000	0.0000	6.8000
E	974.114	90.000	44.8649	0.9747	0.2300	0.1326	0.0000	6.8000
dPolE	974.114	90.000	37.5808	1.0000	0.0000	6.8000
uR	974.114	90.000	0.0218	1.0000	0.0000	6.8000
E	975.698	90.000	44.6682	0.4304	0.1999	0.1145	0.0000	6.8000
dPolE	975.698	90.000	29.1174	1.0000	0.0000	6.8000
uR	975.698	90.000	0.0220	1.0000	0.0000	6.8000
E	977.282	90.000	45.1991	0.6667	0.1721	0.0983	0.0000	6.8000
dPolE	977.282	90.000	28.2759	1.0000	0.0000	6.8000
uR	977.282	90.000	0.0228	1.0000	0.0000	6.8000
E	978.865	90.000	44.9622	0.5395	0.1470	0.0836	0.0000	6.8000
dPolE	978.865	90.000	19.0871	1.0000	0.0000	6.8000
uR	978.865	90.000	0.0237	1.0000	0.0000	6.8000
E	980.449	90.000	45.0323	0.5219	0.1426	0.0811	0.0000	6.8000
dPolE	980.449	90.000	19.7805	1.0000	0.0000	6.8000
uR	980.449	90.000	0.0235	1.0000	0.0000	6.8000
E	982.032	90.000	45.0384	0.4507	0.1532	0.0874	0.0000	6.8000
dPolE	982.032	90.000	26.4200	1.0000	0.0000	6.8000
uR	982.032	90.000	0.0234	1.0000	0.0000	6.8000
E	983.615	90.000	45.4765	0.5306	0.1958	0.1114	0.0000	6.8000
dPolE	983.615	90.000	28.1783	1.0000	0.0000	6.8000
uR	983.615	90.000	0.0213	1.0000	0.0000	6.8000
E	985.198	90.000	45.2318	0.4979	0.2176	0.1235	0.0000	6.8000
dPolE	985.198	90.000	34.4334	1.0000	0.0000	6.8000
uR	985.198	90.000	0.0214	1.0000	0.0000	6.8000
E	986.780	90.000	44.7216	0.2467	0.2192	0.1246	0.0000	6.8000
dPolE	986.780	90.000	34.4830	1.0000	0.0000	6.8000
uR	986.780	90.000	0.0213	1.0000	0.0000	6.8000
E	988.363	90.000	45.0140	0.2492	0.1996	0.1131	0.0000	6.8000
dPolE	988.363	90.000	32.5823	1.0000	0.0000	6.8000
uR	988.363	90.000	0.0222	1.0000	0.0000	6.8000
E	989.945	90.000	45.0475	0.6726	0.1930	0.1093	0.0000	6.8000
dPolE	989.945	90.000	27.2827	1.0000	0.0000	6.8000
uR	989.945	90.000	0.0222	1.0000	0.0000	6.8000
E	991.527	90.000	44.9659	0.5421	0.1622	0.0915	0.0000	6.8000
dPolE	991.527	90.000	26.2162	1.0000	0.0000	6.8000
uR	991.527	90.000	0.0244	1.0000	0.0000	6.8000
E	993.109	90.000	44.8213	0.4193	0.1644	0.0929	0.0000	6.8000
dPolE	993.109	90.000	20.6220	1.0000	0.0000	6.8000
uR	993.109	90.000	0.0244	1.0000	0.0000	6.8000
E	994.690	90.000	44.8642	0.7718	0.1688	0.0952	0.0000	6.8000
dPolE	994.690	90.000	26.9508	1.0000	0.0000	6.8000
uR	994.690	90.000	0.0227	1.0000	0.0000	6.8000
E	996.272	90.000	44.7114	0.5946	0.1922	0.1083	0.0000	6.8000
dPolE	996.272	90.000	31.6674	1.0000	0.0000	6.8000
uR	996.272	90.000	0.0224	1.0000	0.0000	6.8000
E	997.853	90.000	44.8985	0.3103	0.2330	0.1308	0.0000	6.8000
dPolE	997.853	90.000	38.5965	1.0000	0.0000	6.8000
uR	997.853	90.000	0.0215	1.0000	0.0000	6.8000
E	999.434	90.000	44.7837	0.7746	0.2673	0.1500	0.0000	6.8000
dPolE	999.434	90.000	44.3179	1.0000	0.0000	6.8000
uR	999.434	90.000	0.0220	1.0000	0.0000	6.8000
