
FM-removed
XY-Scan
nm
E	210.379	90.000	19.9552	231.0713	0.2620	0.8154	0.0000	6.8000
dPolE	210.379	90.000	99.9973	1.0000	0.0000	6.8000
uR	210.379	90.000	0.0196	1.0000	0.0000	6.8000
E	211.990	90.000	50.6237	115.7345	0.2632	0.5330	0.0000	6.8000
dPolE	211.990	90.000	99.9605	1.0000	0.0000	6.8000
uR	211.990	90.000	0.0218	1.0000	0.0000	6.8000
E	213.602	90.000	33.8776	82.2777	0.2612	0.5689	0.0000	6.8000
dPolE	213.602	90.000	99.9999	1.0000	0.0000	6.8000
uR	213.602	90.000	0.0144	1.0000	0.0000	6.8000
E	215.214	90.000	33.4267	37.7193	0.2415	0.4992	0.0000	6.8000
dPolE	215.214	90.000	99.9741	1.0000	0.0000	6.8000
uR	215.214	90.000	0.0082	1.0000	0.0000	6.8000
E	216.826	90.000	46.5471	151.8422	0.2750	0.5012	0.0000	6.8000
dPolE	216.826	90.000	99.8508	1.0000	0.0000	6.8000
uR	216.826	90.000	0.0122	1.0000	0.0000	6.8000
E	218.438	90.000	45.4563	349.9649	0.2852	0.4886	0.0000	6.8000
dPolE	218.438	90.000	99.9743	1.0000	0.0000	6.8000
uR	218.438	90.000	0.0072	1.0000	0.0000	6.8000
E	220.050	90.000	49.5329	257.4309	0.2761	0.5571	0.0000	6.8000
dPolE	220.050	90.000	99.9999	1.0000	0.0000	6.8000
uR	220.050	90.000	0.0067	1.0000	0.0000	6.8000
E	221.662	90.000	19.9501	110.6534	0.2297	0.7788	0.0000	6.8000
dPolE	221.662	90.000	99.9244	1.0000	0.0000	6.8000
uR	221.662	90.000	0.0071	1.0000	0.0000	6.8000
E	223.274	90.000	42.0755	185.4164	0.2777	0.4263	0.0000	6.8000
dPolE	223.274	90.000	99.7539	1.0000	0.0000	6.8000
uR	223.274	90.000	0.0083	1.0000	0.0000	6.8000
E	224.886	90.000	55.5447	14.9024	0.2872	0.4655	0.0000	6.8000
dPolE	224.886	90.000	99.9670	1.0000	0.0000	6.8000
uR	224.886	90.000	0.0033	1.0000	0.0000	6.8000
E	226.498	90.000	78.5613	100.2450	0.2219	1.4761	0.0000	6.8000
dPolE	226.498	90.000	99.9633	1.0000	0.0000	6.8000
uR	226.498	90.000	0.0022	1.0000	0.0000	6.8000
E	228.111	90.000	67.1131	176.4444	0.2709	0.5172	0.0000	6.8000
dPolE	228.111	90.000	99.9378	1.0000	0.0000	6.8000
uR	228.111	90.000	0.0030	1.0000	0.0000	6.8000
E	229.723	90.000	36.2882	112.5018	0.2819	0.5786	0.0000	6.8000
dPolE	229.723	90.000	99.9999	1.0000	0.0000	6.8000
uR	229.723	90.000	0.0026	1.0000	0.0000	6.8000
E	231.335	90.000	42.3991	207.4270	0.2987	0.4383	0.0000	6.8000
dPolE	231.335	90.000	99.9892	1.0000	0.0000	6.8000
uR	231.335	90.000	0.0026	1.0000	0.0000	6.8000
E	232.948	90.000	44.3808	347.0671	0.2747	0.3541	0.0000	6.8000
dPolE	232.948	90.000	99.9858	1.0000	0.0000	6.8000
uR	232.948	90.000	0.0017	1.0000	0.0000	6.8000
E	234.560	90.000	47.8762	157.4489	0.2924	0.3979	0.0000	6.8000
dPolE	234.560	90.000	99.9419	1.0000	0.0000	6.8000
uR	234.560	90.000	0.0022	1.0000	0.0000	6.8000
E	236.173	90.000	32.9589	318.5853	0.3216	0.5740	0.0000	6.8000
dPolE	236.173	90.000	99.9999	1.0000	0.0000	6.8000
uR	236.173	90.000	0.0014	1.0000	0.0000	6.8000
E	237.786	90.000	26.1886	176.7869	0.3073	0.4466	0.0000	6.8000
dPolE	237.786	90.000	99.9370	1.0000	0.0000	6.8000
uR	237.786	90.000	0.0015	1.0000	0.0000	6.8000
E	239.398	90.000	34.5717	198.9795	0.3157	0.4222	0.0000	6.8000
dPolE	239.398	90.000	99.9999	1.0000	0.0000	6.8000
uR	239.398	90.000	0.0015	1.0000	0.0000	6.8000
E	241.011	90.000	30.6451	179.5189	0.3192	0.4000	0.0000	6.8000
dPolE	241.011	90.000	99.8481	1.0000	0.0000	6.8000
uR	241.011	90.000	0.0019	1.0000	0.0000	6.8000
E	242.624	90.000	57.3759	358.2026	0.3144	0.3742	0.0000	6.8000
dPolE	242.624	90.000	99.9999	1.0000	0.0000	6.8000
uR	242.624	90.000	0.0010	1.0000	0.0000	6.8000
E	244.237	90.000	64.2027	324.4328	0.3025	0.5879	0.0000	6.8000
dPolE	244.237	90.000	99.9503	1.0000	0.0000	6.8000
uR	244.237	90.000	0.0011	1.0000	0.0000	6.8000
E	245.850	90.000	23.4281	118.0011	0.2572	0.7534	0.0000	6.8000
dPolE	245.850	90.000	99.9645	1.0000	0.0000	6.8000
uR	245.850	90.000	0.0009	1.0000	0.0000	6.8000
E	247.463	90.000	39.3489	195.3798	0.2971	0.3434	0.0000	6.8000
dPolE	247.463	90.000	99.9752	1.0000	0.0000	6.8000
uR	247.463	90.000	0.0018	1.0000	0.0000	6.8000
E	249.076	90.000	20.0408	349.7858	0.3414	0.5727	0.0000	6.8000
dPolE	249.076	90.000	99.9095	1.0000	0.0000	6.8000
uR	249.076	90.000	0.0012	1.0000	0.0000	6.8000
E	250.689	90.000	53.6846	181.1863	0.3285	0.3515	0.0000	6.8000
dPolE	250.689	90.000	99.9996	1.0000	0.0000	6.8000
uR	250.689	90.000	0.0005	1.0000	0.0000	6.8000
E	252.302	90.000	27.1378	234.0098	0.3151	0.7328	0.0000	6.8000
dPolE	252.302	90.000	99.9777	1.0000	0.0000	6.8000
uR	252.302	90.000	0.0006	1.0000	0.0000	6.8000
E	253.916	90.000	48.0671	294.0459	0.2974	0.5620	0.0000	6.8000
dPolE	253.916	90.000	99.9981	1.0000	0.0000	6.8000
uR	253.916	90.000	0.0012	1.0000	0.0000	6.8000
E	255.529	90.000	4.3952	199.8052	0.3000	2.3868	0.0000	6.8000
dPolE	255.529	90.000	99.9579	1.0000	0.0000	6.8000
uR	255.529	90.000	0.0008	1.0000	0.0000	6.8000
E	257.142	90.000	18.1077	191.5795	0.3199	0.5812	0.0000	6.8000
dPolE	257.142	90.000	99.9481	1.0000	0.0000	6.8000
uR	257.142	90.000	0.0007	1.0000	0.0000	6.8000
E	258.756	90.000	25.9479	35.1669	0.2775	0.5240	0.0000	6.8000
dPolE	258.756	90.000	99.9700	1.0000	0.0000	6.8000
uR	258.756	90.000	0.0009	1.0000	0.0000	6.8000
E	260.369	90.000	6.3421	271.5871	0.1720	2.9175	0.0000	6.8000
dPolE	260.369	90.000	99.9949	1.0000	0.0000	6.8000
uR	260.369	90.000	0.0007	1.0000	0.0000	6.8000
E	261.983	90.000	22.1899	19.5511	0.2888	0.4893	0.0000	6.8000
dPolE	261.983	90.000	99.9503	1.0000	0.0000	6.8000
uR	261.983	90.000	0.0011	1.0000	0.0000	6.8000
E	263.596	90.000	17.6775	334.2346	0.2939	0.6700	0.0000	6.8000
dPolE	263.596	90.000	99.9342	1.0000	0.0000	6.8000
uR	263.596	90.000	0.0014	1.0000	0.0000	6.8000
E	265.210	90.000	67.5834	9.9199	0.3130	0.4705	0.0000	6.8000
dPolE	265.210	90.000	99.9958	1.0000	0.0000	6.8000
uR	265.210	90.000	0.0006	1.0000	0.0000	6.8000
E	266.823	90.000	49.8764	211.9221	0.3053	0.4237	0.0000	6.8000
dPolE	266.823	90.000	99.9899	1.0000	0.0000	6.8000
uR	266.823	90.000	0.0007	1.0000	0.0000	6.8000
E	268.437	90.000	39.1375	86.8115	0.2993	0.6201	0.0000	6.8000
dPolE	268.437	90.000	99.9892	1.0000	0.0000	6.8000
uR	268.437	90.000	0.0006	1.0000	0.0000	6.8000
E	270.051	90.000	26.1793	182.3289	0.2745	0.3572	0.0000	6.8000
dPolE	270.051	90.000	99.8905	1.0000	0.0000	6.8000
uR	270.051	90.000	0.0011	1.0000	0.0000	6.8000
E	271.665	90.000	46.1281	42.1155	0.2625	0.4063	0.0000	6.8000
dPolE	271.665	90.000	99.9927	1.0000	0.0000	6.8000
uR	271.665	90.000	0.0007	1.0000	0.0000	6.8000
E	273.279	90.000	53.5061	13.1626	0.2857	0.3336	0.0000	6.8000
dPolE	273.279	90.000	99.9546	1.0000	0.0000	6.8000
uR	273.279	90.000	0.0006	1.0000	0.0000	6.8000
E	274.892	90.000	37.5086	225.6078	0.2904	0.4896	0.0000	6.8000
dPolE	274.892	90.000	99.9842	1.0000	0.0000	6.8000
uR	274.892	90.000	0.0007	1.0000	0.0000	6.8000
E	276.506	90.000	75.2772	8.2780	0.2694	0.6012	0.0000	6.8000
dPolE	276.506	90.000	99.9233	1.0000	0.0000	6.8000
uR	276.506	90.000	0.0009	1.0000	0.0000	6.8000
E	278.120	90.000	64.4118	91.8753	0.2303	0.6961	0.0000	6.8000
dPolE	278.120	90.000	99.9852	1.0000	0.0000	6.8000
uR	278.120	90.000	0.0005	1.0000	0.0000	6.8000
E	279.734	90.000	41.1983	341.1494	0.2712	0.3321	0.0000	6.8000
dPolE	279.734	90.000	99.9879	1.0000	0.0000	6.8000
uR	279.734	90.000	0.0004	1.0000	0.0000	6.8000
E	281.349	90.000	74.7200	161.2720	0.2478	0.6116	0.0000	6.8000
dPolE	281.349	90.000	99.8717	1.0000	0.0000	6.8000
uR	281.349	90.000	0.0009	1.0000	0.0000	6.8000
E	282.963	90.000	44.7310	201.6805	0.2663	0.3380	0.0000	6.8000
dPolE	282.963	90.000	99.9811	1.0000	0.0000	6.8000
uR	282.963	90.000	0.0005	1.0000	0.0000	6.8000
E	284.577	90.000	37.7780	37.8400	0.2520	0.3969	0.0000	6.8000
dPolE	284.577	90.000	99.9723	1.0000	0.0000	6.8000
uR	284.577	90.000	0.0005	1.0000	0.0000	6.8000
E	286.191	90.000	78.6407	185.4190	0.2439	0.7236	0.0000	6.8000
dPolE	286.191	90.000	99.9063	1.0000	0.0000	6.8000
uR	286.191	90.000	0.0008	1.0000	0.0000	6.8000
E	287.805	90.000	14.3722	116.9691	0.1911	0.9610	0.0000	6.8000
dPolE	287.805	90.000	99.9861	1.0000	0.0000	6.8000
uR	287.805	90.000	0.0006	1.0000	0.0000	6.8000
E	289.420	90.000	60.0000	11.7982	0.2317	0.3231	0.0000	6.8000
dPolE	289.420	90.000	99.9394	1.0000	0.0000	6.8000
uR	289.420	90.000	0.0006	1.0000	0.0000	6.8000
E	291.034	90.000	37.1722	167.3274	0.2336	0.2969	0.0000	6.8000
dPolE	291.034	90.000	99.9784	1.0000	0.0000	6.8000
uR	291.034	90.000	0.0004	1.0000	0.0000	6.8000
E	292.649	90.000	12.9663	148.0689	0.2099	0.7584	0.0000	6.8000
dPolE	292.649	90.000	99.9932	1.0000	0.0000	6.8000
uR	292.649	90.000	0.0005	1.0000	0.0000	6.8000
E	294.263	90.000	61.1746	134.9437	0.2211	0.4530	0.0000	6.8000
dPolE	294.263	90.000	99.9772	1.0000	0.0000	6.8000
uR	294.263	90.000	0.0004	1.0000	0.0000	6.8000
E	295.877	90.000	78.9286	2.1041	0.2303	0.7438	0.0000	6.8000
dPolE	295.877	90.000	99.8929	1.0000	0.0000	6.8000
uR	295.877	90.000	0.0007	1.0000	0.0000	6.8000
E	297.492	90.000	48.2381	87.9634	0.2196	0.4436	0.0000	6.8000
dPolE	297.492	90.000	99.9969	1.0000	0.0000	6.8000
uR	297.492	90.000	0.0003	1.0000	0.0000	6.8000
E	299.107	90.000	41.4872	2.1561	0.2012	0.2525	0.0000	6.8000
dPolE	299.107	90.000	99.9953	1.0000	0.0000	6.8000
uR	299.107	90.000	0.0004	1.0000	0.0000	6.8000
E	300.721	90.000	5.9841	43.1055	0.1851	1.7206	0.0000	6.8000
dPolE	300.721	90.000	99.9877	1.0000	0.0000	6.8000
uR	300.721	90.000	0.0003	1.0000	0.0000	6.8000
E	302.336	90.000	36.5011	249.1986	0.1998	0.4111	0.0000	6.8000
dPolE	302.336	90.000	99.9993	1.0000	0.0000	6.8000
uR	302.336	90.000	0.0004	1.0000	0.0000	6.8000
E	303.950	90.000	24.1560	46.9931	0.1871	0.4609	0.0000	6.8000
dPolE	303.950	90.000	99.9795	1.0000	0.0000	6.8000
uR	303.950	90.000	0.0005	1.0000	0.0000	6.8000
E	305.565	90.000	63.2895	347.7270	0.2092	0.3539	0.0000	6.8000
dPolE	305.565	90.000	99.9803	1.0000	0.0000	6.8000
uR	305.565	90.000	0.0005	1.0000	0.0000	6.8000
E	307.180	90.000	70.0715	175.7286	0.2032	0.4224	0.0000	6.8000
dPolE	307.180	90.000	99.9815	1.0000	0.0000	6.8000
uR	307.180	90.000	0.0005	1.0000	0.0000	6.8000
E	308.795	90.000	64.4005	192.9463	0.1994	0.3560	0.0000	6.8000
dPolE	308.795	90.000	99.9813	1.0000	0.0000	6.8000
uR	308.795	90.000	0.0004	1.0000	0.0000	6.8000
E	310.410	90.000	7.1021	10.9887	0.1883	1.0785	0.0000	6.8000
dPolE	310.410	90.000	99.9988	1.0000	0.0000	6.8000
uR	310.410	90.000	0.0004	1.0000	0.0000	6.8000
E	312.024	90.000	16.9280	341.1415	0.1923	0.5114	0.0000	6.8000
dPolE	312.024	90.000	99.9986	1.0000	0.0000	6.8000
uR	312.024	90.000	0.0002	1.0000	0.0000	6.8000
E	313.639	90.000	52.3300	29.0209	0.1824	0.2947	0.0000	6.8000
dPolE	313.639	90.000	99.9835	1.0000	0.0000	6.8000
uR	313.639	90.000	0.0003	1.0000	0.0000	6.8000
E	315.254	90.000	83.0681	90.9697	0.1382	1.5846	0.0000	6.8000
dPolE	315.254	90.000	99.9796	1.0000	0.0000	6.8000
uR	315.254	90.000	0.0004	1.0000	0.0000	6.8000
E	316.869	90.000	33.4711	341.5166	0.1819	0.2964	0.0000	6.8000
dPolE	316.869	90.000	99.9957	1.0000	0.0000	6.8000
uR	316.869	90.000	0.0004	1.0000	0.0000	6.8000
E	318.484	90.000	66.1503	286.5017	0.1566	0.4645	0.0000	6.8000
dPolE	318.484	90.000	99.9999	1.0000	0.0000	6.8000
uR	318.484	90.000	0.0003	1.0000	0.0000	6.8000
E	320.099	90.000	26.0010	319.8963	0.1704	0.3833	0.0000	6.8000
dPolE	320.099	90.000	99.9959	1.0000	0.0000	6.8000
uR	320.099	90.000	0.0004	1.0000	0.0000	6.8000
E	321.714	90.000	63.4140	168.6357	0.1759	0.3310	0.0000	6.8000
dPolE	321.714	90.000	99.9610	1.0000	0.0000	6.8000
uR	321.714	90.000	0.0005	1.0000	0.0000	6.8000
E	323.330	90.000	75.4465	286.0101	0.1389	0.6785	0.0000	6.8000
dPolE	323.330	90.000	99.9943	1.0000	0.0000	6.8000
uR	323.330	90.000	0.0004	1.0000	0.0000	6.8000
E	324.945	90.000	72.8205	293.0229	0.1548	0.6115	0.0000	6.8000
dPolE	324.945	90.000	99.9789	1.0000	0.0000	6.8000
uR	324.945	90.000	0.0003	1.0000	0.0000	6.8000
E	326.560	90.000	10.5920	282.3921	0.1396	0.9445	0.0000	6.8000
dPolE	326.560	90.000	99.9999	1.0000	0.0000	6.8000
uR	326.560	90.000	0.0003	1.0000	0.0000	6.8000
E	328.175	90.000	62.3789	299.6519	0.1632	0.3973	0.0000	6.8000
dPolE	328.175	90.000	99.9882	1.0000	0.0000	6.8000
uR	328.175	90.000	0.0004	1.0000	0.0000	6.8000
E	329.790	90.000	58.5061	108.0455	0.1533	0.3507	0.0000	6.8000
dPolE	329.790	90.000	99.9973	1.0000	0.0000	6.8000
uR	329.790	90.000	0.0003	1.0000	0.0000	6.8000
E	331.406	90.000	13.0317	84.2427	0.1366	0.7425	0.0000	6.8000
dPolE	331.406	90.000	99.9650	1.0000	0.0000	6.8000
uR	331.406	90.000	0.0005	1.0000	0.0000	6.8000
E	333.021	90.000	22.9813	167.1108	0.1672	0.3776	0.0000	6.8000
dPolE	333.021	90.000	99.9903	1.0000	0.0000	6.8000
uR	333.021	90.000	0.0005	1.0000	0.0000	6.8000
E	334.636	90.000	67.1076	172.5126	0.1397	0.3137	0.0000	6.8000
dPolE	334.636	90.000	99.9874	1.0000	0.0000	6.8000
uR	334.636	90.000	0.0003	1.0000	0.0000	6.8000
E	336.251	90.000	35.4189	271.6055	0.1545	0.3334	0.0000	6.8000
dPolE	336.251	90.000	99.9989	1.0000	0.0000	6.8000
uR	336.251	90.000	0.0003	1.0000	0.0000	6.8000
E	337.867	90.000	27.4907	70.8883	0.1493	0.3766	0.0000	6.8000
dPolE	337.867	90.000	99.9968	1.0000	0.0000	6.8000
uR	337.867	90.000	0.0002	1.0000	0.0000	6.8000
E	339.482	90.000	32.9805	62.4594	0.1506	0.3252	0.0000	6.8000
dPolE	339.482	90.000	99.9838	1.0000	0.0000	6.8000
uR	339.482	90.000	0.0003	1.0000	0.0000	6.8000
E	341.098	90.000	81.3670	285.8002	0.1356	1.0532	0.0000	6.8000
dPolE	341.098	90.000	99.9845	1.0000	0.0000	6.8000
uR	341.098	90.000	0.0003	1.0000	0.0000	6.8000
E	342.713	90.000	55.6890	106.4905	0.1555	0.3361	0.0000	6.8000
dPolE	342.713	90.000	99.9896	1.0000	0.0000	6.8000
uR	342.713	90.000	0.0003	1.0000	0.0000	6.8000
E	344.329	90.000	29.6818	84.1649	0.1458	0.3513	0.0000	6.8000
dPolE	344.329	90.000	99.9757	1.0000	0.0000	6.8000
uR	344.329	90.000	0.0004	1.0000	0.0000	6.8000
E	345.944	90.000	34.9242	214.7469	0.1515	0.2937	0.0000	6.8000
dPolE	345.944	90.000	99.9890	1.0000	0.0000	6.8000
uR	345.944	90.000	0.0004	1.0000	0.0000	6.8000
E	347.560	90.000	25.0123	238.6681	0.1402	0.3677	0.0000	6.8000
dPolE	347.560	90.000	99.9955	1.0000	0.0000	6.8000
uR	347.560	90.000	0.0002	1.0000	0.0000	6.8000
E	349.175	90.000	31.2703	283.7038	0.1493	0.3430	0.0000	6.8000
dPolE	349.175	90.000	99.9912	1.0000	0.0000	6.8000
uR	349.175	90.000	0.0004	1.0000	0.0000	6.8000
E	350.791	90.000	53.2172	256.7721	0.1457	0.3046	0.0000	6.8000
dPolE	350.791	90.000	99.9970	1.0000	0.0000	6.8000
uR	350.791	90.000	0.0004	1.0000	0.0000	6.8000
E	352.406	90.000	32.0986	326.8062	0.1456	0.2995	0.0000	6.8000
dPolE	352.406	90.000	99.9963	1.0000	0.0000	6.8000
uR	352.406	90.000	0.0002	1.0000	0.0000	6.8000
E	354.022	90.000	45.6111	341.7991	0.1438	0.2579	0.0000	6.8000
dPolE	354.022	90.000	99.9973	1.0000	0.0000	6.8000
uR	354.022	90.000	0.0003	1.0000	0.0000	6.8000
E	355.638	90.000	37.4498	211.6414	0.1398	0.2670	0.0000	6.8000
dPolE	355.638	90.000	99.9982	1.0000	0.0000	6.8000
uR	355.638	90.000	0.0003	1.0000	0.0000	6.8000
E	357.253	90.000	50.2014	137.1001	0.1404	0.2709	0.0000	6.8000
dPolE	357.253	90.000	99.9981	1.0000	0.0000	6.8000
uR	357.253	90.000	0.0003	1.0000	0.0000	6.8000
E	358.869	90.000	43.2297	231.6319	0.1388	0.2689	0.0000	6.8000
dPolE	358.869	90.000	99.9992	1.0000	0.0000	6.8000
uR	358.869	90.000	0.0003	1.0000	0.0000	6.8000
E	360.485	90.000	70.4616	0.5109	0.1323	0.3829	0.0000	6.8000
dPolE	360.485	90.000	99.9859	1.0000	0.0000	6.8000
uR	360.485	90.000	0.0003	1.0000	0.0000	6.8000
E	362.100	90.000	50.6326	72.7108	0.1389	0.2818	0.0000	6.8000
dPolE	362.100	90.000	99.9940	1.0000	0.0000	6.8000
uR	362.100	90.000	0.0004	1.0000	0.0000	6.8000
E	363.716	90.000	32.0299	326.4534	0.1365	0.2861	0.0000	6.8000
dPolE	363.716	90.000	99.9999	1.0000	0.0000	6.8000
uR	363.716	90.000	0.0002	1.0000	0.0000	6.8000
E	365.332	90.000	76.6034	283.8606	0.1299	0.6113	0.0000	6.8000
dPolE	365.332	90.000	99.9879	1.0000	0.0000	6.8000
uR	365.332	90.000	0.0002	1.0000	0.0000	6.8000
E	366.948	90.000	43.4017	231.9727	0.1229	0.2392	0.0000	6.8000
dPolE	366.948	90.000	99.9917	1.0000	0.0000	6.8000
uR	366.948	90.000	0.0003	1.0000	0.0000	6.8000
E	368.563	90.000	41.6499	33.6796	0.1333	0.2539	0.0000	6.8000
dPolE	368.563	90.000	99.9995	1.0000	0.0000	6.8000
uR	368.563	90.000	0.0002	1.0000	0.0000	6.8000
E	370.179	90.000	25.5700	84.4116	0.1311	0.3475	0.0000	6.8000
dPolE	370.179	90.000	99.9945	1.0000	0.0000	6.8000
uR	370.179	90.000	0.0003	1.0000	0.0000	6.8000
E	371.795	90.000	74.3075	184.4244	0.1380	0.4869	0.0000	6.8000
dPolE	371.795	90.000	99.9813	1.0000	0.0000	6.8000
uR	371.795	90.000	0.0004	1.0000	0.0000	6.8000
E	373.411	90.000	51.2671	19.2492	0.1239	0.2376	0.0000	6.8000
dPolE	373.411	90.000	99.9982	1.0000	0.0000	6.8000
uR	373.411	90.000	0.0004	1.0000	0.0000	6.8000
E	375.027	90.000	41.5025	44.1240	0.1221	0.2388	0.0000	6.8000
dPolE	375.027	90.000	99.9851	1.0000	0.0000	6.8000
uR	375.027	90.000	0.0005	1.0000	0.0000	6.8000
E	376.643	90.000	63.1471	4.5065	0.1331	0.3108	0.0000	6.8000
dPolE	376.643	90.000	99.9815	1.0000	0.0000	6.8000
uR	376.643	90.000	0.0004	1.0000	0.0000	6.8000
E	378.258	90.000	13.3063	102.6725	0.1260	0.5903	0.0000	6.8000
dPolE	378.258	90.000	99.9906	1.0000	0.0000	6.8000
uR	378.258	90.000	0.0005	1.0000	0.0000	6.8000
E	379.874	90.000	26.1065	262.8372	0.1293	0.3350	0.0000	6.8000
dPolE	379.874	90.000	99.9994	1.0000	0.0000	6.8000
uR	379.874	90.000	0.0004	1.0000	0.0000	6.8000
E	381.490	90.000	21.0754	331.6440	0.1218	0.3494	0.0000	6.8000
dPolE	381.490	90.000	99.9989	1.0000	0.0000	6.8000
uR	381.490	90.000	0.0002	1.0000	0.0000	6.8000
E	383.106	90.000	72.7708	273.3573	0.1257	0.4598	0.0000	6.8000
dPolE	383.106	90.000	99.9901	1.0000	0.0000	6.8000
uR	383.106	90.000	0.0004	1.0000	0.0000	6.8000
E	384.722	90.000	44.4740	37.1099	0.1286	0.2492	0.0000	6.8000
dPolE	384.722	90.000	99.9601	1.0000	0.0000	6.8000
uR	384.722	90.000	0.0005	1.0000	0.0000	6.8000
E	386.338	90.000	50.4606	37.3347	0.1239	0.2438	0.0000	6.8000
dPolE	386.338	90.000	99.9827	1.0000	0.0000	6.8000
uR	386.338	90.000	0.0003	1.0000	0.0000	6.8000
E	387.954	90.000	10.9430	10.1060	0.1249	0.6311	0.0000	6.8000
dPolE	387.954	90.000	99.9975	1.0000	0.0000	6.8000
uR	387.954	90.000	0.0002	1.0000	0.0000	6.8000
E	389.570	90.000	26.0633	41.5013	0.1138	0.2816	0.0000	6.8000
dPolE	389.570	90.000	99.9986	1.0000	0.0000	6.8000
uR	389.570	90.000	0.0002	1.0000	0.0000	6.8000
E	391.186	90.000	38.3240	18.8316	0.1194	0.2341	0.0000	6.8000
dPolE	391.186	90.000	99.9969	1.0000	0.0000	6.8000
uR	391.186	90.000	0.0002	1.0000	0.0000	6.8000
E	392.802	90.000	41.8799	317.7634	0.1216	0.2384	0.0000	6.8000
dPolE	392.802	90.000	99.9910	1.0000	0.0000	6.8000
uR	392.802	90.000	0.0002	1.0000	0.0000	6.8000
E	394.418	90.000	34.3859	11.4818	0.1285	0.2626	0.0000	6.8000
dPolE	394.418	90.000	99.9819	1.0000	0.0000	6.8000
uR	394.418	90.000	0.0004	1.0000	0.0000	6.8000
E	396.034	90.000	44.9475	36.4970	0.1263	0.2432	0.0000	6.8000
dPolE	396.034	90.000	99.9915	1.0000	0.0000	6.8000
uR	396.034	90.000	0.0003	1.0000	0.0000	6.8000
E	397.650	90.000	35.1953	56.3179	0.1172	0.2453	0.0000	6.8000
dPolE	397.650	90.000	99.9825	1.0000	0.0000	6.8000
uR	397.650	90.000	0.0003	1.0000	0.0000	6.8000
E	399.266	90.000	48.5426	30.8735	0.1248	0.2404	0.0000	6.8000
dPolE	399.266	90.000	99.9199	1.0000	0.0000	6.8000
uR	399.266	90.000	0.0006	1.0000	0.0000	6.8000
E	400.882	90.000	50.9799	23.1130	0.1174	0.2293	0.0000	6.8000
dPolE	400.882	90.000	99.9612	1.0000	0.0000	6.8000
uR	400.882	90.000	0.0004	1.0000	0.0000	6.8000
E	402.498	90.000	46.0480	16.4306	0.1177	0.2249	0.0000	6.8000
dPolE	402.498	90.000	99.9480	1.0000	0.0000	6.8000
uR	402.498	90.000	0.0005	1.0000	0.0000	6.8000
E	404.114	90.000	41.2331	18.4220	0.1234	0.2373	0.0000	6.8000
dPolE	404.114	90.000	99.8166	1.0000	0.0000	6.8000
uR	404.114	90.000	0.0009	1.0000	0.0000	6.8000
E	405.730	90.000	41.7608	15.5312	0.1133	0.2150	0.0000	6.8000
dPolE	405.730	90.000	99.7734	1.0000	0.0000	6.8000
uR	405.730	90.000	0.0009	1.0000	0.0000	6.8000
E	407.346	90.000	51.0432	11.2676	0.1199	0.2293	0.0000	6.8000
dPolE	407.346	90.000	99.7152	1.0000	0.0000	6.8000
uR	407.346	90.000	0.0010	1.0000	0.0000	6.8000
E	408.962	90.000	48.0503	12.3227	0.1187	0.2232	0.0000	6.8000
dPolE	408.962	90.000	99.6392	1.0000	0.0000	6.8000
uR	408.962	90.000	0.0012	1.0000	0.0000	6.8000
E	410.578	90.000	46.1174	16.8680	0.1180	0.2225	0.0000	6.8000
dPolE	410.578	90.000	99.3915	1.0000	0.0000	6.8000
uR	410.578	90.000	0.0015	1.0000	0.0000	6.8000
E	412.194	90.000	43.4734	20.4988	0.1180	0.2244	0.0000	6.8000
dPolE	412.194	90.000	99.2764	1.0000	0.0000	6.8000
uR	412.194	90.000	0.0017	1.0000	0.0000	6.8000
E	413.810	90.000	45.7393	15.5547	0.1157	0.2187	0.0000	6.8000
dPolE	413.810	90.000	99.0116	1.0000	0.0000	6.8000
uR	413.810	90.000	0.0020	1.0000	0.0000	6.8000
E	415.426	90.000	44.0837	18.6742	0.1122	0.2110	0.0000	6.8000
dPolE	415.426	90.000	98.5213	1.0000	0.0000	6.8000
uR	415.426	90.000	0.0024	1.0000	0.0000	6.8000
E	417.042	90.000	45.0189	16.1530	0.1133	0.2102	0.0000	6.8000
dPolE	417.042	90.000	98.2947	1.0000	0.0000	6.8000
uR	417.042	90.000	0.0025	1.0000	0.0000	6.8000
E	418.658	90.000	45.3273	17.4771	0.1091	0.2018	0.0000	6.8000
dPolE	418.658	90.000	97.7275	1.0000	0.0000	6.8000
uR	418.658	90.000	0.0030	1.0000	0.0000	6.8000
E	420.274	90.000	45.9071	15.2533	0.1062	0.1964	0.0000	6.8000
dPolE	420.274	90.000	97.1563	1.0000	0.0000	6.8000
uR	420.274	90.000	0.0033	1.0000	0.0000	6.8000
E	421.890	90.000	45.5276	15.4029	0.1010	0.1875	0.0000	6.8000
dPolE	421.890	90.000	96.8859	1.0000	0.0000	6.8000
uR	421.890	90.000	0.0037	1.0000	0.0000	6.8000
E	423.506	90.000	44.6264	14.9529	0.1034	0.1924	0.0000	6.8000
dPolE	423.506	90.000	96.5812	1.0000	0.0000	6.8000
uR	423.506	90.000	0.0040	1.0000	0.0000	6.8000
E	425.122	90.000	44.8686	14.7446	0.0996	0.1846	0.0000	6.8000
dPolE	425.122	90.000	96.2932	1.0000	0.0000	6.8000
uR	425.122	90.000	0.0044	1.0000	0.0000	6.8000
E	426.738	90.000	45.0483	14.9080	0.1081	0.1987	0.0000	6.8000
dPolE	426.738	90.000	95.6181	1.0000	0.0000	6.8000
uR	426.738	90.000	0.0046	1.0000	0.0000	6.8000
E	428.355	90.000	45.4680	14.9724	0.1025	0.1862	0.0000	6.8000
dPolE	428.355	90.000	95.3722	1.0000	0.0000	6.8000
uR	428.355	90.000	0.0051	1.0000	0.0000	6.8000
E	429.971	90.000	44.5643	14.0390	0.1023	0.1844	0.0000	6.8000
dPolE	429.971	90.000	94.5864	1.0000	0.0000	6.8000
uR	429.971	90.000	0.0054	1.0000	0.0000	6.8000
E	431.587	90.000	44.6792	14.6782	0.1011	0.1825	0.0000	6.8000
dPolE	431.587	90.000	93.7659	1.0000	0.0000	6.8000
uR	431.587	90.000	0.0058	1.0000	0.0000	6.8000
E	433.203	90.000	45.0011	13.3965	0.0995	0.1799	0.0000	6.8000
dPolE	433.203	90.000	93.3360	1.0000	0.0000	6.8000
uR	433.203	90.000	0.0064	1.0000	0.0000	6.8000
E	434.819	90.000	45.8076	14.3853	0.0924	0.1679	0.0000	6.8000
dPolE	434.819	90.000	92.9468	1.0000	0.0000	6.8000
uR	434.819	90.000	0.0067	1.0000	0.0000	6.8000
E	436.435	90.000	44.6887	13.1774	0.0920	0.1664	0.0000	6.8000
dPolE	436.435	90.000	91.5866	1.0000	0.0000	6.8000
uR	436.435	90.000	0.0070	1.0000	0.0000	6.8000
E	438.051	90.000	44.7771	11.5470	0.0985	0.1763	0.0000	6.8000
dPolE	438.051	90.000	90.6898	1.0000	0.0000	6.8000
uR	438.051	90.000	0.0073	1.0000	0.0000	6.8000
E	439.667	90.000	44.6918	13.3059	0.0958	0.1698	0.0000	6.8000
dPolE	439.667	90.000	89.1752	1.0000	0.0000	6.8000
uR	439.667	90.000	0.0078	1.0000	0.0000	6.8000
E	441.283	90.000	45.1873	11.6693	0.0977	0.1713	0.0000	6.8000
dPolE	441.283	90.000	87.5087	1.0000	0.0000	6.8000
uR	441.283	90.000	0.0084	1.0000	0.0000	6.8000
E	442.899	90.000	44.8748	12.3856	0.0918	0.1604	0.0000	6.8000
dPolE	442.899	90.000	87.4640	1.0000	0.0000	6.8000
uR	442.899	90.000	0.0087	1.0000	0.0000	6.8000
E	444.515	90.000	45.0101	12.7270	0.0903	0.1580	0.0000	6.8000
dPolE	444.515	90.000	87.4329	1.0000	0.0000	6.8000
uR	444.515	90.000	0.0088	1.0000	0.0000	6.8000
E	446.131	90.000	45.0689	12.1780	0.0871	0.1530	0.0000	6.8000
dPolE	446.131	90.000	87.5024	1.0000	0.0000	6.8000
uR	446.131	90.000	0.0092	1.0000	0.0000	6.8000
E	447.747	90.000	45.2909	11.2071	0.0890	0.1561	0.0000	6.8000
dPolE	447.747	90.000	85.8736	1.0000	0.0000	6.8000
uR	447.747	90.000	0.0097	1.0000	0.0000	6.8000
E	449.363	90.000	45.1205	11.3218	0.0883	0.1542	0.0000	6.8000
dPolE	449.363	90.000	84.3662	1.0000	0.0000	6.8000
uR	449.363	90.000	0.0101	1.0000	0.0000	6.8000
E	450.979	90.000	45.1556	10.8384	0.0844	0.1458	0.0000	6.8000
dPolE	450.979	90.000	81.1549	1.0000	0.0000	6.8000
uR	450.979	90.000	0.0105	1.0000	0.0000	6.8000
E	452.594	90.000	44.9618	10.7703	0.0866	0.1479	0.0000	6.8000
dPolE	452.594	90.000	79.6141	1.0000	0.0000	6.8000
uR	452.594	90.000	0.0110	1.0000	0.0000	6.8000
E	454.210	90.000	44.6153	10.9658	0.0858	0.1451	0.0000	6.8000
dPolE	454.210	90.000	80.9786	1.0000	0.0000	6.8000
uR	454.210	90.000	0.0114	1.0000	0.0000	6.8000
E	455.826	90.000	44.8819	10.2968	0.0897	0.1509	0.0000	6.8000
dPolE	455.826	90.000	79.8330	1.0000	0.0000	6.8000
uR	455.826	90.000	0.0116	1.0000	0.0000	6.8000
E	457.442	90.000	44.7831	10.0837	0.0860	0.1449	0.0000	6.8000
dPolE	457.442	90.000	79.0120	1.0000	0.0000	6.8000
uR	457.442	90.000	0.0118	1.0000	0.0000	6.8000
E	459.058	90.000	44.7485	10.4455	0.0842	0.1422	0.0000	6.8000
dPolE	459.058	90.000	77.9630	1.0000	0.0000	6.8000
uR	459.058	90.000	0.0120	1.0000	0.0000	6.8000
E	460.674	90.000	44.8928	9.7982	0.0801	0.1354	0.0000	6.8000
dPolE	460.674	90.000	76.5722	1.0000	0.0000	6.8000
uR	460.674	90.000	0.0123	1.0000	0.0000	6.8000
E	462.290	90.000	44.8448	9.9975	0.0803	0.1352	0.0000	6.8000
dPolE	462.290	90.000	74.1591	1.0000	0.0000	6.8000
uR	462.290	90.000	0.0128	1.0000	0.0000	6.8000
E	463.906	90.000	44.8306	10.2884	0.0766	0.1279	0.0000	6.8000
dPolE	463.906	90.000	71.5816	1.0000	0.0000	6.8000
uR	463.906	90.000	0.0133	1.0000	0.0000	6.8000
E	465.521	90.000	44.7279	9.9621	0.0753	0.1242	0.0000	6.8000
dPolE	465.521	90.000	69.6729	1.0000	0.0000	6.8000
uR	465.521	90.000	0.0135	1.0000	0.0000	6.8000
E	467.137	90.000	45.3126	9.8396	0.0708	0.1153	0.0000	6.8000
dPolE	467.137	90.000	67.2133	1.0000	0.0000	6.8000
uR	467.137	90.000	0.0138	1.0000	0.0000	6.8000
E	468.753	90.000	45.2313	9.6175	0.0736	0.1191	0.0000	6.8000
dPolE	468.753	90.000	63.4806	1.0000	0.0000	6.8000
uR	468.753	90.000	0.0139	1.0000	0.0000	6.8000
E	470.369	90.000	44.9877	9.5264	0.0719	0.1160	0.0000	6.8000
dPolE	470.369	90.000	64.8963	1.0000	0.0000	6.8000
uR	470.369	90.000	0.0143	1.0000	0.0000	6.8000
E	471.985	90.000	44.8341	9.1685	0.0743	0.1201	0.0000	6.8000
dPolE	471.985	90.000	66.4463	1.0000	0.0000	6.8000
uR	471.985	90.000	0.0148	1.0000	0.0000	6.8000
E	473.600	90.000	45.1252	9.7221	0.0774	0.1255	0.0000	6.8000
dPolE	473.600	90.000	66.1064	1.0000	0.0000	6.8000
uR	473.600	90.000	0.0150	1.0000	0.0000	6.8000
E	475.216	90.000	44.7633	8.5897	0.0733	0.1185	0.0000	6.8000
dPolE	475.216	90.000	69.3618	1.0000	0.0000	6.8000
uR	475.216	90.000	0.0152	1.0000	0.0000	6.8000
E	476.832	90.000	45.1412	8.9562	0.0798	0.1286	0.0000	6.8000
dPolE	476.832	90.000	71.0935	1.0000	0.0000	6.8000
uR	476.832	90.000	0.0155	1.0000	0.0000	6.8000
E	478.448	90.000	44.8454	8.7481	0.0808	0.1289	0.0000	6.8000
dPolE	478.448	90.000	70.1716	1.0000	0.0000	6.8000
uR	478.448	90.000	0.0159	1.0000	0.0000	6.8000
E	480.063	90.000	44.9611	8.7809	0.0786	0.1241	0.0000	6.8000
dPolE	480.063	90.000	68.5281	1.0000	0.0000	6.8000
uR	480.063	90.000	0.0161	1.0000	0.0000	6.8000
E	481.679	90.000	44.9537	8.7256	0.0743	0.1159	0.0000	6.8000
dPolE	481.679	90.000	68.6937	1.0000	0.0000	6.8000
uR	481.679	90.000	0.0163	1.0000	0.0000	6.8000
E	483.294	90.000	45.0126	8.4627	0.0754	0.1166	0.0000	6.8000
dPolE	483.294	90.000	64.4640	1.0000	0.0000	6.8000
uR	483.294	90.000	0.0165	1.0000	0.0000	6.8000
E	484.910	90.000	44.7354	8.6428	0.0776	0.1196	0.0000	6.8000
dPolE	484.910	90.000	67.5861	1.0000	0.0000	6.8000
uR	484.910	90.000	0.0166	1.0000	0.0000	6.8000
E	486.526	90.000	45.2819	8.1094	0.0769	0.1186	0.0000	6.8000
dPolE	486.526	90.000	68.1407	1.0000	0.0000	6.8000
uR	486.526	90.000	0.0172	1.0000	0.0000	6.8000
E	488.141	90.000	44.7880	8.0212	0.0785	0.1214	0.0000	6.8000
dPolE	488.141	90.000	67.0655	1.0000	0.0000	6.8000
uR	488.141	90.000	0.0173	1.0000	0.0000	6.8000
E	489.757	90.000	44.8766	8.5010	0.0787	0.1218	0.0000	6.8000
dPolE	489.757	90.000	67.1831	1.0000	0.0000	6.8000
uR	489.757	90.000	0.0173	1.0000	0.0000	6.8000
E	491.372	90.000	44.9807	8.1569	0.0785	0.1210	0.0000	6.8000
dPolE	491.372	90.000	65.1077	1.0000	0.0000	6.8000
uR	491.372	90.000	0.0175	1.0000	0.0000	6.8000
E	492.988	90.000	44.6779	7.4976	0.0747	0.1143	0.0000	6.8000
dPolE	492.988	90.000	63.2527	1.0000	0.0000	6.8000
uR	492.988	90.000	0.0179	1.0000	0.0000	6.8000
E	494.603	90.000	44.9018	7.6337	0.0724	0.1099	0.0000	6.8000
dPolE	494.603	90.000	63.6745	1.0000	0.0000	6.8000
uR	494.603	90.000	0.0181	1.0000	0.0000	6.8000
E	496.219	90.000	44.7978	7.7197	0.0793	0.1189	0.0000	6.8000
dPolE	496.219	90.000	65.1184	1.0000	0.0000	6.8000
uR	496.219	90.000	0.0183	1.0000	0.0000	6.8000
E	497.834	90.000	45.0272	7.6486	0.0834	0.1237	0.0000	6.8000
dPolE	497.834	90.000	65.2650	1.0000	0.0000	6.8000
uR	497.834	90.000	0.0183	1.0000	0.0000	6.8000
E	499.450	90.000	44.7647	7.2662	0.0791	0.1164	0.0000	6.8000
dPolE	499.450	90.000	64.6285	1.0000	0.0000	6.8000
uR	499.450	90.000	0.0187	1.0000	0.0000	6.8000
E	501.065	90.000	44.8240	7.7931	0.0804	0.1181	0.0000	6.8000
dPolE	501.065	90.000	65.8039	1.0000	0.0000	6.8000
uR	501.065	90.000	0.0189	1.0000	0.0000	6.8000
E	502.680	90.000	45.2153	7.3970	0.0795	0.1167	0.0000	6.8000
dPolE	502.680	90.000	64.9838	1.0000	0.0000	6.8000
uR	502.680	90.000	0.0190	1.0000	0.0000	6.8000
E	504.296	90.000	45.2600	7.3058	0.0797	0.1172	0.0000	6.8000
dPolE	504.296	90.000	65.9390	1.0000	0.0000	6.8000
uR	504.296	90.000	0.0188	1.0000	0.0000	6.8000
E	505.911	90.000	44.8000	7.0109	0.0788	0.1158	0.0000	6.8000
dPolE	505.911	90.000	65.1493	1.0000	0.0000	6.8000
uR	505.911	90.000	0.0191	1.0000	0.0000	6.8000
E	507.526	90.000	45.1068	7.3693	0.0774	0.1136	0.0000	6.8000
dPolE	507.526	90.000	63.8978	1.0000	0.0000	6.8000
uR	507.526	90.000	0.0191	1.0000	0.0000	6.8000
E	509.141	90.000	44.8794	6.8945	0.0807	0.1178	0.0000	6.8000
dPolE	509.141	90.000	62.8675	1.0000	0.0000	6.8000
uR	509.141	90.000	0.0193	1.0000	0.0000	6.8000
E	510.756	90.000	44.7127	6.9388	0.0790	0.1143	0.0000	6.8000
dPolE	510.756	90.000	62.7449	1.0000	0.0000	6.8000
uR	510.756	90.000	0.0199	1.0000	0.0000	6.8000
E	512.372	90.000	44.8903	6.8749	0.0771	0.1104	0.0000	6.8000
dPolE	512.372	90.000	63.6532	1.0000	0.0000	6.8000
uR	512.372	90.000	0.0204	1.0000	0.0000	6.8000
E	513.987	90.000	44.6691	6.7395	0.0772	0.1093	0.0000	6.8000
dPolE	513.987	90.000	63.1234	1.0000	0.0000	6.8000
uR	513.987	90.000	0.0216	1.0000	0.0000	6.8000
E	515.602	90.000	44.8861	6.3542	0.0809	0.1136	0.0000	6.8000
dPolE	515.602	90.000	63.6649	1.0000	0.0000	6.8000
uR	515.602	90.000	0.0223	1.0000	0.0000	6.8000
E	517.217	90.000	45.0546	6.4140	0.0851	0.1189	0.0000	6.8000
dPolE	517.217	90.000	63.7562	1.0000	0.0000	6.8000
uR	517.217	90.000	0.0220	1.0000	0.0000	6.8000
E	518.832	90.000	45.2236	6.7271	0.0872	0.1216	0.0000	6.8000
dPolE	518.832	90.000	66.9107	1.0000	0.0000	6.8000
uR	518.832	90.000	0.0206	1.0000	0.0000	6.8000
E	520.447	90.000	44.7366	6.6085	0.0857	0.1193	0.0000	6.8000
dPolE	520.447	90.000	67.8843	1.0000	0.0000	6.8000
uR	520.447	90.000	0.0197	1.0000	0.0000	6.8000
E	522.062	90.000	44.9138	6.6355	0.0834	0.1163	0.0000	6.8000
dPolE	522.062	90.000	65.3726	1.0000	0.0000	6.8000
uR	522.062	90.000	0.0193	1.0000	0.0000	6.8000
E	523.677	90.000	44.7566	6.6196	0.0806	0.1125	0.0000	6.8000
dPolE	523.677	90.000	63.4910	1.0000	0.0000	6.8000
uR	523.677	90.000	0.0198	1.0000	0.0000	6.8000
E	525.292	90.000	45.1238	6.1206	0.0796	0.1107	0.0000	6.8000
dPolE	525.292	90.000	61.9037	1.0000	0.0000	6.8000
uR	525.292	90.000	0.0204	1.0000	0.0000	6.8000
E	526.907	90.000	44.9992	6.0623	0.0838	0.1159	0.0000	6.8000
dPolE	526.907	90.000	60.4056	1.0000	0.0000	6.8000
uR	526.907	90.000	0.0207	1.0000	0.0000	6.8000
E	528.521	90.000	44.9365	6.0739	0.0773	0.1063	0.0000	6.8000
dPolE	528.521	90.000	60.6646	1.0000	0.0000	6.8000
uR	528.521	90.000	0.0211	1.0000	0.0000	6.8000
E	530.136	90.000	45.0634	6.1474	0.0853	0.1160	0.0000	6.8000
dPolE	530.136	90.000	59.3805	1.0000	0.0000	6.8000
uR	530.136	90.000	0.0209	1.0000	0.0000	6.8000
E	531.751	90.000	45.0917	5.9882	0.0821	0.1106	0.0000	6.8000
dPolE	531.751	90.000	60.6259	1.0000	0.0000	6.8000
uR	531.751	90.000	0.0213	1.0000	0.0000	6.8000
E	533.366	90.000	45.0063	5.8103	0.0824	0.1100	0.0000	6.8000
dPolE	533.366	90.000	59.5047	1.0000	0.0000	6.8000
uR	533.366	90.000	0.0216	1.0000	0.0000	6.8000
E	534.980	90.000	45.1379	5.6080	0.0830	0.1100	0.0000	6.8000
dPolE	534.980	90.000	59.1362	1.0000	0.0000	6.8000
uR	534.980	90.000	0.0214	1.0000	0.0000	6.8000
E	536.595	90.000	45.1706	5.7142	0.0827	0.1092	0.0000	6.8000
dPolE	536.595	90.000	59.8086	1.0000	0.0000	6.8000
uR	536.595	90.000	0.0215	1.0000	0.0000	6.8000
E	538.210	90.000	45.1047	5.7111	0.0787	0.1037	0.0000	6.8000
dPolE	538.210	90.000	61.4288	1.0000	0.0000	6.8000
uR	538.210	90.000	0.0214	1.0000	0.0000	6.8000
E	539.824	90.000	44.8791	5.7454	0.0801	0.1057	0.0000	6.8000
dPolE	539.824	90.000	59.0024	1.0000	0.0000	6.8000
uR	539.824	90.000	0.0214	1.0000	0.0000	6.8000
E	541.439	90.000	44.8945	5.6842	0.0810	0.1069	0.0000	6.8000
dPolE	541.439	90.000	58.3752	1.0000	0.0000	6.8000
uR	541.439	90.000	0.0216	1.0000	0.0000	6.8000
E	543.053	90.000	44.9632	5.9752	0.0793	0.1047	0.0000	6.8000
dPolE	543.053	90.000	60.2364	1.0000	0.0000	6.8000
uR	543.053	90.000	0.0214	1.0000	0.0000	6.8000
E	544.668	90.000	44.7588	5.2198	0.0792	0.1043	0.0000	6.8000
dPolE	544.668	90.000	57.8405	1.0000	0.0000	6.8000
uR	544.668	90.000	0.0216	1.0000	0.0000	6.8000
E	546.282	90.000	44.7917	5.4208	0.0839	0.1099	0.0000	6.8000
dPolE	546.282	90.000	60.0441	1.0000	0.0000	6.8000
uR	546.282	90.000	0.0216	1.0000	0.0000	6.8000
E	547.896	90.000	44.9438	5.6913	0.0854	0.1110	0.0000	6.8000
dPolE	547.896	90.000	58.1371	1.0000	0.0000	6.8000
uR	547.896	90.000	0.0217	1.0000	0.0000	6.8000
E	549.511	90.000	44.8911	5.3036	0.0813	0.1048	0.0000	6.8000
dPolE	549.511	90.000	58.2694	1.0000	0.0000	6.8000
uR	549.511	90.000	0.0220	1.0000	0.0000	6.8000
E	551.125	90.000	44.7647	5.1494	0.0838	0.1069	0.0000	6.8000
dPolE	551.125	90.000	58.3389	1.0000	0.0000	6.8000
uR	551.125	90.000	0.0220	1.0000	0.0000	6.8000
E	552.739	90.000	44.9368	5.1976	0.0852	0.1076	0.0000	6.8000
dPolE	552.739	90.000	56.6612	1.0000	0.0000	6.8000
uR	552.739	90.000	0.0221	1.0000	0.0000	6.8000
E	554.353	90.000	44.7083	5.3913	0.0797	0.1001	0.0000	6.8000
dPolE	554.353	90.000	58.6476	1.0000	0.0000	6.8000
uR	554.353	90.000	0.0216	1.0000	0.0000	6.8000
E	555.968	90.000	44.9975	4.9526	0.0877	0.1096	0.0000	6.8000
dPolE	555.968	90.000	56.8347	1.0000	0.0000	6.8000
uR	555.968	90.000	0.0216	1.0000	0.0000	6.8000
E	557.582	90.000	44.7560	5.2497	0.0870	0.1084	0.0000	6.8000
dPolE	557.582	90.000	55.3194	1.0000	0.0000	6.8000
uR	557.582	90.000	0.0220	1.0000	0.0000	6.8000
E	559.196	90.000	44.9813	5.0959	0.0833	0.1036	0.0000	6.8000
dPolE	559.196	90.000	56.0001	1.0000	0.0000	6.8000
uR	559.196	90.000	0.0222	1.0000	0.0000	6.8000
E	560.810	90.000	45.0083	4.9460	0.0853	0.1061	0.0000	6.8000
dPolE	560.810	90.000	56.8344	1.0000	0.0000	6.8000
uR	560.810	90.000	0.0223	1.0000	0.0000	6.8000
E	562.424	90.000	45.1262	5.1447	0.0853	0.1064	0.0000	6.8000
dPolE	562.424	90.000	55.3886	1.0000	0.0000	6.8000
uR	562.424	90.000	0.0222	1.0000	0.0000	6.8000
E	564.038	90.000	44.6264	4.6178	0.0842	0.1047	0.0000	6.8000
dPolE	564.038	90.000	53.6121	1.0000	0.0000	6.8000
uR	564.038	90.000	0.0224	1.0000	0.0000	6.8000
E	565.651	90.000	44.6268	4.6829	0.0834	0.1035	0.0000	6.8000
dPolE	565.651	90.000	57.2761	1.0000	0.0000	6.8000
uR	565.651	90.000	0.0221	1.0000	0.0000	6.8000
E	567.265	90.000	44.9191	4.5283	0.0876	0.1082	0.0000	6.8000
dPolE	567.265	90.000	53.9843	1.0000	0.0000	6.8000
uR	567.265	90.000	0.0219	1.0000	0.0000	6.8000
E	568.879	90.000	44.9002	4.4496	0.0846	0.1038	0.0000	6.8000
dPolE	568.879	90.000	54.1892	1.0000	0.0000	6.8000
uR	568.879	90.000	0.0223	1.0000	0.0000	6.8000
E	570.493	90.000	44.9662	4.4420	0.0875	0.1064	0.0000	6.8000
dPolE	570.493	90.000	52.7424	1.0000	0.0000	6.8000
uR	570.493	90.000	0.0225	1.0000	0.0000	6.8000
E	572.106	90.000	44.6937	4.9886	0.0894	0.1081	0.0000	6.8000
dPolE	572.106	90.000	52.4789	1.0000	0.0000	6.8000
uR	572.106	90.000	0.0221	1.0000	0.0000	6.8000
E	573.720	90.000	44.8642	4.6884	0.0870	0.1041	0.0000	6.8000
dPolE	573.720	90.000	52.5441	1.0000	0.0000	6.8000
uR	573.720	90.000	0.0220	1.0000	0.0000	6.8000
E	575.333	90.000	45.1202	4.3227	0.0882	0.1046	0.0000	6.8000
dPolE	575.333	90.000	53.1241	1.0000	0.0000	6.8000
uR	575.333	90.000	0.0220	1.0000	0.0000	6.8000
E	576.947	90.000	44.8436	4.3132	0.0847	0.0998	0.0000	6.8000
dPolE	576.947	90.000	53.3977	1.0000	0.0000	6.8000
uR	576.947	90.000	0.0223	1.0000	0.0000	6.8000
E	578.560	90.000	44.9650	4.3671	0.0900	0.1057	0.0000	6.8000
dPolE	578.560	90.000	53.7832	1.0000	0.0000	6.8000
uR	578.560	90.000	0.0218	1.0000	0.0000	6.8000
E	580.174	90.000	44.9932	4.4187	0.0887	0.1039	0.0000	6.8000
dPolE	580.174	90.000	53.6275	1.0000	0.0000	6.8000
uR	580.174	90.000	0.0216	1.0000	0.0000	6.8000
E	581.787	90.000	44.8944	4.2405	0.0865	0.1013	0.0000	6.8000
dPolE	581.787	90.000	52.8319	1.0000	0.0000	6.8000
uR	581.787	90.000	0.0220	1.0000	0.0000	6.8000
E	583.400	90.000	44.9450	4.0400	0.0899	0.1051	0.0000	6.8000
dPolE	583.400	90.000	53.2296	1.0000	0.0000	6.8000
uR	583.400	90.000	0.0219	1.0000	0.0000	6.8000
E	585.014	90.000	45.1488	4.1922	0.0894	0.1046	0.0000	6.8000
dPolE	585.014	90.000	52.4977	1.0000	0.0000	6.8000
uR	585.014	90.000	0.0219	1.0000	0.0000	6.8000
E	586.627	90.000	45.0541	4.5542	0.0892	0.1044	0.0000	6.8000
dPolE	586.627	90.000	51.2388	1.0000	0.0000	6.8000
uR	586.627	90.000	0.0225	1.0000	0.0000	6.8000
E	588.240	90.000	44.7012	4.3335	0.0851	0.0993	0.0000	6.8000
dPolE	588.240	90.000	52.8084	1.0000	0.0000	6.8000
uR	588.240	90.000	0.0223	1.0000	0.0000	6.8000
E	589.853	90.000	45.1535	4.1614	0.0886	0.1030	0.0000	6.8000
dPolE	589.853	90.000	51.8278	1.0000	0.0000	6.8000
uR	589.853	90.000	0.0222	1.0000	0.0000	6.8000
E	591.466	90.000	44.9569	4.0272	0.0869	0.1004	0.0000	6.8000
dPolE	591.466	90.000	52.7615	1.0000	0.0000	6.8000
uR	591.466	90.000	0.0222	1.0000	0.0000	6.8000
E	593.079	90.000	44.8917	4.1460	0.0858	0.0986	0.0000	6.8000
dPolE	593.079	90.000	51.3949	1.0000	0.0000	6.8000
uR	593.079	90.000	0.0222	1.0000	0.0000	6.8000
E	594.692	90.000	44.9409	4.1830	0.0900	0.1025	0.0000	6.8000
dPolE	594.692	90.000	50.7291	1.0000	0.0000	6.8000
uR	594.692	90.000	0.0223	1.0000	0.0000	6.8000
E	596.305	90.000	45.0102	3.9629	0.0912	0.1030	0.0000	6.8000
dPolE	596.305	90.000	52.3267	1.0000	0.0000	6.8000
uR	596.305	90.000	0.0222	1.0000	0.0000	6.8000
E	597.918	90.000	44.7042	3.9012	0.0861	0.0966	0.0000	6.8000
dPolE	597.918	90.000	54.5823	1.0000	0.0000	6.8000
uR	597.918	90.000	0.0225	1.0000	0.0000	6.8000
E	599.530	90.000	44.9202	3.8962	0.0906	0.1009	0.0000	6.8000
dPolE	599.530	90.000	51.3804	1.0000	0.0000	6.8000
uR	599.530	90.000	0.0228	1.0000	0.0000	6.8000
E	601.143	90.000	44.8922	4.1343	0.0935	0.1038	0.0000	6.8000
dPolE	601.143	90.000	50.8887	1.0000	0.0000	6.8000
uR	601.143	90.000	0.0227	1.0000	0.0000	6.8000
E	602.755	90.000	45.0671	3.8407	0.0938	0.1035	0.0000	6.8000
dPolE	602.755	90.000	49.5669	1.0000	0.0000	6.8000
uR	602.755	90.000	0.0228	1.0000	0.0000	6.8000
E	604.368	90.000	44.8530	3.8677	0.0974	0.1071	0.0000	6.8000
dPolE	604.368	90.000	50.9349	1.0000	0.0000	6.8000
uR	604.368	90.000	0.0228	1.0000	0.0000	6.8000
E	605.981	90.000	44.8716	3.5645	0.0921	0.1012	0.0000	6.8000
dPolE	605.981	90.000	52.2887	1.0000	0.0000	6.8000
uR	605.981	90.000	0.0225	1.0000	0.0000	6.8000
E	607.593	90.000	45.0133	4.0149	0.0940	0.1035	0.0000	6.8000
dPolE	607.593	90.000	50.5494	1.0000	0.0000	6.8000
uR	607.593	90.000	0.0225	1.0000	0.0000	6.8000
E	609.205	90.000	44.9912	3.6088	0.0951	0.1046	0.0000	6.8000
dPolE	609.205	90.000	49.9235	1.0000	0.0000	6.8000
uR	609.205	90.000	0.0222	1.0000	0.0000	6.8000
E	610.818	90.000	44.9421	4.0468	0.0922	0.1015	0.0000	6.8000
dPolE	610.818	90.000	53.4944	1.0000	0.0000	6.8000
uR	610.818	90.000	0.0226	1.0000	0.0000	6.8000
E	612.430	90.000	44.9853	3.6385	0.0926	0.1015	0.0000	6.8000
dPolE	612.430	90.000	49.3991	1.0000	0.0000	6.8000
uR	612.430	90.000	0.0226	1.0000	0.0000	6.8000
E	614.042	90.000	44.6809	3.8311	0.0918	0.1005	0.0000	6.8000
dPolE	614.042	90.000	52.1039	1.0000	0.0000	6.8000
uR	614.042	90.000	0.0225	1.0000	0.0000	6.8000
E	615.654	90.000	44.9243	3.4695	0.0948	0.1032	0.0000	6.8000
dPolE	615.654	90.000	47.4406	1.0000	0.0000	6.8000
uR	615.654	90.000	0.0225	1.0000	0.0000	6.8000
E	617.266	90.000	44.8270	3.7767	0.0936	0.1014	0.0000	6.8000
dPolE	617.266	90.000	50.6320	1.0000	0.0000	6.8000
uR	617.266	90.000	0.0224	1.0000	0.0000	6.8000
E	618.878	90.000	44.6743	3.4315	0.0960	0.1033	0.0000	6.8000
dPolE	618.878	90.000	49.9221	1.0000	0.0000	6.8000
uR	618.878	90.000	0.0227	1.0000	0.0000	6.8000
E	620.490	90.000	44.8164	3.9666	0.0934	0.0999	0.0000	6.8000
dPolE	620.490	90.000	48.2719	1.0000	0.0000	6.8000
uR	620.490	90.000	0.0224	1.0000	0.0000	6.8000
E	622.102	90.000	44.8300	3.5663	0.0933	0.0989	0.0000	6.8000
dPolE	622.102	90.000	45.7479	1.0000	0.0000	6.8000
uR	622.102	90.000	0.0228	1.0000	0.0000	6.8000
E	623.714	90.000	44.7029	3.5309	0.0926	0.0974	0.0000	6.8000
dPolE	623.714	90.000	47.1681	1.0000	0.0000	6.8000
uR	623.714	90.000	0.0227	1.0000	0.0000	6.8000
E	625.325	90.000	44.9350	3.4980	0.0968	0.1012	0.0000	6.8000
dPolE	625.325	90.000	49.0311	1.0000	0.0000	6.8000
uR	625.325	90.000	0.0230	1.0000	0.0000	6.8000
E	626.937	90.000	44.7333	3.4889	0.1011	0.1052	0.0000	6.8000
dPolE	626.937	90.000	47.1059	1.0000	0.0000	6.8000
uR	626.937	90.000	0.0229	1.0000	0.0000	6.8000
E	628.548	90.000	44.9785	3.5758	0.0968	0.1003	0.0000	6.8000
dPolE	628.548	90.000	47.9687	1.0000	0.0000	6.8000
uR	628.548	90.000	0.0224	1.0000	0.0000	6.8000
E	630.160	90.000	44.7609	3.4795	0.0995	0.1028	0.0000	6.8000
dPolE	630.160	90.000	45.7640	1.0000	0.0000	6.8000
uR	630.160	90.000	0.0230	1.0000	0.0000	6.8000
E	631.771	90.000	44.7197	3.1950	0.1043	0.1076	0.0000	6.8000
dPolE	631.771	90.000	46.6922	1.0000	0.0000	6.8000
uR	631.771	90.000	0.0230	1.0000	0.0000	6.8000
E	633.383	90.000	44.6353	3.3739	0.0959	0.0989	0.0000	6.8000
dPolE	633.383	90.000	48.1948	1.0000	0.0000	6.8000
uR	633.383	90.000	0.0229	1.0000	0.0000	6.8000
E	634.994	90.000	45.4261	3.1170	0.1025	0.1056	0.0000	6.8000
dPolE	634.994	90.000	42.9796	1.0000	0.0000	6.8000
uR	634.994	90.000	0.0233	1.0000	0.0000	6.8000
E	636.605	90.000	45.4157	3.5836	0.1008	0.1039	0.0000	6.8000
dPolE	636.605	90.000	46.5851	1.0000	0.0000	6.8000
uR	636.605	90.000	0.0234	1.0000	0.0000	6.8000
E	638.216	90.000	44.8328	3.3667	0.0978	0.1008	0.0000	6.8000
dPolE	638.216	90.000	48.9385	1.0000	0.0000	6.8000
uR	638.216	90.000	0.0232	1.0000	0.0000	6.8000
E	639.827	90.000	44.8268	2.8687	0.1036	0.1063	0.0000	6.8000
dPolE	639.827	90.000	48.0661	1.0000	0.0000	6.8000
uR	639.827	90.000	0.0230	1.0000	0.0000	6.8000
E	641.438	90.000	44.7332	3.1582	0.1053	0.1078	0.0000	6.8000
dPolE	641.438	90.000	49.7153	1.0000	0.0000	6.8000
uR	641.438	90.000	0.0228	1.0000	0.0000	6.8000
E	643.049	90.000	44.7078	3.4978	0.1017	0.1039	0.0000	6.8000
dPolE	643.049	90.000	46.8771	1.0000	0.0000	6.8000
uR	643.049	90.000	0.0228	1.0000	0.0000	6.8000
E	644.660	90.000	44.6244	3.2454	0.1038	0.1056	0.0000	6.8000
dPolE	644.660	90.000	45.2248	1.0000	0.0000	6.8000
uR	644.660	90.000	0.0231	1.0000	0.0000	6.8000
E	646.271	90.000	45.1474	3.0368	0.1017	0.1026	0.0000	6.8000
dPolE	646.271	90.000	47.2391	1.0000	0.0000	6.8000
uR	646.271	90.000	0.0232	1.0000	0.0000	6.8000
E	647.881	90.000	44.9290	3.2730	0.1056	0.1060	0.0000	6.8000
dPolE	647.881	90.000	44.1590	1.0000	0.0000	6.8000
uR	647.881	90.000	0.0231	1.0000	0.0000	6.8000
E	649.492	90.000	44.8432	2.9353	0.1028	0.1024	0.0000	6.8000
dPolE	649.492	90.000	44.2024	1.0000	0.0000	6.8000
uR	649.492	90.000	0.0229	1.0000	0.0000	6.8000
E	651.103	90.000	45.1381	2.9074	0.1061	0.1049	0.0000	6.8000
dPolE	651.103	90.000	45.6825	1.0000	0.0000	6.8000
uR	651.103	90.000	0.0229	1.0000	0.0000	6.8000
E	652.713	90.000	45.0071	2.9134	0.1047	0.1029	0.0000	6.8000
dPolE	652.713	90.000	47.2779	1.0000	0.0000	6.8000
uR	652.713	90.000	0.0234	1.0000	0.0000	6.8000
E	654.323	90.000	45.1561	3.2387	0.1065	0.1041	0.0000	6.8000
dPolE	654.323	90.000	45.3437	1.0000	0.0000	6.8000
uR	654.323	90.000	0.0239	1.0000	0.0000	6.8000
E	655.934	90.000	45.0626	2.9515	0.1119	0.1089	0.0000	6.8000
dPolE	655.934	90.000	47.0259	1.0000	0.0000	6.8000
uR	655.934	90.000	0.0233	1.0000	0.0000	6.8000
E	657.544	90.000	44.9000	2.7325	0.1156	0.1120	0.0000	6.8000
dPolE	657.544	90.000	45.0897	1.0000	0.0000	6.8000
uR	657.544	90.000	0.0233	1.0000	0.0000	6.8000
E	659.154	90.000	44.6897	3.0121	0.1154	0.1117	0.0000	6.8000
dPolE	659.154	90.000	46.8269	1.0000	0.0000	6.8000
uR	659.154	90.000	0.0233	1.0000	0.0000	6.8000
E	660.764	90.000	44.8117	3.0595	0.1111	0.1073	0.0000	6.8000
dPolE	660.764	90.000	45.6784	1.0000	0.0000	6.8000
uR	660.764	90.000	0.0236	1.0000	0.0000	6.8000
E	662.374	90.000	45.0708	2.8750	0.1116	0.1077	0.0000	6.8000
dPolE	662.374	90.000	46.5950	1.0000	0.0000	6.8000
uR	662.374	90.000	0.0231	1.0000	0.0000	6.8000
E	663.984	90.000	45.1475	2.8126	0.1102	0.1063	0.0000	6.8000
dPolE	663.984	90.000	46.5596	1.0000	0.0000	6.8000
uR	663.984	90.000	0.0228	1.0000	0.0000	6.8000
E	665.594	90.000	44.9535	2.9852	0.1124	0.1084	0.0000	6.8000
dPolE	665.594	90.000	48.6845	1.0000	0.0000	6.8000
uR	665.594	90.000	0.0226	1.0000	0.0000	6.8000
E	667.204	90.000	44.9414	2.4375	0.1141	0.1098	0.0000	6.8000
dPolE	667.204	90.000	49.0139	1.0000	0.0000	6.8000
uR	667.204	90.000	0.0221	1.0000	0.0000	6.8000
E	668.813	90.000	44.9602	2.6819	0.1077	0.1036	0.0000	6.8000
dPolE	668.813	90.000	42.4370	1.0000	0.0000	6.8000
uR	668.813	90.000	0.0228	1.0000	0.0000	6.8000
E	670.423	90.000	45.0395	3.1468	0.1079	0.1036	0.0000	6.8000
dPolE	670.423	90.000	45.0339	1.0000	0.0000	6.8000
uR	670.423	90.000	0.0228	1.0000	0.0000	6.8000
E	672.032	90.000	44.9349	2.8311	0.1135	0.1087	0.0000	6.8000
dPolE	672.032	90.000	44.0259	1.0000	0.0000	6.8000
uR	672.032	90.000	0.0230	1.0000	0.0000	6.8000
E	673.642	90.000	44.9248	2.7502	0.1129	0.1078	0.0000	6.8000
dPolE	673.642	90.000	41.4427	1.0000	0.0000	6.8000
uR	673.642	90.000	0.0231	1.0000	0.0000	6.8000
E	675.251	90.000	45.0537	2.6487	0.1105	0.1050	0.0000	6.8000
dPolE	675.251	90.000	45.7439	1.0000	0.0000	6.8000
uR	675.251	90.000	0.0235	1.0000	0.0000	6.8000
E	676.860	90.000	44.8674	2.6795	0.1118	0.1057	0.0000	6.8000
dPolE	676.860	90.000	44.0325	1.0000	0.0000	6.8000
uR	676.860	90.000	0.0236	1.0000	0.0000	6.8000
E	678.469	90.000	44.9315	2.6344	0.1149	0.1078	0.0000	6.8000
dPolE	678.469	90.000	43.4105	1.0000	0.0000	6.8000
uR	678.469	90.000	0.0231	1.0000	0.0000	6.8000
E	680.079	90.000	45.0115	2.5972	0.1178	0.1099	0.0000	6.8000
dPolE	680.079	90.000	42.4827	1.0000	0.0000	6.8000
uR	680.079	90.000	0.0227	1.0000	0.0000	6.8000
E	681.688	90.000	44.7022	2.5610	0.1120	0.1038	0.0000	6.8000
dPolE	681.688	90.000	44.1825	1.0000	0.0000	6.8000
uR	681.688	90.000	0.0229	1.0000	0.0000	6.8000
E	683.296	90.000	45.2334	2.4976	0.1096	0.1009	0.0000	6.8000
dPolE	683.296	90.000	40.1571	1.0000	0.0000	6.8000
uR	683.296	90.000	0.0228	1.0000	0.0000	6.8000
E	684.905	90.000	45.0222	2.6465	0.1100	0.1007	0.0000	6.8000
dPolE	684.905	90.000	38.3961	1.0000	0.0000	6.8000
uR	684.905	90.000	0.0228	1.0000	0.0000	6.8000
E	686.514	90.000	45.1685	2.6955	0.1111	0.1012	0.0000	6.8000
dPolE	686.514	90.000	38.3102	1.0000	0.0000	6.8000
uR	686.514	90.000	0.0226	1.0000	0.0000	6.8000
E	688.123	90.000	44.9498	2.8455	0.1046	0.0950	0.0000	6.8000
dPolE	688.123	90.000	40.6192	1.0000	0.0000	6.8000
uR	688.123	90.000	0.0227	1.0000	0.0000	6.8000
E	689.731	90.000	45.0713	2.6849	0.1099	0.0994	0.0000	6.8000
dPolE	689.731	90.000	37.0394	1.0000	0.0000	6.8000
uR	689.731	90.000	0.0226	1.0000	0.0000	6.8000
E	691.340	90.000	45.1091	2.4720	0.1110	0.1001	0.0000	6.8000
dPolE	691.340	90.000	42.2767	1.0000	0.0000	6.8000
uR	691.340	90.000	0.0226	1.0000	0.0000	6.8000
E	692.948	90.000	44.9638	2.5795	0.1179	0.1061	0.0000	6.8000
dPolE	692.948	90.000	40.8982	1.0000	0.0000	6.8000
uR	692.948	90.000	0.0230	1.0000	0.0000	6.8000
E	694.556	90.000	44.7582	2.3730	0.1222	0.1099	0.0000	6.8000
dPolE	694.556	90.000	42.3584	1.0000	0.0000	6.8000
uR	694.556	90.000	0.0231	1.0000	0.0000	6.8000
E	696.164	90.000	44.9697	2.7061	0.1217	0.1096	0.0000	6.8000
dPolE	696.164	90.000	42.4378	1.0000	0.0000	6.8000
uR	696.164	90.000	0.0233	1.0000	0.0000	6.8000
E	697.772	90.000	44.6956	2.4806	0.1214	0.1091	0.0000	6.8000
dPolE	697.772	90.000	42.0116	1.0000	0.0000	6.8000
uR	697.772	90.000	0.0236	1.0000	0.0000	6.8000
E	699.380	90.000	44.6753	2.5157	0.1223	0.1100	0.0000	6.8000
dPolE	699.380	90.000	44.1990	1.0000	0.0000	6.8000
uR	699.380	90.000	0.0234	1.0000	0.0000	6.8000
E	700.988	90.000	45.2796	2.4285	0.1245	0.1117	0.0000	6.8000
dPolE	700.988	90.000	41.9046	1.0000	0.0000	6.8000
uR	700.988	90.000	0.0234	1.0000	0.0000	6.8000
E	702.596	90.000	44.6575	2.7976	0.1265	0.1135	0.0000	6.8000
dPolE	702.596	90.000	44.0333	1.0000	0.0000	6.8000
uR	702.596	90.000	0.0232	1.0000	0.0000	6.8000
E	704.204	90.000	44.9219	2.4125	0.1313	0.1174	0.0000	6.8000
dPolE	704.204	90.000	44.2220	1.0000	0.0000	6.8000
uR	704.204	90.000	0.0230	1.0000	0.0000	6.8000
E	705.811	90.000	44.7149	2.1340	0.1373	0.1221	0.0000	6.8000
dPolE	705.811	90.000	44.6462	1.0000	0.0000	6.8000
uR	705.811	90.000	0.0235	1.0000	0.0000	6.8000
E	707.419	90.000	44.9968	2.4108	0.1275	0.1133	0.0000	6.8000
dPolE	707.419	90.000	43.7806	1.0000	0.0000	6.8000
uR	707.419	90.000	0.0235	1.0000	0.0000	6.8000
E	709.026	90.000	44.9419	2.2038	0.1220	0.1078	0.0000	6.8000
dPolE	709.026	90.000	40.2767	1.0000	0.0000	6.8000
uR	709.026	90.000	0.0234	1.0000	0.0000	6.8000
E	710.634	90.000	44.9517	2.0586	0.1198	0.1054	0.0000	6.8000
dPolE	710.634	90.000	39.9663	1.0000	0.0000	6.8000
uR	710.634	90.000	0.0243	1.0000	0.0000	6.8000
E	712.241	90.000	44.6054	2.1749	0.1244	0.1089	0.0000	6.8000
dPolE	712.241	90.000	42.4504	1.0000	0.0000	6.8000
uR	712.241	90.000	0.0256	1.0000	0.0000	6.8000
E	713.848	90.000	44.7924	2.4121	0.1545	0.1346	0.0000	6.8000
dPolE	713.848	90.000	45.0860	1.0000	0.0000	6.8000
uR	713.848	90.000	0.0245	1.0000	0.0000	6.8000
E	715.455	90.000	45.1025	2.1772	0.1617	0.1398	0.0000	6.8000
dPolE	715.455	90.000	48.9285	1.0000	0.0000	6.8000
uR	715.455	90.000	0.0216	1.0000	0.0000	6.8000
E	717.062	90.000	44.6675	2.6404	0.1499	0.1293	0.0000	6.8000
dPolE	717.062	90.000	49.1561	1.0000	0.0000	6.8000
uR	717.062	90.000	0.0205	1.0000	0.0000	6.8000
E	718.669	90.000	45.0349	2.0518	0.1407	0.1206	0.0000	6.8000
dPolE	718.669	90.000	43.1328	1.0000	0.0000	6.8000
uR	718.669	90.000	0.0221	1.0000	0.0000	6.8000
E	720.276	90.000	44.8303	2.2094	0.1351	0.1154	0.0000	6.8000
dPolE	720.276	90.000	46.0497	1.0000	0.0000	6.8000
uR	720.276	90.000	0.0235	1.0000	0.0000	6.8000
E	721.882	90.000	44.9933	2.4020	0.1395	0.1185	0.0000	6.8000
dPolE	721.882	90.000	46.5815	1.0000	0.0000	6.8000
uR	721.882	90.000	0.0237	1.0000	0.0000	6.8000
E	723.489	90.000	44.8635	2.4126	0.1536	0.1299	0.0000	6.8000
dPolE	723.489	90.000	41.7634	1.0000	0.0000	6.8000
uR	723.489	90.000	0.0235	1.0000	0.0000	6.8000
E	725.095	90.000	45.2478	2.4098	0.1515	0.1279	0.0000	6.8000
dPolE	725.095	90.000	47.1983	1.0000	0.0000	6.8000
uR	725.095	90.000	0.0233	1.0000	0.0000	6.8000
E	726.701	90.000	45.1834	1.8707	0.1501	0.1261	0.0000	6.8000
dPolE	726.701	90.000	43.4036	1.0000	0.0000	6.8000
uR	726.701	90.000	0.0235	1.0000	0.0000	6.8000
E	728.308	90.000	44.7828	1.6998	0.1393	0.1169	0.0000	6.8000
dPolE	728.308	90.000	44.4264	1.0000	0.0000	6.8000
uR	728.308	90.000	0.0233	1.0000	0.0000	6.8000
E	729.914	90.000	45.2397	2.0668	0.1399	0.1172	0.0000	6.8000
dPolE	729.914	90.000	42.1135	1.0000	0.0000	6.8000
uR	729.914	90.000	0.0229	1.0000	0.0000	6.8000
E	731.520	90.000	45.0865	2.0645	0.1331	0.1115	0.0000	6.8000
dPolE	731.520	90.000	40.8722	1.0000	0.0000	6.8000
uR	731.520	90.000	0.0228	1.0000	0.0000	6.8000
E	733.126	90.000	44.7508	2.4833	0.1300	0.1090	0.0000	6.8000
dPolE	733.126	90.000	39.9224	1.0000	0.0000	6.8000
uR	733.126	90.000	0.0233	1.0000	0.0000	6.8000
E	734.732	90.000	44.7867	2.2365	0.1318	0.1104	0.0000	6.8000
dPolE	734.732	90.000	37.1861	1.0000	0.0000	6.8000
uR	734.732	90.000	0.0236	1.0000	0.0000	6.8000
E	736.337	90.000	44.9356	2.1494	0.1337	0.1119	0.0000	6.8000
dPolE	736.337	90.000	43.5589	1.0000	0.0000	6.8000
uR	736.337	90.000	0.0236	1.0000	0.0000	6.8000
E	737.943	90.000	45.3382	2.3100	0.1365	0.1143	0.0000	6.8000
dPolE	737.943	90.000	41.4730	1.0000	0.0000	6.8000
uR	737.943	90.000	0.0231	1.0000	0.0000	6.8000
E	739.548	90.000	44.7242	1.9653	0.1480	0.1233	0.0000	6.8000
dPolE	739.548	90.000	40.1023	1.0000	0.0000	6.8000
uR	739.548	90.000	0.0227	1.0000	0.0000	6.8000
E	741.154	90.000	44.9965	2.1402	0.1382	0.1152	0.0000	6.8000
dPolE	741.154	90.000	39.6576	1.0000	0.0000	6.8000
uR	741.154	90.000	0.0229	1.0000	0.0000	6.8000
E	742.759	90.000	45.1121	2.2408	0.1406	0.1169	0.0000	6.8000
dPolE	742.759	90.000	38.7754	1.0000	0.0000	6.8000
uR	742.759	90.000	0.0230	1.0000	0.0000	6.8000
E	744.364	90.000	44.8161	2.0646	0.1431	0.1184	0.0000	6.8000
dPolE	744.364	90.000	39.2200	1.0000	0.0000	6.8000
uR	744.364	90.000	0.0234	1.0000	0.0000	6.8000
E	745.969	90.000	45.1079	2.0771	0.1452	0.1196	0.0000	6.8000
dPolE	745.969	90.000	42.2653	1.0000	0.0000	6.8000
uR	745.969	90.000	0.0234	1.0000	0.0000	6.8000
E	747.574	90.000	44.2896	2.1913	0.1548	0.1272	0.0000	6.8000
dPolE	747.574	90.000	43.7637	1.0000	0.0000	6.8000
uR	747.574	90.000	0.0231	1.0000	0.0000	6.8000
E	749.179	90.000	45.0268	2.2414	0.1485	0.1214	0.0000	6.8000
dPolE	749.179	90.000	45.0175	1.0000	0.0000	6.8000
uR	749.179	90.000	0.0231	1.0000	0.0000	6.8000
E	750.784	90.000	45.0777	2.1901	0.1428	0.1162	0.0000	6.8000
dPolE	750.784	90.000	39.7688	1.0000	0.0000	6.8000
uR	750.784	90.000	0.0231	1.0000	0.0000	6.8000
E	752.388	90.000	44.7118	1.7212	0.1483	0.1199	0.0000	6.8000
dPolE	752.388	90.000	42.0630	1.0000	0.0000	6.8000
uR	752.388	90.000	0.0237	1.0000	0.0000	6.8000
E	753.993	90.000	44.7028	1.8904	0.1434	0.1154	0.0000	6.8000
dPolE	753.993	90.000	43.5649	1.0000	0.0000	6.8000
uR	753.993	90.000	0.0241	1.0000	0.0000	6.8000
E	755.597	90.000	44.5859	1.9091	0.1564	0.1252	0.0000	6.8000
dPolE	755.597	90.000	40.0875	1.0000	0.0000	6.8000
uR	755.597	90.000	0.0242	1.0000	0.0000	6.8000
E	757.202	90.000	45.1220	1.9010	0.1517	0.1212	0.0000	6.8000
dPolE	757.202	90.000	41.6156	1.0000	0.0000	6.8000
uR	757.202	90.000	0.0233	1.0000	0.0000	6.8000
E	758.806	90.000	45.6661	1.9917	0.1604	0.1273	0.0000	6.8000
dPolE	758.806	90.000	43.2400	1.0000	0.0000	6.8000
uR	758.806	90.000	0.0220	1.0000	0.0000	6.8000
E	760.410	90.000	45.0112	1.7093	0.1515	0.1197	0.0000	6.8000
dPolE	760.410	90.000	39.6431	1.0000	0.0000	6.8000
uR	760.410	90.000	0.0222	1.0000	0.0000	6.8000
E	762.014	90.000	44.9648	2.0700	0.1408	0.1107	0.0000	6.8000
dPolE	762.014	90.000	38.6803	1.0000	0.0000	6.8000
uR	762.014	90.000	0.0225	1.0000	0.0000	6.8000
E	763.618	90.000	44.6175	1.8802	0.1198	0.0940	0.0000	6.8000
dPolE	763.618	90.000	29.1816	1.0000	0.0000	6.8000
uR	763.618	90.000	0.0238	1.0000	0.0000	6.8000
E	765.221	90.000	45.1117	1.9204	0.1084	0.0849	0.0000	6.8000
dPolE	765.221	90.000	30.6388	1.0000	0.0000	6.8000
uR	765.221	90.000	0.0233	1.0000	0.0000	6.8000
E	766.825	90.000	45.3424	1.9538	0.1225	0.0957	0.0000	6.8000
dPolE	766.825	90.000	33.5166	1.0000	0.0000	6.8000
uR	766.825	90.000	0.0223	1.0000	0.0000	6.8000
E	768.429	90.000	44.8968	1.6887	0.1420	0.1107	0.0000	6.8000
dPolE	768.429	90.000	39.5244	1.0000	0.0000	6.8000
uR	768.429	90.000	0.0226	1.0000	0.0000	6.8000
E	770.032	90.000	45.1458	1.8027	0.1568	0.1222	0.0000	6.8000
dPolE	770.032	90.000	45.4890	1.0000	0.0000	6.8000
uR	770.032	90.000	0.0225	1.0000	0.0000	6.8000
E	771.635	90.000	45.1158	1.9831	0.1759	0.1370	0.0000	6.8000
dPolE	771.635	90.000	42.6259	1.0000	0.0000	6.8000
uR	771.635	90.000	0.0229	1.0000	0.0000	6.8000
E	773.238	90.000	44.8150	2.0535	0.1793	0.1397	0.0000	6.8000
dPolE	773.238	90.000	44.1736	1.0000	0.0000	6.8000
uR	773.238	90.000	0.0236	1.0000	0.0000	6.8000
E	774.841	90.000	44.9512	1.8122	0.1904	0.1482	0.0000	6.8000
dPolE	774.841	90.000	43.9937	1.0000	0.0000	6.8000
uR	774.841	90.000	0.0253	1.0000	0.0000	6.8000
E	776.444	90.000	45.0400	1.8688	0.1904	0.1480	0.0000	6.8000
dPolE	776.444	90.000	47.1814	1.0000	0.0000	6.8000
uR	776.444	90.000	0.0259	1.0000	0.0000	6.8000
E	778.047	90.000	45.3015	1.9388	0.1995	0.1546	0.0000	6.8000
dPolE	778.047	90.000	48.7518	1.0000	0.0000	6.8000
uR	778.047	90.000	0.0247	1.0000	0.0000	6.8000
E	779.650	90.000	45.4208	2.1845	0.1980	0.1534	0.0000	6.8000
dPolE	779.650	90.000	49.8235	1.0000	0.0000	6.8000
uR	779.650	90.000	0.0241	1.0000	0.0000	6.8000
E	781.252	90.000	45.1407	1.8649	0.2037	0.1579	0.0000	6.8000
dPolE	781.252	90.000	47.3921	1.0000	0.0000	6.8000
uR	781.252	90.000	0.0241	1.0000	0.0000	6.8000
E	782.855	90.000	44.9124	1.6446	0.1988	0.1535	0.0000	6.8000
dPolE	782.855	90.000	56.3290	1.0000	0.0000	6.8000
uR	782.855	90.000	0.0239	1.0000	0.0000	6.8000
E	784.457	90.000	44.7685	1.7523	0.1985	0.1532	0.0000	6.8000
dPolE	784.457	90.000	50.8179	1.0000	0.0000	6.8000
uR	784.457	90.000	0.0244	1.0000	0.0000	6.8000
E	786.059	90.000	45.7276	1.6648	0.1957	0.1505	0.0000	6.8000
dPolE	786.059	90.000	48.5815	1.0000	0.0000	6.8000
uR	786.059	90.000	0.0242	1.0000	0.0000	6.8000
E	787.661	90.000	44.6286	2.2696	0.1934	0.1479	0.0000	6.8000
dPolE	787.661	90.000	49.5235	1.0000	0.0000	6.8000
uR	787.661	90.000	0.0227	1.0000	0.0000	6.8000
E	789.263	90.000	44.9990	1.9595	0.1751	0.1338	0.0000	6.8000
dPolE	789.263	90.000	49.5811	1.0000	0.0000	6.8000
uR	789.263	90.000	0.0223	1.0000	0.0000	6.8000
E	790.865	90.000	45.0507	1.4878	0.1750	0.1328	0.0000	6.8000
dPolE	790.865	90.000	45.3922	1.0000	0.0000	6.8000
uR	790.865	90.000	0.0218	1.0000	0.0000	6.8000
E	792.467	90.000	45.1274	1.8799	0.1960	0.1487	0.0000	6.8000
dPolE	792.467	90.000	41.9092	1.0000	0.0000	6.8000
uR	792.467	90.000	0.0223	1.0000	0.0000	6.8000
E	794.068	90.000	45.3946	2.2238	0.1863	0.1406	0.0000	6.8000
dPolE	794.068	90.000	47.8307	1.0000	0.0000	6.8000
uR	794.068	90.000	0.0229	1.0000	0.0000	6.8000
E	795.670	90.000	45.2465	1.8606	0.1856	0.1393	0.0000	6.8000
dPolE	795.670	90.000	46.0443	1.0000	0.0000	6.8000
uR	795.670	90.000	0.0238	1.0000	0.0000	6.8000
E	797.271	90.000	45.1312	1.9322	0.1806	0.1352	0.0000	6.8000
dPolE	797.271	90.000	43.3046	1.0000	0.0000	6.8000
uR	797.271	90.000	0.0247	1.0000	0.0000	6.8000
E	798.872	90.000	45.7096	1.5946	0.1789	0.1331	0.0000	6.8000
dPolE	798.872	90.000	36.7959	1.0000	0.0000	6.8000
uR	798.872	90.000	0.0243	1.0000	0.0000	6.8000
E	800.473	90.000	45.2212	1.7289	0.1825	0.1355	0.0000	6.8000
dPolE	800.473	90.000	42.7841	1.0000	0.0000	6.8000
uR	800.473	90.000	0.0243	1.0000	0.0000	6.8000
E	802.074	90.000	45.0072	1.7658	0.1921	0.1418	0.0000	6.8000
dPolE	802.074	90.000	43.2703	1.0000	0.0000	6.8000
uR	802.074	90.000	0.0238	1.0000	0.0000	6.8000
E	803.675	90.000	44.6643	1.6283	0.1865	0.1367	0.0000	6.8000
dPolE	803.675	90.000	48.8454	1.0000	0.0000	6.8000
uR	803.675	90.000	0.0247	1.0000	0.0000	6.8000
E	805.276	90.000	45.0610	1.9762	0.1957	0.1432	0.0000	6.8000
dPolE	805.276	90.000	43.6036	1.0000	0.0000	6.8000
uR	805.276	90.000	0.0250	1.0000	0.0000	6.8000
E	806.876	90.000	44.8988	1.4740	0.1915	0.1399	0.0000	6.8000
dPolE	806.876	90.000	43.8190	1.0000	0.0000	6.8000
uR	806.876	90.000	0.0245	1.0000	0.0000	6.8000
E	808.477	90.000	44.2995	1.7115	0.1912	0.1395	0.0000	6.8000
dPolE	808.477	90.000	45.9436	1.0000	0.0000	6.8000
uR	808.477	90.000	0.0235	1.0000	0.0000	6.8000
E	810.077	90.000	44.6254	1.6078	0.1904	0.1383	0.0000	6.8000
dPolE	810.077	90.000	41.7908	1.0000	0.0000	6.8000
uR	810.077	90.000	0.0248	1.0000	0.0000	6.8000
E	811.677	90.000	44.7697	1.8028	0.1893	0.1373	0.0000	6.8000
dPolE	811.677	90.000	43.2027	1.0000	0.0000	6.8000
uR	811.677	90.000	0.0257	1.0000	0.0000	6.8000
E	813.277	90.000	44.9066	1.7439	0.1816	0.1318	0.0000	6.8000
dPolE	813.277	90.000	44.9837	1.0000	0.0000	6.8000
uR	813.277	90.000	0.0238	1.0000	0.0000	6.8000
E	814.877	90.000	44.7442	1.6629	0.1846	0.1336	0.0000	6.8000
dPolE	814.877	90.000	43.7328	1.0000	0.0000	6.8000
uR	814.877	90.000	0.0233	1.0000	0.0000	6.8000
E	816.477	90.000	44.5103	1.8636	0.1809	0.1308	0.0000	6.8000
dPolE	816.477	90.000	37.9354	1.0000	0.0000	6.8000
uR	816.477	90.000	0.0233	1.0000	0.0000	6.8000
E	818.077	90.000	45.0518	1.4693	0.1537	0.1111	0.0000	6.8000
dPolE	818.077	90.000	34.6803	1.0000	0.0000	6.8000
uR	818.077	90.000	0.0214	1.0000	0.0000	6.8000
E	819.676	90.000	45.0601	1.7368	0.1130	0.0816	0.0000	6.8000
dPolE	819.676	90.000	24.1657	1.0000	0.0000	6.8000
uR	819.676	90.000	0.0199	1.0000	0.0000	6.8000
E	821.276	90.000	45.0316	1.4997	0.0731	0.0527	0.0000	6.8000
dPolE	821.276	90.000	12.5716	1.0000	0.0000	6.8000
uR	821.276	90.000	0.0206	1.0000	0.0000	6.8000
E	822.875	90.000	44.8127	1.4743	0.0531	0.0382	0.0000	6.8000
dPolE	822.875	90.000	7.8326	1.0000	0.0000	6.8000
uR	822.875	90.000	0.0231	1.0000	0.0000	6.8000
E	824.474	90.000	44.9334	1.4163	0.0462	0.0333	0.0000	6.8000
dPolE	824.474	90.000	4.5452	1.0000	0.0000	6.8000
uR	824.474	90.000	0.0239	1.0000	0.0000	6.8000
E	826.073	90.000	44.8854	1.5257	0.0506	0.0364	0.0000	6.8000
dPolE	826.073	90.000	5.4213	1.0000	0.0000	6.8000
uR	826.073	90.000	0.0228	1.0000	0.0000	6.8000
E	827.672	90.000	44.8939	1.6466	0.0609	0.0437	0.0000	6.8000
dPolE	827.672	90.000	7.4409	1.0000	0.0000	6.8000
uR	827.672	90.000	0.0225	1.0000	0.0000	6.8000
E	829.271	90.000	44.8502	1.6618	0.0664	0.0476	0.0000	6.8000
dPolE	829.271	90.000	10.9997	1.0000	0.0000	6.8000
uR	829.271	90.000	0.0231	1.0000	0.0000	6.8000
E	830.869	90.000	44.9934	1.5297	0.0832	0.0595	0.0000	6.8000
dPolE	830.869	90.000	16.9939	1.0000	0.0000	6.8000
uR	830.869	90.000	0.0216	1.0000	0.0000	6.8000
E	832.468	90.000	45.3258	1.4988	0.1045	0.0746	0.0000	6.8000
dPolE	832.468	90.000	26.0882	1.0000	0.0000	6.8000
uR	832.468	90.000	0.0203	1.0000	0.0000	6.8000
E	834.066	90.000	44.6318	1.5921	0.1017	0.0724	0.0000	6.8000
dPolE	834.066	90.000	25.2089	1.0000	0.0000	6.8000
uR	834.066	90.000	0.0215	1.0000	0.0000	6.8000
E	835.664	90.000	45.0502	1.4860	0.0959	0.0680	0.0000	6.8000
dPolE	835.664	90.000	21.1218	1.0000	0.0000	6.8000
uR	835.664	90.000	0.0225	1.0000	0.0000	6.8000
E	837.262	90.000	45.1426	1.6208	0.1092	0.0772	0.0000	6.8000
dPolE	837.262	90.000	21.8697	1.0000	0.0000	6.8000
uR	837.262	90.000	0.0236	1.0000	0.0000	6.8000
E	838.860	90.000	44.6605	1.5461	0.1254	0.0883	0.0000	6.8000
dPolE	838.860	90.000	34.9346	1.0000	0.0000	6.8000
uR	838.860	90.000	0.0228	1.0000	0.0000	6.8000
E	840.458	90.000	45.1471	1.5414	0.1343	0.0941	0.0000	6.8000
dPolE	840.458	90.000	41.4850	1.0000	0.0000	6.8000
uR	840.458	90.000	0.0237	1.0000	0.0000	6.8000
E	842.055	90.000	45.3112	1.5588	0.1368	0.0958	0.0000	6.8000
dPolE	842.055	90.000	41.0158	1.0000	0.0000	6.8000
uR	842.055	90.000	0.0255	1.0000	0.0000	6.8000
E	843.653	90.000	44.9408	1.4594	0.1671	0.1165	0.0000	6.8000
dPolE	843.653	90.000	46.3523	1.0000	0.0000	6.8000
uR	843.653	90.000	0.0234	1.0000	0.0000	6.8000
E	845.250	90.000	44.5982	1.2195	0.1952	0.1351	0.0000	6.8000
dPolE	845.250	90.000	54.8583	1.0000	0.0000	6.8000
uR	845.250	90.000	0.0233	1.0000	0.0000	6.8000
E	846.847	90.000	44.6479	1.9491	0.2386	0.1648	0.0000	6.8000
dPolE	846.847	90.000	51.2843	1.0000	0.0000	6.8000
uR	846.847	90.000	0.0252	1.0000	0.0000	6.8000
E	848.444	90.000	45.4273	1.4538	0.2473	0.1700	0.0000	6.8000
dPolE	848.444	90.000	57.3997	1.0000	0.0000	6.8000
uR	848.444	90.000	0.0260	1.0000	0.0000	6.8000
E	850.041	90.000	45.0055	0.7776	0.2514	0.1717	0.0000	6.8000
dPolE	850.041	90.000	61.3518	1.0000	0.0000	6.8000
uR	850.041	90.000	0.0270	1.0000	0.0000	6.8000
E	851.638	90.000	44.4675	1.7894	0.2550	0.1741	0.0000	6.8000
dPolE	851.638	90.000	60.7344	1.0000	0.0000	6.8000
uR	851.638	90.000	0.0266	1.0000	0.0000	6.8000
E	853.234	90.000	45.2421	1.7470	0.2705	0.1839	0.0000	6.8000
dPolE	853.234	90.000	60.1668	1.0000	0.0000	6.8000
uR	853.234	90.000	0.0257	1.0000	0.0000	6.8000
E	854.831	90.000	46.0377	1.3747	0.2842	0.1921	0.0000	6.8000
dPolE	854.831	90.000	56.4397	1.0000	0.0000	6.8000
uR	854.831	90.000	0.0250	1.0000	0.0000	6.8000
E	856.427	90.000	43.3442	2.0634	0.2741	0.1861	0.0000	6.8000
dPolE	856.427	90.000	63.2233	1.0000	0.0000	6.8000
uR	856.427	90.000	0.0237	1.0000	0.0000	6.8000
E	858.023	90.000	44.4231	0.9537	0.2787	0.1877	0.0000	6.8000
dPolE	858.023	90.000	57.5669	1.0000	0.0000	6.8000
uR	858.023	90.000	0.0245	1.0000	0.0000	6.8000
E	859.619	90.000	45.5449	1.5912	0.2711	0.1821	0.0000	6.8000
dPolE	859.619	90.000	55.4638	1.0000	0.0000	6.8000
uR	859.619	90.000	0.0237	1.0000	0.0000	6.8000
E	861.215	90.000	44.3998	1.3875	0.2541	0.1705	0.0000	6.8000
dPolE	861.215	90.000	56.0400	1.0000	0.0000	6.8000
uR	861.215	90.000	0.0243	1.0000	0.0000	6.8000
E	862.811	90.000	45.3531	1.5438	0.2659	0.1784	0.0000	6.8000
dPolE	862.811	90.000	49.4994	1.0000	0.0000	6.8000
uR	862.811	90.000	0.0244	1.0000	0.0000	6.8000
E	864.407	90.000	45.0781	1.7962	0.2328	0.1559	0.0000	6.8000
dPolE	864.407	90.000	53.3308	1.0000	0.0000	6.8000
uR	864.407	90.000	0.0243	1.0000	0.0000	6.8000
E	866.002	90.000	44.7009	1.1205	0.2379	0.1589	0.0000	6.8000
dPolE	866.002	90.000	49.4921	1.0000	0.0000	6.8000
uR	866.002	90.000	0.0250	1.0000	0.0000	6.8000
E	867.597	90.000	44.7792	1.5123	0.2169	0.1451	0.0000	6.8000
dPolE	867.597	90.000	43.5817	1.0000	0.0000	6.8000
uR	867.597	90.000	0.0246	1.0000	0.0000	6.8000
E	869.192	90.000	45.1835	1.4507	0.2255	0.1506	0.0000	6.8000
dPolE	869.192	90.000	41.3610	1.0000	0.0000	6.8000
uR	869.192	90.000	0.0241	1.0000	0.0000	6.8000
E	870.787	90.000	44.3397	1.5936	0.2024	0.1353	0.0000	6.8000
dPolE	870.787	90.000	41.8312	1.0000	0.0000	6.8000
uR	870.787	90.000	0.0237	1.0000	0.0000	6.8000
E	872.382	90.000	44.9172	1.4030	0.1922	0.1280	0.0000	6.8000
dPolE	872.382	90.000	35.7121	1.0000	0.0000	6.8000
uR	872.382	90.000	0.0234	1.0000	0.0000	6.8000
E	873.977	90.000	45.3437	1.2392	0.1837	0.1226	0.0000	6.8000
dPolE	873.977	90.000	34.0058	1.0000	0.0000	6.8000
uR	873.977	90.000	0.0230	1.0000	0.0000	6.8000
E	875.571	90.000	45.1457	1.5829	0.1618	0.1080	0.0000	6.8000
dPolE	875.571	90.000	31.2552	1.0000	0.0000	6.8000
uR	875.571	90.000	0.0226	1.0000	0.0000	6.8000
E	877.166	90.000	44.8031	1.5384	0.1349	0.0899	0.0000	6.8000
dPolE	877.166	90.000	31.1794	1.0000	0.0000	6.8000
uR	877.166	90.000	0.0211	1.0000	0.0000	6.8000
E	878.760	90.000	44.9377	1.2320	0.1008	0.0671	0.0000	6.8000
dPolE	878.760	90.000	18.7833	1.0000	0.0000	6.8000
uR	878.760	90.000	0.0201	1.0000	0.0000	6.8000
E	880.354	90.000	45.0518	1.2642	0.0686	0.0455	0.0000	6.8000
dPolE	880.354	90.000	9.2075	1.0000	0.0000	6.8000
uR	880.354	90.000	0.0209	1.0000	0.0000	6.8000
E	881.948	90.000	44.8374	1.2278	0.0554	0.0366	0.0000	6.8000
dPolE	881.948	90.000	6.4093	1.0000	0.0000	6.8000
uR	881.948	90.000	0.0230	1.0000	0.0000	6.8000
E	883.542	90.000	44.8358	1.2879	0.0522	0.0345	0.0000	6.8000
dPolE	883.542	90.000	3.6558	1.0000	0.0000	6.8000
uR	883.542	90.000	0.0242	1.0000	0.0000	6.8000
E	885.135	90.000	44.7678	1.2778	0.0597	0.0394	0.0000	6.8000
dPolE	885.135	90.000	6.0369	1.0000	0.0000	6.8000
uR	885.135	90.000	0.0234	1.0000	0.0000	6.8000
E	886.729	90.000	44.8435	1.2470	0.0809	0.0532	0.0000	6.8000
dPolE	886.729	90.000	11.1264	1.0000	0.0000	6.8000
uR	886.729	90.000	0.0223	1.0000	0.0000	6.8000
E	888.322	90.000	44.9847	1.3477	0.0958	0.0629	0.0000	6.8000
dPolE	888.322	90.000	20.6246	1.0000	0.0000	6.8000
uR	888.322	90.000	0.0222	1.0000	0.0000	6.8000
E	889.915	90.000	45.1671	1.0665	0.1173	0.0767	0.0000	6.8000
dPolE	889.915	90.000	23.0948	1.0000	0.0000	6.8000
uR	889.915	90.000	0.0218	1.0000	0.0000	6.8000
E	891.508	90.000	44.8971	1.2644	0.1171	0.0763	0.0000	6.8000
dPolE	891.508	90.000	22.5801	1.0000	0.0000	6.8000
uR	891.508	90.000	0.0225	1.0000	0.0000	6.8000
E	893.101	90.000	45.0997	1.1593	0.1104	0.0717	0.0000	6.8000
dPolE	893.101	90.000	19.6250	1.0000	0.0000	6.8000
uR	893.101	90.000	0.0221	1.0000	0.0000	6.8000
E	894.694	90.000	44.9857	1.3475	0.0955	0.0618	0.0000	6.8000
dPolE	894.694	90.000	15.6468	1.0000	0.0000	6.8000
uR	894.694	90.000	0.0238	1.0000	0.0000	6.8000
E	896.286	90.000	44.6910	1.1587	0.0925	0.0596	0.0000	6.8000
dPolE	896.286	90.000	18.1560	1.0000	0.0000	6.8000
uR	896.286	90.000	0.0235	1.0000	0.0000	6.8000
E	897.879	90.000	44.9725	1.3566	0.0976	0.0627	0.0000	6.8000
dPolE	897.879	90.000	15.8222	1.0000	0.0000	6.8000
uR	897.879	90.000	0.0232	1.0000	0.0000	6.8000
E	899.471	90.000	45.0277	1.3304	0.1089	0.0697	0.0000	6.8000
dPolE	899.471	90.000	23.0344	1.0000	0.0000	6.8000
uR	899.471	90.000	0.0224	1.0000	0.0000	6.8000
E	901.063	90.000	44.9847	1.3354	0.1227	0.0781	0.0000	6.8000
dPolE	901.063	90.000	19.0782	1.0000	0.0000	6.8000
uR	901.063	90.000	0.0224	1.0000	0.0000	6.8000
E	902.655	90.000	44.9784	1.3221	0.1119	0.0711	0.0000	6.8000
dPolE	902.655	90.000	18.3838	1.0000	0.0000	6.8000
uR	902.655	90.000	0.0231	1.0000	0.0000	6.8000
E	904.247	90.000	44.9678	1.1608	0.1011	0.0640	0.0000	6.8000
dPolE	904.247	90.000	14.4900	1.0000	0.0000	6.8000
uR	904.247	90.000	0.0244	1.0000	0.0000	6.8000
E	905.838	90.000	44.9627	1.1646	0.1001	0.0632	0.0000	6.8000
dPolE	905.838	90.000	16.1039	1.0000	0.0000	6.8000
uR	905.838	90.000	0.0241	1.0000	0.0000	6.8000
E	907.429	90.000	45.1580	1.2405	0.1099	0.0692	0.0000	6.8000
dPolE	907.429	90.000	20.6828	1.0000	0.0000	6.8000
uR	907.429	90.000	0.0229	1.0000	0.0000	6.8000
E	909.021	90.000	45.1902	1.2059	0.1335	0.0840	0.0000	6.8000
dPolE	909.021	90.000	26.8551	1.0000	0.0000	6.8000
uR	909.021	90.000	0.0210	1.0000	0.0000	6.8000
E	910.612	90.000	45.4311	1.0893	0.1627	0.1016	0.0000	6.8000
dPolE	910.612	90.000	29.1875	1.0000	0.0000	6.8000
uR	910.612	90.000	0.0209	1.0000	0.0000	6.8000
E	912.203	90.000	44.6064	1.0441	0.1455	0.0908	0.0000	6.8000
dPolE	912.203	90.000	31.1611	1.0000	0.0000	6.8000
uR	912.203	90.000	0.0204	1.0000	0.0000	6.8000
E	913.793	90.000	44.7855	1.1020	0.1161	0.0722	0.0000	6.8000
dPolE	913.793	90.000	20.6454	1.0000	0.0000	6.8000
uR	913.793	90.000	0.0217	1.0000	0.0000	6.8000
E	915.384	90.000	44.8391	1.1746	0.0919	0.0572	0.0000	6.8000
dPolE	915.384	90.000	13.5399	1.0000	0.0000	6.8000
uR	915.384	90.000	0.0228	1.0000	0.0000	6.8000
E	916.974	90.000	45.0252	1.1798	0.0834	0.0518	0.0000	6.8000
dPolE	916.974	90.000	12.3187	1.0000	0.0000	6.8000
uR	916.974	90.000	0.0233	1.0000	0.0000	6.8000
E	918.565	90.000	44.9840	1.0451	0.0895	0.0554	0.0000	6.8000
dPolE	918.565	90.000	14.1274	1.0000	0.0000	6.8000
uR	918.565	90.000	0.0229	1.0000	0.0000	6.8000
E	920.155	90.000	45.0117	1.1773	0.1071	0.0663	0.0000	6.8000
dPolE	920.155	90.000	21.0967	1.0000	0.0000	6.8000
uR	920.155	90.000	0.0215	1.0000	0.0000	6.8000
E	921.745	90.000	45.2349	1.1166	0.1306	0.0806	0.0000	6.8000
dPolE	921.745	90.000	23.5374	1.0000	0.0000	6.8000
uR	921.745	90.000	0.0219	1.0000	0.0000	6.8000
E	923.334	90.000	44.9250	0.9576	0.1667	0.1028	0.0000	6.8000
dPolE	923.334	90.000	29.5913	1.0000	0.0000	6.8000
uR	923.334	90.000	0.0232	1.0000	0.0000	6.8000
E	924.924	90.000	45.0792	0.9418	0.1886	0.1161	0.0000	6.8000
dPolE	924.924	90.000	39.1862	1.0000	0.0000	6.8000
uR	924.924	90.000	0.0219	1.0000	0.0000	6.8000
E	926.513	90.000	44.9373	1.0847	0.2150	0.1322	0.0000	6.8000
dPolE	926.513	90.000	46.6452	1.0000	0.0000	6.8000
uR	926.513	90.000	0.0225	1.0000	0.0000	6.8000
E	928.103	90.000	45.0158	0.8714	0.2281	0.1401	0.0000	6.8000
dPolE	928.103	90.000	39.6869	1.0000	0.0000	6.8000
uR	928.103	90.000	0.0234	1.0000	0.0000	6.8000
E	929.692	90.000	45.5803	0.8016	0.2387	0.1462	0.0000	6.8000
dPolE	929.692	90.000	44.0413	1.0000	0.0000	6.8000
uR	929.692	90.000	0.0241	1.0000	0.0000	6.8000
E	931.280	90.000	45.2856	0.6003	0.2444	0.1501	0.0000	6.8000
dPolE	931.280	90.000	41.2253	1.0000	0.0000	6.8000
uR	931.280	90.000	0.0246	1.0000	0.0000	6.8000
E	932.869	90.000	44.3641	0.8216	0.2461	0.1510	0.0000	6.8000
dPolE	932.869	90.000	41.7551	1.0000	0.0000	6.8000
uR	932.869	90.000	0.0246	1.0000	0.0000	6.8000
E	934.458	90.000	44.9639	0.7776	0.2508	0.1532	0.0000	6.8000
dPolE	934.458	90.000	45.2331	1.0000	0.0000	6.8000
uR	934.458	90.000	0.0241	1.0000	0.0000	6.8000
E	936.046	90.000	44.7428	0.8332	0.2337	0.1429	0.0000	6.8000
dPolE	936.046	90.000	43.2268	1.0000	0.0000	6.8000
uR	936.046	90.000	0.0246	1.0000	0.0000	6.8000
E	937.634	90.000	44.9915	1.1971	0.2244	0.1373	0.0000	6.8000
dPolE	937.634	90.000	37.7952	1.0000	0.0000	6.8000
uR	937.634	90.000	0.0239	1.0000	0.0000	6.8000
E	939.222	90.000	44.5176	1.0380	0.2106	0.1287	0.0000	6.8000
dPolE	939.222	90.000	40.3583	1.0000	0.0000	6.8000
uR	939.222	90.000	0.0244	1.0000	0.0000	6.8000
E	940.810	90.000	45.2918	1.0672	0.2325	0.1409	0.0000	6.8000
dPolE	940.810	90.000	41.7284	1.0000	0.0000	6.8000
uR	940.810	90.000	0.0235	1.0000	0.0000	6.8000
E	942.398	90.000	44.8751	1.0779	0.2383	0.1440	0.0000	6.8000
dPolE	942.398	90.000	41.8993	1.0000	0.0000	6.8000
uR	942.398	90.000	0.0235	1.0000	0.0000	6.8000
E	943.985	90.000	44.8131	0.7721	0.2584	0.1569	0.0000	6.8000
dPolE	943.985	90.000	37.8679	1.0000	0.0000	6.8000
uR	943.985	90.000	0.0245	1.0000	0.0000	6.8000
E	945.573	90.000	45.5293	0.8495	0.2532	0.1535	0.0000	6.8000
dPolE	945.573	90.000	42.7246	1.0000	0.0000	6.8000
uR	945.573	90.000	0.0245	1.0000	0.0000	6.8000
E	947.160	90.000	44.9489	1.1635	0.2663	0.1613	0.0000	6.8000
dPolE	947.160	90.000	36.3118	1.0000	0.0000	6.8000
uR	947.160	90.000	0.0240	1.0000	0.0000	6.8000
E	948.747	90.000	44.6217	0.9258	0.2437	0.1467	0.0000	6.8000
dPolE	948.747	90.000	40.4458	1.0000	0.0000	6.8000
uR	948.747	90.000	0.0249	1.0000	0.0000	6.8000
E	950.334	90.000	45.3370	0.8907	0.2281	0.1373	0.0000	6.8000
dPolE	950.334	90.000	39.2563	1.0000	0.0000	6.8000
uR	950.334	90.000	0.0247	1.0000	0.0000	6.8000
E	951.920	90.000	45.0385	0.8438	0.2355	0.1410	0.0000	6.8000
dPolE	951.920	90.000	37.4152	1.0000	0.0000	6.8000
uR	951.920	90.000	0.0243	1.0000	0.0000	6.8000
E	953.507	90.000	45.0233	1.2515	0.2478	0.1481	0.0000	6.8000
dPolE	953.507	90.000	42.6462	1.0000	0.0000	6.8000
uR	953.507	90.000	0.0243	1.0000	0.0000	6.8000
E	955.093	90.000	44.6022	0.9361	0.2590	0.1538	0.0000	6.8000
dPolE	955.093	90.000	41.4876	1.0000	0.0000	6.8000
uR	955.093	90.000	0.0243	1.0000	0.0000	6.8000
E	956.679	90.000	44.7338	0.8281	0.2863	0.1705	0.0000	6.8000
dPolE	956.679	90.000	45.2596	1.0000	0.0000	6.8000
uR	956.679	90.000	0.0247	1.0000	0.0000	6.8000
E	958.265	90.000	43.7683	0.5347	0.3210	0.1902	0.0000	6.8000
dPolE	958.265	90.000	51.2928	1.0000	0.0000	6.8000
uR	958.265	90.000	0.0248	1.0000	0.0000	6.8000
E	959.851	90.000	44.8609	1.4425	0.3296	0.1947	0.0000	6.8000
dPolE	959.851	90.000	58.5866	1.0000	0.0000	6.8000
uR	959.851	90.000	0.0232	1.0000	0.0000	6.8000
E	961.436	90.000	44.5270	0.8960	0.3443	0.2024	0.0000	6.8000
dPolE	961.436	90.000	62.7046	1.0000	0.0000	6.8000
uR	961.436	90.000	0.0238	1.0000	0.0000	6.8000
E	963.022	90.000	46.5372	1.4213	0.3610	0.2128	0.0000	6.8000
dPolE	963.022	90.000	61.3377	1.0000	0.0000	6.8000
uR	963.022	90.000	0.0229	1.0000	0.0000	6.8000
E	964.607	90.000	45.2902	1.3009	0.3577	0.2095	0.0000	6.8000
dPolE	964.607	90.000	56.2802	1.0000	0.0000	6.8000
uR	964.607	90.000	0.0231	1.0000	0.0000	6.8000
E	966.192	90.000	45.2668	1.3641	0.3200	0.1870	0.0000	6.8000
dPolE	966.192	90.000	60.3956	1.0000	0.0000	6.8000
uR	966.192	90.000	0.0220	1.0000	0.0000	6.8000
E	967.777	90.000	45.2312	0.9631	0.2994	0.1737	0.0000	6.8000
dPolE	967.777	90.000	50.7850	1.0000	0.0000	6.8000
uR	967.777	90.000	0.0231	1.0000	0.0000	6.8000
E	969.361	90.000	44.8314	1.1937	0.2865	0.1662	0.0000	6.8000
dPolE	969.361	90.000	46.3744	1.0000	0.0000	6.8000
uR	969.361	90.000	0.0228	1.0000	0.0000	6.8000
E	970.946	90.000	45.5800	0.9150	0.2700	0.1558	0.0000	6.8000
dPolE	970.946	90.000	40.2036	1.0000	0.0000	6.8000
uR	970.946	90.000	0.0237	1.0000	0.0000	6.8000
E	972.530	90.000	44.5726	1.2173	0.2379	0.1374	0.0000	6.8000
dPolE	972.530	90.000	40.2683	1.0000	0.0000	6.8000
uR	972.530	90.000	0.0239	1.0000	0.0000	6.8000
E	974.114	90.000	44.7188	0.8677	0.2346	0.1352	0.0000	6.8000
dPolE	974.114	90.000	36.4705	1.0000	0.0000	6.8000
uR	974.114	90.000	0.0224	1.0000	0.0000	6.8000
E	975.698	90.000	44.7607	0.8884	0.1999	0.1146	0.0000	6.8000
dPolE	975.698	90.000	29.3783	1.0000	0.0000	6.8000
uR	975.698	90.000	0.0220	1.0000	0.0000	6.8000
E	977.282	90.000	45.2004	0.8096	0.1658	0.0948	0.0000	6.8000
dPolE	977.282	90.000	27.1404	1.0000	0.0000	6.8000
uR	977.282	90.000	0.0229	1.0000	0.0000	6.8000
E	978.865	90.000	44.8076	1.0447	0.1429	0.0814	0.0000	6.8000
dPolE	978.865	90.000	19.6311	1.0000	0.0000	6.8000
uR	978.865	90.000	0.0237	1.0000	0.0000	6.8000
E	980.449	90.000	44.6481	0.9573	0.1434	0.0817	0.0000	6.8000
dPolE	980.449	90.000	20.8856	1.0000	0.0000	6.8000
uR	980.449	90.000	0.0237	1.0000	0.0000	6.8000
E	982.032	90.000	44.9454	0.8581	0.1633	0.0932	0.0000	6.8000
dPolE	982.032	90.000	23.8451	1.0000	0.0000	6.8000
uR	982.032	90.000	0.0236	1.0000	0.0000	6.8000
E	983.615	90.000	45.7370	1.0225	0.1924	0.1097	0.0000	6.8000
dPolE	983.615	90.000	24.7024	1.0000	0.0000	6.8000
uR	983.615	90.000	0.0217	1.0000	0.0000	6.8000
E	985.198	90.000	45.2734	0.9469	0.2210	0.1256	0.0000	6.8000
dPolE	985.198	90.000	39.1362	1.0000	0.0000	6.8000
uR	985.198	90.000	0.0204	1.0000	0.0000	6.8000
E	986.780	90.000	45.1261	1.0818	0.2231	0.1271	0.0000	6.8000
dPolE	986.780	90.000	34.1480	1.0000	0.0000	6.8000
uR	986.780	90.000	0.0214	1.0000	0.0000	6.8000
E	988.363	90.000	44.6236	0.9976	0.1973	0.1120	0.0000	6.8000
dPolE	988.363	90.000	31.9453	1.0000	0.0000	6.8000
uR	988.363	90.000	0.0227	1.0000	0.0000	6.8000
E	989.945	90.000	44.9930	1.0538	0.1786	0.1013	0.0000	6.8000
dPolE	989.945	90.000	30.4773	1.0000	0.0000	6.8000
uR	989.945	90.000	0.0216	1.0000	0.0000	6.8000
E	991.527	90.000	44.9296	0.8702	0.1655	0.0934	0.0000	6.8000
dPolE	991.527	90.000	24.8601	1.0000	0.0000	6.8000
uR	991.527	90.000	0.0245	1.0000	0.0000	6.8000
E	993.109	90.000	44.9413	1.1582	0.1651	0.0935	0.0000	6.8000
dPolE	993.109	90.000	23.9741	1.0000	0.0000	6.8000
uR	993.109	90.000	0.0239	1.0000	0.0000	6.8000
E	994.690	90.000	45.1636	0.9178	0.1713	0.0966	0.0000	6.8000
dPolE	994.690	90.000	23.9032	1.0000	0.0000	6.8000
uR	994.690	90.000	0.0230	1.0000	0.0000	6.8000
E	996.272	90.000	45.6321	0.9889	0.1889	0.1066	0.0000	6.8000
dPolE	996.272	90.000	26.9023	1.0000	0.0000	6.8000
uR	996.272	90.000	0.0226	1.0000	0.0000	6.8000
E	997.853	90.000	44.8009	0.9351	0.2229	0.1253	0.0000	6.8000
dPolE	997.853	90.000	39.0142	1.0000	0.0000	6.8000
uR	997.853	90.000	0.0217	1.0000	0.0000	6.8000
E	999.434	90.000	45.5816	0.6217	0.2761	0.1550	0.0000	6.8000
dPolE	999.434	90.000	42.1966	1.0000	0.0000	6.8000
uR	999.434	90.000	0.0224	1.0000	0.0000	6.8000
