
FM-removed
XY-Scan
nm
E	210.379	90.000	20.8502	135.6519	0.2462	0.7333	0.0000	6.8000
dPolE	210.379	90.000	99.9875	1.0000	0.0000	6.8000
uR	210.379	90.000	0.0185	1.0000	0.0000	6.8000
E	211.990	90.000	61.4997	305.9883	0.2708	0.6415	0.0000	6.8000
dPolE	211.990	90.000	99.9510	1.0000	0.0000	6.8000
uR	211.990	90.000	0.0183	1.0000	0.0000	6.8000
E	213.602	90.000	28.1322	110.6585	0.2611	0.6339	0.0000	6.8000
dPolE	213.602	90.000	99.9322	1.0000	0.0000	6.8000
uR	213.602	90.000	0.0138	1.0000	0.0000	6.8000
E	215.214	90.000	57.8139	166.4773	0.2324	0.4732	0.0000	6.8000
dPolE	215.214	90.000	99.9381	1.0000	0.0000	6.8000
uR	215.214	90.000	0.0121	1.0000	0.0000	6.8000
E	216.826	90.000	76.2868	334.8838	0.2561	1.0224	0.0000	6.8000
dPolE	216.826	90.000	99.8928	1.0000	0.0000	6.8000
uR	216.826	90.000	0.0103	1.0000	0.0000	6.8000
E	218.438	90.000	56.6484	278.8560	0.2764	0.6130	0.0000	6.8000
dPolE	218.438	90.000	99.9918	1.0000	0.0000	6.8000
uR	218.438	90.000	0.0058	1.0000	0.0000	6.8000
E	220.050	90.000	76.3054	239.6084	0.2457	1.1371	0.0000	6.8000
dPolE	220.050	90.000	99.8902	1.0000	0.0000	6.8000
uR	220.050	90.000	0.0086	1.0000	0.0000	6.8000
E	221.662	90.000	6.7616	77.9651	0.1958	2.0441	0.0000	6.8000
dPolE	221.662	90.000	99.9940	1.0000	0.0000	6.8000
uR	221.662	90.000	0.0054	1.0000	0.0000	6.8000
E	223.274	90.000	78.2121	266.2154	0.2244	1.3927	0.0000	6.8000
dPolE	223.274	90.000	99.9638	1.0000	0.0000	6.8000
uR	223.274	90.000	0.0044	1.0000	0.0000	6.8000
E	224.886	90.000	29.8963	193.3323	0.2881	0.5021	0.0000	6.8000
dPolE	224.886	90.000	99.9936	1.0000	0.0000	6.8000
uR	224.886	90.000	0.0045	1.0000	0.0000	6.8000
E	226.498	90.000	22.6318	351.1884	0.2959	0.5978	0.0000	6.8000
dPolE	226.498	90.000	99.9659	1.0000	0.0000	6.8000
uR	226.498	90.000	0.0045	1.0000	0.0000	6.8000
E	228.111	90.000	25.5716	75.6105	0.2328	0.6562	0.0000	6.8000
dPolE	228.111	90.000	99.9876	1.0000	0.0000	6.8000
uR	228.111	90.000	0.0018	1.0000	0.0000	6.8000
E	229.723	90.000	66.3343	53.1698	0.2782	0.7400	0.0000	6.8000
dPolE	229.723	90.000	99.9735	1.0000	0.0000	6.8000
uR	229.723	90.000	0.0023	1.0000	0.0000	6.8000
E	231.335	90.000	57.8390	213.9741	0.2876	0.5001	0.0000	6.8000
dPolE	231.335	90.000	99.9650	1.0000	0.0000	6.8000
uR	231.335	90.000	0.0022	1.0000	0.0000	6.8000
E	232.948	90.000	39.0961	74.9913	0.2776	0.5622	0.0000	6.8000
dPolE	232.948	90.000	99.9995	1.0000	0.0000	6.8000
uR	232.948	90.000	0.0026	1.0000	0.0000	6.8000
E	234.560	90.000	58.7609	190.8643	0.2949	0.4147	0.0000	6.8000
dPolE	234.560	90.000	99.9498	1.0000	0.0000	6.8000
uR	234.560	90.000	0.0022	1.0000	0.0000	6.8000
E	236.173	90.000	37.6158	24.6609	0.3163	0.4451	0.0000	6.8000
dPolE	236.173	90.000	99.9276	1.0000	0.0000	6.8000
uR	236.173	90.000	0.0018	1.0000	0.0000	6.8000
E	237.786	90.000	13.1168	105.0430	0.2223	1.3950	0.0000	6.8000
dPolE	237.786	90.000	99.9147	1.0000	0.0000	6.8000
uR	237.786	90.000	0.0021	1.0000	0.0000	6.8000
E	239.398	90.000	16.4787	245.5650	0.2429	1.0832	0.0000	6.8000
dPolE	239.398	90.000	99.9374	1.0000	0.0000	6.8000
uR	239.398	90.000	0.0021	1.0000	0.0000	6.8000
E	241.011	90.000	17.0274	278.2809	0.2366	1.1515	0.0000	6.8000
dPolE	241.011	90.000	99.9648	1.0000	0.0000	6.8000
uR	241.011	90.000	0.0012	1.0000	0.0000	6.8000
E	242.624	90.000	59.0071	20.1887	0.3074	0.4309	0.0000	6.8000
dPolE	242.624	90.000	99.9698	1.0000	0.0000	6.8000
uR	242.624	90.000	0.0016	1.0000	0.0000	6.8000
E	244.237	90.000	16.0976	172.7290	0.3278	0.6704	0.0000	6.8000
dPolE	244.237	90.000	99.9767	1.0000	0.0000	6.8000
uR	244.237	90.000	0.0009	1.0000	0.0000	6.8000
E	245.850	90.000	89.9900	179.3327	0.3112	935.7399	0.0000	6.8000
dPolE	245.850	90.000	99.9439	1.0000	0.0000	6.8000
uR	245.850	90.000	0.0011	1.0000	0.0000	6.8000
E	247.463	90.000	79.7549	287.0586	0.1988	1.7092	0.0000	6.8000
dPolE	247.463	90.000	99.9886	1.0000	0.0000	6.8000
uR	247.463	90.000	0.0011	1.0000	0.0000	6.8000
E	249.076	90.000	18.5556	282.0887	0.2440	1.0703	0.0000	6.8000
dPolE	249.076	90.000	99.9987	1.0000	0.0000	6.8000
uR	249.076	90.000	0.0008	1.0000	0.0000	6.8000
E	250.689	90.000	19.0877	327.9946	0.3043	0.7216	0.0000	6.8000
dPolE	250.689	90.000	99.9062	1.0000	0.0000	6.8000
uR	250.689	90.000	0.0012	1.0000	0.0000	6.8000
E	252.302	90.000	14.6719	172.7633	0.3333	0.7090	0.0000	6.8000
dPolE	252.302	90.000	99.9794	1.0000	0.0000	6.8000
uR	252.302	90.000	0.0007	1.0000	0.0000	6.8000
E	253.916	90.000	79.3917	4.4073	0.2890	0.8147	0.0000	6.8000
dPolE	253.916	90.000	99.9959	1.0000	0.0000	6.8000
uR	253.916	90.000	0.0005	1.0000	0.0000	6.8000
E	255.529	90.000	22.3000	4.3436	0.3063	0.4430	0.0000	6.8000
dPolE	255.529	90.000	99.8835	1.0000	0.0000	6.8000
uR	255.529	90.000	0.0011	1.0000	0.0000	6.8000
E	257.142	90.000	80.6507	355.8315	0.3322	1.0508	0.0000	6.8000
dPolE	257.142	90.000	99.9482	1.0000	0.0000	6.8000
uR	257.142	90.000	0.0011	1.0000	0.0000	6.8000
E	258.756	90.000	20.2642	205.3436	0.2953	0.5903	0.0000	6.8000
dPolE	258.756	90.000	99.9999	1.0000	0.0000	6.8000
uR	258.756	90.000	0.0012	1.0000	0.0000	6.8000
E	260.369	90.000	87.2745	266.7499	0.1577	6.4933	0.0000	6.8000
dPolE	260.369	90.000	99.9102	1.0000	0.0000	6.8000
uR	260.369	90.000	0.0012	1.0000	0.0000	6.8000
E	261.983	90.000	37.8407	65.1357	0.2827	0.5541	0.0000	6.8000
dPolE	261.983	90.000	99.9734	1.0000	0.0000	6.8000
uR	261.983	90.000	0.0010	1.0000	0.0000	6.8000
E	263.596	90.000	39.7913	60.0220	0.2928	0.5419	0.0000	6.8000
dPolE	263.596	90.000	99.9935	1.0000	0.0000	6.8000
uR	263.596	90.000	0.0009	1.0000	0.0000	6.8000
E	265.210	90.000	39.4868	355.7135	0.2985	0.3099	0.0000	6.8000
dPolE	265.210	90.000	99.9257	1.0000	0.0000	6.8000
uR	265.210	90.000	0.0009	1.0000	0.0000	6.8000
E	266.823	90.000	31.2191	172.8176	0.2936	0.3439	0.0000	6.8000
dPolE	266.823	90.000	99.9766	1.0000	0.0000	6.8000
uR	266.823	90.000	0.0008	1.0000	0.0000	6.8000
E	268.437	90.000	42.0435	335.4129	0.2888	0.3625	0.0000	6.8000
dPolE	268.437	90.000	99.9708	1.0000	0.0000	6.8000
uR	268.437	90.000	0.0005	1.0000	0.0000	6.8000
E	270.051	90.000	33.4196	346.4898	0.2626	0.3161	0.0000	6.8000
dPolE	270.051	90.000	99.9510	1.0000	0.0000	6.8000
uR	270.051	90.000	0.0009	1.0000	0.0000	6.8000
E	271.665	90.000	46.6176	5.6274	0.2805	0.2952	0.0000	6.8000
dPolE	271.665	90.000	99.8701	1.0000	0.0000	6.8000
uR	271.665	90.000	0.0012	1.0000	0.0000	6.8000
E	273.279	90.000	65.2139	238.2128	0.2454	0.6526	0.0000	6.8000
dPolE	273.279	90.000	99.9970	1.0000	0.0000	6.8000
uR	273.279	90.000	0.0006	1.0000	0.0000	6.8000
E	274.892	90.000	34.3483	178.5579	0.2900	0.3287	0.0000	6.8000
dPolE	274.892	90.000	99.9772	1.0000	0.0000	6.8000
uR	274.892	90.000	0.0006	1.0000	0.0000	6.8000
E	276.506	90.000	27.7378	149.9600	0.2519	0.4283	0.0000	6.8000
dPolE	276.506	90.000	99.9673	1.0000	0.0000	6.8000
uR	276.506	90.000	0.0007	1.0000	0.0000	6.8000
E	278.120	90.000	54.9357	56.7911	0.2561	0.4975	0.0000	6.8000
dPolE	278.120	90.000	99.9970	1.0000	0.0000	6.8000
uR	278.120	90.000	0.0006	1.0000	0.0000	6.8000
E	279.734	90.000	89.9900	270.6533	0.1459	1540.4982	0.0000	6.8000
dPolE	279.734	90.000	99.9119	1.0000	0.0000	6.8000
uR	279.734	90.000	0.0008	1.0000	0.0000	6.8000
E	281.349	90.000	41.3557	218.0875	0.2663	0.4051	0.0000	6.8000
dPolE	281.349	90.000	99.9902	1.0000	0.0000	6.8000
uR	281.349	90.000	0.0003	1.0000	0.0000	6.8000
E	282.963	90.000	24.2801	48.1440	0.2452	0.5965	0.0000	6.8000
dPolE	282.963	90.000	99.9546	1.0000	0.0000	6.8000
uR	282.963	90.000	0.0007	1.0000	0.0000	6.8000
E	284.577	90.000	23.3404	208.6702	0.2416	0.4742	0.0000	6.8000
dPolE	284.577	90.000	99.8938	1.0000	0.0000	6.8000
uR	284.577	90.000	0.0009	1.0000	0.0000	6.8000
E	286.191	90.000	43.7926	318.5309	0.2464	0.3880	0.0000	6.8000
dPolE	286.191	90.000	99.9827	1.0000	0.0000	6.8000
uR	286.191	90.000	0.0005	1.0000	0.0000	6.8000
E	287.805	90.000	42.1691	177.1451	0.2383	0.2747	0.0000	6.8000
dPolE	287.805	90.000	99.9965	1.0000	0.0000	6.8000
uR	287.805	90.000	0.0008	1.0000	0.0000	6.8000
E	289.420	90.000	36.5371	20.4013	0.2346	0.3170	0.0000	6.8000
dPolE	289.420	90.000	99.9806	1.0000	0.0000	6.8000
uR	289.420	90.000	0.0004	1.0000	0.0000	6.8000
E	291.034	90.000	52.3390	195.3557	0.2353	0.3035	0.0000	6.8000
dPolE	291.034	90.000	99.9692	1.0000	0.0000	6.8000
uR	291.034	90.000	0.0005	1.0000	0.0000	6.8000
E	292.649	90.000	53.7697	153.9758	0.2193	0.3191	0.0000	6.8000
dPolE	292.649	90.000	99.8820	1.0000	0.0000	6.8000
uR	292.649	90.000	0.0010	1.0000	0.0000	6.8000
E	294.263	90.000	55.7884	357.5373	0.2314	0.2987	0.0000	6.8000
dPolE	294.263	90.000	99.9859	1.0000	0.0000	6.8000
uR	294.263	90.000	0.0005	1.0000	0.0000	6.8000
E	295.877	90.000	70.6217	295.2717	0.1897	0.6882	0.0000	6.8000
dPolE	295.877	90.000	99.9405	1.0000	0.0000	6.8000
uR	295.877	90.000	0.0006	1.0000	0.0000	6.8000
E	297.492	90.000	11.7968	58.4486	0.1808	1.0446	0.0000	6.8000
dPolE	297.492	90.000	99.9831	1.0000	0.0000	6.8000
uR	297.492	90.000	0.0005	1.0000	0.0000	6.8000
E	299.107	90.000	76.1173	154.2931	0.1869	0.5964	0.0000	6.8000
dPolE	299.107	90.000	99.9827	1.0000	0.0000	6.8000
uR	299.107	90.000	0.0005	1.0000	0.0000	6.8000
E	300.721	90.000	19.7911	220.8212	0.1981	0.5470	0.0000	6.8000
dPolE	300.721	90.000	99.9934	1.0000	0.0000	6.8000
uR	300.721	90.000	0.0003	1.0000	0.0000	6.8000
E	302.336	90.000	59.1313	247.5480	0.1932	0.4454	0.0000	6.8000
dPolE	302.336	90.000	99.9983	1.0000	0.0000	6.8000
uR	302.336	90.000	0.0002	1.0000	0.0000	6.8000
E	303.950	90.000	29.4985	224.7817	0.1899	0.3877	0.0000	6.8000
dPolE	303.950	90.000	99.9914	1.0000	0.0000	6.8000
uR	303.950	90.000	0.0003	1.0000	0.0000	6.8000
E	305.565	90.000	62.3984	276.2109	0.1813	0.4870	0.0000	6.8000
dPolE	305.565	90.000	99.9746	1.0000	0.0000	6.8000
uR	305.565	90.000	0.0004	1.0000	0.0000	6.8000
E	307.180	90.000	57.0855	46.5317	0.1950	0.3758	0.0000	6.8000
dPolE	307.180	90.000	99.9953	1.0000	0.0000	6.8000
uR	307.180	90.000	0.0005	1.0000	0.0000	6.8000
E	308.795	90.000	47.9920	220.5569	0.1927	0.3207	0.0000	6.8000
dPolE	308.795	90.000	99.9902	1.0000	0.0000	6.8000
uR	308.795	90.000	0.0003	1.0000	0.0000	6.8000
E	310.410	90.000	46.1247	241.0255	0.1897	0.3552	0.0000	6.8000
dPolE	310.410	90.000	99.9945	1.0000	0.0000	6.8000
uR	310.410	90.000	0.0003	1.0000	0.0000	6.8000
E	312.024	90.000	61.2956	328.0826	0.1888	0.3609	0.0000	6.8000
dPolE	312.024	90.000	99.9958	1.0000	0.0000	6.8000
uR	312.024	90.000	0.0003	1.0000	0.0000	6.8000
E	313.639	90.000	57.4700	347.6046	0.1892	0.2982	0.0000	6.8000
dPolE	313.639	90.000	99.9882	1.0000	0.0000	6.8000
uR	313.639	90.000	0.0003	1.0000	0.0000	6.8000
E	315.254	90.000	79.7143	87.7726	0.1432	1.0853	0.0000	6.8000
dPolE	315.254	90.000	99.9672	1.0000	0.0000	6.8000
uR	315.254	90.000	0.0004	1.0000	0.0000	6.8000
E	316.869	90.000	9.7653	158.9480	0.1803	0.8396	0.0000	6.8000
dPolE	316.869	90.000	99.9890	1.0000	0.0000	6.8000
uR	316.869	90.000	0.0002	1.0000	0.0000	6.8000
E	318.484	90.000	28.3506	20.2427	0.1690	0.3094	0.0000	6.8000
dPolE	318.484	90.000	99.9999	1.0000	0.0000	6.8000
uR	318.484	90.000	0.0003	1.0000	0.0000	6.8000
E	320.099	90.000	30.8217	62.5375	0.1681	0.3787	0.0000	6.8000
dPolE	320.099	90.000	99.9836	1.0000	0.0000	6.8000
uR	320.099	90.000	0.0003	1.0000	0.0000	6.8000
E	321.714	90.000	33.6559	6.7124	0.1707	0.2752	0.0000	6.8000
dPolE	321.714	90.000	99.9999	1.0000	0.0000	6.8000
uR	321.714	90.000	0.0002	1.0000	0.0000	6.8000
E	323.330	90.000	47.0064	139.8516	0.1699	0.2928	0.0000	6.8000
dPolE	323.330	90.000	99.9968	1.0000	0.0000	6.8000
uR	323.330	90.000	0.0003	1.0000	0.0000	6.8000
E	324.945	90.000	46.6024	202.8539	0.1745	0.2783	0.0000	6.8000
dPolE	324.945	90.000	99.9873	1.0000	0.0000	6.8000
uR	324.945	90.000	0.0004	1.0000	0.0000	6.8000
E	326.560	90.000	34.2495	330.8424	0.1758	0.3147	0.0000	6.8000
dPolE	326.560	90.000	99.9870	1.0000	0.0000	6.8000
uR	326.560	90.000	0.0003	1.0000	0.0000	6.8000
E	328.175	90.000	78.7059	132.9384	0.1567	0.8145	0.0000	6.8000
dPolE	328.175	90.000	99.9820	1.0000	0.0000	6.8000
uR	328.175	90.000	0.0004	1.0000	0.0000	6.8000
E	329.790	90.000	18.8520	219.2429	0.1535	0.4614	0.0000	6.8000
dPolE	329.790	90.000	99.9815	1.0000	0.0000	6.8000
uR	329.790	90.000	0.0004	1.0000	0.0000	6.8000
E	331.406	90.000	45.3281	140.3073	0.1591	0.2806	0.0000	6.8000
dPolE	331.406	90.000	99.9867	1.0000	0.0000	6.8000
uR	331.406	90.000	0.0003	1.0000	0.0000	6.8000
E	333.021	90.000	11.0671	34.6477	0.1595	0.7751	0.0000	6.8000
dPolE	333.021	90.000	99.9998	1.0000	0.0000	6.8000
uR	333.021	90.000	0.0003	1.0000	0.0000	6.8000
E	334.636	90.000	17.7385	57.2889	0.1252	0.4478	0.0000	6.8000
dPolE	334.636	90.000	99.9999	1.0000	0.0000	6.8000
uR	334.636	90.000	0.0004	1.0000	0.0000	6.8000
E	336.251	90.000	67.6776	226.2114	0.1439	0.3923	0.0000	6.8000
dPolE	336.251	90.000	99.9970	1.0000	0.0000	6.8000
uR	336.251	90.000	0.0002	1.0000	0.0000	6.8000
E	337.867	90.000	11.8931	65.5449	0.1406	0.7703	0.0000	6.8000
dPolE	337.867	90.000	99.9734	1.0000	0.0000	6.8000
uR	337.867	90.000	0.0005	1.0000	0.0000	6.8000
E	339.482	90.000	40.3494	199.8333	0.1594	0.2744	0.0000	6.8000
dPolE	339.482	90.000	99.9987	1.0000	0.0000	6.8000
uR	339.482	90.000	0.0003	1.0000	0.0000	6.8000
E	341.098	90.000	57.4094	142.4677	0.1490	0.2973	0.0000	6.8000
dPolE	341.098	90.000	99.9902	1.0000	0.0000	6.8000
uR	341.098	90.000	0.0003	1.0000	0.0000	6.8000
E	342.713	90.000	75.4519	290.5271	0.1393	0.6295	0.0000	6.8000
dPolE	342.713	90.000	99.9938	1.0000	0.0000	6.8000
uR	342.713	90.000	0.0003	1.0000	0.0000	6.8000
E	344.329	90.000	29.0055	43.8441	0.1537	0.3416	0.0000	6.8000
dPolE	344.329	90.000	99.9920	1.0000	0.0000	6.8000
uR	344.329	90.000	0.0003	1.0000	0.0000	6.8000
E	345.944	90.000	45.3223	212.2052	0.1475	0.2653	0.0000	6.8000
dPolE	345.944	90.000	99.9875	1.0000	0.0000	6.8000
uR	345.944	90.000	0.0004	1.0000	0.0000	6.8000
E	347.560	90.000	33.1651	259.0413	0.1474	0.3271	0.0000	6.8000
dPolE	347.560	90.000	99.9921	1.0000	0.0000	6.8000
uR	347.560	90.000	0.0003	1.0000	0.0000	6.8000
E	349.175	90.000	57.0796	295.8435	0.1422	0.3094	0.0000	6.8000
dPolE	349.175	90.000	99.9999	1.0000	0.0000	6.8000
uR	349.175	90.000	0.0004	1.0000	0.0000	6.8000
E	350.791	90.000	30.6872	76.2021	0.1460	0.3392	0.0000	6.8000
dPolE	350.791	90.000	99.9936	1.0000	0.0000	6.8000
uR	350.791	90.000	0.0002	1.0000	0.0000	6.8000
E	352.406	90.000	71.0314	50.4019	0.1428	0.4625	0.0000	6.8000
dPolE	352.406	90.000	99.9709	1.0000	0.0000	6.8000
uR	352.406	90.000	0.0004	1.0000	0.0000	6.8000
E	354.022	90.000	42.3926	45.7209	0.1521	0.2890	0.0000	6.8000
dPolE	354.022	90.000	99.9996	1.0000	0.0000	6.8000
uR	354.022	90.000	0.0002	1.0000	0.0000	6.8000
E	355.638	90.000	61.0372	353.6223	0.1420	0.2982	0.0000	6.8000
dPolE	355.638	90.000	99.9954	1.0000	0.0000	6.8000
uR	355.638	90.000	0.0002	1.0000	0.0000	6.8000
E	357.253	90.000	49.8205	209.6127	0.1428	0.2682	0.0000	6.8000
dPolE	357.253	90.000	99.9934	1.0000	0.0000	6.8000
uR	357.253	90.000	0.0004	1.0000	0.0000	6.8000
E	358.869	90.000	23.8592	297.7935	0.1368	0.3745	0.0000	6.8000
dPolE	358.869	90.000	99.9987	1.0000	0.0000	6.8000
uR	358.869	90.000	0.0003	1.0000	0.0000	6.8000
E	360.485	90.000	44.4859	337.4207	0.1441	0.2668	0.0000	6.8000
dPolE	360.485	90.000	99.9896	1.0000	0.0000	6.8000
uR	360.485	90.000	0.0004	1.0000	0.0000	6.8000
E	362.100	90.000	23.4107	98.7485	0.1338	0.3821	0.0000	6.8000
dPolE	362.100	90.000	99.9636	1.0000	0.0000	6.8000
uR	362.100	90.000	0.0005	1.0000	0.0000	6.8000
E	363.716	90.000	50.6655	85.4090	0.1456	0.2978	0.0000	6.8000
dPolE	363.716	90.000	99.9920	1.0000	0.0000	6.8000
uR	363.716	90.000	0.0003	1.0000	0.0000	6.8000
E	365.332	90.000	27.8281	355.2015	0.1389	0.3088	0.0000	6.8000
dPolE	365.332	90.000	99.9947	1.0000	0.0000	6.8000
uR	365.332	90.000	0.0004	1.0000	0.0000	6.8000
E	366.948	90.000	67.4086	28.2305	0.1263	0.3378	0.0000	6.8000
dPolE	366.948	90.000	99.9845	1.0000	0.0000	6.8000
uR	366.948	90.000	0.0005	1.0000	0.0000	6.8000
E	368.563	90.000	75.0181	144.8224	0.1329	0.5142	0.0000	6.8000
dPolE	368.563	90.000	99.9865	1.0000	0.0000	6.8000
uR	368.563	90.000	0.0004	1.0000	0.0000	6.8000
E	370.179	90.000	45.5420	239.3578	0.1292	0.2529	0.0000	6.8000
dPolE	370.179	90.000	99.9879	1.0000	0.0000	6.8000
uR	370.179	90.000	0.0003	1.0000	0.0000	6.8000
E	371.795	90.000	13.9216	196.6725	0.1315	0.5235	0.0000	6.8000
dPolE	371.795	90.000	99.9838	1.0000	0.0000	6.8000
uR	371.795	90.000	0.0004	1.0000	0.0000	6.8000
E	373.411	90.000	23.2978	183.0303	0.1297	0.3311	0.0000	6.8000
dPolE	373.411	90.000	99.9957	1.0000	0.0000	6.8000
uR	373.411	90.000	0.0003	1.0000	0.0000	6.8000
E	375.027	90.000	43.9861	133.2010	0.1259	0.2450	0.0000	6.8000
dPolE	375.027	90.000	99.9906	1.0000	0.0000	6.8000
uR	375.027	90.000	0.0004	1.0000	0.0000	6.8000
E	376.643	90.000	68.6590	289.9740	0.1284	0.3870	0.0000	6.8000
dPolE	376.643	90.000	99.9932	1.0000	0.0000	6.8000
uR	376.643	90.000	0.0004	1.0000	0.0000	6.8000
E	378.258	90.000	47.6411	181.5813	0.1291	0.2423	0.0000	6.8000
dPolE	378.258	90.000	99.9947	1.0000	0.0000	6.8000
uR	378.258	90.000	0.0004	1.0000	0.0000	6.8000
E	379.874	90.000	53.3597	11.8117	0.1290	0.2526	0.0000	6.8000
dPolE	379.874	90.000	99.9932	1.0000	0.0000	6.8000
uR	379.874	90.000	0.0003	1.0000	0.0000	6.8000
E	381.490	90.000	77.5362	98.5166	0.1192	0.5924	0.0000	6.8000
dPolE	381.490	90.000	99.9962	1.0000	0.0000	6.8000
uR	381.490	90.000	0.0002	1.0000	0.0000	6.8000
E	383.106	90.000	45.3877	7.1130	0.1298	0.2468	0.0000	6.8000
dPolE	383.106	90.000	99.9948	1.0000	0.0000	6.8000
uR	383.106	90.000	0.0003	1.0000	0.0000	6.8000
E	384.722	90.000	38.3579	229.8501	0.1319	0.2658	0.0000	6.8000
dPolE	384.722	90.000	99.9910	1.0000	0.0000	6.8000
uR	384.722	90.000	0.0003	1.0000	0.0000	6.8000
E	386.338	90.000	36.0528	246.2653	0.1227	0.2567	0.0000	6.8000
dPolE	386.338	90.000	99.9957	1.0000	0.0000	6.8000
uR	386.338	90.000	0.0003	1.0000	0.0000	6.8000
E	387.954	90.000	68.9121	136.7573	0.1274	0.3731	0.0000	6.8000
dPolE	387.954	90.000	99.9934	1.0000	0.0000	6.8000
uR	387.954	90.000	0.0002	1.0000	0.0000	6.8000
E	389.570	90.000	57.8671	105.3593	0.1159	0.2590	0.0000	6.8000
dPolE	389.570	90.000	99.9914	1.0000	0.0000	6.8000
uR	389.570	90.000	0.0003	1.0000	0.0000	6.8000
E	391.186	90.000	58.1229	59.7322	0.1210	0.2682	0.0000	6.8000
dPolE	391.186	90.000	99.9943	1.0000	0.0000	6.8000
uR	391.186	90.000	0.0002	1.0000	0.0000	6.8000
E	392.802	90.000	66.9808	329.2854	0.1261	0.3403	0.0000	6.8000
dPolE	392.802	90.000	99.9954	1.0000	0.0000	6.8000
uR	392.802	90.000	0.0002	1.0000	0.0000	6.8000
E	394.418	90.000	32.1085	352.0908	0.1278	0.2701	0.0000	6.8000
dPolE	394.418	90.000	99.9822	1.0000	0.0000	6.8000
uR	394.418	90.000	0.0003	1.0000	0.0000	6.8000
E	396.034	90.000	53.8326	60.3949	0.1247	0.2592	0.0000	6.8000
dPolE	396.034	90.000	99.9934	1.0000	0.0000	6.8000
uR	396.034	90.000	0.0003	1.0000	0.0000	6.8000
E	397.650	90.000	51.3106	355.7821	0.1212	0.2330	0.0000	6.8000
dPolE	397.650	90.000	99.9645	1.0000	0.0000	6.8000
uR	397.650	90.000	0.0004	1.0000	0.0000	6.8000
E	399.266	90.000	36.1248	11.1484	0.1198	0.2369	0.0000	6.8000
dPolE	399.266	90.000	99.9538	1.0000	0.0000	6.8000
uR	399.266	90.000	0.0004	1.0000	0.0000	6.8000
E	400.882	90.000	40.7484	12.9466	0.1174	0.2253	0.0000	6.8000
dPolE	400.882	90.000	99.9534	1.0000	0.0000	6.8000
uR	400.882	90.000	0.0004	1.0000	0.0000	6.8000
E	402.498	90.000	42.1301	34.6360	0.1209	0.2350	0.0000	6.8000
dPolE	402.498	90.000	99.9058	1.0000	0.0000	6.8000
uR	402.498	90.000	0.0006	1.0000	0.0000	6.8000
E	404.114	90.000	46.7936	31.8222	0.1210	0.2335	0.0000	6.8000
dPolE	404.114	90.000	99.8791	1.0000	0.0000	6.8000
uR	404.114	90.000	0.0007	1.0000	0.0000	6.8000
E	405.730	90.000	39.0778	22.8683	0.1175	0.2278	0.0000	6.8000
dPolE	405.730	90.000	99.7432	1.0000	0.0000	6.8000
uR	405.730	90.000	0.0010	1.0000	0.0000	6.8000
E	407.346	90.000	42.5432	26.9443	0.1143	0.2171	0.0000	6.8000
dPolE	407.346	90.000	99.7148	1.0000	0.0000	6.8000
uR	407.346	90.000	0.0010	1.0000	0.0000	6.8000
E	408.962	90.000	46.0954	17.2346	0.1108	0.2080	0.0000	6.8000
dPolE	408.962	90.000	99.6208	1.0000	0.0000	6.8000
uR	408.962	90.000	0.0012	1.0000	0.0000	6.8000
E	410.578	90.000	44.8348	18.3689	0.1175	0.2216	0.0000	6.8000
dPolE	410.578	90.000	99.3703	1.0000	0.0000	6.8000
uR	410.578	90.000	0.0015	1.0000	0.0000	6.8000
E	412.194	90.000	44.0386	20.1682	0.1091	0.2071	0.0000	6.8000
dPolE	412.194	90.000	99.3205	1.0000	0.0000	6.8000
uR	412.194	90.000	0.0017	1.0000	0.0000	6.8000
E	413.810	90.000	45.2684	20.5497	0.1151	0.2183	0.0000	6.8000
dPolE	413.810	90.000	98.9534	1.0000	0.0000	6.8000
uR	413.810	90.000	0.0021	1.0000	0.0000	6.8000
E	415.426	90.000	45.2258	16.6398	0.1157	0.2171	0.0000	6.8000
dPolE	415.426	90.000	98.5563	1.0000	0.0000	6.8000
uR	415.426	90.000	0.0024	1.0000	0.0000	6.8000
E	417.042	90.000	44.1316	21.1280	0.1156	0.2156	0.0000	6.8000
dPolE	417.042	90.000	98.2988	1.0000	0.0000	6.8000
uR	417.042	90.000	0.0025	1.0000	0.0000	6.8000
E	418.658	90.000	46.0224	20.1661	0.1087	0.2016	0.0000	6.8000
dPolE	418.658	90.000	97.9278	1.0000	0.0000	6.8000
uR	418.658	90.000	0.0029	1.0000	0.0000	6.8000
E	420.274	90.000	44.2796	19.6029	0.1119	0.2077	0.0000	6.8000
dPolE	420.274	90.000	97.4439	1.0000	0.0000	6.8000
uR	420.274	90.000	0.0032	1.0000	0.0000	6.8000
E	421.890	90.000	44.4304	17.2153	0.1036	0.1927	0.0000	6.8000
dPolE	421.890	90.000	97.0433	1.0000	0.0000	6.8000
uR	421.890	90.000	0.0037	1.0000	0.0000	6.8000
E	423.506	90.000	44.8571	17.7303	0.1056	0.1969	0.0000	6.8000
dPolE	423.506	90.000	96.7212	1.0000	0.0000	6.8000
uR	423.506	90.000	0.0039	1.0000	0.0000	6.8000
E	425.122	90.000	44.2036	19.3192	0.0997	0.1856	0.0000	6.8000
dPolE	425.122	90.000	96.1705	1.0000	0.0000	6.8000
uR	425.122	90.000	0.0044	1.0000	0.0000	6.8000
E	426.738	90.000	45.5960	17.5182	0.1013	0.1866	0.0000	6.8000
dPolE	426.738	90.000	95.5819	1.0000	0.0000	6.8000
uR	426.738	90.000	0.0046	1.0000	0.0000	6.8000
E	428.355	90.000	45.2021	18.8546	0.1038	0.1893	0.0000	6.8000
dPolE	428.355	90.000	94.7631	1.0000	0.0000	6.8000
uR	428.355	90.000	0.0054	1.0000	0.0000	6.8000
E	429.971	90.000	44.8966	18.5793	0.0984	0.1783	0.0000	6.8000
dPolE	429.971	90.000	94.6587	1.0000	0.0000	6.8000
uR	429.971	90.000	0.0054	1.0000	0.0000	6.8000
E	431.587	90.000	44.1820	15.7368	0.0995	0.1799	0.0000	6.8000
dPolE	431.587	90.000	93.5837	1.0000	0.0000	6.8000
uR	431.587	90.000	0.0059	1.0000	0.0000	6.8000
E	433.203	90.000	44.4951	17.1748	0.0959	0.1742	0.0000	6.8000
dPolE	433.203	90.000	93.5899	1.0000	0.0000	6.8000
uR	433.203	90.000	0.0062	1.0000	0.0000	6.8000
E	434.819	90.000	45.1155	17.2586	0.0943	0.1718	0.0000	6.8000
dPolE	434.819	90.000	92.9617	1.0000	0.0000	6.8000
uR	434.819	90.000	0.0067	1.0000	0.0000	6.8000
E	436.435	90.000	45.0039	16.3308	0.0933	0.1692	0.0000	6.8000
dPolE	436.435	90.000	92.0222	1.0000	0.0000	6.8000
uR	436.435	90.000	0.0068	1.0000	0.0000	6.8000
E	438.051	90.000	44.8575	16.7334	0.0912	0.1641	0.0000	6.8000
dPolE	438.051	90.000	90.4840	1.0000	0.0000	6.8000
uR	438.051	90.000	0.0074	1.0000	0.0000	6.8000
E	439.667	90.000	44.9315	16.3286	0.0946	0.1683	0.0000	6.8000
dPolE	439.667	90.000	88.8928	1.0000	0.0000	6.8000
uR	439.667	90.000	0.0080	1.0000	0.0000	6.8000
E	441.283	90.000	45.3087	15.8066	0.0959	0.1691	0.0000	6.8000
dPolE	441.283	90.000	88.2220	1.0000	0.0000	6.8000
uR	441.283	90.000	0.0082	1.0000	0.0000	6.8000
E	442.899	90.000	45.5749	15.1899	0.0915	0.1605	0.0000	6.8000
dPolE	442.899	90.000	87.7613	1.0000	0.0000	6.8000
uR	442.899	90.000	0.0086	1.0000	0.0000	6.8000
E	444.515	90.000	45.1743	14.8960	0.0876	0.1538	0.0000	6.8000
dPolE	444.515	90.000	87.4545	1.0000	0.0000	6.8000
uR	444.515	90.000	0.0088	1.0000	0.0000	6.8000
E	446.131	90.000	44.6616	15.0744	0.0921	0.1623	0.0000	6.8000
dPolE	446.131	90.000	87.5918	1.0000	0.0000	6.8000
uR	446.131	90.000	0.0092	1.0000	0.0000	6.8000
E	447.747	90.000	45.2974	14.5369	0.0906	0.1596	0.0000	6.8000
dPolE	447.747	90.000	86.2700	1.0000	0.0000	6.8000
uR	447.747	90.000	0.0096	1.0000	0.0000	6.8000
E	449.363	90.000	44.7091	15.1230	0.0847	0.1485	0.0000	6.8000
dPolE	449.363	90.000	84.9396	1.0000	0.0000	6.8000
uR	449.363	90.000	0.0099	1.0000	0.0000	6.8000
E	450.979	90.000	44.7836	14.2115	0.0882	0.1530	0.0000	6.8000
dPolE	450.979	90.000	81.3511	1.0000	0.0000	6.8000
uR	450.979	90.000	0.0104	1.0000	0.0000	6.8000
E	452.594	90.000	45.1475	14.0457	0.0894	0.1533	0.0000	6.8000
dPolE	452.594	90.000	79.7111	1.0000	0.0000	6.8000
uR	452.594	90.000	0.0110	1.0000	0.0000	6.8000
E	454.210	90.000	44.7640	13.7562	0.0823	0.1398	0.0000	6.8000
dPolE	454.210	90.000	81.8415	1.0000	0.0000	6.8000
uR	454.210	90.000	0.0111	1.0000	0.0000	6.8000
E	455.826	90.000	45.0322	13.4878	0.0878	0.1485	0.0000	6.8000
dPolE	455.826	90.000	79.8099	1.0000	0.0000	6.8000
uR	455.826	90.000	0.0116	1.0000	0.0000	6.8000
E	457.442	90.000	45.3853	13.4258	0.0848	0.1435	0.0000	6.8000
dPolE	457.442	90.000	79.0008	1.0000	0.0000	6.8000
uR	457.442	90.000	0.0118	1.0000	0.0000	6.8000
E	459.058	90.000	45.0613	12.4758	0.0849	0.1439	0.0000	6.8000
dPolE	459.058	90.000	76.9618	1.0000	0.0000	6.8000
uR	459.058	90.000	0.0122	1.0000	0.0000	6.8000
E	460.674	90.000	44.7798	12.5478	0.0851	0.1444	0.0000	6.8000
dPolE	460.674	90.000	76.8371	1.0000	0.0000	6.8000
uR	460.674	90.000	0.0122	1.0000	0.0000	6.8000
E	462.290	90.000	44.9115	12.6910	0.0785	0.1327	0.0000	6.8000
dPolE	462.290	90.000	73.9562	1.0000	0.0000	6.8000
uR	462.290	90.000	0.0128	1.0000	0.0000	6.8000
E	463.906	90.000	44.8709	12.9109	0.0765	0.1282	0.0000	6.8000
dPolE	463.906	90.000	71.8803	1.0000	0.0000	6.8000
uR	463.906	90.000	0.0132	1.0000	0.0000	6.8000
E	465.521	90.000	45.2376	12.6879	0.0736	0.1219	0.0000	6.8000
dPolE	465.521	90.000	69.4601	1.0000	0.0000	6.8000
uR	465.521	90.000	0.0135	1.0000	0.0000	6.8000
E	467.137	90.000	44.8613	12.6523	0.0713	0.1167	0.0000	6.8000
dPolE	467.137	90.000	67.3767	1.0000	0.0000	6.8000
uR	467.137	90.000	0.0137	1.0000	0.0000	6.8000
E	468.753	90.000	44.9227	12.3846	0.0711	0.1156	0.0000	6.8000
dPolE	468.753	90.000	63.2262	1.0000	0.0000	6.8000
uR	468.753	90.000	0.0139	1.0000	0.0000	6.8000
E	470.369	90.000	45.1477	12.0710	0.0740	0.1201	0.0000	6.8000
dPolE	470.369	90.000	65.2580	1.0000	0.0000	6.8000
uR	470.369	90.000	0.0142	1.0000	0.0000	6.8000
E	471.985	90.000	44.8246	11.7937	0.0752	0.1221	0.0000	6.8000
dPolE	471.985	90.000	66.5457	1.0000	0.0000	6.8000
uR	471.985	90.000	0.0147	1.0000	0.0000	6.8000
E	473.600	90.000	45.0659	12.3055	0.0775	0.1262	0.0000	6.8000
dPolE	473.600	90.000	66.2265	1.0000	0.0000	6.8000
uR	473.600	90.000	0.0150	1.0000	0.0000	6.8000
E	475.216	90.000	44.8973	11.8709	0.0752	0.1223	0.0000	6.8000
dPolE	475.216	90.000	68.9106	1.0000	0.0000	6.8000
uR	475.216	90.000	0.0153	1.0000	0.0000	6.8000
E	476.832	90.000	44.7559	11.2709	0.0759	0.1228	0.0000	6.8000
dPolE	476.832	90.000	71.1530	1.0000	0.0000	6.8000
uR	476.832	90.000	0.0155	1.0000	0.0000	6.8000
E	478.448	90.000	44.6197	11.2709	0.0784	0.1257	0.0000	6.8000
dPolE	478.448	90.000	70.6168	1.0000	0.0000	6.8000
uR	478.448	90.000	0.0159	1.0000	0.0000	6.8000
E	480.063	90.000	44.8384	11.2571	0.0774	0.1227	0.0000	6.8000
dPolE	480.063	90.000	68.9984	1.0000	0.0000	6.8000
uR	480.063	90.000	0.0159	1.0000	0.0000	6.8000
E	481.679	90.000	45.0407	11.0293	0.0746	0.1168	0.0000	6.8000
dPolE	481.679	90.000	69.7840	1.0000	0.0000	6.8000
uR	481.679	90.000	0.0160	1.0000	0.0000	6.8000
E	483.294	90.000	44.8475	10.7360	0.0743	0.1155	0.0000	6.8000
dPolE	483.294	90.000	64.7224	1.0000	0.0000	6.8000
uR	483.294	90.000	0.0165	1.0000	0.0000	6.8000
E	484.910	90.000	44.9834	11.2645	0.0775	0.1202	0.0000	6.8000
dPolE	484.910	90.000	68.2018	1.0000	0.0000	6.8000
uR	484.910	90.000	0.0164	1.0000	0.0000	6.8000
E	486.526	90.000	45.0844	10.9460	0.0756	0.1172	0.0000	6.8000
dPolE	486.526	90.000	69.3917	1.0000	0.0000	6.8000
uR	486.526	90.000	0.0169	1.0000	0.0000	6.8000
E	488.141	90.000	44.9726	10.8598	0.0750	0.1166	0.0000	6.8000
dPolE	488.141	90.000	67.1560	1.0000	0.0000	6.8000
uR	488.141	90.000	0.0174	1.0000	0.0000	6.8000
E	489.757	90.000	44.6975	10.5597	0.0770	0.1197	0.0000	6.8000
dPolE	489.757	90.000	67.0111	1.0000	0.0000	6.8000
uR	489.757	90.000	0.0175	1.0000	0.0000	6.8000
E	491.372	90.000	44.9972	10.7684	0.0761	0.1180	0.0000	6.8000
dPolE	491.372	90.000	64.8799	1.0000	0.0000	6.8000
uR	491.372	90.000	0.0175	1.0000	0.0000	6.8000
E	492.988	90.000	44.9556	10.1799	0.0761	0.1171	0.0000	6.8000
dPolE	492.988	90.000	64.4848	1.0000	0.0000	6.8000
uR	492.988	90.000	0.0175	1.0000	0.0000	6.8000
E	494.603	90.000	44.8492	9.6090	0.0734	0.1117	0.0000	6.8000
dPolE	494.603	90.000	63.8722	1.0000	0.0000	6.8000
uR	494.603	90.000	0.0181	1.0000	0.0000	6.8000
E	496.219	90.000	45.0185	9.9046	0.0770	0.1160	0.0000	6.8000
dPolE	496.219	90.000	65.1660	1.0000	0.0000	6.8000
uR	496.219	90.000	0.0182	1.0000	0.0000	6.8000
E	497.834	90.000	45.0732	9.7689	0.0827	0.1232	0.0000	6.8000
dPolE	497.834	90.000	64.5602	1.0000	0.0000	6.8000
uR	497.834	90.000	0.0184	1.0000	0.0000	6.8000
E	499.450	90.000	45.2486	9.7257	0.0779	0.1153	0.0000	6.8000
dPolE	499.450	90.000	64.8930	1.0000	0.0000	6.8000
uR	499.450	90.000	0.0186	1.0000	0.0000	6.8000
E	501.065	90.000	44.8756	9.5087	0.0782	0.1154	0.0000	6.8000
dPolE	501.065	90.000	66.1349	1.0000	0.0000	6.8000
uR	501.065	90.000	0.0188	1.0000	0.0000	6.8000
E	502.680	90.000	44.9745	9.4860	0.0783	0.1154	0.0000	6.8000
dPolE	502.680	90.000	65.5338	1.0000	0.0000	6.8000
uR	502.680	90.000	0.0189	1.0000	0.0000	6.8000
E	504.296	90.000	44.9294	9.4209	0.0796	0.1175	0.0000	6.8000
dPolE	504.296	90.000	64.9333	1.0000	0.0000	6.8000
uR	504.296	90.000	0.0191	1.0000	0.0000	6.8000
E	505.911	90.000	44.9016	9.2381	0.0752	0.1110	0.0000	6.8000
dPolE	505.911	90.000	64.8756	1.0000	0.0000	6.8000
uR	505.911	90.000	0.0193	1.0000	0.0000	6.8000
E	507.526	90.000	44.6869	9.1846	0.0762	0.1124	0.0000	6.8000
dPolE	507.526	90.000	63.2135	1.0000	0.0000	6.8000
uR	507.526	90.000	0.0193	1.0000	0.0000	6.8000
E	509.141	90.000	44.8897	9.0939	0.0763	0.1119	0.0000	6.8000
dPolE	509.141	90.000	62.0772	1.0000	0.0000	6.8000
uR	509.141	90.000	0.0195	1.0000	0.0000	6.8000
E	510.756	90.000	45.1249	9.0124	0.0770	0.1120	0.0000	6.8000
dPolE	510.756	90.000	62.5395	1.0000	0.0000	6.8000
uR	510.756	90.000	0.0198	1.0000	0.0000	6.8000
E	512.372	90.000	44.8906	8.9733	0.0763	0.1097	0.0000	6.8000
dPolE	512.372	90.000	63.3654	1.0000	0.0000	6.8000
uR	512.372	90.000	0.0204	1.0000	0.0000	6.8000
E	513.987	90.000	45.2802	8.5907	0.0767	0.1091	0.0000	6.8000
dPolE	513.987	90.000	62.2158	1.0000	0.0000	6.8000
uR	513.987	90.000	0.0217	1.0000	0.0000	6.8000
E	515.602	90.000	45.0884	8.2811	0.0844	0.1190	0.0000	6.8000
dPolE	515.602	90.000	62.9591	1.0000	0.0000	6.8000
uR	515.602	90.000	0.0225	1.0000	0.0000	6.8000
E	517.217	90.000	45.1246	8.4846	0.0883	0.1240	0.0000	6.8000
dPolE	517.217	90.000	64.5130	1.0000	0.0000	6.8000
uR	517.217	90.000	0.0218	1.0000	0.0000	6.8000
E	518.832	90.000	44.9773	8.6377	0.0862	0.1207	0.0000	6.8000
dPolE	518.832	90.000	66.6109	1.0000	0.0000	6.8000
uR	518.832	90.000	0.0207	1.0000	0.0000	6.8000
E	520.447	90.000	45.0407	8.6344	0.0850	0.1189	0.0000	6.8000
dPolE	520.447	90.000	67.8232	1.0000	0.0000	6.8000
uR	520.447	90.000	0.0198	1.0000	0.0000	6.8000
E	522.062	90.000	44.8048	8.3871	0.0861	0.1205	0.0000	6.8000
dPolE	522.062	90.000	65.5870	1.0000	0.0000	6.8000
uR	522.062	90.000	0.0194	1.0000	0.0000	6.8000
E	523.677	90.000	44.8145	8.2686	0.0851	0.1192	0.0000	6.8000
dPolE	523.677	90.000	62.7846	1.0000	0.0000	6.8000
uR	523.677	90.000	0.0200	1.0000	0.0000	6.8000
E	525.292	90.000	45.0601	8.3429	0.0823	0.1150	0.0000	6.8000
dPolE	525.292	90.000	61.7784	1.0000	0.0000	6.8000
uR	525.292	90.000	0.0205	1.0000	0.0000	6.8000
E	526.907	90.000	44.8512	7.8399	0.0782	0.1086	0.0000	6.8000
dPolE	526.907	90.000	61.1412	1.0000	0.0000	6.8000
uR	526.907	90.000	0.0205	1.0000	0.0000	6.8000
E	528.521	90.000	45.0237	8.2748	0.0787	0.1088	0.0000	6.8000
dPolE	528.521	90.000	61.2498	1.0000	0.0000	6.8000
uR	528.521	90.000	0.0209	1.0000	0.0000	6.8000
E	530.136	90.000	45.0772	7.8808	0.0820	0.1120	0.0000	6.8000
dPolE	530.136	90.000	59.2708	1.0000	0.0000	6.8000
uR	530.136	90.000	0.0211	1.0000	0.0000	6.8000
E	531.751	90.000	44.9908	7.6657	0.0774	0.1046	0.0000	6.8000
dPolE	531.751	90.000	60.6854	1.0000	0.0000	6.8000
uR	531.751	90.000	0.0212	1.0000	0.0000	6.8000
E	533.366	90.000	44.8825	7.5931	0.0843	0.1131	0.0000	6.8000
dPolE	533.366	90.000	59.6094	1.0000	0.0000	6.8000
uR	533.366	90.000	0.0216	1.0000	0.0000	6.8000
E	534.980	90.000	45.1126	7.7038	0.0849	0.1131	0.0000	6.8000
dPolE	534.980	90.000	58.9356	1.0000	0.0000	6.8000
uR	534.980	90.000	0.0214	1.0000	0.0000	6.8000
E	536.595	90.000	44.7051	7.3229	0.0840	0.1114	0.0000	6.8000
dPolE	536.595	90.000	59.3791	1.0000	0.0000	6.8000
uR	536.595	90.000	0.0215	1.0000	0.0000	6.8000
E	538.210	90.000	44.9569	7.2916	0.0803	0.1062	0.0000	6.8000
dPolE	538.210	90.000	61.6610	1.0000	0.0000	6.8000
uR	538.210	90.000	0.0214	1.0000	0.0000	6.8000
E	539.824	90.000	44.8737	6.8576	0.0809	0.1070	0.0000	6.8000
dPolE	539.824	90.000	58.7209	1.0000	0.0000	6.8000
uR	539.824	90.000	0.0215	1.0000	0.0000	6.8000
E	541.439	90.000	45.1684	7.3434	0.0852	0.1130	0.0000	6.8000
dPolE	541.439	90.000	58.6396	1.0000	0.0000	6.8000
uR	541.439	90.000	0.0216	1.0000	0.0000	6.8000
E	543.053	90.000	44.8932	7.0832	0.0830	0.1098	0.0000	6.8000
dPolE	543.053	90.000	59.5601	1.0000	0.0000	6.8000
uR	543.053	90.000	0.0217	1.0000	0.0000	6.8000
E	544.668	90.000	44.8259	7.0210	0.0822	0.1086	0.0000	6.8000
dPolE	544.668	90.000	57.5270	1.0000	0.0000	6.8000
uR	544.668	90.000	0.0216	1.0000	0.0000	6.8000
E	546.282	90.000	45.2299	7.2932	0.0870	0.1145	0.0000	6.8000
dPolE	546.282	90.000	59.5898	1.0000	0.0000	6.8000
uR	546.282	90.000	0.0218	1.0000	0.0000	6.8000
E	547.896	90.000	45.0962	7.1137	0.0849	0.1108	0.0000	6.8000
dPolE	547.896	90.000	57.0947	1.0000	0.0000	6.8000
uR	547.896	90.000	0.0219	1.0000	0.0000	6.8000
E	549.511	90.000	45.0725	6.6687	0.0820	0.1060	0.0000	6.8000
dPolE	549.511	90.000	58.0109	1.0000	0.0000	6.8000
uR	549.511	90.000	0.0220	1.0000	0.0000	6.8000
E	551.125	90.000	44.8118	6.8394	0.0811	0.1039	0.0000	6.8000
dPolE	551.125	90.000	58.4171	1.0000	0.0000	6.8000
uR	551.125	90.000	0.0218	1.0000	0.0000	6.8000
E	552.739	90.000	44.9595	6.6967	0.0846	0.1073	0.0000	6.8000
dPolE	552.739	90.000	57.6799	1.0000	0.0000	6.8000
uR	552.739	90.000	0.0218	1.0000	0.0000	6.8000
E	554.353	90.000	45.2200	6.8014	0.0826	0.1042	0.0000	6.8000
dPolE	554.353	90.000	57.6653	1.0000	0.0000	6.8000
uR	554.353	90.000	0.0219	1.0000	0.0000	6.8000
E	555.968	90.000	44.8205	6.6514	0.0835	0.1048	0.0000	6.8000
dPolE	555.968	90.000	56.4776	1.0000	0.0000	6.8000
uR	555.968	90.000	0.0216	1.0000	0.0000	6.8000
E	557.582	90.000	45.1723	6.5092	0.0878	0.1098	0.0000	6.8000
dPolE	557.582	90.000	55.0997	1.0000	0.0000	6.8000
uR	557.582	90.000	0.0221	1.0000	0.0000	6.8000
E	559.196	90.000	44.8897	6.6220	0.0871	0.1088	0.0000	6.8000
dPolE	559.196	90.000	56.1883	1.0000	0.0000	6.8000
uR	559.196	90.000	0.0220	1.0000	0.0000	6.8000
E	560.810	90.000	44.9868	6.6119	0.0852	0.1065	0.0000	6.8000
dPolE	560.810	90.000	57.0264	1.0000	0.0000	6.8000
uR	560.810	90.000	0.0222	1.0000	0.0000	6.8000
E	562.424	90.000	44.8390	6.2329	0.0856	0.1070	0.0000	6.8000
dPolE	562.424	90.000	55.7565	1.0000	0.0000	6.8000
uR	562.424	90.000	0.0222	1.0000	0.0000	6.8000
E	564.038	90.000	44.8884	6.0932	0.0852	0.1063	0.0000	6.8000
dPolE	564.038	90.000	53.2444	1.0000	0.0000	6.8000
uR	564.038	90.000	0.0225	1.0000	0.0000	6.8000
E	565.651	90.000	44.8520	6.1200	0.0823	0.1026	0.0000	6.8000
dPolE	565.651	90.000	58.0054	1.0000	0.0000	6.8000
uR	565.651	90.000	0.0220	1.0000	0.0000	6.8000
E	567.265	90.000	45.0085	6.2884	0.0853	0.1058	0.0000	6.8000
dPolE	567.265	90.000	54.6428	1.0000	0.0000	6.8000
uR	567.265	90.000	0.0218	1.0000	0.0000	6.8000
E	568.879	90.000	44.8740	6.2935	0.0859	0.1058	0.0000	6.8000
dPolE	568.879	90.000	55.0255	1.0000	0.0000	6.8000
uR	568.879	90.000	0.0220	1.0000	0.0000	6.8000
E	570.493	90.000	44.6677	6.1034	0.0885	0.1082	0.0000	6.8000
dPolE	570.493	90.000	54.4046	1.0000	0.0000	6.8000
uR	570.493	90.000	0.0221	1.0000	0.0000	6.8000
E	572.106	90.000	44.8196	6.0682	0.0870	0.1055	0.0000	6.8000
dPolE	572.106	90.000	52.3751	1.0000	0.0000	6.8000
uR	572.106	90.000	0.0221	1.0000	0.0000	6.8000
E	573.720	90.000	44.9270	6.2114	0.0864	0.1039	0.0000	6.8000
dPolE	573.720	90.000	52.4521	1.0000	0.0000	6.8000
uR	573.720	90.000	0.0220	1.0000	0.0000	6.8000
E	575.333	90.000	44.8815	5.9055	0.0871	0.1038	0.0000	6.8000
dPolE	575.333	90.000	51.9891	1.0000	0.0000	6.8000
uR	575.333	90.000	0.0223	1.0000	0.0000	6.8000
E	576.947	90.000	44.9765	5.9155	0.0830	0.0983	0.0000	6.8000
dPolE	576.947	90.000	53.1840	1.0000	0.0000	6.8000
uR	576.947	90.000	0.0224	1.0000	0.0000	6.8000
E	578.560	90.000	44.8973	5.6899	0.0869	0.1025	0.0000	6.8000
dPolE	578.560	90.000	53.6836	1.0000	0.0000	6.8000
uR	578.560	90.000	0.0219	1.0000	0.0000	6.8000
E	580.174	90.000	45.0701	5.8760	0.0906	0.1065	0.0000	6.8000
dPolE	580.174	90.000	52.9708	1.0000	0.0000	6.8000
uR	580.174	90.000	0.0217	1.0000	0.0000	6.8000
E	581.787	90.000	44.8713	5.5522	0.0898	0.1055	0.0000	6.8000
dPolE	581.787	90.000	53.2277	1.0000	0.0000	6.8000
uR	581.787	90.000	0.0220	1.0000	0.0000	6.8000
E	583.400	90.000	45.1097	5.4409	0.0905	0.1061	0.0000	6.8000
dPolE	583.400	90.000	53.2641	1.0000	0.0000	6.8000
uR	583.400	90.000	0.0217	1.0000	0.0000	6.8000
E	585.014	90.000	44.9617	5.6473	0.0899	0.1057	0.0000	6.8000
dPolE	585.014	90.000	53.1722	1.0000	0.0000	6.8000
uR	585.014	90.000	0.0217	1.0000	0.0000	6.8000
E	586.627	90.000	44.6565	5.3641	0.0926	0.1087	0.0000	6.8000
dPolE	586.627	90.000	51.4932	1.0000	0.0000	6.8000
uR	586.627	90.000	0.0223	1.0000	0.0000	6.8000
E	588.240	90.000	45.1118	5.4908	0.0886	0.1037	0.0000	6.8000
dPolE	588.240	90.000	52.9572	1.0000	0.0000	6.8000
uR	588.240	90.000	0.0222	1.0000	0.0000	6.8000
E	589.853	90.000	44.9293	5.2771	0.0852	0.0994	0.0000	6.8000
dPolE	589.853	90.000	50.7873	1.0000	0.0000	6.8000
uR	589.853	90.000	0.0225	1.0000	0.0000	6.8000
E	591.466	90.000	44.6957	5.6275	0.0882	0.1024	0.0000	6.8000
dPolE	591.466	90.000	53.9040	1.0000	0.0000	6.8000
uR	591.466	90.000	0.0220	1.0000	0.0000	6.8000
E	593.079	90.000	45.2717	5.2296	0.0881	0.1016	0.0000	6.8000
dPolE	593.079	90.000	50.9278	1.0000	0.0000	6.8000
uR	593.079	90.000	0.0223	1.0000	0.0000	6.8000
E	594.692	90.000	45.0015	5.3359	0.0890	0.1018	0.0000	6.8000
dPolE	594.692	90.000	51.2904	1.0000	0.0000	6.8000
uR	594.692	90.000	0.0223	1.0000	0.0000	6.8000
E	596.305	90.000	44.8913	5.2565	0.0918	0.1041	0.0000	6.8000
dPolE	596.305	90.000	51.4659	1.0000	0.0000	6.8000
uR	596.305	90.000	0.0223	1.0000	0.0000	6.8000
E	597.918	90.000	45.1954	5.0815	0.0864	0.0973	0.0000	6.8000
dPolE	597.918	90.000	54.0798	1.0000	0.0000	6.8000
uR	597.918	90.000	0.0227	1.0000	0.0000	6.8000
E	599.530	90.000	44.9561	5.0013	0.0951	0.1063	0.0000	6.8000
dPolE	599.530	90.000	50.3834	1.0000	0.0000	6.8000
uR	599.530	90.000	0.0229	1.0000	0.0000	6.8000
E	601.143	90.000	44.8643	5.2586	0.0962	0.1071	0.0000	6.8000
dPolE	601.143	90.000	49.7362	1.0000	0.0000	6.8000
uR	601.143	90.000	0.0230	1.0000	0.0000	6.8000
E	602.755	90.000	44.9380	5.0721	0.0991	0.1098	0.0000	6.8000
dPolE	602.755	90.000	50.7342	1.0000	0.0000	6.8000
uR	602.755	90.000	0.0226	1.0000	0.0000	6.8000
E	604.368	90.000	44.9447	4.9808	0.0909	0.1004	0.0000	6.8000
dPolE	604.368	90.000	50.9885	1.0000	0.0000	6.8000
uR	604.368	90.000	0.0227	1.0000	0.0000	6.8000
E	605.981	90.000	44.8368	4.8526	0.0964	0.1063	0.0000	6.8000
dPolE	605.981	90.000	52.2063	1.0000	0.0000	6.8000
uR	605.981	90.000	0.0224	1.0000	0.0000	6.8000
E	607.593	90.000	45.1373	4.7159	0.0944	0.1041	0.0000	6.8000
dPolE	607.593	90.000	51.2137	1.0000	0.0000	6.8000
uR	607.593	90.000	0.0224	1.0000	0.0000	6.8000
E	609.205	90.000	44.8418	5.1187	0.0950	0.1049	0.0000	6.8000
dPolE	609.205	90.000	50.4259	1.0000	0.0000	6.8000
uR	609.205	90.000	0.0222	1.0000	0.0000	6.8000
E	610.818	90.000	44.8317	4.7727	0.0906	0.0999	0.0000	6.8000
dPolE	610.818	90.000	53.6704	1.0000	0.0000	6.8000
uR	610.818	90.000	0.0225	1.0000	0.0000	6.8000
E	612.430	90.000	44.6157	4.6184	0.0917	0.1009	0.0000	6.8000
dPolE	612.430	90.000	50.8498	1.0000	0.0000	6.8000
uR	612.430	90.000	0.0225	1.0000	0.0000	6.8000
E	614.042	90.000	44.7388	4.8146	0.0895	0.0983	0.0000	6.8000
dPolE	614.042	90.000	53.0714	1.0000	0.0000	6.8000
uR	614.042	90.000	0.0222	1.0000	0.0000	6.8000
E	615.654	90.000	45.0820	4.8009	0.0927	0.1013	0.0000	6.8000
dPolE	615.654	90.000	47.1788	1.0000	0.0000	6.8000
uR	615.654	90.000	0.0224	1.0000	0.0000	6.8000
E	617.266	90.000	44.9941	4.8828	0.0913	0.0992	0.0000	6.8000
dPolE	617.266	90.000	49.8073	1.0000	0.0000	6.8000
uR	617.266	90.000	0.0226	1.0000	0.0000	6.8000
E	618.878	90.000	44.8853	4.6572	0.0925	0.0999	0.0000	6.8000
dPolE	618.878	90.000	50.7802	1.0000	0.0000	6.8000
uR	618.878	90.000	0.0223	1.0000	0.0000	6.8000
E	620.490	90.000	44.9117	4.5891	0.0975	0.1044	0.0000	6.8000
dPolE	620.490	90.000	48.2886	1.0000	0.0000	6.8000
uR	620.490	90.000	0.0223	1.0000	0.0000	6.8000
E	622.102	90.000	44.8435	4.5811	0.0924	0.0984	0.0000	6.8000
dPolE	622.102	90.000	47.6742	1.0000	0.0000	6.8000
uR	622.102	90.000	0.0225	1.0000	0.0000	6.8000
E	623.714	90.000	45.0131	4.4630	0.0943	0.0995	0.0000	6.8000
dPolE	623.714	90.000	45.7140	1.0000	0.0000	6.8000
uR	623.714	90.000	0.0228	1.0000	0.0000	6.8000
E	625.325	90.000	44.9472	4.4782	0.0977	0.1024	0.0000	6.8000
dPolE	625.325	90.000	48.5091	1.0000	0.0000	6.8000
uR	625.325	90.000	0.0230	1.0000	0.0000	6.8000
E	626.937	90.000	44.9569	4.6790	0.1010	0.1055	0.0000	6.8000
dPolE	626.937	90.000	47.1661	1.0000	0.0000	6.8000
uR	626.937	90.000	0.0228	1.0000	0.0000	6.8000
E	628.548	90.000	44.7284	4.5756	0.0993	0.1032	0.0000	6.8000
dPolE	628.548	90.000	48.3597	1.0000	0.0000	6.8000
uR	628.548	90.000	0.0225	1.0000	0.0000	6.8000
E	630.160	90.000	45.1806	4.3781	0.0964	0.0999	0.0000	6.8000
dPolE	630.160	90.000	46.3584	1.0000	0.0000	6.8000
uR	630.160	90.000	0.0226	1.0000	0.0000	6.8000
E	631.771	90.000	44.7681	4.3605	0.0973	0.1007	0.0000	6.8000
dPolE	631.771	90.000	47.6853	1.0000	0.0000	6.8000
uR	631.771	90.000	0.0228	1.0000	0.0000	6.8000
E	633.383	90.000	44.8423	4.3671	0.0952	0.0985	0.0000	6.8000
dPolE	633.383	90.000	48.2787	1.0000	0.0000	6.8000
uR	633.383	90.000	0.0230	1.0000	0.0000	6.8000
E	634.994	90.000	44.6836	4.3393	0.1019	0.1054	0.0000	6.8000
dPolE	634.994	90.000	44.7677	1.0000	0.0000	6.8000
uR	634.994	90.000	0.0231	1.0000	0.0000	6.8000
E	636.605	90.000	44.8718	4.3524	0.1037	0.1072	0.0000	6.8000
dPolE	636.605	90.000	48.5638	1.0000	0.0000	6.8000
uR	636.605	90.000	0.0231	1.0000	0.0000	6.8000
E	638.216	90.000	45.0060	4.3074	0.1037	0.1072	0.0000	6.8000
dPolE	638.216	90.000	49.6326	1.0000	0.0000	6.8000
uR	638.216	90.000	0.0229	1.0000	0.0000	6.8000
E	639.827	90.000	44.6366	4.1977	0.0970	0.1000	0.0000	6.8000
dPolE	639.827	90.000	49.6474	1.0000	0.0000	6.8000
uR	639.827	90.000	0.0228	1.0000	0.0000	6.8000
E	641.438	90.000	44.6227	4.0341	0.1012	0.1039	0.0000	6.8000
dPolE	641.438	90.000	49.8413	1.0000	0.0000	6.8000
uR	641.438	90.000	0.0229	1.0000	0.0000	6.8000
E	643.049	90.000	44.8093	4.4382	0.1065	0.1092	0.0000	6.8000
dPolE	643.049	90.000	46.1786	1.0000	0.0000	6.8000
uR	643.049	90.000	0.0227	1.0000	0.0000	6.8000
E	644.660	90.000	45.2271	4.3295	0.1067	0.1088	0.0000	6.8000
dPolE	644.660	90.000	45.9591	1.0000	0.0000	6.8000
uR	644.660	90.000	0.0229	1.0000	0.0000	6.8000
E	646.271	90.000	44.8153	3.9065	0.1053	0.1066	0.0000	6.8000
dPolE	646.271	90.000	47.1065	1.0000	0.0000	6.8000
uR	646.271	90.000	0.0231	1.0000	0.0000	6.8000
E	647.881	90.000	44.8723	3.9151	0.1031	0.1037	0.0000	6.8000
dPolE	647.881	90.000	44.8566	1.0000	0.0000	6.8000
uR	647.881	90.000	0.0230	1.0000	0.0000	6.8000
E	649.492	90.000	44.8797	4.0010	0.1033	0.1032	0.0000	6.8000
dPolE	649.492	90.000	44.4251	1.0000	0.0000	6.8000
uR	649.492	90.000	0.0229	1.0000	0.0000	6.8000
E	651.103	90.000	44.9750	3.8402	0.1032	0.1022	0.0000	6.8000
dPolE	651.103	90.000	43.3528	1.0000	0.0000	6.8000
uR	651.103	90.000	0.0232	1.0000	0.0000	6.8000
E	652.713	90.000	44.8513	3.8723	0.1019	0.1005	0.0000	6.8000
dPolE	652.713	90.000	48.2781	1.0000	0.0000	6.8000
uR	652.713	90.000	0.0233	1.0000	0.0000	6.8000
E	654.323	90.000	44.6426	4.0035	0.1091	0.1069	0.0000	6.8000
dPolE	654.323	90.000	47.0710	1.0000	0.0000	6.8000
uR	654.323	90.000	0.0237	1.0000	0.0000	6.8000
E	655.934	90.000	44.6818	3.4841	0.1085	0.1058	0.0000	6.8000
dPolE	655.934	90.000	46.3323	1.0000	0.0000	6.8000
uR	655.934	90.000	0.0235	1.0000	0.0000	6.8000
E	657.544	90.000	44.9547	3.9169	0.1125	0.1094	0.0000	6.8000
dPolE	657.544	90.000	46.5746	1.0000	0.0000	6.8000
uR	657.544	90.000	0.0229	1.0000	0.0000	6.8000
E	659.154	90.000	44.7638	3.8173	0.1139	0.1106	0.0000	6.8000
dPolE	659.154	90.000	46.2911	1.0000	0.0000	6.8000
uR	659.154	90.000	0.0234	1.0000	0.0000	6.8000
E	660.764	90.000	44.2978	3.7847	0.1131	0.1095	0.0000	6.8000
dPolE	660.764	90.000	46.0797	1.0000	0.0000	6.8000
uR	660.764	90.000	0.0236	1.0000	0.0000	6.8000
E	662.374	90.000	44.7238	3.9177	0.1085	0.1051	0.0000	6.8000
dPolE	662.374	90.000	46.2685	1.0000	0.0000	6.8000
uR	662.374	90.000	0.0233	1.0000	0.0000	6.8000
E	663.984	90.000	45.1003	3.4954	0.1142	0.1103	0.0000	6.8000
dPolE	663.984	90.000	46.6906	1.0000	0.0000	6.8000
uR	663.984	90.000	0.0228	1.0000	0.0000	6.8000
E	665.594	90.000	44.9818	3.8314	0.1077	0.1042	0.0000	6.8000
dPolE	665.594	90.000	49.7543	1.0000	0.0000	6.8000
uR	665.594	90.000	0.0224	1.0000	0.0000	6.8000
E	667.204	90.000	44.7812	3.4200	0.1068	0.1031	0.0000	6.8000
dPolE	667.204	90.000	48.9975	1.0000	0.0000	6.8000
uR	667.204	90.000	0.0221	1.0000	0.0000	6.8000
E	668.813	90.000	45.3088	3.9818	0.1130	0.1091	0.0000	6.8000
dPolE	668.813	90.000	44.1711	1.0000	0.0000	6.8000
uR	668.813	90.000	0.0225	1.0000	0.0000	6.8000
E	670.423	90.000	44.9543	3.6352	0.1115	0.1073	0.0000	6.8000
dPolE	670.423	90.000	43.9578	1.0000	0.0000	6.8000
uR	670.423	90.000	0.0229	1.0000	0.0000	6.8000
E	672.032	90.000	44.9540	3.8648	0.1085	0.1043	0.0000	6.8000
dPolE	672.032	90.000	44.4821	1.0000	0.0000	6.8000
uR	672.032	90.000	0.0228	1.0000	0.0000	6.8000
E	673.642	90.000	44.9151	3.5710	0.1070	0.1024	0.0000	6.8000
dPolE	673.642	90.000	41.0463	1.0000	0.0000	6.8000
uR	673.642	90.000	0.0232	1.0000	0.0000	6.8000
E	675.251	90.000	44.7928	3.6159	0.1076	0.1025	0.0000	6.8000
dPolE	675.251	90.000	47.8316	1.0000	0.0000	6.8000
uR	675.251	90.000	0.0231	1.0000	0.0000	6.8000
E	676.860	90.000	44.7091	3.5047	0.1111	0.1052	0.0000	6.8000
dPolE	676.860	90.000	44.0067	1.0000	0.0000	6.8000
uR	676.860	90.000	0.0234	1.0000	0.0000	6.8000
E	678.469	90.000	44.9631	3.4471	0.1144	0.1077	0.0000	6.8000
dPolE	678.469	90.000	44.1329	1.0000	0.0000	6.8000
uR	678.469	90.000	0.0229	1.0000	0.0000	6.8000
E	680.079	90.000	44.7188	3.7631	0.1170	0.1096	0.0000	6.8000
dPolE	680.079	90.000	42.2874	1.0000	0.0000	6.8000
uR	680.079	90.000	0.0229	1.0000	0.0000	6.8000
E	681.688	90.000	44.9043	3.6011	0.1071	0.0996	0.0000	6.8000
dPolE	681.688	90.000	45.5858	1.0000	0.0000	6.8000
uR	681.688	90.000	0.0225	1.0000	0.0000	6.8000
E	683.296	90.000	45.1747	3.5366	0.1079	0.0997	0.0000	6.8000
dPolE	683.296	90.000	40.5517	1.0000	0.0000	6.8000
uR	683.296	90.000	0.0228	1.0000	0.0000	6.8000
E	684.905	90.000	44.9108	3.3597	0.1029	0.0945	0.0000	6.8000
dPolE	684.905	90.000	37.5861	1.0000	0.0000	6.8000
uR	684.905	90.000	0.0229	1.0000	0.0000	6.8000
E	686.514	90.000	45.1474	3.3163	0.1093	0.0997	0.0000	6.8000
dPolE	686.514	90.000	39.8012	1.0000	0.0000	6.8000
uR	686.514	90.000	0.0223	1.0000	0.0000	6.8000
E	688.123	90.000	45.3484	3.2136	0.1104	0.1004	0.0000	6.8000
dPolE	688.123	90.000	40.3914	1.0000	0.0000	6.8000
uR	688.123	90.000	0.0227	1.0000	0.0000	6.8000
E	689.731	90.000	44.7316	3.4656	0.1123	0.1018	0.0000	6.8000
dPolE	689.731	90.000	36.2304	1.0000	0.0000	6.8000
uR	689.731	90.000	0.0229	1.0000	0.0000	6.8000
E	691.340	90.000	45.2020	3.0391	0.1036	0.0935	0.0000	6.8000
dPolE	691.340	90.000	41.2249	1.0000	0.0000	6.8000
uR	691.340	90.000	0.0228	1.0000	0.0000	6.8000
E	692.948	90.000	45.0112	3.1665	0.1104	0.0995	0.0000	6.8000
dPolE	692.948	90.000	40.3692	1.0000	0.0000	6.8000
uR	692.948	90.000	0.0229	1.0000	0.0000	6.8000
E	694.556	90.000	45.0175	3.4268	0.1150	0.1038	0.0000	6.8000
dPolE	694.556	90.000	41.9063	1.0000	0.0000	6.8000
uR	694.556	90.000	0.0231	1.0000	0.0000	6.8000
E	696.164	90.000	45.1746	3.5556	0.1192	0.1076	0.0000	6.8000
dPolE	696.164	90.000	42.5270	1.0000	0.0000	6.8000
uR	696.164	90.000	0.0232	1.0000	0.0000	6.8000
E	697.772	90.000	45.1715	3.1683	0.1232	0.1110	0.0000	6.8000
dPolE	697.772	90.000	42.9024	1.0000	0.0000	6.8000
uR	697.772	90.000	0.0233	1.0000	0.0000	6.8000
E	699.380	90.000	44.9815	3.1992	0.1254	0.1130	0.0000	6.8000
dPolE	699.380	90.000	44.3924	1.0000	0.0000	6.8000
uR	699.380	90.000	0.0233	1.0000	0.0000	6.8000
E	700.988	90.000	44.7771	3.4670	0.1288	0.1160	0.0000	6.8000
dPolE	700.988	90.000	42.9145	1.0000	0.0000	6.8000
uR	700.988	90.000	0.0235	1.0000	0.0000	6.8000
E	702.596	90.000	44.8959	3.4948	0.1209	0.1087	0.0000	6.8000
dPolE	702.596	90.000	44.5365	1.0000	0.0000	6.8000
uR	702.596	90.000	0.0231	1.0000	0.0000	6.8000
E	704.204	90.000	44.4877	3.1901	0.1292	0.1159	0.0000	6.8000
dPolE	704.204	90.000	45.2211	1.0000	0.0000	6.8000
uR	704.204	90.000	0.0233	1.0000	0.0000	6.8000
E	705.811	90.000	44.6031	3.0058	0.1257	0.1120	0.0000	6.8000
dPolE	705.811	90.000	46.3799	1.0000	0.0000	6.8000
uR	705.811	90.000	0.0233	1.0000	0.0000	6.8000
E	707.419	90.000	44.7952	2.9566	0.1288	0.1146	0.0000	6.8000
dPolE	707.419	90.000	44.4661	1.0000	0.0000	6.8000
uR	707.419	90.000	0.0235	1.0000	0.0000	6.8000
E	709.026	90.000	44.9012	2.9397	0.1236	0.1095	0.0000	6.8000
dPolE	709.026	90.000	38.3612	1.0000	0.0000	6.8000
uR	709.026	90.000	0.0239	1.0000	0.0000	6.8000
E	710.634	90.000	44.9738	3.1671	0.1232	0.1088	0.0000	6.8000
dPolE	710.634	90.000	41.8049	1.0000	0.0000	6.8000
uR	710.634	90.000	0.0239	1.0000	0.0000	6.8000
E	712.241	90.000	45.3651	2.9490	0.1231	0.1081	0.0000	6.8000
dPolE	712.241	90.000	40.9206	1.0000	0.0000	6.8000
uR	712.241	90.000	0.0255	1.0000	0.0000	6.8000
E	713.848	90.000	44.8784	3.4370	0.1438	0.1257	0.0000	6.8000
dPolE	713.848	90.000	46.7758	1.0000	0.0000	6.8000
uR	713.848	90.000	0.0239	1.0000	0.0000	6.8000
E	715.455	90.000	44.8749	3.0244	0.1576	0.1367	0.0000	6.8000
dPolE	715.455	90.000	48.0137	1.0000	0.0000	6.8000
uR	715.455	90.000	0.0217	1.0000	0.0000	6.8000
E	717.062	90.000	45.1026	3.2493	0.1525	0.1318	0.0000	6.8000
dPolE	717.062	90.000	48.0552	1.0000	0.0000	6.8000
uR	717.062	90.000	0.0208	1.0000	0.0000	6.8000
E	718.669	90.000	45.1986	2.7681	0.1378	0.1184	0.0000	6.8000
dPolE	718.669	90.000	43.4688	1.0000	0.0000	6.8000
uR	718.669	90.000	0.0220	1.0000	0.0000	6.8000
E	720.276	90.000	44.6945	3.0176	0.1316	0.1127	0.0000	6.8000
dPolE	720.276	90.000	46.7011	1.0000	0.0000	6.8000
uR	720.276	90.000	0.0237	1.0000	0.0000	6.8000
E	721.882	90.000	44.7024	2.8047	0.1362	0.1160	0.0000	6.8000
dPolE	721.882	90.000	49.1603	1.0000	0.0000	6.8000
uR	721.882	90.000	0.0233	1.0000	0.0000	6.8000
E	723.489	90.000	44.2578	3.1259	0.1481	0.1257	0.0000	6.8000
dPolE	723.489	90.000	43.1455	1.0000	0.0000	6.8000
uR	723.489	90.000	0.0233	1.0000	0.0000	6.8000
E	725.095	90.000	45.2141	2.9846	0.1515	0.1282	0.0000	6.8000
dPolE	725.095	90.000	46.3774	1.0000	0.0000	6.8000
uR	725.095	90.000	0.0233	1.0000	0.0000	6.8000
E	726.701	90.000	44.9364	2.8929	0.1521	0.1283	0.0000	6.8000
dPolE	726.701	90.000	44.0419	1.0000	0.0000	6.8000
uR	726.701	90.000	0.0234	1.0000	0.0000	6.8000
E	728.308	90.000	44.7950	2.9156	0.1438	0.1211	0.0000	6.8000
dPolE	728.308	90.000	44.1145	1.0000	0.0000	6.8000
uR	728.308	90.000	0.0233	1.0000	0.0000	6.8000
E	729.914	90.000	44.6278	2.8756	0.1342	0.1127	0.0000	6.8000
dPolE	729.914	90.000	43.9089	1.0000	0.0000	6.8000
uR	729.914	90.000	0.0228	1.0000	0.0000	6.8000
E	731.520	90.000	44.7762	2.6911	0.1394	0.1170	0.0000	6.8000
dPolE	731.520	90.000	39.8076	1.0000	0.0000	6.8000
uR	731.520	90.000	0.0230	1.0000	0.0000	6.8000
E	733.126	90.000	44.8180	2.6580	0.1284	0.1077	0.0000	6.8000
dPolE	733.126	90.000	40.5086	1.0000	0.0000	6.8000
uR	733.126	90.000	0.0232	1.0000	0.0000	6.8000
E	734.732	90.000	44.8773	2.6471	0.1313	0.1102	0.0000	6.8000
dPolE	734.732	90.000	37.5895	1.0000	0.0000	6.8000
uR	734.732	90.000	0.0236	1.0000	0.0000	6.8000
E	736.337	90.000	45.1852	2.8218	0.1351	0.1133	0.0000	6.8000
dPolE	736.337	90.000	43.9133	1.0000	0.0000	6.8000
uR	736.337	90.000	0.0232	1.0000	0.0000	6.8000
E	737.943	90.000	45.1041	2.6648	0.1387	0.1163	0.0000	6.8000
dPolE	737.943	90.000	42.2029	1.0000	0.0000	6.8000
uR	737.943	90.000	0.0232	1.0000	0.0000	6.8000
E	739.548	90.000	45.1957	2.5993	0.1477	0.1233	0.0000	6.8000
dPolE	739.548	90.000	38.5569	1.0000	0.0000	6.8000
uR	739.548	90.000	0.0230	1.0000	0.0000	6.8000
E	741.154	90.000	44.7777	2.5803	0.1361	0.1136	0.0000	6.8000
dPolE	741.154	90.000	40.2267	1.0000	0.0000	6.8000
uR	741.154	90.000	0.0229	1.0000	0.0000	6.8000
E	742.759	90.000	44.6382	2.6493	0.1416	0.1179	0.0000	6.8000
dPolE	742.759	90.000	40.5013	1.0000	0.0000	6.8000
uR	742.759	90.000	0.0229	1.0000	0.0000	6.8000
E	744.364	90.000	45.2306	2.8686	0.1489	0.1235	0.0000	6.8000
dPolE	744.364	90.000	37.6423	1.0000	0.0000	6.8000
uR	744.364	90.000	0.0234	1.0000	0.0000	6.8000
E	745.969	90.000	45.4696	2.9718	0.1493	0.1235	0.0000	6.8000
dPolE	745.969	90.000	41.4343	1.0000	0.0000	6.8000
uR	745.969	90.000	0.0235	1.0000	0.0000	6.8000
E	747.574	90.000	44.5098	2.7115	0.1520	0.1250	0.0000	6.8000
dPolE	747.574	90.000	42.5022	1.0000	0.0000	6.8000
uR	747.574	90.000	0.0233	1.0000	0.0000	6.8000
E	749.179	90.000	44.4886	2.7155	0.1478	0.1211	0.0000	6.8000
dPolE	749.179	90.000	44.6849	1.0000	0.0000	6.8000
uR	749.179	90.000	0.0232	1.0000	0.0000	6.8000
E	750.784	90.000	44.9672	2.4143	0.1529	0.1245	0.0000	6.8000
dPolE	750.784	90.000	39.4926	1.0000	0.0000	6.8000
uR	750.784	90.000	0.0233	1.0000	0.0000	6.8000
E	752.388	90.000	45.0782	2.5876	0.1524	0.1235	0.0000	6.8000
dPolE	752.388	90.000	38.6570	1.0000	0.0000	6.8000
uR	752.388	90.000	0.0241	1.0000	0.0000	6.8000
E	753.993	90.000	44.7788	2.6775	0.1515	0.1223	0.0000	6.8000
dPolE	753.993	90.000	43.1684	1.0000	0.0000	6.8000
uR	753.993	90.000	0.0241	1.0000	0.0000	6.8000
E	755.597	90.000	45.0804	2.8779	0.1541	0.1238	0.0000	6.8000
dPolE	755.597	90.000	42.2004	1.0000	0.0000	6.8000
uR	755.597	90.000	0.0237	1.0000	0.0000	6.8000
E	757.202	90.000	45.2221	2.7188	0.1526	0.1222	0.0000	6.8000
dPolE	757.202	90.000	40.7899	1.0000	0.0000	6.8000
uR	757.202	90.000	0.0234	1.0000	0.0000	6.8000
E	758.806	90.000	45.2132	2.4877	0.1613	0.1282	0.0000	6.8000
dPolE	758.806	90.000	43.7994	1.0000	0.0000	6.8000
uR	758.806	90.000	0.0223	1.0000	0.0000	6.8000
E	760.410	90.000	45.0535	2.5095	0.1518	0.1203	0.0000	6.8000
dPolE	760.410	90.000	41.4424	1.0000	0.0000	6.8000
uR	760.410	90.000	0.0219	1.0000	0.0000	6.8000
E	762.014	90.000	45.1487	2.5106	0.1350	0.1063	0.0000	6.8000
dPolE	762.014	90.000	39.1286	1.0000	0.0000	6.8000
uR	762.014	90.000	0.0225	1.0000	0.0000	6.8000
E	763.618	90.000	44.7180	2.3313	0.1222	0.0961	0.0000	6.8000
dPolE	763.618	90.000	28.9880	1.0000	0.0000	6.8000
uR	763.618	90.000	0.0237	1.0000	0.0000	6.8000
E	765.221	90.000	45.0390	2.5857	0.1124	0.0883	0.0000	6.8000
dPolE	765.221	90.000	29.7384	1.0000	0.0000	6.8000
uR	765.221	90.000	0.0235	1.0000	0.0000	6.8000
E	766.825	90.000	45.0063	2.4800	0.1195	0.0936	0.0000	6.8000
dPolE	766.825	90.000	33.6911	1.0000	0.0000	6.8000
uR	766.825	90.000	0.0224	1.0000	0.0000	6.8000
E	768.429	90.000	44.7222	2.5294	0.1393	0.1089	0.0000	6.8000
dPolE	768.429	90.000	40.3828	1.0000	0.0000	6.8000
uR	768.429	90.000	0.0222	1.0000	0.0000	6.8000
E	770.032	90.000	44.7398	2.4473	0.1547	0.1208	0.0000	6.8000
dPolE	770.032	90.000	43.6299	1.0000	0.0000	6.8000
uR	770.032	90.000	0.0229	1.0000	0.0000	6.8000
E	771.635	90.000	44.9548	2.1724	0.1812	0.1413	0.0000	6.8000
dPolE	771.635	90.000	42.4208	1.0000	0.0000	6.8000
uR	771.635	90.000	0.0229	1.0000	0.0000	6.8000
E	773.238	90.000	45.1934	2.6657	0.1811	0.1414	0.0000	6.8000
dPolE	773.238	90.000	40.6015	1.0000	0.0000	6.8000
uR	773.238	90.000	0.0244	1.0000	0.0000	6.8000
E	774.841	90.000	44.7959	2.5409	0.1867	0.1457	0.0000	6.8000
dPolE	774.841	90.000	47.0769	1.0000	0.0000	6.8000
uR	774.841	90.000	0.0249	1.0000	0.0000	6.8000
E	776.444	90.000	44.7864	2.2369	0.1860	0.1448	0.0000	6.8000
dPolE	776.444	90.000	47.3136	1.0000	0.0000	6.8000
uR	776.444	90.000	0.0260	1.0000	0.0000	6.8000
E	778.047	90.000	44.3961	2.3669	0.1894	0.1470	0.0000	6.8000
dPolE	778.047	90.000	48.3139	1.0000	0.0000	6.8000
uR	778.047	90.000	0.0250	1.0000	0.0000	6.8000
E	779.650	90.000	45.4126	2.5048	0.1965	0.1525	0.0000	6.8000
dPolE	779.650	90.000	51.3720	1.0000	0.0000	6.8000
uR	779.650	90.000	0.0239	1.0000	0.0000	6.8000
E	781.252	90.000	45.0975	2.4594	0.1955	0.1518	0.0000	6.8000
dPolE	781.252	90.000	48.6259	1.0000	0.0000	6.8000
uR	781.252	90.000	0.0241	1.0000	0.0000	6.8000
E	782.855	90.000	45.2144	2.7302	0.1989	0.1542	0.0000	6.8000
dPolE	782.855	90.000	55.2415	1.0000	0.0000	6.8000
uR	782.855	90.000	0.0241	1.0000	0.0000	6.8000
E	784.457	90.000	45.0572	2.2524	0.1995	0.1543	0.0000	6.8000
dPolE	784.457	90.000	50.7826	1.0000	0.0000	6.8000
uR	784.457	90.000	0.0242	1.0000	0.0000	6.8000
E	786.059	90.000	44.5242	2.7639	0.1992	0.1538	0.0000	6.8000
dPolE	786.059	90.000	51.2838	1.0000	0.0000	6.8000
uR	786.059	90.000	0.0239	1.0000	0.0000	6.8000
E	787.661	90.000	44.9934	2.3046	0.1919	0.1468	0.0000	6.8000
dPolE	787.661	90.000	48.7846	1.0000	0.0000	6.8000
uR	787.661	90.000	0.0225	1.0000	0.0000	6.8000
E	789.263	90.000	44.6004	2.2404	0.1754	0.1342	0.0000	6.8000
dPolE	789.263	90.000	50.2644	1.0000	0.0000	6.8000
uR	789.263	90.000	0.0223	1.0000	0.0000	6.8000
E	790.865	90.000	44.9250	2.2085	0.1705	0.1297	0.0000	6.8000
dPolE	790.865	90.000	44.1786	1.0000	0.0000	6.8000
uR	790.865	90.000	0.0219	1.0000	0.0000	6.8000
E	792.467	90.000	44.5454	2.2753	0.1905	0.1447	0.0000	6.8000
dPolE	792.467	90.000	41.7854	1.0000	0.0000	6.8000
uR	792.467	90.000	0.0226	1.0000	0.0000	6.8000
E	794.068	90.000	45.4474	2.2114	0.1928	0.1454	0.0000	6.8000
dPolE	794.068	90.000	47.2031	1.0000	0.0000	6.8000
uR	794.068	90.000	0.0230	1.0000	0.0000	6.8000
E	795.670	90.000	45.1538	2.2251	0.1921	0.1444	0.0000	6.8000
dPolE	795.670	90.000	44.7633	1.0000	0.0000	6.8000
uR	795.670	90.000	0.0241	1.0000	0.0000	6.8000
E	797.271	90.000	44.3940	2.2146	0.1831	0.1372	0.0000	6.8000
dPolE	797.271	90.000	46.3974	1.0000	0.0000	6.8000
uR	797.271	90.000	0.0242	1.0000	0.0000	6.8000
E	798.872	90.000	44.5597	2.0854	0.1747	0.1302	0.0000	6.8000
dPolE	798.872	90.000	39.6620	1.0000	0.0000	6.8000
uR	798.872	90.000	0.0242	1.0000	0.0000	6.8000
E	800.473	90.000	44.9013	2.1132	0.1848	0.1374	0.0000	6.8000
dPolE	800.473	90.000	43.4242	1.0000	0.0000	6.8000
uR	800.473	90.000	0.0242	1.0000	0.0000	6.8000
E	802.074	90.000	45.0705	1.8594	0.1928	0.1424	0.0000	6.8000
dPolE	802.074	90.000	42.0600	1.0000	0.0000	6.8000
uR	802.074	90.000	0.0242	1.0000	0.0000	6.8000
E	803.675	90.000	45.1111	2.2558	0.1908	0.1402	0.0000	6.8000
dPolE	803.675	90.000	45.4408	1.0000	0.0000	6.8000
uR	803.675	90.000	0.0255	1.0000	0.0000	6.8000
E	805.276	90.000	45.0342	2.3180	0.1826	0.1339	0.0000	6.8000
dPolE	805.276	90.000	41.1475	1.0000	0.0000	6.8000
uR	805.276	90.000	0.0255	1.0000	0.0000	6.8000
E	806.876	90.000	45.0549	2.4403	0.1958	0.1435	0.0000	6.8000
dPolE	806.876	90.000	45.7329	1.0000	0.0000	6.8000
uR	806.876	90.000	0.0239	1.0000	0.0000	6.8000
E	808.477	90.000	44.6150	2.1782	0.1987	0.1452	0.0000	6.8000
dPolE	808.477	90.000	45.2992	1.0000	0.0000	6.8000
uR	808.477	90.000	0.0235	1.0000	0.0000	6.8000
E	810.077	90.000	44.2895	1.9814	0.1987	0.1446	0.0000	6.8000
dPolE	810.077	90.000	43.2345	1.0000	0.0000	6.8000
uR	810.077	90.000	0.0245	1.0000	0.0000	6.8000
E	811.677	90.000	45.0423	2.0085	0.1872	0.1358	0.0000	6.8000
dPolE	811.677	90.000	41.5679	1.0000	0.0000	6.8000
uR	811.677	90.000	0.0257	1.0000	0.0000	6.8000
E	813.277	90.000	44.6235	2.0887	0.1975	0.1435	0.0000	6.8000
dPolE	813.277	90.000	45.1517	1.0000	0.0000	6.8000
uR	813.277	90.000	0.0240	1.0000	0.0000	6.8000
E	814.877	90.000	44.7281	2.3869	0.1824	0.1324	0.0000	6.8000
dPolE	814.877	90.000	43.5408	1.0000	0.0000	6.8000
uR	814.877	90.000	0.0233	1.0000	0.0000	6.8000
E	816.477	90.000	44.9495	2.3247	0.1845	0.1336	0.0000	6.8000
dPolE	816.477	90.000	37.3079	1.0000	0.0000	6.8000
uR	816.477	90.000	0.0235	1.0000	0.0000	6.8000
E	818.077	90.000	44.8378	2.1358	0.1568	0.1136	0.0000	6.8000
dPolE	818.077	90.000	35.6445	1.0000	0.0000	6.8000
uR	818.077	90.000	0.0213	1.0000	0.0000	6.8000
E	819.676	90.000	45.2634	2.0601	0.1157	0.0837	0.0000	6.8000
dPolE	819.676	90.000	25.3136	1.0000	0.0000	6.8000
uR	819.676	90.000	0.0196	1.0000	0.0000	6.8000
E	821.276	90.000	44.8175	2.0119	0.0735	0.0531	0.0000	6.8000
dPolE	821.276	90.000	13.8758	1.0000	0.0000	6.8000
uR	821.276	90.000	0.0206	1.0000	0.0000	6.8000
E	822.875	90.000	44.8969	1.9887	0.0508	0.0367	0.0000	6.8000
dPolE	822.875	90.000	7.5015	1.0000	0.0000	6.8000
uR	822.875	90.000	0.0232	1.0000	0.0000	6.8000
E	824.474	90.000	44.9415	2.0123	0.0477	0.0344	0.0000	6.8000
dPolE	824.474	90.000	4.5429	1.0000	0.0000	6.8000
uR	824.474	90.000	0.0239	1.0000	0.0000	6.8000
E	826.073	90.000	44.9635	2.0022	0.0509	0.0367	0.0000	6.8000
dPolE	826.073	90.000	5.0020	1.0000	0.0000	6.8000
uR	826.073	90.000	0.0228	1.0000	0.0000	6.8000
E	827.672	90.000	44.9015	2.1487	0.0562	0.0405	0.0000	6.8000
dPolE	827.672	90.000	8.7658	1.0000	0.0000	6.8000
uR	827.672	90.000	0.0224	1.0000	0.0000	6.8000
E	829.271	90.000	44.9472	2.1112	0.0684	0.0491	0.0000	6.8000
dPolE	829.271	90.000	11.4457	1.0000	0.0000	6.8000
uR	829.271	90.000	0.0230	1.0000	0.0000	6.8000
E	830.869	90.000	45.0563	2.0830	0.0850	0.0609	0.0000	6.8000
dPolE	830.869	90.000	18.0769	1.0000	0.0000	6.8000
uR	830.869	90.000	0.0214	1.0000	0.0000	6.8000
E	832.468	90.000	44.6847	1.8835	0.1092	0.0781	0.0000	6.8000
dPolE	832.468	90.000	28.1332	1.0000	0.0000	6.8000
uR	832.468	90.000	0.0202	1.0000	0.0000	6.8000
E	834.066	90.000	44.6459	2.1873	0.0986	0.0704	0.0000	6.8000
dPolE	834.066	90.000	24.9101	1.0000	0.0000	6.8000
uR	834.066	90.000	0.0216	1.0000	0.0000	6.8000
E	835.664	90.000	44.5671	2.0487	0.0960	0.0682	0.0000	6.8000
dPolE	835.664	90.000	22.3987	1.0000	0.0000	6.8000
uR	835.664	90.000	0.0226	1.0000	0.0000	6.8000
E	837.262	90.000	45.1800	2.1082	0.1078	0.0763	0.0000	6.8000
dPolE	837.262	90.000	22.5072	1.0000	0.0000	6.8000
uR	837.262	90.000	0.0236	1.0000	0.0000	6.8000
E	838.860	90.000	45.0091	2.1179	0.1265	0.0893	0.0000	6.8000
dPolE	838.860	90.000	34.9215	1.0000	0.0000	6.8000
uR	838.860	90.000	0.0228	1.0000	0.0000	6.8000
E	840.458	90.000	44.6886	2.1479	0.1334	0.0937	0.0000	6.8000
dPolE	840.458	90.000	43.4261	1.0000	0.0000	6.8000
uR	840.458	90.000	0.0235	1.0000	0.0000	6.8000
E	842.055	90.000	44.9705	1.5834	0.1468	0.1028	0.0000	6.8000
dPolE	842.055	90.000	42.9904	1.0000	0.0000	6.8000
uR	842.055	90.000	0.0251	1.0000	0.0000	6.8000
E	843.653	90.000	45.0847	1.7422	0.1661	0.1159	0.0000	6.8000
dPolE	843.653	90.000	46.9411	1.0000	0.0000	6.8000
uR	843.653	90.000	0.0235	1.0000	0.0000	6.8000
E	845.250	90.000	44.7342	1.9357	0.1940	0.1345	0.0000	6.8000
dPolE	845.250	90.000	55.3777	1.0000	0.0000	6.8000
uR	845.250	90.000	0.0232	1.0000	0.0000	6.8000
E	846.847	90.000	44.8029	1.7096	0.2320	0.1601	0.0000	6.8000
dPolE	846.847	90.000	53.8762	1.0000	0.0000	6.8000
uR	846.847	90.000	0.0246	1.0000	0.0000	6.8000
E	848.444	90.000	45.3660	1.9602	0.2516	0.1732	0.0000	6.8000
dPolE	848.444	90.000	55.3338	1.0000	0.0000	6.8000
uR	848.444	90.000	0.0265	1.0000	0.0000	6.8000
E	850.041	90.000	45.1666	1.7786	0.2514	0.1722	0.0000	6.8000
dPolE	850.041	90.000	64.6690	1.0000	0.0000	6.8000
uR	850.041	90.000	0.0259	1.0000	0.0000	6.8000
E	851.638	90.000	45.5559	2.4185	0.2654	0.1818	0.0000	6.8000
dPolE	851.638	90.000	60.3317	1.0000	0.0000	6.8000
uR	851.638	90.000	0.0262	1.0000	0.0000	6.8000
E	853.234	90.000	44.9637	1.6405	0.2777	0.1888	0.0000	6.8000
dPolE	853.234	90.000	56.9322	1.0000	0.0000	6.8000
uR	853.234	90.000	0.0268	1.0000	0.0000	6.8000
E	854.831	90.000	45.4293	2.0254	0.2921	0.1978	0.0000	6.8000
dPolE	854.831	90.000	58.7580	1.0000	0.0000	6.8000
uR	854.831	90.000	0.0243	1.0000	0.0000	6.8000
E	856.427	90.000	44.7340	1.8770	0.2725	0.1845	0.0000	6.8000
dPolE	856.427	90.000	61.2633	1.0000	0.0000	6.8000
uR	856.427	90.000	0.0238	1.0000	0.0000	6.8000
E	858.023	90.000	44.6373	1.8482	0.2711	0.1831	0.0000	6.8000
dPolE	858.023	90.000	56.4916	1.0000	0.0000	6.8000
uR	858.023	90.000	0.0248	1.0000	0.0000	6.8000
E	859.619	90.000	44.9662	1.6816	0.2794	0.1877	0.0000	6.8000
dPolE	859.619	90.000	53.6220	1.0000	0.0000	6.8000
uR	859.619	90.000	0.0246	1.0000	0.0000	6.8000
E	861.215	90.000	45.2619	2.0010	0.2513	0.1690	0.0000	6.8000
dPolE	861.215	90.000	55.6398	1.0000	0.0000	6.8000
uR	861.215	90.000	0.0239	1.0000	0.0000	6.8000
E	862.811	90.000	44.8445	1.8780	0.2595	0.1743	0.0000	6.8000
dPolE	862.811	90.000	52.6259	1.0000	0.0000	6.8000
uR	862.811	90.000	0.0241	1.0000	0.0000	6.8000
E	864.407	90.000	45.2043	2.2481	0.2359	0.1584	0.0000	6.8000
dPolE	864.407	90.000	55.7840	1.0000	0.0000	6.8000
uR	864.407	90.000	0.0241	1.0000	0.0000	6.8000
E	866.002	90.000	45.3151	2.1160	0.2393	0.1604	0.0000	6.8000
dPolE	866.002	90.000	46.8892	1.0000	0.0000	6.8000
uR	866.002	90.000	0.0251	1.0000	0.0000	6.8000
E	867.597	90.000	45.6625	1.9257	0.2244	0.1505	0.0000	6.8000
dPolE	867.597	90.000	40.7596	1.0000	0.0000	6.8000
uR	867.597	90.000	0.0248	1.0000	0.0000	6.8000
E	869.192	90.000	45.0535	1.6185	0.2198	0.1469	0.0000	6.8000
dPolE	869.192	90.000	39.5711	1.0000	0.0000	6.8000
uR	869.192	90.000	0.0245	1.0000	0.0000	6.8000
E	870.787	90.000	45.1385	1.6349	0.2047	0.1368	0.0000	6.8000
dPolE	870.787	90.000	40.2278	1.0000	0.0000	6.8000
uR	870.787	90.000	0.0240	1.0000	0.0000	6.8000
E	872.382	90.000	44.5440	1.9751	0.1957	0.1307	0.0000	6.8000
dPolE	872.382	90.000	36.4703	1.0000	0.0000	6.8000
uR	872.382	90.000	0.0237	1.0000	0.0000	6.8000
E	873.977	90.000	45.2641	2.0722	0.1772	0.1186	0.0000	6.8000
dPolE	873.977	90.000	31.1509	1.0000	0.0000	6.8000
uR	873.977	90.000	0.0234	1.0000	0.0000	6.8000
E	875.571	90.000	44.9009	1.8546	0.1659	0.1108	0.0000	6.8000
dPolE	875.571	90.000	32.9887	1.0000	0.0000	6.8000
uR	875.571	90.000	0.0226	1.0000	0.0000	6.8000
E	877.166	90.000	44.9634	1.8651	0.1342	0.0896	0.0000	6.8000
dPolE	877.166	90.000	31.3056	1.0000	0.0000	6.8000
uR	877.166	90.000	0.0210	1.0000	0.0000	6.8000
E	878.760	90.000	44.8299	1.7995	0.0975	0.0650	0.0000	6.8000
dPolE	878.760	90.000	18.7413	1.0000	0.0000	6.8000
uR	878.760	90.000	0.0202	1.0000	0.0000	6.8000
E	880.354	90.000	45.0240	1.7411	0.0682	0.0453	0.0000	6.8000
dPolE	880.354	90.000	8.3959	1.0000	0.0000	6.8000
uR	880.354	90.000	0.0210	1.0000	0.0000	6.8000
E	881.948	90.000	44.8681	1.6600	0.0543	0.0360	0.0000	6.8000
dPolE	881.948	90.000	7.0268	1.0000	0.0000	6.8000
uR	881.948	90.000	0.0229	1.0000	0.0000	6.8000
E	883.542	90.000	44.8484	1.7100	0.0524	0.0346	0.0000	6.8000
dPolE	883.542	90.000	4.0823	1.0000	0.0000	6.8000
uR	883.542	90.000	0.0242	1.0000	0.0000	6.8000
E	885.135	90.000	44.9585	1.7764	0.0586	0.0387	0.0000	6.8000
dPolE	885.135	90.000	5.2895	1.0000	0.0000	6.8000
uR	885.135	90.000	0.0234	1.0000	0.0000	6.8000
E	886.729	90.000	44.7936	1.6187	0.0819	0.0539	0.0000	6.8000
dPolE	886.729	90.000	11.1560	1.0000	0.0000	6.8000
uR	886.729	90.000	0.0224	1.0000	0.0000	6.8000
E	888.322	90.000	45.0248	1.8730	0.1003	0.0660	0.0000	6.8000
dPolE	888.322	90.000	20.8630	1.0000	0.0000	6.8000
uR	888.322	90.000	0.0223	1.0000	0.0000	6.8000
E	889.915	90.000	44.8887	1.8317	0.1144	0.0750	0.0000	6.8000
dPolE	889.915	90.000	24.6102	1.0000	0.0000	6.8000
uR	889.915	90.000	0.0219	1.0000	0.0000	6.8000
E	891.508	90.000	45.2719	1.7897	0.1205	0.0787	0.0000	6.8000
dPolE	891.508	90.000	23.5612	1.0000	0.0000	6.8000
uR	891.508	90.000	0.0223	1.0000	0.0000	6.8000
E	893.101	90.000	44.9869	1.7330	0.1071	0.0697	0.0000	6.8000
dPolE	893.101	90.000	22.1131	1.0000	0.0000	6.8000
uR	893.101	90.000	0.0218	1.0000	0.0000	6.8000
E	894.694	90.000	44.9703	1.7946	0.0901	0.0584	0.0000	6.8000
dPolE	894.694	90.000	14.8734	1.0000	0.0000	6.8000
uR	894.694	90.000	0.0240	1.0000	0.0000	6.8000
E	896.286	90.000	44.9347	1.6877	0.0922	0.0595	0.0000	6.8000
dPolE	896.286	90.000	17.3619	1.0000	0.0000	6.8000
uR	896.286	90.000	0.0236	1.0000	0.0000	6.8000
E	897.879	90.000	44.9688	1.7853	0.0912	0.0587	0.0000	6.8000
dPolE	897.879	90.000	16.0357	1.0000	0.0000	6.8000
uR	897.879	90.000	0.0233	1.0000	0.0000	6.8000
E	899.471	90.000	45.0709	1.7334	0.1089	0.0698	0.0000	6.8000
dPolE	899.471	90.000	20.3972	1.0000	0.0000	6.8000
uR	899.471	90.000	0.0228	1.0000	0.0000	6.8000
E	901.063	90.000	44.8590	1.7361	0.1179	0.0752	0.0000	6.8000
dPolE	901.063	90.000	20.3952	1.0000	0.0000	6.8000
uR	901.063	90.000	0.0224	1.0000	0.0000	6.8000
E	902.655	90.000	44.9927	1.5682	0.1097	0.0698	0.0000	6.8000
dPolE	902.655	90.000	17.8615	1.0000	0.0000	6.8000
uR	902.655	90.000	0.0233	1.0000	0.0000	6.8000
E	904.247	90.000	44.9473	1.6658	0.0999	0.0633	0.0000	6.8000
dPolE	904.247	90.000	13.6431	1.0000	0.0000	6.8000
uR	904.247	90.000	0.0246	1.0000	0.0000	6.8000
E	905.838	90.000	45.0157	1.5284	0.0921	0.0582	0.0000	6.8000
dPolE	905.838	90.000	17.5102	1.0000	0.0000	6.8000
uR	905.838	90.000	0.0241	1.0000	0.0000	6.8000
E	907.429	90.000	44.9974	1.6546	0.1064	0.0671	0.0000	6.8000
dPolE	907.429	90.000	20.4990	1.0000	0.0000	6.8000
uR	907.429	90.000	0.0231	1.0000	0.0000	6.8000
E	909.021	90.000	44.6811	1.6215	0.1403	0.0884	0.0000	6.8000
dPolE	909.021	90.000	30.7256	1.0000	0.0000	6.8000
uR	909.021	90.000	0.0206	1.0000	0.0000	6.8000
E	910.612	90.000	44.9555	1.5745	0.1519	0.0951	0.0000	6.8000
dPolE	910.612	90.000	30.6405	1.0000	0.0000	6.8000
uR	910.612	90.000	0.0208	1.0000	0.0000	6.8000
E	912.203	90.000	45.3858	1.6048	0.1430	0.0894	0.0000	6.8000
dPolE	912.203	90.000	29.5375	1.0000	0.0000	6.8000
uR	912.203	90.000	0.0204	1.0000	0.0000	6.8000
E	913.793	90.000	44.4661	1.7586	0.1123	0.0700	0.0000	6.8000
dPolE	913.793	90.000	22.8533	1.0000	0.0000	6.8000
uR	913.793	90.000	0.0217	1.0000	0.0000	6.8000
E	915.384	90.000	45.1057	1.6441	0.0867	0.0540	0.0000	6.8000
dPolE	915.384	90.000	11.1491	1.0000	0.0000	6.8000
uR	915.384	90.000	0.0230	1.0000	0.0000	6.8000
E	916.974	90.000	44.9133	1.6068	0.0831	0.0516	0.0000	6.8000
dPolE	916.974	90.000	12.5969	1.0000	0.0000	6.8000
uR	916.974	90.000	0.0233	1.0000	0.0000	6.8000
E	918.565	90.000	45.0825	1.5393	0.0892	0.0554	0.0000	6.8000
dPolE	918.565	90.000	14.5520	1.0000	0.0000	6.8000
uR	918.565	90.000	0.0229	1.0000	0.0000	6.8000
E	920.155	90.000	44.9551	1.6576	0.1112	0.0689	0.0000	6.8000
dPolE	920.155	90.000	20.2065	1.0000	0.0000	6.8000
uR	920.155	90.000	0.0216	1.0000	0.0000	6.8000
E	921.745	90.000	44.9700	1.6973	0.1353	0.0837	0.0000	6.8000
dPolE	921.745	90.000	25.4744	1.0000	0.0000	6.8000
uR	921.745	90.000	0.0219	1.0000	0.0000	6.8000
E	923.334	90.000	44.8929	1.6345	0.1653	0.1022	0.0000	6.8000
dPolE	923.334	90.000	30.3303	1.0000	0.0000	6.8000
uR	923.334	90.000	0.0230	1.0000	0.0000	6.8000
E	924.924	90.000	45.3811	1.3450	0.1939	0.1195	0.0000	6.8000
dPolE	924.924	90.000	37.6290	1.0000	0.0000	6.8000
uR	924.924	90.000	0.0223	1.0000	0.0000	6.8000
E	926.513	90.000	44.7375	1.5372	0.2192	0.1350	0.0000	6.8000
dPolE	926.513	90.000	45.9888	1.0000	0.0000	6.8000
uR	926.513	90.000	0.0229	1.0000	0.0000	6.8000
E	928.103	90.000	45.5228	1.4361	0.2364	0.1455	0.0000	6.8000
dPolE	928.103	90.000	37.5984	1.0000	0.0000	6.8000
uR	928.103	90.000	0.0236	1.0000	0.0000	6.8000
E	929.692	90.000	45.3763	1.4743	0.2340	0.1436	0.0000	6.8000
dPolE	929.692	90.000	45.6214	1.0000	0.0000	6.8000
uR	929.692	90.000	0.0238	1.0000	0.0000	6.8000
E	931.280	90.000	44.9244	1.2727	0.2519	0.1550	0.0000	6.8000
dPolE	931.280	90.000	43.6570	1.0000	0.0000	6.8000
uR	931.280	90.000	0.0245	1.0000	0.0000	6.8000
E	932.869	90.000	44.7643	1.6923	0.2520	0.1551	0.0000	6.8000
dPolE	932.869	90.000	35.2341	1.0000	0.0000	6.8000
uR	932.869	90.000	0.0257	1.0000	0.0000	6.8000
E	934.458	90.000	45.3434	1.2508	0.2464	0.1507	0.0000	6.8000
dPolE	934.458	90.000	42.9445	1.0000	0.0000	6.8000
uR	934.458	90.000	0.0245	1.0000	0.0000	6.8000
E	936.046	90.000	45.4825	1.2669	0.2288	0.1401	0.0000	6.8000
dPolE	936.046	90.000	42.9849	1.0000	0.0000	6.8000
uR	936.046	90.000	0.0243	1.0000	0.0000	6.8000
E	937.634	90.000	45.1846	1.3884	0.2235	0.1368	0.0000	6.8000
dPolE	937.634	90.000	37.6372	1.0000	0.0000	6.8000
uR	937.634	90.000	0.0239	1.0000	0.0000	6.8000
E	939.222	90.000	45.6241	1.6162	0.2201	0.1348	0.0000	6.8000
dPolE	939.222	90.000	40.0350	1.0000	0.0000	6.8000
uR	939.222	90.000	0.0240	1.0000	0.0000	6.8000
E	940.810	90.000	44.9378	1.3795	0.2296	0.1393	0.0000	6.8000
dPolE	940.810	90.000	44.1060	1.0000	0.0000	6.8000
uR	940.810	90.000	0.0231	1.0000	0.0000	6.8000
E	942.398	90.000	44.3735	1.8383	0.2349	0.1425	0.0000	6.8000
dPolE	942.398	90.000	41.9730	1.0000	0.0000	6.8000
uR	942.398	90.000	0.0241	1.0000	0.0000	6.8000
E	943.985	90.000	44.3260	1.5444	0.2633	0.1603	0.0000	6.8000
dPolE	943.985	90.000	40.4772	1.0000	0.0000	6.8000
uR	943.985	90.000	0.0242	1.0000	0.0000	6.8000
E	945.573	90.000	44.4755	1.4083	0.2539	0.1542	0.0000	6.8000
dPolE	945.573	90.000	47.6229	1.0000	0.0000	6.8000
uR	945.573	90.000	0.0239	1.0000	0.0000	6.8000
E	947.160	90.000	45.2185	1.5355	0.2599	0.1577	0.0000	6.8000
dPolE	947.160	90.000	36.5681	1.0000	0.0000	6.8000
uR	947.160	90.000	0.0238	1.0000	0.0000	6.8000
E	948.747	90.000	46.4263	1.5936	0.2535	0.1532	0.0000	6.8000
dPolE	948.747	90.000	39.6164	1.0000	0.0000	6.8000
uR	948.747	90.000	0.0243	1.0000	0.0000	6.8000
E	950.334	90.000	45.1258	1.3996	0.2346	0.1415	0.0000	6.8000
dPolE	950.334	90.000	35.0950	1.0000	0.0000	6.8000
uR	950.334	90.000	0.0258	1.0000	0.0000	6.8000
E	951.920	90.000	45.2384	1.3852	0.2311	0.1386	0.0000	6.8000
dPolE	951.920	90.000	36.3389	1.0000	0.0000	6.8000
uR	951.920	90.000	0.0244	1.0000	0.0000	6.8000
E	953.507	90.000	45.3235	1.2725	0.2401	0.1435	0.0000	6.8000
dPolE	953.507	90.000	40.2379	1.0000	0.0000	6.8000
uR	953.507	90.000	0.0246	1.0000	0.0000	6.8000
E	955.093	90.000	44.5512	1.0848	0.2651	0.1575	0.0000	6.8000
dPolE	955.093	90.000	40.6093	1.0000	0.0000	6.8000
uR	955.093	90.000	0.0247	1.0000	0.0000	6.8000
E	956.679	90.000	44.8762	1.4089	0.2792	0.1666	0.0000	6.8000
dPolE	956.679	90.000	41.2371	1.0000	0.0000	6.8000
uR	956.679	90.000	0.0254	1.0000	0.0000	6.8000
E	958.265	90.000	44.4059	1.4013	0.3168	0.1881	0.0000	6.8000
dPolE	958.265	90.000	52.3105	1.0000	0.0000	6.8000
uR	958.265	90.000	0.0246	1.0000	0.0000	6.8000
E	959.851	90.000	46.1228	1.7105	0.3387	0.2005	0.0000	6.8000
dPolE	959.851	90.000	58.7216	1.0000	0.0000	6.8000
uR	959.851	90.000	0.0228	1.0000	0.0000	6.8000
E	961.436	90.000	44.3791	1.7549	0.3438	0.2029	0.0000	6.8000
dPolE	961.436	90.000	63.3040	1.0000	0.0000	6.8000
uR	961.436	90.000	0.0234	1.0000	0.0000	6.8000
E	963.022	90.000	44.1150	1.8115	0.3371	0.1989	0.0000	6.8000
dPolE	963.022	90.000	63.5431	1.0000	0.0000	6.8000
uR	963.022	90.000	0.0230	1.0000	0.0000	6.8000
E	964.607	90.000	43.6909	1.8828	0.3391	0.1995	0.0000	6.8000
dPolE	964.607	90.000	58.6661	1.0000	0.0000	6.8000
uR	964.607	90.000	0.0232	1.0000	0.0000	6.8000
E	966.192	90.000	45.7866	1.2946	0.3182	0.1860	0.0000	6.8000
dPolE	966.192	90.000	56.4966	1.0000	0.0000	6.8000
uR	966.192	90.000	0.0231	1.0000	0.0000	6.8000
E	967.777	90.000	45.0591	0.9477	0.2901	0.1683	0.0000	6.8000
dPolE	967.777	90.000	53.4944	1.0000	0.0000	6.8000
uR	967.777	90.000	0.0226	1.0000	0.0000	6.8000
E	969.361	90.000	45.1566	1.2832	0.2783	0.1615	0.0000	6.8000
dPolE	969.361	90.000	43.1525	1.0000	0.0000	6.8000
uR	969.361	90.000	0.0233	1.0000	0.0000	6.8000
E	970.946	90.000	45.4396	1.3976	0.2668	0.1542	0.0000	6.8000
dPolE	970.946	90.000	38.2787	1.0000	0.0000	6.8000
uR	970.946	90.000	0.0240	1.0000	0.0000	6.8000
E	972.530	90.000	45.3946	1.3893	0.2370	0.1370	0.0000	6.8000
dPolE	972.530	90.000	37.1098	1.0000	0.0000	6.8000
uR	972.530	90.000	0.0241	1.0000	0.0000	6.8000
E	974.114	90.000	43.9351	1.4168	0.2276	0.1315	0.0000	6.8000
dPolE	974.114	90.000	40.4082	1.0000	0.0000	6.8000
uR	974.114	90.000	0.0220	1.0000	0.0000	6.8000
E	975.698	90.000	45.0119	1.1840	0.2021	0.1160	0.0000	6.8000
dPolE	975.698	90.000	31.8542	1.0000	0.0000	6.8000
uR	975.698	90.000	0.0215	1.0000	0.0000	6.8000
E	977.282	90.000	45.1886	1.3871	0.1685	0.0966	0.0000	6.8000
dPolE	977.282	90.000	23.7422	1.0000	0.0000	6.8000
uR	977.282	90.000	0.0236	1.0000	0.0000	6.8000
E	978.865	90.000	45.0187	1.2094	0.1427	0.0813	0.0000	6.8000
dPolE	978.865	90.000	20.5779	1.0000	0.0000	6.8000
uR	978.865	90.000	0.0234	1.0000	0.0000	6.8000
E	980.449	90.000	44.8545	1.3214	0.1486	0.0848	0.0000	6.8000
dPolE	980.449	90.000	19.7821	1.0000	0.0000	6.8000
uR	980.449	90.000	0.0238	1.0000	0.0000	6.8000
E	982.032	90.000	44.9231	1.5238	0.1640	0.0938	0.0000	6.8000
dPolE	982.032	90.000	24.8896	1.0000	0.0000	6.8000
uR	982.032	90.000	0.0237	1.0000	0.0000	6.8000
E	983.615	90.000	44.2761	1.5465	0.1903	0.1087	0.0000	6.8000
dPolE	983.615	90.000	32.2979	1.0000	0.0000	6.8000
uR	983.615	90.000	0.0213	1.0000	0.0000	6.8000
E	985.198	90.000	44.5468	1.3974	0.2233	0.1272	0.0000	6.8000
dPolE	985.198	90.000	39.9618	1.0000	0.0000	6.8000
uR	985.198	90.000	0.0207	1.0000	0.0000	6.8000
E	986.780	90.000	44.8189	1.3532	0.2220	0.1266	0.0000	6.8000
dPolE	986.780	90.000	32.2231	1.0000	0.0000	6.8000
uR	986.780	90.000	0.0218	1.0000	0.0000	6.8000
E	988.363	90.000	44.8056	1.2541	0.2069	0.1176	0.0000	6.8000
dPolE	988.363	90.000	33.7303	1.0000	0.0000	6.8000
uR	988.363	90.000	0.0224	1.0000	0.0000	6.8000
E	989.945	90.000	44.8027	1.6482	0.1841	0.1047	0.0000	6.8000
dPolE	989.945	90.000	30.9191	1.0000	0.0000	6.8000
uR	989.945	90.000	0.0217	1.0000	0.0000	6.8000
E	991.527	90.000	45.0754	1.2120	0.1632	0.0923	0.0000	6.8000
dPolE	991.527	90.000	29.6994	1.0000	0.0000	6.8000
uR	991.527	90.000	0.0236	1.0000	0.0000	6.8000
E	993.109	90.000	44.9759	1.3917	0.1617	0.0916	0.0000	6.8000
dPolE	993.109	90.000	18.9953	1.0000	0.0000	6.8000
uR	993.109	90.000	0.0246	1.0000	0.0000	6.8000
E	994.690	90.000	44.1892	1.2067	0.1711	0.0966	0.0000	6.8000
dPolE	994.690	90.000	28.0773	1.0000	0.0000	6.8000
uR	994.690	90.000	0.0229	1.0000	0.0000	6.8000
E	996.272	90.000	44.7722	1.0937	0.1928	0.1088	0.0000	6.8000
dPolE	996.272	90.000	29.1121	1.0000	0.0000	6.8000
uR	996.272	90.000	0.0228	1.0000	0.0000	6.8000
E	997.853	90.000	44.7443	1.1426	0.2383	0.1340	0.0000	6.8000
dPolE	997.853	90.000	37.0697	1.0000	0.0000	6.8000
uR	997.853	90.000	0.0218	1.0000	0.0000	6.8000
E	999.434	90.000	44.7436	1.4291	0.2675	0.1506	0.0000	6.8000
dPolE	999.434	90.000	41.5706	1.0000	0.0000	6.8000
uR	999.434	90.000	0.0227	1.0000	0.0000	6.8000
