
FM-removed
XY-Scan
nm
E	210.379	90.000	21.0538	18.3272	0.2653	0.7650	0.0000	6.8000
dPolE	210.379	90.000	99.9985	1.0000	0.0000	6.8000
uR	210.379	90.000	0.0354	1.0000	0.0000	6.8000
E	211.990	90.000	20.5186	296.1912	0.2773	0.8547	0.0000	6.8000
dPolE	211.990	90.000	99.9883	1.0000	0.0000	6.8000
uR	211.990	90.000	0.0137	1.0000	0.0000	6.8000
E	213.602	90.000	52.2682	122.9448	0.2550	0.5185	0.0000	6.8000
dPolE	213.602	90.000	99.9241	1.0000	0.0000	6.8000
uR	213.602	90.000	0.0151	1.0000	0.0000	6.8000
E	215.214	90.000	30.7801	230.2776	0.2368	0.5257	0.0000	6.8000
dPolE	215.214	90.000	99.9487	1.0000	0.0000	6.8000
uR	215.214	90.000	0.0109	1.0000	0.0000	6.8000
E	216.826	90.000	27.5134	195.2422	0.2666	0.5812	0.0000	6.8000
dPolE	216.826	90.000	99.9712	1.0000	0.0000	6.8000
uR	216.826	90.000	0.0086	1.0000	0.0000	6.8000
E	218.438	90.000	35.8017	297.6139	0.2725	0.5633	0.0000	6.8000
dPolE	218.438	90.000	99.9714	1.0000	0.0000	6.8000
uR	218.438	90.000	0.0101	1.0000	0.0000	6.8000
E	220.050	90.000	25.2711	44.2925	0.2579	0.6303	0.0000	6.8000
dPolE	220.050	90.000	99.9816	1.0000	0.0000	6.8000
uR	220.050	90.000	0.0054	1.0000	0.0000	6.8000
E	221.662	90.000	37.2870	240.1085	0.2432	0.4852	0.0000	6.8000
dPolE	221.662	90.000	99.9901	1.0000	0.0000	6.8000
uR	221.662	90.000	0.0048	1.0000	0.0000	6.8000
E	223.274	90.000	46.8917	114.2798	0.2681	0.5183	0.0000	6.8000
dPolE	223.274	90.000	99.9977	1.0000	0.0000	6.8000
uR	223.274	90.000	0.0043	1.0000	0.0000	6.8000
E	224.886	90.000	52.8419	107.6390	0.2880	0.5946	0.0000	6.8000
dPolE	224.886	90.000	99.9863	1.0000	0.0000	6.8000
uR	224.886	90.000	0.0030	1.0000	0.0000	6.8000
E	226.498	90.000	35.2945	13.7049	0.2995	0.4622	0.0000	6.8000
dPolE	226.498	90.000	99.9089	1.0000	0.0000	6.8000
uR	226.498	90.000	0.0047	1.0000	0.0000	6.8000
E	228.111	90.000	57.4029	95.1736	0.2472	0.5707	0.0000	6.8000
dPolE	228.111	90.000	99.9987	1.0000	0.0000	6.8000
uR	228.111	90.000	0.0049	1.0000	0.0000	6.8000
E	229.723	90.000	67.7114	69.7958	0.2525	0.8037	0.0000	6.8000
dPolE	229.723	90.000	99.9427	1.0000	0.0000	6.8000
uR	229.723	90.000	0.0026	1.0000	0.0000	6.8000
E	231.335	90.000	79.8098	248.5518	0.2150	1.5986	0.0000	6.8000
dPolE	231.335	90.000	99.9567	1.0000	0.0000	6.8000
uR	231.335	90.000	0.0027	1.0000	0.0000	6.8000
E	232.948	90.000	22.4052	158.7529	0.2907	0.5745	0.0000	6.8000
dPolE	232.948	90.000	99.9976	1.0000	0.0000	6.8000
uR	232.948	90.000	0.0020	1.0000	0.0000	6.8000
E	234.560	90.000	5.0036	338.6212	0.2770	2.2288	0.0000	6.8000
dPolE	234.560	90.000	99.9588	1.0000	0.0000	6.8000
uR	234.560	90.000	0.0019	1.0000	0.0000	6.8000
E	236.173	90.000	79.0667	253.9463	0.2228	1.6838	0.0000	6.8000
dPolE	236.173	90.000	99.9037	1.0000	0.0000	6.8000
uR	236.173	90.000	0.0022	1.0000	0.0000	6.8000
E	237.786	90.000	25.7582	194.1790	0.3096	0.4845	0.0000	6.8000
dPolE	237.786	90.000	99.9472	1.0000	0.0000	6.8000
uR	237.786	90.000	0.0015	1.0000	0.0000	6.8000
E	239.398	90.000	10.3579	9.7494	0.3058	1.0080	0.0000	6.8000
dPolE	239.398	90.000	99.9344	1.0000	0.0000	6.8000
uR	239.398	90.000	0.0014	1.0000	0.0000	6.8000
E	241.011	90.000	3.4774	190.2820	0.3255	3.0951	0.0000	6.8000
dPolE	241.011	90.000	99.9153	1.0000	0.0000	6.8000
uR	241.011	90.000	0.0017	1.0000	0.0000	6.8000
E	242.624	90.000	16.3448	91.5863	0.2274	1.1926	0.0000	6.8000
dPolE	242.624	90.000	99.9902	1.0000	0.0000	6.8000
uR	242.624	90.000	0.0013	1.0000	0.0000	6.8000
E	244.237	90.000	32.6206	163.5128	0.3193	0.4125	0.0000	6.8000
dPolE	244.237	90.000	99.9941	1.0000	0.0000	6.8000
uR	244.237	90.000	0.0010	1.0000	0.0000	6.8000
E	245.850	90.000	22.6983	69.9520	0.2588	0.8404	0.0000	6.8000
dPolE	245.850	90.000	99.9813	1.0000	0.0000	6.8000
uR	245.850	90.000	0.0012	1.0000	0.0000	6.8000
E	247.463	90.000	13.3268	140.3968	0.2611	1.0031	0.0000	6.8000
dPolE	247.463	90.000	99.9724	1.0000	0.0000	6.8000
uR	247.463	90.000	0.0011	1.0000	0.0000	6.8000
E	249.076	90.000	61.4950	2.3979	0.3152	0.3876	0.0000	6.8000
dPolE	249.076	90.000	99.9786	1.0000	0.0000	6.8000
uR	249.076	90.000	0.0006	1.0000	0.0000	6.8000
E	250.689	90.000	33.4720	222.2694	0.3269	0.5628	0.0000	6.8000
dPolE	250.689	90.000	99.9531	1.0000	0.0000	6.8000
uR	250.689	90.000	0.0009	1.0000	0.0000	6.8000
E	252.302	90.000	8.6799	344.8508	0.3259	1.2417	0.0000	6.8000
dPolE	252.302	90.000	99.8323	1.0000	0.0000	6.8000
uR	252.302	90.000	0.0016	1.0000	0.0000	6.8000
E	253.916	90.000	51.4858	216.0578	0.2908	0.4302	0.0000	6.8000
dPolE	253.916	90.000	99.9736	1.0000	0.0000	6.8000
uR	253.916	90.000	0.0010	1.0000	0.0000	6.8000
E	255.529	90.000	38.7527	223.7599	0.3035	0.4898	0.0000	6.8000
dPolE	255.529	90.000	99.9581	1.0000	0.0000	6.8000
uR	255.529	90.000	0.0008	1.0000	0.0000	6.8000
E	257.142	90.000	57.0329	340.3887	0.3247	0.4154	0.0000	6.8000
dPolE	257.142	90.000	99.9894	1.0000	0.0000	6.8000
uR	257.142	90.000	0.0008	1.0000	0.0000	6.8000
E	258.756	90.000	61.6650	229.5783	0.2869	0.6099	0.0000	6.8000
dPolE	258.756	90.000	99.9657	1.0000	0.0000	6.8000
uR	258.756	90.000	0.0007	1.0000	0.0000	6.8000
E	260.369	90.000	21.3912	18.7731	0.3152	0.5440	0.0000	6.8000
dPolE	260.369	90.000	99.9881	1.0000	0.0000	6.8000
uR	260.369	90.000	0.0006	1.0000	0.0000	6.8000
E	261.983	90.000	32.2707	146.2738	0.2864	0.4505	0.0000	6.8000
dPolE	261.983	90.000	99.9915	1.0000	0.0000	6.8000
uR	261.983	90.000	0.0004	1.0000	0.0000	6.8000
E	263.596	90.000	20.4139	308.0042	0.2539	0.7672	0.0000	6.8000
dPolE	263.596	90.000	99.9789	1.0000	0.0000	6.8000
uR	263.596	90.000	0.0005	1.0000	0.0000	6.8000
E	265.210	90.000	24.6302	92.6591	0.2602	0.8299	0.0000	6.8000
dPolE	265.210	90.000	99.9883	1.0000	0.0000	6.8000
uR	265.210	90.000	0.0006	1.0000	0.0000	6.8000
E	266.823	90.000	24.0504	226.6149	0.2710	0.6461	0.0000	6.8000
dPolE	266.823	90.000	99.9654	1.0000	0.0000	6.8000
uR	266.823	90.000	0.0006	1.0000	0.0000	6.8000
E	268.437	90.000	16.3453	301.1333	0.2280	0.9632	0.0000	6.8000
dPolE	268.437	90.000	99.9922	1.0000	0.0000	6.8000
uR	268.437	90.000	0.0005	1.0000	0.0000	6.8000
E	270.051	90.000	57.7396	332.9668	0.2609	0.3782	0.0000	6.8000
dPolE	270.051	90.000	99.9972	1.0000	0.0000	6.8000
uR	270.051	90.000	0.0006	1.0000	0.0000	6.8000
E	271.665	90.000	52.7277	142.1864	0.2666	0.4120	0.0000	6.8000
dPolE	271.665	90.000	99.9954	1.0000	0.0000	6.8000
uR	271.665	90.000	0.0005	1.0000	0.0000	6.8000
E	273.279	90.000	49.3691	1.9876	0.2875	0.3044	0.0000	6.8000
dPolE	273.279	90.000	99.8402	1.0000	0.0000	6.8000
uR	273.279	90.000	0.0011	1.0000	0.0000	6.8000
E	274.892	90.000	17.5814	241.0629	0.2219	0.8846	0.0000	6.8000
dPolE	274.892	90.000	99.9987	1.0000	0.0000	6.8000
uR	274.892	90.000	0.0004	1.0000	0.0000	6.8000
E	276.506	90.000	23.5113	205.0427	0.2540	0.4592	0.0000	6.8000
dPolE	276.506	90.000	99.9878	1.0000	0.0000	6.8000
uR	276.506	90.000	0.0006	1.0000	0.0000	6.8000
E	278.120	90.000	34.3938	67.0210	0.2637	0.5567	0.0000	6.8000
dPolE	278.120	90.000	99.9980	1.0000	0.0000	6.8000
uR	278.120	90.000	0.0008	1.0000	0.0000	6.8000
E	279.734	90.000	23.9748	173.9785	0.2677	0.3970	0.0000	6.8000
dPolE	279.734	90.000	99.9530	1.0000	0.0000	6.8000
uR	279.734	90.000	0.0007	1.0000	0.0000	6.8000
E	281.349	90.000	18.0131	150.9021	0.2593	0.6374	0.0000	6.8000
dPolE	281.349	90.000	99.9407	1.0000	0.0000	6.8000
uR	281.349	90.000	0.0007	1.0000	0.0000	6.8000
E	282.963	90.000	47.8027	334.4543	0.2602	0.3459	0.0000	6.8000
dPolE	282.963	90.000	99.9955	1.0000	0.0000	6.8000
uR	282.963	90.000	0.0003	1.0000	0.0000	6.8000
E	284.577	90.000	55.4918	0.9304	0.2642	0.3174	0.0000	6.8000
dPolE	284.577	90.000	99.9349	1.0000	0.0000	6.8000
uR	284.577	90.000	0.0007	1.0000	0.0000	6.8000
E	286.191	90.000	38.0895	344.4702	0.2473	0.3099	0.0000	6.8000
dPolE	286.191	90.000	99.9880	1.0000	0.0000	6.8000
uR	286.191	90.000	0.0004	1.0000	0.0000	6.8000
E	287.805	90.000	56.6425	162.7462	0.2370	0.3223	0.0000	6.8000
dPolE	287.805	90.000	99.9722	1.0000	0.0000	6.8000
uR	287.805	90.000	0.0004	1.0000	0.0000	6.8000
E	289.420	90.000	52.0845	265.4160	0.2305	0.4841	0.0000	6.8000
dPolE	289.420	90.000	99.9978	1.0000	0.0000	6.8000
uR	289.420	90.000	0.0005	1.0000	0.0000	6.8000
E	291.034	90.000	35.8718	179.5996	0.2457	0.3026	0.0000	6.8000
dPolE	291.034	90.000	99.9679	1.0000	0.0000	6.8000
uR	291.034	90.000	0.0005	1.0000	0.0000	6.8000
E	292.649	90.000	25.1113	258.8327	0.1911	0.5693	0.0000	6.8000
dPolE	292.649	90.000	99.9848	1.0000	0.0000	6.8000
uR	292.649	90.000	0.0006	1.0000	0.0000	6.8000
E	294.263	90.000	33.1604	288.2254	0.2177	0.4834	0.0000	6.8000
dPolE	294.263	90.000	99.9988	1.0000	0.0000	6.8000
uR	294.263	90.000	0.0003	1.0000	0.0000	6.8000
E	295.877	90.000	50.1824	299.7159	0.2278	0.4291	0.0000	6.8000
dPolE	295.877	90.000	99.9848	1.0000	0.0000	6.8000
uR	295.877	90.000	0.0004	1.0000	0.0000	6.8000
E	297.492	90.000	26.8111	226.4734	0.2136	0.4736	0.0000	6.8000
dPolE	297.492	90.000	99.9931	1.0000	0.0000	6.8000
uR	297.492	90.000	0.0003	1.0000	0.0000	6.8000
E	299.107	90.000	20.6641	57.7152	0.1777	0.5634	0.0000	6.8000
dPolE	299.107	90.000	99.9994	1.0000	0.0000	6.8000
uR	299.107	90.000	0.0003	1.0000	0.0000	6.8000
E	300.721	90.000	61.3526	67.6847	0.2044	0.5036	0.0000	6.8000
dPolE	300.721	90.000	99.9923	1.0000	0.0000	6.8000
uR	300.721	90.000	0.0004	1.0000	0.0000	6.8000
E	302.336	90.000	2.9591	217.3174	0.1807	3.1299	0.0000	6.8000
dPolE	302.336	90.000	99.9918	1.0000	0.0000	6.8000
uR	302.336	90.000	0.0003	1.0000	0.0000	6.8000
E	303.950	90.000	42.2298	184.8059	0.2071	0.2705	0.0000	6.8000
dPolE	303.950	90.000	99.9405	1.0000	0.0000	6.8000
uR	303.950	90.000	0.0006	1.0000	0.0000	6.8000
E	305.565	90.000	26.5278	51.5851	0.1986	0.4697	0.0000	6.8000
dPolE	305.565	90.000	99.9822	1.0000	0.0000	6.8000
uR	305.565	90.000	0.0005	1.0000	0.0000	6.8000
E	307.180	90.000	45.6625	172.1939	0.1929	0.2589	0.0000	6.8000
dPolE	307.180	90.000	99.9988	1.0000	0.0000	6.8000
uR	307.180	90.000	0.0002	1.0000	0.0000	6.8000
E	308.795	90.000	24.9355	20.6675	0.1905	0.3645	0.0000	6.8000
dPolE	308.795	90.000	99.9979	1.0000	0.0000	6.8000
uR	308.795	90.000	0.0005	1.0000	0.0000	6.8000
E	310.410	90.000	46.4294	346.0118	0.1941	0.2740	0.0000	6.8000
dPolE	310.410	90.000	99.9716	1.0000	0.0000	6.8000
uR	310.410	90.000	0.0004	1.0000	0.0000	6.8000
E	312.024	90.000	61.2406	153.5524	0.1900	0.3476	0.0000	6.8000
dPolE	312.024	90.000	99.9719	1.0000	0.0000	6.8000
uR	312.024	90.000	0.0005	1.0000	0.0000	6.8000
E	313.639	90.000	37.2953	154.1540	0.1829	0.2906	0.0000	6.8000
dPolE	313.639	90.000	99.9921	1.0000	0.0000	6.8000
uR	313.639	90.000	0.0004	1.0000	0.0000	6.8000
E	315.254	90.000	51.9265	338.3643	0.1903	0.2963	0.0000	6.8000
dPolE	315.254	90.000	99.9963	1.0000	0.0000	6.8000
uR	315.254	90.000	0.0003	1.0000	0.0000	6.8000
E	316.869	90.000	76.9664	342.2562	0.1811	0.6249	0.0000	6.8000
dPolE	316.869	90.000	99.9645	1.0000	0.0000	6.8000
uR	316.869	90.000	0.0005	1.0000	0.0000	6.8000
E	318.484	90.000	24.6248	11.8881	0.1642	0.3194	0.0000	6.8000
dPolE	318.484	90.000	99.9894	1.0000	0.0000	6.8000
uR	318.484	90.000	0.0003	1.0000	0.0000	6.8000
E	320.099	90.000	55.2929	162.0317	0.1713	0.2794	0.0000	6.8000
dPolE	320.099	90.000	99.9972	1.0000	0.0000	6.8000
uR	320.099	90.000	0.0003	1.0000	0.0000	6.8000
E	321.714	90.000	32.3382	77.5659	0.1656	0.3778	0.0000	6.8000
dPolE	321.714	90.000	99.9860	1.0000	0.0000	6.8000
uR	321.714	90.000	0.0003	1.0000	0.0000	6.8000
E	323.330	90.000	16.5241	205.3410	0.1662	0.5000	0.0000	6.8000
dPolE	323.330	90.000	99.9894	1.0000	0.0000	6.8000
uR	323.330	90.000	0.0003	1.0000	0.0000	6.8000
E	324.945	90.000	21.6201	345.2721	0.1804	0.4100	0.0000	6.8000
dPolE	324.945	90.000	99.9956	1.0000	0.0000	6.8000
uR	324.945	90.000	0.0003	1.0000	0.0000	6.8000
E	326.560	90.000	49.5462	352.1660	0.1680	0.2622	0.0000	6.8000
dPolE	326.560	90.000	99.9984	1.0000	0.0000	6.8000
uR	326.560	90.000	0.0002	1.0000	0.0000	6.8000
E	328.175	90.000	35.6394	79.7499	0.1631	0.3495	0.0000	6.8000
dPolE	328.175	90.000	99.9921	1.0000	0.0000	6.8000
uR	328.175	90.000	0.0005	1.0000	0.0000	6.8000
E	329.790	90.000	57.4385	97.0746	0.1512	0.3444	0.0000	6.8000
dPolE	329.790	90.000	99.9831	1.0000	0.0000	6.8000
uR	329.790	90.000	0.0003	1.0000	0.0000	6.8000
E	331.406	90.000	23.4492	55.9827	0.1479	0.4057	0.0000	6.8000
dPolE	331.406	90.000	99.9960	1.0000	0.0000	6.8000
uR	331.406	90.000	0.0002	1.0000	0.0000	6.8000
E	333.021	90.000	22.9710	12.8755	0.1637	0.3700	0.0000	6.8000
dPolE	333.021	90.000	99.9896	1.0000	0.0000	6.8000
uR	333.021	90.000	0.0004	1.0000	0.0000	6.8000
E	334.636	90.000	56.8356	116.3865	0.1392	0.3001	0.0000	6.8000
dPolE	334.636	90.000	99.9940	1.0000	0.0000	6.8000
uR	334.636	90.000	0.0003	1.0000	0.0000	6.8000
E	336.251	90.000	37.8606	278.4708	0.1490	0.3095	0.0000	6.8000
dPolE	336.251	90.000	99.9979	1.0000	0.0000	6.8000
uR	336.251	90.000	0.0003	1.0000	0.0000	6.8000
E	337.867	90.000	36.0926	336.3389	0.1523	0.2733	0.0000	6.8000
dPolE	337.867	90.000	99.9916	1.0000	0.0000	6.8000
uR	337.867	90.000	0.0003	1.0000	0.0000	6.8000
E	339.482	90.000	79.2650	86.1824	0.1311	0.8391	0.0000	6.8000
dPolE	339.482	90.000	99.9917	1.0000	0.0000	6.8000
uR	339.482	90.000	0.0004	1.0000	0.0000	6.8000
E	341.098	90.000	27.8857	343.6245	0.1479	0.3030	0.0000	6.8000
dPolE	341.098	90.000	99.9996	1.0000	0.0000	6.8000
uR	341.098	90.000	0.0003	1.0000	0.0000	6.8000
E	342.713	90.000	56.2524	41.3877	0.1624	0.3235	0.0000	6.8000
dPolE	342.713	90.000	99.9941	1.0000	0.0000	6.8000
uR	342.713	90.000	0.0002	1.0000	0.0000	6.8000
E	344.329	90.000	25.3936	202.2381	0.1552	0.3523	0.0000	6.8000
dPolE	344.329	90.000	99.9988	1.0000	0.0000	6.8000
uR	344.329	90.000	0.0003	1.0000	0.0000	6.8000
E	345.944	90.000	56.1358	14.5363	0.1446	0.2708	0.0000	6.8000
dPolE	345.944	90.000	99.9975	1.0000	0.0000	6.8000
uR	345.944	90.000	0.0004	1.0000	0.0000	6.8000
E	347.560	90.000	12.7305	214.8642	0.1417	0.6193	0.0000	6.8000
dPolE	347.560	90.000	99.9911	1.0000	0.0000	6.8000
uR	347.560	90.000	0.0004	1.0000	0.0000	6.8000
E	349.175	90.000	34.8816	336.3164	0.1505	0.2847	0.0000	6.8000
dPolE	349.175	90.000	99.9905	1.0000	0.0000	6.8000
uR	349.175	90.000	0.0003	1.0000	0.0000	6.8000
E	350.791	90.000	52.3866	238.7884	0.1490	0.3001	0.0000	6.8000
dPolE	350.791	90.000	99.9924	1.0000	0.0000	6.8000
uR	350.791	90.000	0.0003	1.0000	0.0000	6.8000
E	352.406	90.000	59.4044	338.4198	0.1468	0.3029	0.0000	6.8000
dPolE	352.406	90.000	99.9750	1.0000	0.0000	6.8000
uR	352.406	90.000	0.0004	1.0000	0.0000	6.8000
E	354.022	90.000	44.3878	307.9039	0.1425	0.2731	0.0000	6.8000
dPolE	354.022	90.000	99.9994	1.0000	0.0000	6.8000
uR	354.022	90.000	0.0004	1.0000	0.0000	6.8000
E	355.638	90.000	68.9557	33.2769	0.1408	0.3948	0.0000	6.8000
dPolE	355.638	90.000	99.9940	1.0000	0.0000	6.8000
uR	355.638	90.000	0.0004	1.0000	0.0000	6.8000
E	357.253	90.000	78.9826	78.1371	0.1270	0.7344	0.0000	6.8000
dPolE	357.253	90.000	99.9543	1.0000	0.0000	6.8000
uR	357.253	90.000	0.0005	1.0000	0.0000	6.8000
E	358.869	90.000	63.6200	322.6970	0.1398	0.3355	0.0000	6.8000
dPolE	358.869	90.000	99.9999	1.0000	0.0000	6.8000
uR	358.869	90.000	0.0003	1.0000	0.0000	6.8000
E	360.485	90.000	49.7672	115.5470	0.1472	0.2944	0.0000	6.8000
dPolE	360.485	90.000	99.9936	1.0000	0.0000	6.8000
uR	360.485	90.000	0.0005	1.0000	0.0000	6.8000
E	362.100	90.000	38.4743	195.8640	0.1379	0.2590	0.0000	6.8000
dPolE	362.100	90.000	99.9968	1.0000	0.0000	6.8000
uR	362.100	90.000	0.0003	1.0000	0.0000	6.8000
E	363.716	90.000	9.2199	74.5732	0.1300	0.8834	0.0000	6.8000
dPolE	363.716	90.000	99.9995	1.0000	0.0000	6.8000
uR	363.716	90.000	0.0004	1.0000	0.0000	6.8000
E	365.332	90.000	31.2860	358.3805	0.1343	0.2776	0.0000	6.8000
dPolE	365.332	90.000	99.9991	1.0000	0.0000	6.8000
uR	365.332	90.000	0.0005	1.0000	0.0000	6.8000
E	366.948	90.000	29.9792	354.6582	0.1258	0.2685	0.0000	6.8000
dPolE	366.948	90.000	99.9965	1.0000	0.0000	6.8000
uR	366.948	90.000	0.0004	1.0000	0.0000	6.8000
E	368.563	90.000	78.2271	213.6908	0.1362	0.6579	0.0000	6.8000
dPolE	368.563	90.000	99.9904	1.0000	0.0000	6.8000
uR	368.563	90.000	0.0002	1.0000	0.0000	6.8000
E	370.179	90.000	62.8095	155.1082	0.1351	0.3110	0.0000	6.8000
dPolE	370.179	90.000	99.9876	1.0000	0.0000	6.8000
uR	370.179	90.000	0.0003	1.0000	0.0000	6.8000
E	371.795	90.000	34.0813	199.2827	0.1366	0.2732	0.0000	6.8000
dPolE	371.795	90.000	99.9953	1.0000	0.0000	6.8000
uR	371.795	90.000	0.0002	1.0000	0.0000	6.8000
E	373.411	90.000	72.4516	175.5236	0.1244	0.4015	0.0000	6.8000
dPolE	373.411	90.000	99.9982	1.0000	0.0000	6.8000
uR	373.411	90.000	0.0004	1.0000	0.0000	6.8000
E	375.027	90.000	29.5548	102.0545	0.1241	0.2929	0.0000	6.8000
dPolE	375.027	90.000	99.9967	1.0000	0.0000	6.8000
uR	375.027	90.000	0.0004	1.0000	0.0000	6.8000
E	376.643	90.000	45.1760	313.4902	0.1366	0.2657	0.0000	6.8000
dPolE	376.643	90.000	99.9959	1.0000	0.0000	6.8000
uR	376.643	90.000	0.0002	1.0000	0.0000	6.8000
E	378.258	90.000	13.2288	122.3879	0.1256	0.5748	0.0000	6.8000
dPolE	378.258	90.000	99.9933	1.0000	0.0000	6.8000
uR	378.258	90.000	0.0004	1.0000	0.0000	6.8000
E	379.874	90.000	42.8437	204.9362	0.1310	0.2486	0.0000	6.8000
dPolE	379.874	90.000	99.9968	1.0000	0.0000	6.8000
uR	379.874	90.000	0.0004	1.0000	0.0000	6.8000
E	381.490	90.000	15.9660	55.7252	0.1158	0.4425	0.0000	6.8000
dPolE	381.490	90.000	99.9999	1.0000	0.0000	6.8000
uR	381.490	90.000	0.0004	1.0000	0.0000	6.8000
E	383.106	90.000	26.4345	22.4281	0.1319	0.3176	0.0000	6.8000
dPolE	383.106	90.000	99.9963	1.0000	0.0000	6.8000
uR	383.106	90.000	0.0002	1.0000	0.0000	6.8000
E	384.722	90.000	21.4568	123.2196	0.1251	0.3690	0.0000	6.8000
dPolE	384.722	90.000	99.9923	1.0000	0.0000	6.8000
uR	384.722	90.000	0.0003	1.0000	0.0000	6.8000
E	386.338	90.000	37.3068	348.4368	0.1230	0.2415	0.0000	6.8000
dPolE	386.338	90.000	99.9935	1.0000	0.0000	6.8000
uR	386.338	90.000	0.0003	1.0000	0.0000	6.8000
E	387.954	90.000	54.1911	20.8031	0.1279	0.2553	0.0000	6.8000
dPolE	387.954	90.000	99.9896	1.0000	0.0000	6.8000
uR	387.954	90.000	0.0003	1.0000	0.0000	6.8000
E	389.570	90.000	12.6526	238.7998	0.1066	0.5091	0.0000	6.8000
dPolE	389.570	90.000	99.9989	1.0000	0.0000	6.8000
uR	389.570	90.000	0.0004	1.0000	0.0000	6.8000
E	391.186	90.000	30.4049	106.2722	0.1200	0.2769	0.0000	6.8000
dPolE	391.186	90.000	99.9845	1.0000	0.0000	6.8000
uR	391.186	90.000	0.0003	1.0000	0.0000	6.8000
E	392.802	90.000	25.6389	283.0429	0.1278	0.3326	0.0000	6.8000
dPolE	392.802	90.000	99.9966	1.0000	0.0000	6.8000
uR	392.802	90.000	0.0003	1.0000	0.0000	6.8000
E	394.418	90.000	44.9444	299.7448	0.1235	0.2441	0.0000	6.8000
dPolE	394.418	90.000	99.9909	1.0000	0.0000	6.8000
uR	394.418	90.000	0.0003	1.0000	0.0000	6.8000
E	396.034	90.000	43.4035	59.1759	0.1258	0.2482	0.0000	6.8000
dPolE	396.034	90.000	99.9889	1.0000	0.0000	6.8000
uR	396.034	90.000	0.0003	1.0000	0.0000	6.8000
E	397.650	90.000	35.6461	18.4243	0.1161	0.2315	0.0000	6.8000
dPolE	397.650	90.000	99.9875	1.0000	0.0000	6.8000
uR	397.650	90.000	0.0003	1.0000	0.0000	6.8000
E	399.266	90.000	23.8778	54.3210	0.1155	0.3111	0.0000	6.8000
dPolE	399.266	90.000	99.9843	1.0000	0.0000	6.8000
uR	399.266	90.000	0.0003	1.0000	0.0000	6.8000
E	400.882	90.000	46.0292	36.2223	0.1178	0.2277	0.0000	6.8000
dPolE	400.882	90.000	99.9149	1.0000	0.0000	6.8000
uR	400.882	90.000	0.0006	1.0000	0.0000	6.8000
E	402.498	90.000	37.3229	30.4488	0.1178	0.2357	0.0000	6.8000
dPolE	402.498	90.000	99.8665	1.0000	0.0000	6.8000
uR	402.498	90.000	0.0007	1.0000	0.0000	6.8000
E	404.114	90.000	47.8070	20.0592	0.1221	0.2342	0.0000	6.8000
dPolE	404.114	90.000	99.8903	1.0000	0.0000	6.8000
uR	404.114	90.000	0.0006	1.0000	0.0000	6.8000
E	405.730	90.000	43.2233	28.0976	0.1133	0.2163	0.0000	6.8000
dPolE	405.730	90.000	99.7825	1.0000	0.0000	6.8000
uR	405.730	90.000	0.0009	1.0000	0.0000	6.8000
E	407.346	90.000	40.6722	31.0114	0.1176	0.2263	0.0000	6.8000
dPolE	407.346	90.000	99.7703	1.0000	0.0000	6.8000
uR	407.346	90.000	0.0009	1.0000	0.0000	6.8000
E	408.962	90.000	43.1564	20.4287	0.1175	0.2213	0.0000	6.8000
dPolE	408.962	90.000	99.6249	1.0000	0.0000	6.8000
uR	408.962	90.000	0.0012	1.0000	0.0000	6.8000
E	410.578	90.000	45.0737	25.2786	0.1139	0.2160	0.0000	6.8000
dPolE	410.578	90.000	99.6044	1.0000	0.0000	6.8000
uR	410.578	90.000	0.0012	1.0000	0.0000	6.8000
E	412.194	90.000	43.8764	26.2177	0.1076	0.2055	0.0000	6.8000
dPolE	412.194	90.000	99.2214	1.0000	0.0000	6.8000
uR	412.194	90.000	0.0018	1.0000	0.0000	6.8000
E	413.810	90.000	46.8367	24.1289	0.1110	0.2115	0.0000	6.8000
dPolE	413.810	90.000	99.1772	1.0000	0.0000	6.8000
uR	413.810	90.000	0.0018	1.0000	0.0000	6.8000
E	415.426	90.000	45.0899	20.5942	0.1167	0.2195	0.0000	6.8000
dPolE	415.426	90.000	98.5221	1.0000	0.0000	6.8000
uR	415.426	90.000	0.0024	1.0000	0.0000	6.8000
E	417.042	90.000	44.9212	27.1180	0.1171	0.2198	0.0000	6.8000
dPolE	417.042	90.000	98.3342	1.0000	0.0000	6.8000
uR	417.042	90.000	0.0025	1.0000	0.0000	6.8000
E	418.658	90.000	44.3805	23.6569	0.1127	0.2099	0.0000	6.8000
dPolE	418.658	90.000	97.8490	1.0000	0.0000	6.8000
uR	418.658	90.000	0.0029	1.0000	0.0000	6.8000
E	420.274	90.000	46.8734	25.8444	0.1129	0.2114	0.0000	6.8000
dPolE	420.274	90.000	97.2345	1.0000	0.0000	6.8000
uR	420.274	90.000	0.0033	1.0000	0.0000	6.8000
E	421.890	90.000	45.5042	23.6181	0.1026	0.1921	0.0000	6.8000
dPolE	421.890	90.000	97.2004	1.0000	0.0000	6.8000
uR	421.890	90.000	0.0036	1.0000	0.0000	6.8000
E	423.506	90.000	44.6537	21.6567	0.1014	0.1898	0.0000	6.8000
dPolE	423.506	90.000	96.3991	1.0000	0.0000	6.8000
uR	423.506	90.000	0.0041	1.0000	0.0000	6.8000
E	425.122	90.000	44.9985	22.3680	0.1007	0.1880	0.0000	6.8000
dPolE	425.122	90.000	96.2876	1.0000	0.0000	6.8000
uR	425.122	90.000	0.0044	1.0000	0.0000	6.8000
E	426.738	90.000	44.0147	22.0252	0.1044	0.1933	0.0000	6.8000
dPolE	426.738	90.000	95.2043	1.0000	0.0000	6.8000
uR	426.738	90.000	0.0048	1.0000	0.0000	6.8000
E	428.355	90.000	44.2689	22.9976	0.1020	0.1872	0.0000	6.8000
dPolE	428.355	90.000	95.2027	1.0000	0.0000	6.8000
uR	428.355	90.000	0.0052	1.0000	0.0000	6.8000
E	429.971	90.000	44.9225	21.9867	0.1011	0.1840	0.0000	6.8000
dPolE	429.971	90.000	94.9080	1.0000	0.0000	6.8000
uR	429.971	90.000	0.0052	1.0000	0.0000	6.8000
E	431.587	90.000	45.0655	20.3204	0.1006	0.1827	0.0000	6.8000
dPolE	431.587	90.000	93.3687	1.0000	0.0000	6.8000
uR	431.587	90.000	0.0059	1.0000	0.0000	6.8000
E	433.203	90.000	45.1788	21.5819	0.0991	0.1809	0.0000	6.8000
dPolE	433.203	90.000	93.5536	1.0000	0.0000	6.8000
uR	433.203	90.000	0.0063	1.0000	0.0000	6.8000
E	434.819	90.000	45.7362	18.7809	0.0941	0.1718	0.0000	6.8000
dPolE	434.819	90.000	93.2963	1.0000	0.0000	6.8000
uR	434.819	90.000	0.0065	1.0000	0.0000	6.8000
E	436.435	90.000	44.0090	19.4220	0.0982	0.1790	0.0000	6.8000
dPolE	436.435	90.000	91.8882	1.0000	0.0000	6.8000
uR	436.435	90.000	0.0068	1.0000	0.0000	6.8000
E	438.051	90.000	45.1978	19.5190	0.0977	0.1764	0.0000	6.8000
dPolE	438.051	90.000	90.4463	1.0000	0.0000	6.8000
uR	438.051	90.000	0.0073	1.0000	0.0000	6.8000
E	439.667	90.000	45.1519	20.3319	0.0938	0.1678	0.0000	6.8000
dPolE	439.667	90.000	89.4945	1.0000	0.0000	6.8000
uR	439.667	90.000	0.0077	1.0000	0.0000	6.8000
E	441.283	90.000	45.2723	19.3045	0.0959	0.1700	0.0000	6.8000
dPolE	441.283	90.000	88.5181	1.0000	0.0000	6.8000
uR	441.283	90.000	0.0081	1.0000	0.0000	6.8000
E	442.899	90.000	44.7645	19.5683	0.0906	0.1601	0.0000	6.8000
dPolE	442.899	90.000	88.0682	1.0000	0.0000	6.8000
uR	442.899	90.000	0.0085	1.0000	0.0000	6.8000
E	444.515	90.000	45.0206	17.7182	0.0960	0.1692	0.0000	6.8000
dPolE	444.515	90.000	87.5392	1.0000	0.0000	6.8000
uR	444.515	90.000	0.0088	1.0000	0.0000	6.8000
E	446.131	90.000	45.3775	18.4300	0.0908	0.1607	0.0000	6.8000
dPolE	446.131	90.000	87.5160	1.0000	0.0000	6.8000
uR	446.131	90.000	0.0092	1.0000	0.0000	6.8000
E	447.747	90.000	45.0215	17.6984	0.0903	0.1598	0.0000	6.8000
dPolE	447.747	90.000	86.6684	1.0000	0.0000	6.8000
uR	447.747	90.000	0.0094	1.0000	0.0000	6.8000
E	449.363	90.000	44.8875	17.7073	0.0868	0.1529	0.0000	6.8000
dPolE	449.363	90.000	84.6928	1.0000	0.0000	6.8000
uR	449.363	90.000	0.0099	1.0000	0.0000	6.8000
E	450.979	90.000	44.8659	17.3324	0.0903	0.1575	0.0000	6.8000
dPolE	450.979	90.000	81.6406	1.0000	0.0000	6.8000
uR	450.979	90.000	0.0103	1.0000	0.0000	6.8000
E	452.594	90.000	44.7925	17.1481	0.0870	0.1499	0.0000	6.8000
dPolE	452.594	90.000	80.3887	1.0000	0.0000	6.8000
uR	452.594	90.000	0.0107	1.0000	0.0000	6.8000
E	454.210	90.000	45.1759	17.0214	0.0873	0.1491	0.0000	6.8000
dPolE	454.210	90.000	81.7072	1.0000	0.0000	6.8000
uR	454.210	90.000	0.0110	1.0000	0.0000	6.8000
E	455.826	90.000	45.2140	16.6742	0.0863	0.1468	0.0000	6.8000
dPolE	455.826	90.000	80.0041	1.0000	0.0000	6.8000
uR	455.826	90.000	0.0114	1.0000	0.0000	6.8000
E	457.442	90.000	44.8017	16.3375	0.0878	0.1494	0.0000	6.8000
dPolE	457.442	90.000	79.7994	1.0000	0.0000	6.8000
uR	457.442	90.000	0.0115	1.0000	0.0000	6.8000
E	459.058	90.000	45.2182	16.1069	0.0852	0.1452	0.0000	6.8000
dPolE	459.058	90.000	77.4289	1.0000	0.0000	6.8000
uR	459.058	90.000	0.0121	1.0000	0.0000	6.8000
E	460.674	90.000	44.9334	15.5788	0.0811	0.1383	0.0000	6.8000
dPolE	460.674	90.000	77.2489	1.0000	0.0000	6.8000
uR	460.674	90.000	0.0121	1.0000	0.0000	6.8000
E	462.290	90.000	44.8472	15.5403	0.0771	0.1309	0.0000	6.8000
dPolE	462.290	90.000	75.3144	1.0000	0.0000	6.8000
uR	462.290	90.000	0.0124	1.0000	0.0000	6.8000
E	463.906	90.000	45.0418	15.2999	0.0773	0.1302	0.0000	6.8000
dPolE	463.906	90.000	72.2052	1.0000	0.0000	6.8000
uR	463.906	90.000	0.0130	1.0000	0.0000	6.8000
E	465.521	90.000	44.8386	15.3012	0.0796	0.1326	0.0000	6.8000
dPolE	465.521	90.000	70.8979	1.0000	0.0000	6.8000
uR	465.521	90.000	0.0132	1.0000	0.0000	6.8000
E	467.137	90.000	45.0919	15.2260	0.0733	0.1207	0.0000	6.8000
dPolE	467.137	90.000	67.0211	1.0000	0.0000	6.8000
uR	467.137	90.000	0.0137	1.0000	0.0000	6.8000
E	468.753	90.000	44.8087	15.2380	0.0702	0.1148	0.0000	6.8000
dPolE	468.753	90.000	64.2912	1.0000	0.0000	6.8000
uR	468.753	90.000	0.0137	1.0000	0.0000	6.8000
E	470.369	90.000	44.9379	15.3426	0.0731	0.1195	0.0000	6.8000
dPolE	470.369	90.000	65.1430	1.0000	0.0000	6.8000
uR	470.369	90.000	0.0141	1.0000	0.0000	6.8000
E	471.985	90.000	44.9928	15.0229	0.0767	0.1253	0.0000	6.8000
dPolE	471.985	90.000	66.7089	1.0000	0.0000	6.8000
uR	471.985	90.000	0.0146	1.0000	0.0000	6.8000
E	473.600	90.000	44.8224	14.6165	0.0759	0.1242	0.0000	6.8000
dPolE	473.600	90.000	66.3183	1.0000	0.0000	6.8000
uR	473.600	90.000	0.0149	1.0000	0.0000	6.8000
E	475.216	90.000	45.0991	14.0612	0.0763	0.1246	0.0000	6.8000
dPolE	475.216	90.000	70.0214	1.0000	0.0000	6.8000
uR	475.216	90.000	0.0150	1.0000	0.0000	6.8000
E	476.832	90.000	44.9763	14.5809	0.0797	0.1297	0.0000	6.8000
dPolE	476.832	90.000	71.1412	1.0000	0.0000	6.8000
uR	476.832	90.000	0.0154	1.0000	0.0000	6.8000
E	478.448	90.000	45.2849	14.0341	0.0811	0.1307	0.0000	6.8000
dPolE	478.448	90.000	70.4656	1.0000	0.0000	6.8000
uR	478.448	90.000	0.0157	1.0000	0.0000	6.8000
E	480.063	90.000	45.1055	13.5154	0.0814	0.1297	0.0000	6.8000
dPolE	480.063	90.000	69.3585	1.0000	0.0000	6.8000
uR	480.063	90.000	0.0158	1.0000	0.0000	6.8000
E	481.679	90.000	45.1414	13.6596	0.0791	0.1247	0.0000	6.8000
dPolE	481.679	90.000	69.9099	1.0000	0.0000	6.8000
uR	481.679	90.000	0.0159	1.0000	0.0000	6.8000
E	483.294	90.000	45.1162	13.2538	0.0725	0.1132	0.0000	6.8000
dPolE	483.294	90.000	65.2323	1.0000	0.0000	6.8000
uR	483.294	90.000	0.0162	1.0000	0.0000	6.8000
E	484.910	90.000	44.8226	13.6321	0.0748	0.1166	0.0000	6.8000
dPolE	484.910	90.000	68.5299	1.0000	0.0000	6.8000
uR	484.910	90.000	0.0163	1.0000	0.0000	6.8000
E	486.526	90.000	44.8690	13.0426	0.0775	0.1208	0.0000	6.8000
dPolE	486.526	90.000	69.0604	1.0000	0.0000	6.8000
uR	486.526	90.000	0.0169	1.0000	0.0000	6.8000
E	488.141	90.000	44.8802	13.0471	0.0778	0.1215	0.0000	6.8000
dPolE	488.141	90.000	68.0062	1.0000	0.0000	6.8000
uR	488.141	90.000	0.0171	1.0000	0.0000	6.8000
E	489.757	90.000	44.7365	12.9782	0.0802	0.1252	0.0000	6.8000
dPolE	489.757	90.000	66.9040	1.0000	0.0000	6.8000
uR	489.757	90.000	0.0173	1.0000	0.0000	6.8000
E	491.372	90.000	44.7346	12.9732	0.0757	0.1179	0.0000	6.8000
dPolE	491.372	90.000	66.2469	1.0000	0.0000	6.8000
uR	491.372	90.000	0.0171	1.0000	0.0000	6.8000
E	492.988	90.000	44.8071	12.3644	0.0749	0.1159	0.0000	6.8000
dPolE	492.988	90.000	64.9704	1.0000	0.0000	6.8000
uR	492.988	90.000	0.0174	1.0000	0.0000	6.8000
E	494.603	90.000	44.8850	12.2501	0.0756	0.1159	0.0000	6.8000
dPolE	494.603	90.000	64.2173	1.0000	0.0000	6.8000
uR	494.603	90.000	0.0179	1.0000	0.0000	6.8000
E	496.219	90.000	44.9784	12.1569	0.0762	0.1154	0.0000	6.8000
dPolE	496.219	90.000	65.2885	1.0000	0.0000	6.8000
uR	496.219	90.000	0.0182	1.0000	0.0000	6.8000
E	497.834	90.000	45.5513	12.0980	0.0798	0.1197	0.0000	6.8000
dPolE	497.834	90.000	65.9499	1.0000	0.0000	6.8000
uR	497.834	90.000	0.0180	1.0000	0.0000	6.8000
E	499.450	90.000	45.3307	12.1063	0.0800	0.1192	0.0000	6.8000
dPolE	499.450	90.000	65.9304	1.0000	0.0000	6.8000
uR	499.450	90.000	0.0183	1.0000	0.0000	6.8000
E	501.065	90.000	44.7673	11.4837	0.0773	0.1145	0.0000	6.8000
dPolE	501.065	90.000	66.6931	1.0000	0.0000	6.8000
uR	501.065	90.000	0.0185	1.0000	0.0000	6.8000
E	502.680	90.000	45.6608	11.8634	0.0755	0.1121	0.0000	6.8000
dPolE	502.680	90.000	66.2415	1.0000	0.0000	6.8000
uR	502.680	90.000	0.0186	1.0000	0.0000	6.8000
E	504.296	90.000	44.9009	11.3773	0.0770	0.1143	0.0000	6.8000
dPolE	504.296	90.000	66.5117	1.0000	0.0000	6.8000
uR	504.296	90.000	0.0185	1.0000	0.0000	6.8000
E	505.911	90.000	44.9059	11.1086	0.0777	0.1152	0.0000	6.8000
dPolE	505.911	90.000	65.7214	1.0000	0.0000	6.8000
uR	505.911	90.000	0.0189	1.0000	0.0000	6.8000
E	507.526	90.000	45.1696	11.4638	0.0743	0.1102	0.0000	6.8000
dPolE	507.526	90.000	63.4964	1.0000	0.0000	6.8000
uR	507.526	90.000	0.0190	1.0000	0.0000	6.8000
E	509.141	90.000	44.9483	10.9210	0.0733	0.1080	0.0000	6.8000
dPolE	509.141	90.000	63.3087	1.0000	0.0000	6.8000
uR	509.141	90.000	0.0192	1.0000	0.0000	6.8000
E	510.756	90.000	45.0127	11.0399	0.0772	0.1129	0.0000	6.8000
dPolE	510.756	90.000	62.1472	1.0000	0.0000	6.8000
uR	510.756	90.000	0.0199	1.0000	0.0000	6.8000
E	512.372	90.000	44.9244	10.6825	0.0763	0.1103	0.0000	6.8000
dPolE	512.372	90.000	63.6755	1.0000	0.0000	6.8000
uR	512.372	90.000	0.0204	1.0000	0.0000	6.8000
E	513.987	90.000	45.0358	10.7900	0.0826	0.1182	0.0000	6.8000
dPolE	513.987	90.000	63.3680	1.0000	0.0000	6.8000
uR	513.987	90.000	0.0213	1.0000	0.0000	6.8000
E	515.602	90.000	44.5603	10.6121	0.0846	0.1201	0.0000	6.8000
dPolE	515.602	90.000	63.9472	1.0000	0.0000	6.8000
uR	515.602	90.000	0.0222	1.0000	0.0000	6.8000
E	517.217	90.000	45.1974	10.7374	0.0870	0.1229	0.0000	6.8000
dPolE	517.217	90.000	65.0600	1.0000	0.0000	6.8000
uR	517.217	90.000	0.0216	1.0000	0.0000	6.8000
E	518.832	90.000	44.7262	10.7544	0.0898	0.1266	0.0000	6.8000
dPolE	518.832	90.000	67.9668	1.0000	0.0000	6.8000
uR	518.832	90.000	0.0201	1.0000	0.0000	6.8000
E	520.447	90.000	45.1003	10.3326	0.0845	0.1189	0.0000	6.8000
dPolE	520.447	90.000	68.4214	1.0000	0.0000	6.8000
uR	520.447	90.000	0.0194	1.0000	0.0000	6.8000
E	522.062	90.000	44.5331	10.1461	0.0848	0.1194	0.0000	6.8000
dPolE	522.062	90.000	65.7330	1.0000	0.0000	6.8000
uR	522.062	90.000	0.0192	1.0000	0.0000	6.8000
E	523.677	90.000	44.9149	9.7948	0.0817	0.1149	0.0000	6.8000
dPolE	523.677	90.000	63.8917	1.0000	0.0000	6.8000
uR	523.677	90.000	0.0195	1.0000	0.0000	6.8000
E	525.292	90.000	45.0619	9.6191	0.0754	0.1058	0.0000	6.8000
dPolE	525.292	90.000	61.7871	1.0000	0.0000	6.8000
uR	525.292	90.000	0.0203	1.0000	0.0000	6.8000
E	526.907	90.000	44.7611	9.8736	0.0784	0.1096	0.0000	6.8000
dPolE	526.907	90.000	60.6925	1.0000	0.0000	6.8000
uR	526.907	90.000	0.0204	1.0000	0.0000	6.8000
E	528.521	90.000	44.8905	9.9311	0.0795	0.1103	0.0000	6.8000
dPolE	528.521	90.000	61.5125	1.0000	0.0000	6.8000
uR	528.521	90.000	0.0208	1.0000	0.0000	6.8000
E	530.136	90.000	44.9975	9.8161	0.0842	0.1158	0.0000	6.8000
dPolE	530.136	90.000	59.5661	1.0000	0.0000	6.8000
uR	530.136	90.000	0.0209	1.0000	0.0000	6.8000
E	531.751	90.000	44.9201	9.2730	0.0812	0.1105	0.0000	6.8000
dPolE	531.751	90.000	61.5557	1.0000	0.0000	6.8000
uR	531.751	90.000	0.0210	1.0000	0.0000	6.8000
E	533.366	90.000	45.0306	9.2341	0.0833	0.1123	0.0000	6.8000
dPolE	533.366	90.000	60.3425	1.0000	0.0000	6.8000
uR	533.366	90.000	0.0213	1.0000	0.0000	6.8000
E	534.980	90.000	45.0396	9.3350	0.0829	0.1110	0.0000	6.8000
dPolE	534.980	90.000	59.0618	1.0000	0.0000	6.8000
uR	534.980	90.000	0.0213	1.0000	0.0000	6.8000
E	536.595	90.000	45.0079	9.4475	0.0835	0.1115	0.0000	6.8000
dPolE	536.595	90.000	59.4471	1.0000	0.0000	6.8000
uR	536.595	90.000	0.0213	1.0000	0.0000	6.8000
E	538.210	90.000	45.2897	9.0586	0.0832	0.1107	0.0000	6.8000
dPolE	538.210	90.000	61.2503	1.0000	0.0000	6.8000
uR	538.210	90.000	0.0213	1.0000	0.0000	6.8000
E	539.824	90.000	44.9629	9.2552	0.0799	0.1064	0.0000	6.8000
dPolE	539.824	90.000	59.0283	1.0000	0.0000	6.8000
uR	539.824	90.000	0.0214	1.0000	0.0000	6.8000
E	541.439	90.000	44.8089	9.2784	0.0806	0.1076	0.0000	6.8000
dPolE	541.439	90.000	59.4160	1.0000	0.0000	6.8000
uR	541.439	90.000	0.0213	1.0000	0.0000	6.8000
E	543.053	90.000	44.9874	9.3708	0.0807	0.1076	0.0000	6.8000
dPolE	543.053	90.000	59.6699	1.0000	0.0000	6.8000
uR	543.053	90.000	0.0215	1.0000	0.0000	6.8000
E	544.668	90.000	44.9730	9.1662	0.0825	0.1097	0.0000	6.8000
dPolE	544.668	90.000	57.3489	1.0000	0.0000	6.8000
uR	544.668	90.000	0.0216	1.0000	0.0000	6.8000
E	546.282	90.000	44.9875	8.5479	0.0839	0.1109	0.0000	6.8000
dPolE	546.282	90.000	59.7009	1.0000	0.0000	6.8000
uR	546.282	90.000	0.0215	1.0000	0.0000	6.8000
E	547.896	90.000	44.9887	8.8855	0.0847	0.1111	0.0000	6.8000
dPolE	547.896	90.000	57.5815	1.0000	0.0000	6.8000
uR	547.896	90.000	0.0218	1.0000	0.0000	6.8000
E	549.511	90.000	44.7077	8.6576	0.0823	0.1071	0.0000	6.8000
dPolE	549.511	90.000	58.7900	1.0000	0.0000	6.8000
uR	549.511	90.000	0.0218	1.0000	0.0000	6.8000
E	551.125	90.000	45.1422	8.3600	0.0813	0.1046	0.0000	6.8000
dPolE	551.125	90.000	58.0515	1.0000	0.0000	6.8000
uR	551.125	90.000	0.0219	1.0000	0.0000	6.8000
E	552.739	90.000	44.9907	8.4076	0.0839	0.1071	0.0000	6.8000
dPolE	552.739	90.000	57.4148	1.0000	0.0000	6.8000
uR	552.739	90.000	0.0218	1.0000	0.0000	6.8000
E	554.353	90.000	44.9266	8.3387	0.0830	0.1052	0.0000	6.8000
dPolE	554.353	90.000	58.5054	1.0000	0.0000	6.8000
uR	554.353	90.000	0.0215	1.0000	0.0000	6.8000
E	555.968	90.000	44.9985	8.0061	0.0856	0.1080	0.0000	6.8000
dPolE	555.968	90.000	56.7525	1.0000	0.0000	6.8000
uR	555.968	90.000	0.0215	1.0000	0.0000	6.8000
E	557.582	90.000	45.0786	7.9246	0.0872	0.1095	0.0000	6.8000
dPolE	557.582	90.000	56.0343	1.0000	0.0000	6.8000
uR	557.582	90.000	0.0216	1.0000	0.0000	6.8000
E	559.196	90.000	44.9951	8.0837	0.0854	0.1072	0.0000	6.8000
dPolE	559.196	90.000	56.3791	1.0000	0.0000	6.8000
uR	559.196	90.000	0.0219	1.0000	0.0000	6.8000
E	560.810	90.000	45.1646	8.3430	0.0837	0.1053	0.0000	6.8000
dPolE	560.810	90.000	57.6157	1.0000	0.0000	6.8000
uR	560.810	90.000	0.0221	1.0000	0.0000	6.8000
E	562.424	90.000	44.9460	8.0009	0.0845	0.1063	0.0000	6.8000
dPolE	562.424	90.000	55.5432	1.0000	0.0000	6.8000
uR	562.424	90.000	0.0222	1.0000	0.0000	6.8000
E	564.038	90.000	44.9798	7.7257	0.0871	0.1093	0.0000	6.8000
dPolE	564.038	90.000	53.0151	1.0000	0.0000	6.8000
uR	564.038	90.000	0.0225	1.0000	0.0000	6.8000
E	565.651	90.000	44.7997	7.9975	0.0826	0.1035	0.0000	6.8000
dPolE	565.651	90.000	57.2536	1.0000	0.0000	6.8000
uR	565.651	90.000	0.0221	1.0000	0.0000	6.8000
E	567.265	90.000	44.8514	7.6544	0.0895	0.1116	0.0000	6.8000
dPolE	567.265	90.000	53.1705	1.0000	0.0000	6.8000
uR	567.265	90.000	0.0220	1.0000	0.0000	6.8000
E	568.879	90.000	44.8463	7.4544	0.0863	0.1068	0.0000	6.8000
dPolE	568.879	90.000	54.8349	1.0000	0.0000	6.8000
uR	568.879	90.000	0.0220	1.0000	0.0000	6.8000
E	570.493	90.000	45.1076	7.5345	0.0837	0.1028	0.0000	6.8000
dPolE	570.493	90.000	53.2836	1.0000	0.0000	6.8000
uR	570.493	90.000	0.0221	1.0000	0.0000	6.8000
E	572.106	90.000	44.5038	7.4440	0.0850	0.1036	0.0000	6.8000
dPolE	572.106	90.000	52.4482	1.0000	0.0000	6.8000
uR	572.106	90.000	0.0222	1.0000	0.0000	6.8000
E	573.720	90.000	44.8151	7.6360	0.0894	0.1081	0.0000	6.8000
dPolE	573.720	90.000	52.5925	1.0000	0.0000	6.8000
uR	573.720	90.000	0.0217	1.0000	0.0000	6.8000
E	575.333	90.000	45.0344	7.6094	0.0842	0.1010	0.0000	6.8000
dPolE	575.333	90.000	53.3526	1.0000	0.0000	6.8000
uR	575.333	90.000	0.0218	1.0000	0.0000	6.8000
E	576.947	90.000	44.7790	7.2443	0.0872	0.1038	0.0000	6.8000
dPolE	576.947	90.000	53.9989	1.0000	0.0000	6.8000
uR	576.947	90.000	0.0221	1.0000	0.0000	6.8000
E	578.560	90.000	44.9123	7.0404	0.0892	0.1057	0.0000	6.8000
dPolE	578.560	90.000	52.8507	1.0000	0.0000	6.8000
uR	578.560	90.000	0.0220	1.0000	0.0000	6.8000
E	580.174	90.000	44.7503	6.9248	0.0875	0.1033	0.0000	6.8000
dPolE	580.174	90.000	53.5366	1.0000	0.0000	6.8000
uR	580.174	90.000	0.0215	1.0000	0.0000	6.8000
E	581.787	90.000	44.9708	6.9337	0.0860	0.1015	0.0000	6.8000
dPolE	581.787	90.000	53.3990	1.0000	0.0000	6.8000
uR	581.787	90.000	0.0218	1.0000	0.0000	6.8000
E	583.400	90.000	45.0210	6.6662	0.0907	0.1069	0.0000	6.8000
dPolE	583.400	90.000	52.8400	1.0000	0.0000	6.8000
uR	583.400	90.000	0.0217	1.0000	0.0000	6.8000
E	585.014	90.000	44.7554	6.5846	0.0907	0.1070	0.0000	6.8000
dPolE	585.014	90.000	52.8974	1.0000	0.0000	6.8000
uR	585.014	90.000	0.0217	1.0000	0.0000	6.8000
E	586.627	90.000	44.9276	6.7623	0.0881	0.1039	0.0000	6.8000
dPolE	586.627	90.000	51.2780	1.0000	0.0000	6.8000
uR	586.627	90.000	0.0223	1.0000	0.0000	6.8000
E	588.240	90.000	44.6353	6.5607	0.0894	0.1051	0.0000	6.8000
dPolE	588.240	90.000	52.0797	1.0000	0.0000	6.8000
uR	588.240	90.000	0.0224	1.0000	0.0000	6.8000
E	589.853	90.000	44.7491	6.5624	0.0866	0.1014	0.0000	6.8000
dPolE	589.853	90.000	51.4389	1.0000	0.0000	6.8000
uR	589.853	90.000	0.0222	1.0000	0.0000	6.8000
E	591.466	90.000	45.1535	6.9849	0.0847	0.0989	0.0000	6.8000
dPolE	591.466	90.000	52.6527	1.0000	0.0000	6.8000
uR	591.466	90.000	0.0220	1.0000	0.0000	6.8000
E	593.079	90.000	44.8066	6.5187	0.0892	0.1033	0.0000	6.8000
dPolE	593.079	90.000	51.1905	1.0000	0.0000	6.8000
uR	593.079	90.000	0.0221	1.0000	0.0000	6.8000
E	594.692	90.000	44.8542	6.4550	0.0897	0.1029	0.0000	6.8000
dPolE	594.692	90.000	51.3138	1.0000	0.0000	6.8000
uR	594.692	90.000	0.0221	1.0000	0.0000	6.8000
E	596.305	90.000	44.9070	6.6487	0.0901	0.1028	0.0000	6.8000
dPolE	596.305	90.000	52.5330	1.0000	0.0000	6.8000
uR	596.305	90.000	0.0222	1.0000	0.0000	6.8000
E	597.918	90.000	44.9120	6.2611	0.0903	0.1021	0.0000	6.8000
dPolE	597.918	90.000	53.9951	1.0000	0.0000	6.8000
uR	597.918	90.000	0.0225	1.0000	0.0000	6.8000
E	599.530	90.000	44.9746	6.3187	0.0942	0.1058	0.0000	6.8000
dPolE	599.530	90.000	51.4944	1.0000	0.0000	6.8000
uR	599.530	90.000	0.0227	1.0000	0.0000	6.8000
E	601.143	90.000	44.8937	6.1063	0.0929	0.1037	0.0000	6.8000
dPolE	601.143	90.000	49.2672	1.0000	0.0000	6.8000
uR	601.143	90.000	0.0229	1.0000	0.0000	6.8000
E	602.755	90.000	45.0889	6.2506	0.0971	0.1081	0.0000	6.8000
dPolE	602.755	90.000	50.4453	1.0000	0.0000	6.8000
uR	602.755	90.000	0.0224	1.0000	0.0000	6.8000
E	604.368	90.000	44.8745	6.1603	0.0968	0.1073	0.0000	6.8000
dPolE	604.368	90.000	51.1496	1.0000	0.0000	6.8000
uR	604.368	90.000	0.0225	1.0000	0.0000	6.8000
E	605.981	90.000	44.9740	5.8291	0.0930	0.1030	0.0000	6.8000
dPolE	605.981	90.000	50.6546	1.0000	0.0000	6.8000
uR	605.981	90.000	0.0227	1.0000	0.0000	6.8000
E	607.593	90.000	44.5300	6.0813	0.0944	0.1047	0.0000	6.8000
dPolE	607.593	90.000	50.5981	1.0000	0.0000	6.8000
uR	607.593	90.000	0.0225	1.0000	0.0000	6.8000
E	609.205	90.000	44.9929	6.1911	0.0996	0.1104	0.0000	6.8000
dPolE	609.205	90.000	50.2924	1.0000	0.0000	6.8000
uR	609.205	90.000	0.0220	1.0000	0.0000	6.8000
E	610.818	90.000	44.7873	6.3819	0.0913	0.1014	0.0000	6.8000
dPolE	610.818	90.000	53.6607	1.0000	0.0000	6.8000
uR	610.818	90.000	0.0225	1.0000	0.0000	6.8000
E	612.430	90.000	45.1404	5.8442	0.0936	0.1034	0.0000	6.8000
dPolE	612.430	90.000	50.3529	1.0000	0.0000	6.8000
uR	612.430	90.000	0.0223	1.0000	0.0000	6.8000
E	614.042	90.000	44.7725	5.9146	0.0933	0.1029	0.0000	6.8000
dPolE	614.042	90.000	52.1993	1.0000	0.0000	6.8000
uR	614.042	90.000	0.0224	1.0000	0.0000	6.8000
E	615.654	90.000	44.6688	5.9839	0.0976	0.1072	0.0000	6.8000
dPolE	615.654	90.000	47.9099	1.0000	0.0000	6.8000
uR	615.654	90.000	0.0222	1.0000	0.0000	6.8000
E	617.266	90.000	45.3128	5.6114	0.1177	0.1283	0.0000	6.8000
dPolE	617.266	90.000	50.5768	1.0000	0.0000	6.8000
uR	617.266	90.000	0.0224	1.0000	0.0000	6.8000
E	618.878	90.000	44.7544	5.6477	0.1016	0.1101	0.0000	6.8000
dPolE	618.878	90.000	51.0428	1.0000	0.0000	6.8000
uR	618.878	90.000	0.0222	1.0000	0.0000	6.8000
E	620.490	90.000	44.8252	5.7366	0.0935	0.1007	0.0000	6.8000
dPolE	620.490	90.000	49.0039	1.0000	0.0000	6.8000
uR	620.490	90.000	0.0221	1.0000	0.0000	6.8000
E	622.102	90.000	44.6854	5.4313	0.0932	0.0995	0.0000	6.8000
dPolE	622.102	90.000	47.9967	1.0000	0.0000	6.8000
uR	622.102	90.000	0.0224	1.0000	0.0000	6.8000
E	623.714	90.000	45.0902	5.3815	0.0935	0.0991	0.0000	6.8000
dPolE	623.714	90.000	46.7727	1.0000	0.0000	6.8000
uR	623.714	90.000	0.0227	1.0000	0.0000	6.8000
E	625.325	90.000	44.7914	5.7433	0.0956	0.1008	0.0000	6.8000
dPolE	625.325	90.000	50.1503	1.0000	0.0000	6.8000
uR	625.325	90.000	0.0227	1.0000	0.0000	6.8000
E	626.937	90.000	45.0037	5.5292	0.0984	0.1031	0.0000	6.8000
dPolE	626.937	90.000	46.5211	1.0000	0.0000	6.8000
uR	626.937	90.000	0.0228	1.0000	0.0000	6.8000
E	628.548	90.000	44.9445	5.5772	0.0993	0.1037	0.0000	6.8000
dPolE	628.548	90.000	47.1395	1.0000	0.0000	6.8000
uR	628.548	90.000	0.0227	1.0000	0.0000	6.8000
E	630.160	90.000	44.5892	5.5351	0.0977	0.1017	0.0000	6.8000
dPolE	630.160	90.000	48.0071	1.0000	0.0000	6.8000
uR	630.160	90.000	0.0225	1.0000	0.0000	6.8000
E	631.771	90.000	44.8831	5.3605	0.1007	0.1047	0.0000	6.8000
dPolE	631.771	90.000	47.4090	1.0000	0.0000	6.8000
uR	631.771	90.000	0.0227	1.0000	0.0000	6.8000
E	633.383	90.000	44.8685	5.1884	0.1009	0.1047	0.0000	6.8000
dPolE	633.383	90.000	47.8873	1.0000	0.0000	6.8000
uR	633.383	90.000	0.0230	1.0000	0.0000	6.8000
E	634.994	90.000	45.0764	5.2818	0.1038	0.1077	0.0000	6.8000
dPolE	634.994	90.000	44.6687	1.0000	0.0000	6.8000
uR	634.994	90.000	0.0229	1.0000	0.0000	6.8000
E	636.605	90.000	44.9089	5.1732	0.1007	0.1044	0.0000	6.8000
dPolE	636.605	90.000	47.5598	1.0000	0.0000	6.8000
uR	636.605	90.000	0.0232	1.0000	0.0000	6.8000
E	638.216	90.000	44.7420	5.3209	0.0986	0.1023	0.0000	6.8000
dPolE	638.216	90.000	49.3825	1.0000	0.0000	6.8000
uR	638.216	90.000	0.0230	1.0000	0.0000	6.8000
E	639.827	90.000	44.8892	5.4885	0.1096	0.1135	0.0000	6.8000
dPolE	639.827	90.000	49.3630	1.0000	0.0000	6.8000
uR	639.827	90.000	0.0227	1.0000	0.0000	6.8000
E	641.438	90.000	44.8665	5.2947	0.1030	0.1063	0.0000	6.8000
dPolE	641.438	90.000	49.6364	1.0000	0.0000	6.8000
uR	641.438	90.000	0.0229	1.0000	0.0000	6.8000
E	643.049	90.000	44.9791	5.4277	0.1059	0.1091	0.0000	6.8000
dPolE	643.049	90.000	46.6843	1.0000	0.0000	6.8000
uR	643.049	90.000	0.0224	1.0000	0.0000	6.8000
E	644.660	90.000	44.9687	5.1042	0.1051	0.1075	0.0000	6.8000
dPolE	644.660	90.000	45.0463	1.0000	0.0000	6.8000
uR	644.660	90.000	0.0230	1.0000	0.0000	6.8000
E	646.271	90.000	45.0284	4.8732	0.1031	0.1047	0.0000	6.8000
dPolE	646.271	90.000	47.1954	1.0000	0.0000	6.8000
uR	646.271	90.000	0.0230	1.0000	0.0000	6.8000
E	647.881	90.000	44.7408	5.0582	0.1050	0.1061	0.0000	6.8000
dPolE	647.881	90.000	46.0340	1.0000	0.0000	6.8000
uR	647.881	90.000	0.0226	1.0000	0.0000	6.8000
E	649.492	90.000	45.1909	4.9854	0.1016	0.1019	0.0000	6.8000
dPolE	649.492	90.000	45.0806	1.0000	0.0000	6.8000
uR	649.492	90.000	0.0226	1.0000	0.0000	6.8000
E	651.103	90.000	45.0396	4.7657	0.1031	0.1025	0.0000	6.8000
dPolE	651.103	90.000	44.9065	1.0000	0.0000	6.8000
uR	651.103	90.000	0.0230	1.0000	0.0000	6.8000
E	652.713	90.000	44.8551	4.9998	0.1063	0.1052	0.0000	6.8000
dPolE	652.713	90.000	46.3015	1.0000	0.0000	6.8000
uR	652.713	90.000	0.0235	1.0000	0.0000	6.8000
E	654.323	90.000	45.3242	5.0408	0.1054	0.1038	0.0000	6.8000
dPolE	654.323	90.000	46.0109	1.0000	0.0000	6.8000
uR	654.323	90.000	0.0237	1.0000	0.0000	6.8000
E	655.934	90.000	44.7008	4.9042	0.1086	0.1064	0.0000	6.8000
dPolE	655.934	90.000	47.1988	1.0000	0.0000	6.8000
uR	655.934	90.000	0.0231	1.0000	0.0000	6.8000
E	657.544	90.000	45.0603	4.8857	0.1137	0.1110	0.0000	6.8000
dPolE	657.544	90.000	46.1992	1.0000	0.0000	6.8000
uR	657.544	90.000	0.0229	1.0000	0.0000	6.8000
E	659.154	90.000	45.1915	4.5959	0.1132	0.1103	0.0000	6.8000
dPolE	659.154	90.000	46.2642	1.0000	0.0000	6.8000
uR	659.154	90.000	0.0230	1.0000	0.0000	6.8000
E	660.764	90.000	45.0070	4.6448	0.1102	0.1071	0.0000	6.8000
dPolE	660.764	90.000	45.9133	1.0000	0.0000	6.8000
uR	660.764	90.000	0.0233	1.0000	0.0000	6.8000
E	662.374	90.000	44.9272	4.9098	0.1114	0.1084	0.0000	6.8000
dPolE	662.374	90.000	46.8852	1.0000	0.0000	6.8000
uR	662.374	90.000	0.0229	1.0000	0.0000	6.8000
E	663.984	90.000	44.8649	4.6103	0.1101	0.1068	0.0000	6.8000
dPolE	663.984	90.000	47.0489	1.0000	0.0000	6.8000
uR	663.984	90.000	0.0229	1.0000	0.0000	6.8000
E	665.594	90.000	45.3468	4.6324	0.1078	0.1046	0.0000	6.8000
dPolE	665.594	90.000	47.5819	1.0000	0.0000	6.8000
uR	665.594	90.000	0.0226	1.0000	0.0000	6.8000
E	667.204	90.000	45.1190	4.3879	0.1097	0.1063	0.0000	6.8000
dPolE	667.204	90.000	48.2025	1.0000	0.0000	6.8000
uR	667.204	90.000	0.0223	1.0000	0.0000	6.8000
E	668.813	90.000	45.3298	4.6086	0.1103	0.1068	0.0000	6.8000
dPolE	668.813	90.000	43.7693	1.0000	0.0000	6.8000
uR	668.813	90.000	0.0225	1.0000	0.0000	6.8000
E	670.423	90.000	44.6964	4.5124	0.1122	0.1084	0.0000	6.8000
dPolE	670.423	90.000	45.6053	1.0000	0.0000	6.8000
uR	670.423	90.000	0.0227	1.0000	0.0000	6.8000
E	672.032	90.000	44.9555	4.2197	0.1089	0.1048	0.0000	6.8000
dPolE	672.032	90.000	44.3077	1.0000	0.0000	6.8000
uR	672.032	90.000	0.0229	1.0000	0.0000	6.8000
E	673.642	90.000	44.7642	4.4079	0.1122	0.1078	0.0000	6.8000
dPolE	673.642	90.000	42.8556	1.0000	0.0000	6.8000
uR	673.642	90.000	0.0227	1.0000	0.0000	6.8000
E	675.251	90.000	44.5509	4.4282	0.1087	0.1039	0.0000	6.8000
dPolE	675.251	90.000	46.1998	1.0000	0.0000	6.8000
uR	675.251	90.000	0.0233	1.0000	0.0000	6.8000
E	676.860	90.000	45.2851	4.4650	0.1095	0.1042	0.0000	6.8000
dPolE	676.860	90.000	42.2260	1.0000	0.0000	6.8000
uR	676.860	90.000	0.0236	1.0000	0.0000	6.8000
E	678.469	90.000	44.9321	4.5666	0.1158	0.1095	0.0000	6.8000
dPolE	678.469	90.000	44.4984	1.0000	0.0000	6.8000
uR	678.469	90.000	0.0228	1.0000	0.0000	6.8000
E	680.079	90.000	44.9598	4.4225	0.1141	0.1072	0.0000	6.8000
dPolE	680.079	90.000	43.1602	1.0000	0.0000	6.8000
uR	680.079	90.000	0.0225	1.0000	0.0000	6.8000
E	681.688	90.000	44.9705	4.4621	0.1139	0.1063	0.0000	6.8000
dPolE	681.688	90.000	44.5250	1.0000	0.0000	6.8000
uR	681.688	90.000	0.0227	1.0000	0.0000	6.8000
E	683.296	90.000	44.9593	4.3780	0.1130	0.1048	0.0000	6.8000
dPolE	683.296	90.000	40.7973	1.0000	0.0000	6.8000
uR	683.296	90.000	0.0227	1.0000	0.0000	6.8000
E	684.905	90.000	45.0216	4.2072	0.1070	0.0986	0.0000	6.8000
dPolE	684.905	90.000	38.5863	1.0000	0.0000	6.8000
uR	684.905	90.000	0.0227	1.0000	0.0000	6.8000
E	686.514	90.000	44.8109	4.2450	0.1093	0.1002	0.0000	6.8000
dPolE	686.514	90.000	40.5566	1.0000	0.0000	6.8000
uR	686.514	90.000	0.0223	1.0000	0.0000	6.8000
E	688.123	90.000	44.8224	3.9780	0.1076	0.0981	0.0000	6.8000
dPolE	688.123	90.000	41.4815	1.0000	0.0000	6.8000
uR	688.123	90.000	0.0225	1.0000	0.0000	6.8000
E	689.731	90.000	44.7585	4.2551	0.1100	0.1001	0.0000	6.8000
dPolE	689.731	90.000	37.9924	1.0000	0.0000	6.8000
uR	689.731	90.000	0.0224	1.0000	0.0000	6.8000
E	691.340	90.000	44.9215	4.3555	0.1097	0.0996	0.0000	6.8000
dPolE	691.340	90.000	42.5968	1.0000	0.0000	6.8000
uR	691.340	90.000	0.0224	1.0000	0.0000	6.8000
E	692.948	90.000	44.9177	3.9984	0.1149	0.1040	0.0000	6.8000
dPolE	692.948	90.000	40.3876	1.0000	0.0000	6.8000
uR	692.948	90.000	0.0228	1.0000	0.0000	6.8000
E	694.556	90.000	44.7140	4.3416	0.1257	0.1139	0.0000	6.8000
dPolE	694.556	90.000	43.1105	1.0000	0.0000	6.8000
uR	694.556	90.000	0.0227	1.0000	0.0000	6.8000
E	696.164	90.000	45.4773	4.1062	0.1215	0.1100	0.0000	6.8000
dPolE	696.164	90.000	43.1291	1.0000	0.0000	6.8000
uR	696.164	90.000	0.0228	1.0000	0.0000	6.8000
E	697.772	90.000	44.7638	3.8372	0.1274	0.1152	0.0000	6.8000
dPolE	697.772	90.000	42.6216	1.0000	0.0000	6.8000
uR	697.772	90.000	0.0234	1.0000	0.0000	6.8000
E	699.380	90.000	45.0759	4.2701	0.1200	0.1087	0.0000	6.8000
dPolE	699.380	90.000	43.9559	1.0000	0.0000	6.8000
uR	699.380	90.000	0.0232	1.0000	0.0000	6.8000
E	700.988	90.000	44.6656	3.7437	0.1277	0.1151	0.0000	6.8000
dPolE	700.988	90.000	44.9938	1.0000	0.0000	6.8000
uR	700.988	90.000	0.0228	1.0000	0.0000	6.8000
E	702.596	90.000	45.0630	3.7183	0.1266	0.1139	0.0000	6.8000
dPolE	702.596	90.000	45.3736	1.0000	0.0000	6.8000
uR	702.596	90.000	0.0228	1.0000	0.0000	6.8000
E	704.204	90.000	44.6301	3.8411	0.1282	0.1153	0.0000	6.8000
dPolE	704.204	90.000	44.7960	1.0000	0.0000	6.8000
uR	704.204	90.000	0.0230	1.0000	0.0000	6.8000
E	705.811	90.000	44.8329	4.1980	0.1252	0.1122	0.0000	6.8000
dPolE	705.811	90.000	46.7558	1.0000	0.0000	6.8000
uR	705.811	90.000	0.0229	1.0000	0.0000	6.8000
E	707.419	90.000	44.9123	3.8186	0.1277	0.1140	0.0000	6.8000
dPolE	707.419	90.000	44.4042	1.0000	0.0000	6.8000
uR	707.419	90.000	0.0233	1.0000	0.0000	6.8000
E	709.026	90.000	45.1748	3.8779	0.1274	0.1134	0.0000	6.8000
dPolE	709.026	90.000	40.0274	1.0000	0.0000	6.8000
uR	709.026	90.000	0.0234	1.0000	0.0000	6.8000
E	710.634	90.000	44.7520	3.7857	0.1241	0.1099	0.0000	6.8000
dPolE	710.634	90.000	43.4085	1.0000	0.0000	6.8000
uR	710.634	90.000	0.0237	1.0000	0.0000	6.8000
E	712.241	90.000	44.9893	3.7895	0.1277	0.1125	0.0000	6.8000
dPolE	712.241	90.000	42.8936	1.0000	0.0000	6.8000
uR	712.241	90.000	0.0252	1.0000	0.0000	6.8000
E	713.848	90.000	45.0285	3.6542	0.1449	0.1268	0.0000	6.8000
dPolE	713.848	90.000	43.4119	1.0000	0.0000	6.8000
uR	713.848	90.000	0.0246	1.0000	0.0000	6.8000
E	715.455	90.000	45.0733	4.4622	0.1660	0.1450	0.0000	6.8000
dPolE	715.455	90.000	49.4270	1.0000	0.0000	6.8000
uR	715.455	90.000	0.0214	1.0000	0.0000	6.8000
E	717.062	90.000	45.0517	3.8174	0.1465	0.1270	0.0000	6.8000
dPolE	717.062	90.000	49.7254	1.0000	0.0000	6.8000
uR	717.062	90.000	0.0202	1.0000	0.0000	6.8000
E	718.669	90.000	45.3643	3.8516	0.1411	0.1218	0.0000	6.8000
dPolE	718.669	90.000	45.5722	1.0000	0.0000	6.8000
uR	718.669	90.000	0.0215	1.0000	0.0000	6.8000
E	720.276	90.000	44.7263	3.6939	0.1376	0.1182	0.0000	6.8000
dPolE	720.276	90.000	46.5228	1.0000	0.0000	6.8000
uR	720.276	90.000	0.0233	1.0000	0.0000	6.8000
E	721.882	90.000	44.1588	3.5954	0.1384	0.1183	0.0000	6.8000
dPolE	721.882	90.000	48.1859	1.0000	0.0000	6.8000
uR	721.882	90.000	0.0236	1.0000	0.0000	6.8000
E	723.489	90.000	44.8503	3.8128	0.1499	0.1276	0.0000	6.8000
dPolE	723.489	90.000	42.7895	1.0000	0.0000	6.8000
uR	723.489	90.000	0.0232	1.0000	0.0000	6.8000
E	725.095	90.000	45.1250	3.6848	0.1521	0.1291	0.0000	6.8000
dPolE	725.095	90.000	43.9940	1.0000	0.0000	6.8000
uR	725.095	90.000	0.0237	1.0000	0.0000	6.8000
E	726.701	90.000	44.4528	3.9181	0.1505	0.1275	0.0000	6.8000
dPolE	726.701	90.000	45.8484	1.0000	0.0000	6.8000
uR	726.701	90.000	0.0232	1.0000	0.0000	6.8000
E	728.308	90.000	45.0853	3.5802	0.1462	0.1235	0.0000	6.8000
dPolE	728.308	90.000	43.5294	1.0000	0.0000	6.8000
uR	728.308	90.000	0.0234	1.0000	0.0000	6.8000
E	729.914	90.000	44.6855	3.7130	0.1364	0.1150	0.0000	6.8000
dPolE	729.914	90.000	43.7051	1.0000	0.0000	6.8000
uR	729.914	90.000	0.0225	1.0000	0.0000	6.8000
E	731.520	90.000	44.9272	3.8419	0.1377	0.1162	0.0000	6.8000
dPolE	731.520	90.000	40.1320	1.0000	0.0000	6.8000
uR	731.520	90.000	0.0228	1.0000	0.0000	6.8000
E	733.126	90.000	45.0279	3.5134	0.1314	0.1107	0.0000	6.8000
dPolE	733.126	90.000	39.5147	1.0000	0.0000	6.8000
uR	733.126	90.000	0.0232	1.0000	0.0000	6.8000
E	734.732	90.000	45.0487	3.6489	0.1352	0.1139	0.0000	6.8000
dPolE	734.732	90.000	39.0545	1.0000	0.0000	6.8000
uR	734.732	90.000	0.0232	1.0000	0.0000	6.8000
E	736.337	90.000	44.4285	3.6009	0.1388	0.1169	0.0000	6.8000
dPolE	736.337	90.000	44.4154	1.0000	0.0000	6.8000
uR	736.337	90.000	0.0233	1.0000	0.0000	6.8000
E	737.943	90.000	44.4250	3.2358	0.1376	0.1157	0.0000	6.8000
dPolE	737.943	90.000	45.4339	1.0000	0.0000	6.8000
uR	737.943	90.000	0.0228	1.0000	0.0000	6.8000
E	739.548	90.000	44.8702	3.4273	0.1426	0.1195	0.0000	6.8000
dPolE	739.548	90.000	40.2404	1.0000	0.0000	6.8000
uR	739.548	90.000	0.0224	1.0000	0.0000	6.8000
E	741.154	90.000	44.9407	3.4611	0.1399	0.1172	0.0000	6.8000
dPolE	741.154	90.000	40.8399	1.0000	0.0000	6.8000
uR	741.154	90.000	0.0225	1.0000	0.0000	6.8000
E	742.759	90.000	45.1563	3.5716	0.1451	0.1213	0.0000	6.8000
dPolE	742.759	90.000	38.5409	1.0000	0.0000	6.8000
uR	742.759	90.000	0.0227	1.0000	0.0000	6.8000
E	744.364	90.000	44.9004	3.5345	0.1467	0.1221	0.0000	6.8000
dPolE	744.364	90.000	39.8678	1.0000	0.0000	6.8000
uR	744.364	90.000	0.0229	1.0000	0.0000	6.8000
E	745.969	90.000	44.8810	3.2437	0.1457	0.1206	0.0000	6.8000
dPolE	745.969	90.000	45.2573	1.0000	0.0000	6.8000
uR	745.969	90.000	0.0229	1.0000	0.0000	6.8000
E	747.574	90.000	45.0912	3.4647	0.1520	0.1254	0.0000	6.8000
dPolE	747.574	90.000	38.9161	1.0000	0.0000	6.8000
uR	747.574	90.000	0.0237	1.0000	0.0000	6.8000
E	749.179	90.000	44.8967	3.4755	0.1530	0.1258	0.0000	6.8000
dPolE	749.179	90.000	45.8219	1.0000	0.0000	6.8000
uR	749.179	90.000	0.0230	1.0000	0.0000	6.8000
E	750.784	90.000	45.2838	3.4104	0.1513	0.1238	0.0000	6.8000
dPolE	750.784	90.000	38.9013	1.0000	0.0000	6.8000
uR	750.784	90.000	0.0234	1.0000	0.0000	6.8000
E	752.388	90.000	44.7433	3.6619	0.1470	0.1198	0.0000	6.8000
dPolE	752.388	90.000	40.8035	1.0000	0.0000	6.8000
uR	752.388	90.000	0.0238	1.0000	0.0000	6.8000
E	753.993	90.000	45.1658	2.9599	0.1546	0.1249	0.0000	6.8000
dPolE	753.993	90.000	43.9166	1.0000	0.0000	6.8000
uR	753.993	90.000	0.0239	1.0000	0.0000	6.8000
E	755.597	90.000	44.7710	3.1570	0.1605	0.1292	0.0000	6.8000
dPolE	755.597	90.000	40.7829	1.0000	0.0000	6.8000
uR	755.597	90.000	0.0239	1.0000	0.0000	6.8000
E	757.202	90.000	44.7963	3.2116	0.1466	0.1177	0.0000	6.8000
dPolE	757.202	90.000	42.4125	1.0000	0.0000	6.8000
uR	757.202	90.000	0.0231	1.0000	0.0000	6.8000
E	758.806	90.000	44.3208	3.1914	0.1591	0.1269	0.0000	6.8000
dPolE	758.806	90.000	45.2459	1.0000	0.0000	6.8000
uR	758.806	90.000	0.0220	1.0000	0.0000	6.8000
E	760.410	90.000	44.8548	3.2835	0.1550	0.1233	0.0000	6.8000
dPolE	760.410	90.000	41.5886	1.0000	0.0000	6.8000
uR	760.410	90.000	0.0220	1.0000	0.0000	6.8000
E	762.014	90.000	44.8232	3.1132	0.1343	0.1060	0.0000	6.8000
dPolE	762.014	90.000	39.2248	1.0000	0.0000	6.8000
uR	762.014	90.000	0.0222	1.0000	0.0000	6.8000
E	763.618	90.000	44.8293	3.1286	0.1195	0.0943	0.0000	6.8000
dPolE	763.618	90.000	31.1319	1.0000	0.0000	6.8000
uR	763.618	90.000	0.0232	1.0000	0.0000	6.8000
E	765.221	90.000	44.9296	3.1821	0.1105	0.0870	0.0000	6.8000
dPolE	765.221	90.000	30.1350	1.0000	0.0000	6.8000
uR	765.221	90.000	0.0233	1.0000	0.0000	6.8000
E	766.825	90.000	44.7717	3.1148	0.1238	0.0972	0.0000	6.8000
dPolE	766.825	90.000	32.8604	1.0000	0.0000	6.8000
uR	766.825	90.000	0.0224	1.0000	0.0000	6.8000
E	768.429	90.000	44.7715	3.3538	0.1480	0.1162	0.0000	6.8000
dPolE	768.429	90.000	41.9708	1.0000	0.0000	6.8000
uR	768.429	90.000	0.0220	1.0000	0.0000	6.8000
E	770.032	90.000	44.9269	2.8112	0.1650	0.1291	0.0000	6.8000
dPolE	770.032	90.000	45.4310	1.0000	0.0000	6.8000
uR	770.032	90.000	0.0226	1.0000	0.0000	6.8000
E	771.635	90.000	44.8051	3.4287	0.1737	0.1362	0.0000	6.8000
dPolE	771.635	90.000	43.4204	1.0000	0.0000	6.8000
uR	771.635	90.000	0.0228	1.0000	0.0000	6.8000
E	773.238	90.000	44.7708	3.1577	0.1812	0.1419	0.0000	6.8000
dPolE	773.238	90.000	42.2971	1.0000	0.0000	6.8000
uR	773.238	90.000	0.0244	1.0000	0.0000	6.8000
E	774.841	90.000	44.7312	2.9374	0.1828	0.1429	0.0000	6.8000
dPolE	774.841	90.000	44.2130	1.0000	0.0000	6.8000
uR	774.841	90.000	0.0252	1.0000	0.0000	6.8000
E	776.444	90.000	45.1955	3.0731	0.1842	0.1439	0.0000	6.8000
dPolE	776.444	90.000	46.3191	1.0000	0.0000	6.8000
uR	776.444	90.000	0.0259	1.0000	0.0000	6.8000
E	778.047	90.000	44.7533	3.1051	0.1893	0.1474	0.0000	6.8000
dPolE	778.047	90.000	49.4488	1.0000	0.0000	6.8000
uR	778.047	90.000	0.0245	1.0000	0.0000	6.8000
E	779.650	90.000	45.1994	3.0000	0.1959	0.1523	0.0000	6.8000
dPolE	779.650	90.000	52.2954	1.0000	0.0000	6.8000
uR	779.650	90.000	0.0235	1.0000	0.0000	6.8000
E	781.252	90.000	45.6618	2.9626	0.1976	0.1539	0.0000	6.8000
dPolE	781.252	90.000	49.8959	1.0000	0.0000	6.8000
uR	781.252	90.000	0.0236	1.0000	0.0000	6.8000
E	782.855	90.000	45.1336	3.2488	0.1967	0.1529	0.0000	6.8000
dPolE	782.855	90.000	57.4348	1.0000	0.0000	6.8000
uR	782.855	90.000	0.0235	1.0000	0.0000	6.8000
E	784.457	90.000	45.3357	2.8939	0.2064	0.1600	0.0000	6.8000
dPolE	784.457	90.000	49.4816	1.0000	0.0000	6.8000
uR	784.457	90.000	0.0243	1.0000	0.0000	6.8000
E	786.059	90.000	45.8544	2.9708	0.2058	0.1591	0.0000	6.8000
dPolE	786.059	90.000	49.5825	1.0000	0.0000	6.8000
uR	786.059	90.000	0.0239	1.0000	0.0000	6.8000
E	787.661	90.000	45.2857	3.0261	0.1994	0.1531	0.0000	6.8000
dPolE	787.661	90.000	49.1388	1.0000	0.0000	6.8000
uR	787.661	90.000	0.0226	1.0000	0.0000	6.8000
E	789.263	90.000	44.7333	3.2020	0.1773	0.1363	0.0000	6.8000
dPolE	789.263	90.000	49.3805	1.0000	0.0000	6.8000
uR	789.263	90.000	0.0224	1.0000	0.0000	6.8000
E	790.865	90.000	44.5680	2.5906	0.1766	0.1346	0.0000	6.8000
dPolE	790.865	90.000	46.3849	1.0000	0.0000	6.8000
uR	790.865	90.000	0.0217	1.0000	0.0000	6.8000
E	792.467	90.000	44.8284	3.0333	0.1904	0.1452	0.0000	6.8000
dPolE	792.467	90.000	43.0711	1.0000	0.0000	6.8000
uR	792.467	90.000	0.0219	1.0000	0.0000	6.8000
E	794.068	90.000	44.8974	2.9927	0.1941	0.1470	0.0000	6.8000
dPolE	794.068	90.000	45.7633	1.0000	0.0000	6.8000
uR	794.068	90.000	0.0235	1.0000	0.0000	6.8000
E	795.670	90.000	45.2703	2.9468	0.1923	0.1450	0.0000	6.8000
dPolE	795.670	90.000	45.1764	1.0000	0.0000	6.8000
uR	795.670	90.000	0.0238	1.0000	0.0000	6.8000
E	797.271	90.000	45.0815	3.0062	0.1824	0.1372	0.0000	6.8000
dPolE	797.271	90.000	44.0349	1.0000	0.0000	6.8000
uR	797.271	90.000	0.0244	1.0000	0.0000	6.8000
E	798.872	90.000	44.8167	2.8009	0.1791	0.1339	0.0000	6.8000
dPolE	798.872	90.000	37.8463	1.0000	0.0000	6.8000
uR	798.872	90.000	0.0245	1.0000	0.0000	6.8000
E	800.473	90.000	44.4353	2.5531	0.1772	0.1320	0.0000	6.8000
dPolE	800.473	90.000	42.5201	1.0000	0.0000	6.8000
uR	800.473	90.000	0.0245	1.0000	0.0000	6.8000
E	802.074	90.000	45.1653	2.6140	0.1956	0.1450	0.0000	6.8000
dPolE	802.074	90.000	41.6996	1.0000	0.0000	6.8000
uR	802.074	90.000	0.0241	1.0000	0.0000	6.8000
E	803.675	90.000	44.5765	3.0795	0.1924	0.1420	0.0000	6.8000
dPolE	803.675	90.000	48.1009	1.0000	0.0000	6.8000
uR	803.675	90.000	0.0246	1.0000	0.0000	6.8000
E	805.276	90.000	45.5704	2.8600	0.1951	0.1434	0.0000	6.8000
dPolE	805.276	90.000	45.1912	1.0000	0.0000	6.8000
uR	805.276	90.000	0.0245	1.0000	0.0000	6.8000
E	806.876	90.000	44.8397	2.8667	0.1878	0.1380	0.0000	6.8000
dPolE	806.876	90.000	47.7114	1.0000	0.0000	6.8000
uR	806.876	90.000	0.0236	1.0000	0.0000	6.8000
E	808.477	90.000	45.1699	2.9785	0.1920	0.1408	0.0000	6.8000
dPolE	808.477	90.000	42.3573	1.0000	0.0000	6.8000
uR	808.477	90.000	0.0237	1.0000	0.0000	6.8000
E	810.077	90.000	45.4922	2.6968	0.1897	0.1385	0.0000	6.8000
dPolE	810.077	90.000	42.3238	1.0000	0.0000	6.8000
uR	810.077	90.000	0.0241	1.0000	0.0000	6.8000
E	811.677	90.000	44.7988	2.6230	0.1914	0.1393	0.0000	6.8000
dPolE	811.677	90.000	42.2612	1.0000	0.0000	6.8000
uR	811.677	90.000	0.0256	1.0000	0.0000	6.8000
E	813.277	90.000	45.6225	2.9552	0.1846	0.1347	0.0000	6.8000
dPolE	813.277	90.000	41.9516	1.0000	0.0000	6.8000
uR	813.277	90.000	0.0241	1.0000	0.0000	6.8000
E	814.877	90.000	45.1500	2.7994	0.1867	0.1358	0.0000	6.8000
dPolE	814.877	90.000	42.4394	1.0000	0.0000	6.8000
uR	814.877	90.000	0.0234	1.0000	0.0000	6.8000
E	816.477	90.000	45.1437	2.7265	0.1827	0.1326	0.0000	6.8000
dPolE	816.477	90.000	36.7918	1.0000	0.0000	6.8000
uR	816.477	90.000	0.0231	1.0000	0.0000	6.8000
E	818.077	90.000	44.9169	2.6276	0.1534	0.1114	0.0000	6.8000
dPolE	818.077	90.000	34.3777	1.0000	0.0000	6.8000
uR	818.077	90.000	0.0215	1.0000	0.0000	6.8000
E	819.676	90.000	45.0857	2.7110	0.1178	0.0855	0.0000	6.8000
dPolE	819.676	90.000	25.2743	1.0000	0.0000	6.8000
uR	819.676	90.000	0.0197	1.0000	0.0000	6.8000
E	821.276	90.000	45.1595	2.6343	0.0751	0.0544	0.0000	6.8000
dPolE	821.276	90.000	11.8964	1.0000	0.0000	6.8000
uR	821.276	90.000	0.0205	1.0000	0.0000	6.8000
E	822.875	90.000	44.9359	2.6138	0.0520	0.0376	0.0000	6.8000
dPolE	822.875	90.000	8.2989	1.0000	0.0000	6.8000
uR	822.875	90.000	0.0229	1.0000	0.0000	6.8000
E	824.474	90.000	44.9922	2.5851	0.0458	0.0331	0.0000	6.8000
dPolE	824.474	90.000	4.9344	1.0000	0.0000	6.8000
uR	824.474	90.000	0.0237	1.0000	0.0000	6.8000
E	826.073	90.000	44.9061	2.6296	0.0472	0.0341	0.0000	6.8000
dPolE	826.073	90.000	4.7303	1.0000	0.0000	6.8000
uR	826.073	90.000	0.0228	1.0000	0.0000	6.8000
E	827.672	90.000	44.8249	2.6650	0.0594	0.0428	0.0000	6.8000
dPolE	827.672	90.000	8.1623	1.0000	0.0000	6.8000
uR	827.672	90.000	0.0224	1.0000	0.0000	6.8000
E	829.271	90.000	44.8458	2.5986	0.0671	0.0483	0.0000	6.8000
dPolE	829.271	90.000	11.6281	1.0000	0.0000	6.8000
uR	829.271	90.000	0.0229	1.0000	0.0000	6.8000
E	830.869	90.000	44.8984	2.4955	0.0893	0.0641	0.0000	6.8000
dPolE	830.869	90.000	18.3717	1.0000	0.0000	6.8000
uR	830.869	90.000	0.0214	1.0000	0.0000	6.8000
E	832.468	90.000	44.9291	2.5572	0.1027	0.0736	0.0000	6.8000
dPolE	832.468	90.000	26.3575	1.0000	0.0000	6.8000
uR	832.468	90.000	0.0202	1.0000	0.0000	6.8000
E	834.066	90.000	44.7294	2.4555	0.1030	0.0735	0.0000	6.8000
dPolE	834.066	90.000	24.4217	1.0000	0.0000	6.8000
uR	834.066	90.000	0.0214	1.0000	0.0000	6.8000
E	835.664	90.000	44.9509	2.6107	0.0976	0.0695	0.0000	6.8000
dPolE	835.664	90.000	22.7209	1.0000	0.0000	6.8000
uR	835.664	90.000	0.0222	1.0000	0.0000	6.8000
E	837.262	90.000	45.0338	2.4534	0.1062	0.0754	0.0000	6.8000
dPolE	837.262	90.000	23.2266	1.0000	0.0000	6.8000
uR	837.262	90.000	0.0234	1.0000	0.0000	6.8000
E	838.860	90.000	45.1253	2.5900	0.1255	0.0887	0.0000	6.8000
dPolE	838.860	90.000	35.1471	1.0000	0.0000	6.8000
uR	838.860	90.000	0.0224	1.0000	0.0000	6.8000
E	840.458	90.000	45.1843	2.4683	0.1367	0.0961	0.0000	6.8000
dPolE	840.458	90.000	41.8971	1.0000	0.0000	6.8000
uR	840.458	90.000	0.0236	1.0000	0.0000	6.8000
E	842.055	90.000	45.1925	2.4260	0.1473	0.1035	0.0000	6.8000
dPolE	842.055	90.000	42.7187	1.0000	0.0000	6.8000
uR	842.055	90.000	0.0249	1.0000	0.0000	6.8000
E	843.653	90.000	44.7112	2.8404	0.1628	0.1142	0.0000	6.8000
dPolE	843.653	90.000	47.7148	1.0000	0.0000	6.8000
uR	843.653	90.000	0.0233	1.0000	0.0000	6.8000
E	845.250	90.000	44.8779	2.5627	0.1951	0.1358	0.0000	6.8000
dPolE	845.250	90.000	52.5414	1.0000	0.0000	6.8000
uR	845.250	90.000	0.0237	1.0000	0.0000	6.8000
E	846.847	90.000	44.8960	2.3603	0.2393	0.1656	0.0000	6.8000
dPolE	846.847	90.000	52.0769	1.0000	0.0000	6.8000
uR	846.847	90.000	0.0246	1.0000	0.0000	6.8000
E	848.444	90.000	45.6623	2.5634	0.2495	0.1724	0.0000	6.8000
dPolE	848.444	90.000	57.0189	1.0000	0.0000	6.8000
uR	848.444	90.000	0.0258	1.0000	0.0000	6.8000
E	850.041	90.000	44.7251	3.0277	0.2519	0.1737	0.0000	6.8000
dPolE	850.041	90.000	62.6327	1.0000	0.0000	6.8000
uR	850.041	90.000	0.0268	1.0000	0.0000	6.8000
E	851.638	90.000	45.0742	2.6972	0.2554	0.1752	0.0000	6.8000
dPolE	851.638	90.000	61.6746	1.0000	0.0000	6.8000
uR	851.638	90.000	0.0260	1.0000	0.0000	6.8000
E	853.234	90.000	44.5876	2.8072	0.2804	0.1918	0.0000	6.8000
dPolE	853.234	90.000	59.5896	1.0000	0.0000	6.8000
uR	853.234	90.000	0.0262	1.0000	0.0000	6.8000
E	854.831	90.000	44.9699	2.1097	0.2939	0.1991	0.0000	6.8000
dPolE	854.831	90.000	57.1991	1.0000	0.0000	6.8000
uR	854.831	90.000	0.0251	1.0000	0.0000	6.8000
E	856.427	90.000	44.9476	2.4131	0.2724	0.1850	0.0000	6.8000
dPolE	856.427	90.000	62.0291	1.0000	0.0000	6.8000
uR	856.427	90.000	0.0236	1.0000	0.0000	6.8000
E	858.023	90.000	44.6909	2.3286	0.2698	0.1826	0.0000	6.8000
dPolE	858.023	90.000	54.9106	1.0000	0.0000	6.8000
uR	858.023	90.000	0.0250	1.0000	0.0000	6.8000
E	859.619	90.000	45.0114	2.6069	0.2845	0.1921	0.0000	6.8000
dPolE	859.619	90.000	53.4938	1.0000	0.0000	6.8000
uR	859.619	90.000	0.0245	1.0000	0.0000	6.8000
E	861.215	90.000	45.1319	2.2156	0.2601	0.1751	0.0000	6.8000
dPolE	861.215	90.000	54.7616	1.0000	0.0000	6.8000
uR	861.215	90.000	0.0242	1.0000	0.0000	6.8000
E	862.811	90.000	44.6443	2.1409	0.2532	0.1703	0.0000	6.8000
dPolE	862.811	90.000	51.9808	1.0000	0.0000	6.8000
uR	862.811	90.000	0.0245	1.0000	0.0000	6.8000
E	864.407	90.000	45.1888	2.7201	0.2363	0.1591	0.0000	6.8000
dPolE	864.407	90.000	54.3833	1.0000	0.0000	6.8000
uR	864.407	90.000	0.0244	1.0000	0.0000	6.8000
E	866.002	90.000	44.9731	2.4780	0.2390	0.1605	0.0000	6.8000
dPolE	866.002	90.000	46.7087	1.0000	0.0000	6.8000
uR	866.002	90.000	0.0255	1.0000	0.0000	6.8000
E	867.597	90.000	44.1873	2.2594	0.2245	0.1508	0.0000	6.8000
dPolE	867.597	90.000	44.7376	1.0000	0.0000	6.8000
uR	867.597	90.000	0.0246	1.0000	0.0000	6.8000
E	869.192	90.000	45.0699	2.2244	0.2231	0.1495	0.0000	6.8000
dPolE	869.192	90.000	39.8800	1.0000	0.0000	6.8000
uR	869.192	90.000	0.0243	1.0000	0.0000	6.8000
E	870.787	90.000	44.9308	1.9190	0.2053	0.1374	0.0000	6.8000
dPolE	870.787	90.000	40.7484	1.0000	0.0000	6.8000
uR	870.787	90.000	0.0238	1.0000	0.0000	6.8000
E	872.382	90.000	45.1248	2.3325	0.1971	0.1319	0.0000	6.8000
dPolE	872.382	90.000	34.7370	1.0000	0.0000	6.8000
uR	872.382	90.000	0.0234	1.0000	0.0000	6.8000
E	873.977	90.000	45.0518	2.4185	0.1817	0.1218	0.0000	6.8000
dPolE	873.977	90.000	32.3717	1.0000	0.0000	6.8000
uR	873.977	90.000	0.0232	1.0000	0.0000	6.8000
E	875.571	90.000	44.7773	2.3284	0.1622	0.1086	0.0000	6.8000
dPolE	875.571	90.000	32.5180	1.0000	0.0000	6.8000
uR	875.571	90.000	0.0225	1.0000	0.0000	6.8000
E	877.166	90.000	44.8914	2.3174	0.1289	0.0862	0.0000	6.8000
dPolE	877.166	90.000	31.1157	1.0000	0.0000	6.8000
uR	877.166	90.000	0.0208	1.0000	0.0000	6.8000
E	878.760	90.000	44.9321	2.3698	0.0940	0.0628	0.0000	6.8000
dPolE	878.760	90.000	18.4645	1.0000	0.0000	6.8000
uR	878.760	90.000	0.0200	1.0000	0.0000	6.8000
E	880.354	90.000	44.9107	2.2109	0.0725	0.0483	0.0000	6.8000
dPolE	880.354	90.000	8.3766	1.0000	0.0000	6.8000
uR	880.354	90.000	0.0209	1.0000	0.0000	6.8000
E	881.948	90.000	45.0097	2.1550	0.0537	0.0357	0.0000	6.8000
dPolE	881.948	90.000	6.7112	1.0000	0.0000	6.8000
uR	881.948	90.000	0.0227	1.0000	0.0000	6.8000
E	883.542	90.000	44.8763	2.2045	0.0523	0.0347	0.0000	6.8000
dPolE	883.542	90.000	4.8664	1.0000	0.0000	6.8000
uR	883.542	90.000	0.0239	1.0000	0.0000	6.8000
E	885.135	90.000	44.9009	2.2570	0.0573	0.0380	0.0000	6.8000
dPolE	885.135	90.000	6.5925	1.0000	0.0000	6.8000
uR	885.135	90.000	0.0232	1.0000	0.0000	6.8000
E	886.729	90.000	44.9307	2.1403	0.0777	0.0513	0.0000	6.8000
dPolE	886.729	90.000	11.3869	1.0000	0.0000	6.8000
uR	886.729	90.000	0.0221	1.0000	0.0000	6.8000
E	888.322	90.000	44.6514	2.3131	0.1011	0.0667	0.0000	6.8000
dPolE	888.322	90.000	23.1116	1.0000	0.0000	6.8000
uR	888.322	90.000	0.0219	1.0000	0.0000	6.8000
E	889.915	90.000	45.0704	2.2191	0.1170	0.0769	0.0000	6.8000
dPolE	889.915	90.000	23.1800	1.0000	0.0000	6.8000
uR	889.915	90.000	0.0217	1.0000	0.0000	6.8000
E	891.508	90.000	44.9596	2.0862	0.1187	0.0776	0.0000	6.8000
dPolE	891.508	90.000	24.2750	1.0000	0.0000	6.8000
uR	891.508	90.000	0.0222	1.0000	0.0000	6.8000
E	893.101	90.000	45.1138	2.3474	0.1131	0.0738	0.0000	6.8000
dPolE	893.101	90.000	22.1467	1.0000	0.0000	6.8000
uR	893.101	90.000	0.0216	1.0000	0.0000	6.8000
E	894.694	90.000	44.6693	2.2114	0.0945	0.0614	0.0000	6.8000
dPolE	894.694	90.000	16.2998	1.0000	0.0000	6.8000
uR	894.694	90.000	0.0239	1.0000	0.0000	6.8000
E	896.286	90.000	45.0414	2.2494	0.0907	0.0587	0.0000	6.8000
dPolE	896.286	90.000	15.6594	1.0000	0.0000	6.8000
uR	896.286	90.000	0.0237	1.0000	0.0000	6.8000
E	897.879	90.000	44.9290	2.2489	0.1001	0.0646	0.0000	6.8000
dPolE	897.879	90.000	17.2431	1.0000	0.0000	6.8000
uR	897.879	90.000	0.0230	1.0000	0.0000	6.8000
E	899.471	90.000	44.9742	2.1192	0.1100	0.0706	0.0000	6.8000
dPolE	899.471	90.000	22.5276	1.0000	0.0000	6.8000
uR	899.471	90.000	0.0225	1.0000	0.0000	6.8000
E	901.063	90.000	45.1166	2.3576	0.1216	0.0778	0.0000	6.8000
dPolE	901.063	90.000	21.5984	1.0000	0.0000	6.8000
uR	901.063	90.000	0.0218	1.0000	0.0000	6.8000
E	902.655	90.000	44.6409	2.0994	0.1172	0.0747	0.0000	6.8000
dPolE	902.655	90.000	20.4728	1.0000	0.0000	6.8000
uR	902.655	90.000	0.0227	1.0000	0.0000	6.8000
E	904.247	90.000	44.8198	2.1056	0.0993	0.0631	0.0000	6.8000
dPolE	904.247	90.000	15.3250	1.0000	0.0000	6.8000
uR	904.247	90.000	0.0240	1.0000	0.0000	6.8000
E	905.838	90.000	44.7140	2.0767	0.0980	0.0621	0.0000	6.8000
dPolE	905.838	90.000	18.1624	1.0000	0.0000	6.8000
uR	905.838	90.000	0.0238	1.0000	0.0000	6.8000
E	907.429	90.000	44.9667	2.0673	0.1112	0.0703	0.0000	6.8000
dPolE	907.429	90.000	20.9533	1.0000	0.0000	6.8000
uR	907.429	90.000	0.0227	1.0000	0.0000	6.8000
E	909.021	90.000	45.2986	2.3644	0.1430	0.0905	0.0000	6.8000
dPolE	909.021	90.000	28.2363	1.0000	0.0000	6.8000
uR	909.021	90.000	0.0205	1.0000	0.0000	6.8000
E	910.612	90.000	44.8476	2.1223	0.1602	0.1005	0.0000	6.8000
dPolE	910.612	90.000	30.8343	1.0000	0.0000	6.8000
uR	910.612	90.000	0.0205	1.0000	0.0000	6.8000
E	912.203	90.000	44.9957	2.1303	0.1459	0.0915	0.0000	6.8000
dPolE	912.203	90.000	30.5738	1.0000	0.0000	6.8000
uR	912.203	90.000	0.0202	1.0000	0.0000	6.8000
E	913.793	90.000	45.2251	1.9597	0.1146	0.0715	0.0000	6.8000
dPolE	913.793	90.000	20.4444	1.0000	0.0000	6.8000
uR	913.793	90.000	0.0215	1.0000	0.0000	6.8000
E	915.384	90.000	45.1301	2.1674	0.0908	0.0567	0.0000	6.8000
dPolE	915.384	90.000	12.8584	1.0000	0.0000	6.8000
uR	915.384	90.000	0.0228	1.0000	0.0000	6.8000
E	916.974	90.000	44.8688	2.0634	0.0840	0.0523	0.0000	6.8000
dPolE	916.974	90.000	13.6111	1.0000	0.0000	6.8000
uR	916.974	90.000	0.0232	1.0000	0.0000	6.8000
E	918.565	90.000	45.2804	2.0468	0.0942	0.0586	0.0000	6.8000
dPolE	918.565	90.000	12.3480	1.0000	0.0000	6.8000
uR	918.565	90.000	0.0230	1.0000	0.0000	6.8000
E	920.155	90.000	44.5939	2.0378	0.1061	0.0659	0.0000	6.8000
dPolE	920.155	90.000	21.8180	1.0000	0.0000	6.8000
uR	920.155	90.000	0.0216	1.0000	0.0000	6.8000
E	921.745	90.000	44.9654	2.1969	0.1401	0.0869	0.0000	6.8000
dPolE	921.745	90.000	26.6498	1.0000	0.0000	6.8000
uR	921.745	90.000	0.0217	1.0000	0.0000	6.8000
E	923.334	90.000	44.6351	1.8524	0.1574	0.0974	0.0000	6.8000
dPolE	923.334	90.000	29.7841	1.0000	0.0000	6.8000
uR	923.334	90.000	0.0231	1.0000	0.0000	6.8000
E	924.924	90.000	45.2485	2.0079	0.1933	0.1195	0.0000	6.8000
dPolE	924.924	90.000	38.9257	1.0000	0.0000	6.8000
uR	924.924	90.000	0.0219	1.0000	0.0000	6.8000
E	926.513	90.000	45.1784	1.9790	0.2096	0.1294	0.0000	6.8000
dPolE	926.513	90.000	45.0701	1.0000	0.0000	6.8000
uR	926.513	90.000	0.0227	1.0000	0.0000	6.8000
E	928.103	90.000	45.0222	1.9241	0.2372	0.1463	0.0000	6.8000
dPolE	928.103	90.000	42.0230	1.0000	0.0000	6.8000
uR	928.103	90.000	0.0228	1.0000	0.0000	6.8000
E	929.692	90.000	44.3722	1.9962	0.2431	0.1496	0.0000	6.8000
dPolE	929.692	90.000	48.3046	1.0000	0.0000	6.8000
uR	929.692	90.000	0.0235	1.0000	0.0000	6.8000
E	931.280	90.000	44.8967	2.0374	0.2536	0.1566	0.0000	6.8000
dPolE	931.280	90.000	42.8225	1.0000	0.0000	6.8000
uR	931.280	90.000	0.0243	1.0000	0.0000	6.8000
E	932.869	90.000	44.4700	2.1401	0.2588	0.1597	0.0000	6.8000
dPolE	932.869	90.000	38.3147	1.0000	0.0000	6.8000
uR	932.869	90.000	0.0252	1.0000	0.0000	6.8000
E	934.458	90.000	43.9863	2.0659	0.2469	0.1517	0.0000	6.8000
dPolE	934.458	90.000	46.2933	1.0000	0.0000	6.8000
uR	934.458	90.000	0.0245	1.0000	0.0000	6.8000
E	936.046	90.000	44.7650	1.9067	0.2315	0.1422	0.0000	6.8000
dPolE	936.046	90.000	42.6844	1.0000	0.0000	6.8000
uR	936.046	90.000	0.0245	1.0000	0.0000	6.8000
E	937.634	90.000	44.9571	1.9688	0.2279	0.1399	0.0000	6.8000
dPolE	937.634	90.000	37.7988	1.0000	0.0000	6.8000
uR	937.634	90.000	0.0239	1.0000	0.0000	6.8000
E	939.222	90.000	45.3916	2.1229	0.2158	0.1325	0.0000	6.8000
dPolE	939.222	90.000	39.2839	1.0000	0.0000	6.8000
uR	939.222	90.000	0.0241	1.0000	0.0000	6.8000
E	940.810	90.000	44.2583	1.8433	0.2257	0.1373	0.0000	6.8000
dPolE	940.810	90.000	42.7919	1.0000	0.0000	6.8000
uR	940.810	90.000	0.0236	1.0000	0.0000	6.8000
E	942.398	90.000	45.0620	1.8544	0.2495	0.1513	0.0000	6.8000
dPolE	942.398	90.000	40.2652	1.0000	0.0000	6.8000
uR	942.398	90.000	0.0239	1.0000	0.0000	6.8000
E	943.985	90.000	44.7065	1.8191	0.2703	0.1648	0.0000	6.8000
dPolE	943.985	90.000	38.0854	1.0000	0.0000	6.8000
uR	943.985	90.000	0.0244	1.0000	0.0000	6.8000
E	945.573	90.000	44.3418	1.6203	0.2515	0.1529	0.0000	6.8000
dPolE	945.573	90.000	47.0473	1.0000	0.0000	6.8000
uR	945.573	90.000	0.0241	1.0000	0.0000	6.8000
E	947.160	90.000	44.3799	1.8083	0.2724	0.1655	0.0000	6.8000
dPolE	947.160	90.000	40.4929	1.0000	0.0000	6.8000
uR	947.160	90.000	0.0233	1.0000	0.0000	6.8000
E	948.747	90.000	45.1375	1.8888	0.2395	0.1448	0.0000	6.8000
dPolE	948.747	90.000	40.3490	1.0000	0.0000	6.8000
uR	948.747	90.000	0.0244	1.0000	0.0000	6.8000
E	950.334	90.000	44.4352	1.6007	0.2363	0.1427	0.0000	6.8000
dPolE	950.334	90.000	40.6293	1.0000	0.0000	6.8000
uR	950.334	90.000	0.0247	1.0000	0.0000	6.8000
E	951.920	90.000	44.9053	1.6290	0.2415	0.1450	0.0000	6.8000
dPolE	951.920	90.000	35.3968	1.0000	0.0000	6.8000
uR	951.920	90.000	0.0247	1.0000	0.0000	6.8000
E	953.507	90.000	44.9477	2.3798	0.2442	0.1469	0.0000	6.8000
dPolE	953.507	90.000	39.8976	1.0000	0.0000	6.8000
uR	953.507	90.000	0.0248	1.0000	0.0000	6.8000
E	955.093	90.000	45.0526	1.5441	0.2590	0.1541	0.0000	6.8000
dPolE	955.093	90.000	40.7032	1.0000	0.0000	6.8000
uR	955.093	90.000	0.0244	1.0000	0.0000	6.8000
E	956.679	90.000	44.9693	1.7640	0.2786	0.1665	0.0000	6.8000
dPolE	956.679	90.000	42.5979	1.0000	0.0000	6.8000
uR	956.679	90.000	0.0253	1.0000	0.0000	6.8000
E	958.265	90.000	44.8577	1.4824	0.3031	0.1800	0.0000	6.8000
dPolE	958.265	90.000	48.1076	1.0000	0.0000	6.8000
uR	958.265	90.000	0.0251	1.0000	0.0000	6.8000
E	959.851	90.000	45.2205	1.4282	0.3422	0.2021	0.0000	6.8000
dPolE	959.851	90.000	56.2721	1.0000	0.0000	6.8000
uR	959.851	90.000	0.0237	1.0000	0.0000	6.8000
E	961.436	90.000	44.6768	2.0365	0.3294	0.1947	0.0000	6.8000
dPolE	961.436	90.000	62.7061	1.0000	0.0000	6.8000
uR	961.436	90.000	0.0236	1.0000	0.0000	6.8000
E	963.022	90.000	45.3776	1.6389	0.3499	0.2062	0.0000	6.8000
dPolE	963.022	90.000	60.7480	1.0000	0.0000	6.8000
uR	963.022	90.000	0.0234	1.0000	0.0000	6.8000
E	964.607	90.000	45.1569	2.2659	0.3369	0.1985	0.0000	6.8000
dPolE	964.607	90.000	59.0991	1.0000	0.0000	6.8000
uR	964.607	90.000	0.0222	1.0000	0.0000	6.8000
E	966.192	90.000	44.8349	2.4395	0.3129	0.1841	0.0000	6.8000
dPolE	966.192	90.000	55.8152	1.0000	0.0000	6.8000
uR	966.192	90.000	0.0232	1.0000	0.0000	6.8000
E	967.777	90.000	44.6322	1.8499	0.3004	0.1750	0.0000	6.8000
dPolE	967.777	90.000	54.6931	1.0000	0.0000	6.8000
uR	967.777	90.000	0.0225	1.0000	0.0000	6.8000
E	969.361	90.000	44.6427	1.7106	0.2913	0.1693	0.0000	6.8000
dPolE	969.361	90.000	41.3089	1.0000	0.0000	6.8000
uR	969.361	90.000	0.0240	1.0000	0.0000	6.8000
E	970.946	90.000	44.8540	1.9437	0.2696	0.1563	0.0000	6.8000
dPolE	970.946	90.000	40.4035	1.0000	0.0000	6.8000
uR	970.946	90.000	0.0238	1.0000	0.0000	6.8000
E	972.530	90.000	44.4480	1.7978	0.2263	0.1311	0.0000	6.8000
dPolE	972.530	90.000	38.7249	1.0000	0.0000	6.8000
uR	972.530	90.000	0.0241	1.0000	0.0000	6.8000
E	974.114	90.000	45.0178	1.8457	0.2247	0.1301	0.0000	6.8000
dPolE	974.114	90.000	32.4887	1.0000	0.0000	6.8000
uR	974.114	90.000	0.0227	1.0000	0.0000	6.8000
E	975.698	90.000	45.1383	1.7485	0.1934	0.1113	0.0000	6.8000
dPolE	975.698	90.000	30.5947	1.0000	0.0000	6.8000
uR	975.698	90.000	0.0216	1.0000	0.0000	6.8000
E	977.282	90.000	45.0567	1.6857	0.1685	0.0967	0.0000	6.8000
dPolE	977.282	90.000	29.7055	1.0000	0.0000	6.8000
uR	977.282	90.000	0.0225	1.0000	0.0000	6.8000
E	978.865	90.000	44.9532	1.8278	0.1485	0.0849	0.0000	6.8000
dPolE	978.865	90.000	21.4906	1.0000	0.0000	6.8000
uR	978.865	90.000	0.0235	1.0000	0.0000	6.8000
E	980.449	90.000	44.8063	1.6860	0.1467	0.0838	0.0000	6.8000
dPolE	980.449	90.000	19.7804	1.0000	0.0000	6.8000
uR	980.449	90.000	0.0238	1.0000	0.0000	6.8000
E	982.032	90.000	44.8562	1.7650	0.1636	0.0937	0.0000	6.8000
dPolE	982.032	90.000	26.6189	1.0000	0.0000	6.8000
uR	982.032	90.000	0.0233	1.0000	0.0000	6.8000
E	983.615	90.000	45.4219	1.7194	0.1838	0.1051	0.0000	6.8000
dPolE	983.615	90.000	26.6052	1.0000	0.0000	6.8000
uR	983.615	90.000	0.0214	1.0000	0.0000	6.8000
E	985.198	90.000	44.9755	1.5592	0.2197	0.1252	0.0000	6.8000
dPolE	985.198	90.000	39.3974	1.0000	0.0000	6.8000
uR	985.198	90.000	0.0206	1.0000	0.0000	6.8000
E	986.780	90.000	44.6387	1.8608	0.2189	0.1252	0.0000	6.8000
dPolE	986.780	90.000	33.8552	1.0000	0.0000	6.8000
uR	986.780	90.000	0.0215	1.0000	0.0000	6.8000
E	988.363	90.000	44.8049	1.7903	0.2016	0.1149	0.0000	6.8000
dPolE	988.363	90.000	33.3299	1.0000	0.0000	6.8000
uR	988.363	90.000	0.0225	1.0000	0.0000	6.8000
E	989.945	90.000	45.0303	1.6796	0.1834	0.1043	0.0000	6.8000
dPolE	989.945	90.000	29.3714	1.0000	0.0000	6.8000
uR	989.945	90.000	0.0219	1.0000	0.0000	6.8000
E	991.527	90.000	45.1619	1.5792	0.1654	0.0937	0.0000	6.8000
dPolE	991.527	90.000	27.7813	1.0000	0.0000	6.8000
uR	991.527	90.000	0.0239	1.0000	0.0000	6.8000
E	993.109	90.000	45.3288	1.5707	0.1595	0.0905	0.0000	6.8000
dPolE	993.109	90.000	20.3787	1.0000	0.0000	6.8000
uR	993.109	90.000	0.0240	1.0000	0.0000	6.8000
E	994.690	90.000	44.6884	1.8727	0.1706	0.0967	0.0000	6.8000
dPolE	994.690	90.000	28.5103	1.0000	0.0000	6.8000
uR	994.690	90.000	0.0225	1.0000	0.0000	6.8000
E	996.272	90.000	44.5233	1.7424	0.1935	0.1096	0.0000	6.8000
dPolE	996.272	90.000	31.2522	1.0000	0.0000	6.8000
uR	996.272	90.000	0.0226	1.0000	0.0000	6.8000
E	997.853	90.000	45.5400	1.8971	0.2263	0.1278	0.0000	6.8000
dPolE	997.853	90.000	39.2209	1.0000	0.0000	6.8000
uR	997.853	90.000	0.0211	1.0000	0.0000	6.8000
E	999.434	90.000	45.7021	1.8958	0.2559	0.1445	0.0000	6.8000
dPolE	999.434	90.000	41.9289	1.0000	0.0000	6.8000
uR	999.434	90.000	0.0224	1.0000	0.0000	6.8000
