
FM-removed
XY-Scan
nm
E	210.379	90.000	34.8322	15.3668	0.2676	0.5502	0.0000	6.8000
dPolE	210.379	90.000	99.9941	1.0000	0.0000	6.8000
uR	210.379	90.000	0.0178	1.0000	0.0000	6.8000
E	211.990	90.000	15.6039	237.4936	0.2660	1.0374	0.0000	6.8000
dPolE	211.990	90.000	99.8965	1.0000	0.0000	6.8000
uR	211.990	90.000	0.0207	1.0000	0.0000	6.8000
E	213.602	90.000	37.0751	86.2252	0.2573	0.5373	0.0000	6.8000
dPolE	213.602	90.000	99.9998	1.0000	0.0000	6.8000
uR	213.602	90.000	0.0077	1.0000	0.0000	6.8000
E	215.214	90.000	5.2832	350.2966	0.2404	2.4036	0.0000	6.8000
dPolE	215.214	90.000	99.9337	1.0000	0.0000	6.8000
uR	215.214	90.000	0.0129	1.0000	0.0000	6.8000
E	216.826	90.000	29.2334	17.6036	0.2645	0.5562	0.0000	6.8000
dPolE	216.826	90.000	99.9946	1.0000	0.0000	6.8000
uR	216.826	90.000	0.0101	1.0000	0.0000	6.8000
E	218.438	90.000	61.6413	222.6058	0.2858	0.6431	0.0000	6.8000
dPolE	218.438	90.000	99.9806	1.0000	0.0000	6.8000
uR	218.438	90.000	0.0050	1.0000	0.0000	6.8000
E	220.050	90.000	64.8091	1.2582	0.2758	0.5883	0.0000	6.8000
dPolE	220.050	90.000	99.9832	1.0000	0.0000	6.8000
uR	220.050	90.000	0.0036	1.0000	0.0000	6.8000
E	221.662	90.000	69.5584	94.6162	0.2198	0.7564	0.0000	6.8000
dPolE	221.662	90.000	99.9961	1.0000	0.0000	6.8000
uR	221.662	90.000	0.0036	1.0000	0.0000	6.8000
E	223.274	90.000	28.5775	217.3070	0.2748	0.5737	0.0000	6.8000
dPolE	223.274	90.000	99.9706	1.0000	0.0000	6.8000
uR	223.274	90.000	0.0040	1.0000	0.0000	6.8000
E	224.886	90.000	20.2670	303.8488	0.2700	0.8512	0.0000	6.8000
dPolE	224.886	90.000	99.9693	1.0000	0.0000	6.8000
uR	224.886	90.000	0.0035	1.0000	0.0000	6.8000
E	226.498	90.000	18.6132	167.2652	0.3035	0.7320	0.0000	6.8000
dPolE	226.498	90.000	99.9631	1.0000	0.0000	6.8000
uR	226.498	90.000	0.0027	1.0000	0.0000	6.8000
E	228.111	90.000	73.0367	15.8411	0.2568	0.6634	0.0000	6.8000
dPolE	228.111	90.000	99.9657	1.0000	0.0000	6.8000
uR	228.111	90.000	0.0030	1.0000	0.0000	6.8000
E	229.723	90.000	49.3369	198.4116	0.3030	0.4299	0.0000	6.8000
dPolE	229.723	90.000	99.9090	1.0000	0.0000	6.8000
uR	229.723	90.000	0.0034	1.0000	0.0000	6.8000
E	231.335	90.000	73.7262	259.7453	0.2243	1.0729	0.0000	6.8000
dPolE	231.335	90.000	99.9845	1.0000	0.0000	6.8000
uR	231.335	90.000	0.0023	1.0000	0.0000	6.8000
E	232.948	90.000	41.0636	290.6771	0.2803	0.5465	0.0000	6.8000
dPolE	232.948	90.000	99.9888	1.0000	0.0000	6.8000
uR	232.948	90.000	0.0022	1.0000	0.0000	6.8000
E	234.560	90.000	16.0318	207.9410	0.2792	0.7871	0.0000	6.8000
dPolE	234.560	90.000	99.9877	1.0000	0.0000	6.8000
uR	234.560	90.000	0.0010	1.0000	0.0000	6.8000
E	236.173	90.000	17.6997	204.2443	0.3012	0.7293	0.0000	6.8000
dPolE	236.173	90.000	99.9841	1.0000	0.0000	6.8000
uR	236.173	90.000	0.0012	1.0000	0.0000	6.8000
E	237.786	90.000	50.6767	81.3910	0.3066	0.6287	0.0000	6.8000
dPolE	237.786	90.000	99.9977	1.0000	0.0000	6.8000
uR	237.786	90.000	0.0017	1.0000	0.0000	6.8000
E	239.398	90.000	42.2082	185.2746	0.3147	0.3579	0.0000	6.8000
dPolE	239.398	90.000	99.8973	1.0000	0.0000	6.8000
uR	239.398	90.000	0.0020	1.0000	0.0000	6.8000
E	241.011	90.000	65.1182	301.8891	0.2784	0.7364	0.0000	6.8000
dPolE	241.011	90.000	99.9756	1.0000	0.0000	6.8000
uR	241.011	90.000	0.0009	1.0000	0.0000	6.8000
E	242.624	90.000	47.7670	183.3900	0.3196	0.3481	0.0000	6.8000
dPolE	242.624	90.000	99.9607	1.0000	0.0000	6.8000
uR	242.624	90.000	0.0011	1.0000	0.0000	6.8000
E	244.237	90.000	3.5502	346.9745	0.3201	2.9804	0.0000	6.8000
dPolE	244.237	90.000	99.9561	1.0000	0.0000	6.8000
uR	244.237	90.000	0.0010	1.0000	0.0000	6.8000
E	245.850	90.000	54.3771	13.3372	0.3089	0.3663	0.0000	6.8000
dPolE	245.850	90.000	99.9808	1.0000	0.0000	6.8000
uR	245.850	90.000	0.0009	1.0000	0.0000	6.8000
E	247.463	90.000	57.9208	173.7203	0.3059	0.3586	0.0000	6.8000
dPolE	247.463	90.000	99.9927	1.0000	0.0000	6.8000
uR	247.463	90.000	0.0007	1.0000	0.0000	6.8000
E	249.076	90.000	23.0241	38.8984	0.3129	0.6979	0.0000	6.8000
dPolE	249.076	90.000	99.9798	1.0000	0.0000	6.8000
uR	249.076	90.000	0.0006	1.0000	0.0000	6.8000
E	250.689	90.000	53.9100	326.6234	0.3116	0.4604	0.0000	6.8000
dPolE	250.689	90.000	99.9105	1.0000	0.0000	6.8000
uR	250.689	90.000	0.0013	1.0000	0.0000	6.8000
E	252.302	90.000	17.4188	263.9030	0.2470	1.2114	0.0000	6.8000
dPolE	252.302	90.000	99.9996	1.0000	0.0000	6.8000
uR	252.302	90.000	0.0010	1.0000	0.0000	6.8000
E	253.916	90.000	72.8844	184.4024	0.2942	0.5335	0.0000	6.8000
dPolE	253.916	90.000	99.9268	1.0000	0.0000	6.8000
uR	253.916	90.000	0.0010	1.0000	0.0000	6.8000
E	255.529	90.000	33.4715	153.2049	0.3000	0.4198	0.0000	6.8000
dPolE	255.529	90.000	99.9999	1.0000	0.0000	6.8000
uR	255.529	90.000	0.0010	1.0000	0.0000	6.8000
E	257.142	90.000	56.8556	164.3965	0.3194	0.3879	0.0000	6.8000
dPolE	257.142	90.000	99.9667	1.0000	0.0000	6.8000
uR	257.142	90.000	0.0010	1.0000	0.0000	6.8000
E	258.756	90.000	44.1715	340.1102	0.3154	0.3669	0.0000	6.8000
dPolE	258.756	90.000	99.9305	1.0000	0.0000	6.8000
uR	258.756	90.000	0.0008	1.0000	0.0000	6.8000
E	260.369	90.000	21.0456	204.0703	0.3115	0.5906	0.0000	6.8000
dPolE	260.369	90.000	99.9818	1.0000	0.0000	6.8000
uR	260.369	90.000	0.0018	1.0000	0.0000	6.8000
E	261.983	90.000	82.8327	263.0830	0.1617	2.3401	0.0000	6.8000
dPolE	261.983	90.000	99.9570	1.0000	0.0000	6.8000
uR	261.983	90.000	0.0008	1.0000	0.0000	6.8000
E	263.596	90.000	53.8085	346.1371	0.2933	0.3354	0.0000	6.8000
dPolE	263.596	90.000	99.9599	1.0000	0.0000	6.8000
uR	263.596	90.000	0.0009	1.0000	0.0000	6.8000
E	265.210	90.000	9.2265	69.7477	0.2010	1.8924	0.0000	6.8000
dPolE	265.210	90.000	99.9786	1.0000	0.0000	6.8000
uR	265.210	90.000	0.0006	1.0000	0.0000	6.8000
E	266.823	90.000	40.7657	160.9633	0.2863	0.3360	0.0000	6.8000
dPolE	266.823	90.000	99.9421	1.0000	0.0000	6.8000
uR	266.823	90.000	0.0007	1.0000	0.0000	6.8000
E	268.437	90.000	65.4344	233.9669	0.2712	0.6950	0.0000	6.8000
dPolE	268.437	90.000	99.9736	1.0000	0.0000	6.8000
uR	268.437	90.000	0.0007	1.0000	0.0000	6.8000
E	270.051	90.000	62.6525	191.6674	0.2779	0.3712	0.0000	6.8000
dPolE	270.051	90.000	99.9487	1.0000	0.0000	6.8000
uR	270.051	90.000	0.0013	1.0000	0.0000	6.8000
E	271.665	90.000	23.2442	37.6180	0.2591	0.5633	0.0000	6.8000
dPolE	271.665	90.000	99.9569	1.0000	0.0000	6.8000
uR	271.665	90.000	0.0007	1.0000	0.0000	6.8000
E	273.279	90.000	55.3713	75.2788	0.2602	0.5681	0.0000	6.8000
dPolE	273.279	90.000	99.9881	1.0000	0.0000	6.8000
uR	273.279	90.000	0.0006	1.0000	0.0000	6.8000
E	274.892	90.000	60.4771	72.2486	0.2662	0.6595	0.0000	6.8000
dPolE	274.892	90.000	99.9726	1.0000	0.0000	6.8000
uR	274.892	90.000	0.0007	1.0000	0.0000	6.8000
E	276.506	90.000	45.4636	112.6225	0.2642	0.4996	0.0000	6.8000
dPolE	276.506	90.000	99.9856	1.0000	0.0000	6.8000
uR	276.506	90.000	0.0004	1.0000	0.0000	6.8000
E	278.120	90.000	45.2103	111.7391	0.2701	0.5132	0.0000	6.8000
dPolE	278.120	90.000	99.9969	1.0000	0.0000	6.8000
uR	278.120	90.000	0.0007	1.0000	0.0000	6.8000
E	279.734	90.000	28.6949	71.5181	0.2469	0.6257	0.0000	6.8000
dPolE	279.734	90.000	99.9913	1.0000	0.0000	6.8000
uR	279.734	90.000	0.0004	1.0000	0.0000	6.8000
E	281.349	90.000	53.2950	163.3512	0.2734	0.3422	0.0000	6.8000
dPolE	281.349	90.000	99.9680	1.0000	0.0000	6.8000
uR	281.349	90.000	0.0009	1.0000	0.0000	6.8000
E	282.963	90.000	23.7395	29.5564	0.2398	0.4676	0.0000	6.8000
dPolE	282.963	90.000	99.9967	1.0000	0.0000	6.8000
uR	282.963	90.000	0.0006	1.0000	0.0000	6.8000
E	284.577	90.000	60.5485	345.9744	0.2493	0.3486	0.0000	6.8000
dPolE	284.577	90.000	99.9455	1.0000	0.0000	6.8000
uR	284.577	90.000	0.0007	1.0000	0.0000	6.8000
E	286.191	90.000	65.2128	69.8446	0.2043	0.5951	0.0000	6.8000
dPolE	286.191	90.000	99.9360	1.0000	0.0000	6.8000
uR	286.191	90.000	0.0008	1.0000	0.0000	6.8000
E	287.805	90.000	47.9741	197.9151	0.2415	0.3038	0.0000	6.8000
dPolE	287.805	90.000	99.9865	1.0000	0.0000	6.8000
uR	287.805	90.000	0.0003	1.0000	0.0000	6.8000
E	289.420	90.000	61.6702	357.9732	0.2341	0.3244	0.0000	6.8000
dPolE	289.420	90.000	99.9967	1.0000	0.0000	6.8000
uR	289.420	90.000	0.0005	1.0000	0.0000	6.8000
E	291.034	90.000	20.3357	246.4738	0.1989	0.6995	0.0000	6.8000
dPolE	291.034	90.000	99.9967	1.0000	0.0000	6.8000
uR	291.034	90.000	0.0006	1.0000	0.0000	6.8000
E	292.649	90.000	78.7969	128.9464	0.1849	1.0264	0.0000	6.8000
dPolE	292.649	90.000	99.9404	1.0000	0.0000	6.8000
uR	292.649	90.000	0.0006	1.0000	0.0000	6.8000
E	294.263	90.000	38.7949	225.8850	0.2283	0.3913	0.0000	6.8000
dPolE	294.263	90.000	99.9976	1.0000	0.0000	6.8000
uR	294.263	90.000	0.0006	1.0000	0.0000	6.8000
E	295.877	90.000	22.9993	156.3362	0.2191	0.4288	0.0000	6.8000
dPolE	295.877	90.000	99.9999	1.0000	0.0000	6.8000
uR	295.877	90.000	0.0004	1.0000	0.0000	6.8000
E	297.492	90.000	35.3781	219.2675	0.2169	0.3689	0.0000	6.8000
dPolE	297.492	90.000	99.9864	1.0000	0.0000	6.8000
uR	297.492	90.000	0.0004	1.0000	0.0000	6.8000
E	299.107	90.000	9.9018	262.0206	0.1397	1.1988	0.0000	6.8000
dPolE	299.107	90.000	99.9726	1.0000	0.0000	6.8000
uR	299.107	90.000	0.0006	1.0000	0.0000	6.8000
E	300.721	90.000	81.5221	166.1797	0.2206	1.0119	0.0000	6.8000
dPolE	300.721	90.000	99.9114	1.0000	0.0000	6.8000
uR	300.721	90.000	0.0007	1.0000	0.0000	6.8000
E	302.336	90.000	25.8264	218.6514	0.1979	0.4226	0.0000	6.8000
dPolE	302.336	90.000	99.9867	1.0000	0.0000	6.8000
uR	302.336	90.000	0.0004	1.0000	0.0000	6.8000
E	303.950	90.000	40.5582	223.5215	0.2089	0.3535	0.0000	6.8000
dPolE	303.950	90.000	99.9344	1.0000	0.0000	6.8000
uR	303.950	90.000	0.0006	1.0000	0.0000	6.8000
E	305.565	90.000	30.9105	325.6501	0.2074	0.3760	0.0000	6.8000
dPolE	305.565	90.000	99.9994	1.0000	0.0000	6.8000
uR	305.565	90.000	0.0005	1.0000	0.0000	6.8000
E	307.180	90.000	17.3558	183.6107	0.1912	0.4468	0.0000	6.8000
dPolE	307.180	90.000	99.9999	1.0000	0.0000	6.8000
uR	307.180	90.000	0.0003	1.0000	0.0000	6.8000
E	308.795	90.000	26.2428	176.5919	0.1922	0.3264	0.0000	6.8000
dPolE	308.795	90.000	99.9908	1.0000	0.0000	6.8000
uR	308.795	90.000	0.0003	1.0000	0.0000	6.8000
E	310.410	90.000	53.8186	144.4702	0.1846	0.3140	0.0000	6.8000
dPolE	310.410	90.000	99.9865	1.0000	0.0000	6.8000
uR	310.410	90.000	0.0004	1.0000	0.0000	6.8000
E	312.024	90.000	9.8625	257.7629	0.1480	1.1640	0.0000	6.8000
dPolE	312.024	90.000	99.9953	1.0000	0.0000	6.8000
uR	312.024	90.000	0.0004	1.0000	0.0000	6.8000
E	313.639	90.000	67.7457	130.3817	0.1795	0.4924	0.0000	6.8000
dPolE	313.639	90.000	99.9824	1.0000	0.0000	6.8000
uR	313.639	90.000	0.0003	1.0000	0.0000	6.8000
E	315.254	90.000	45.9265	345.8516	0.1825	0.2661	0.0000	6.8000
dPolE	315.254	90.000	99.9963	1.0000	0.0000	6.8000
uR	315.254	90.000	0.0003	1.0000	0.0000	6.8000
E	316.869	90.000	34.2357	339.3488	0.1899	0.3094	0.0000	6.8000
dPolE	316.869	90.000	99.9934	1.0000	0.0000	6.8000
uR	316.869	90.000	0.0004	1.0000	0.0000	6.8000
E	318.484	90.000	26.8172	332.6346	0.1644	0.3273	0.0000	6.8000
dPolE	318.484	90.000	99.9910	1.0000	0.0000	6.8000
uR	318.484	90.000	0.0004	1.0000	0.0000	6.8000
E	320.099	90.000	16.2493	300.9691	0.1545	0.6190	0.0000	6.8000
dPolE	320.099	90.000	99.9806	1.0000	0.0000	6.8000
uR	320.099	90.000	0.0004	1.0000	0.0000	6.8000
E	321.714	90.000	35.9867	121.4516	0.1766	0.3534	0.0000	6.8000
dPolE	321.714	90.000	99.9979	1.0000	0.0000	6.8000
uR	321.714	90.000	0.0003	1.0000	0.0000	6.8000
E	323.330	90.000	23.3879	338.9539	0.1642	0.3568	0.0000	6.8000
dPolE	323.330	90.000	99.9811	1.0000	0.0000	6.8000
uR	323.330	90.000	0.0004	1.0000	0.0000	6.8000
E	324.945	90.000	51.8732	186.8924	0.1762	0.2752	0.0000	6.8000
dPolE	324.945	90.000	99.9583	1.0000	0.0000	6.8000
uR	324.945	90.000	0.0005	1.0000	0.0000	6.8000
E	326.560	90.000	31.8728	338.9140	0.1692	0.3034	0.0000	6.8000
dPolE	326.560	90.000	99.9979	1.0000	0.0000	6.8000
uR	326.560	90.000	0.0005	1.0000	0.0000	6.8000
E	328.175	90.000	44.1697	190.9696	0.1727	0.2690	0.0000	6.8000
dPolE	328.175	90.000	99.9806	1.0000	0.0000	6.8000
uR	328.175	90.000	0.0003	1.0000	0.0000	6.8000
E	329.790	90.000	36.4671	19.3600	0.1614	0.2716	0.0000	6.8000
dPolE	329.790	90.000	99.9887	1.0000	0.0000	6.8000
uR	329.790	90.000	0.0003	1.0000	0.0000	6.8000
E	331.406	90.000	47.1268	327.2559	0.1595	0.2741	0.0000	6.8000
dPolE	331.406	90.000	99.9769	1.0000	0.0000	6.8000
uR	331.406	90.000	0.0004	1.0000	0.0000	6.8000
E	333.021	90.000	30.2288	207.4242	0.1594	0.3123	0.0000	6.8000
dPolE	333.021	90.000	99.9966	1.0000	0.0000	6.8000
uR	333.021	90.000	0.0002	1.0000	0.0000	6.8000
E	334.636	90.000	51.1126	34.0898	0.1405	0.2501	0.0000	6.8000
dPolE	334.636	90.000	99.9950	1.0000	0.0000	6.8000
uR	334.636	90.000	0.0004	1.0000	0.0000	6.8000
E	336.251	90.000	40.2416	29.6172	0.1505	0.2624	0.0000	6.8000
dPolE	336.251	90.000	99.9895	1.0000	0.0000	6.8000
uR	336.251	90.000	0.0004	1.0000	0.0000	6.8000
E	337.867	90.000	10.3385	329.3692	0.1540	0.7895	0.0000	6.8000
dPolE	337.867	90.000	99.9915	1.0000	0.0000	6.8000
uR	337.867	90.000	0.0003	1.0000	0.0000	6.8000
E	339.482	90.000	60.5998	52.4339	0.1445	0.3262	0.0000	6.8000
dPolE	339.482	90.000	99.9935	1.0000	0.0000	6.8000
uR	339.482	90.000	0.0002	1.0000	0.0000	6.8000
E	341.098	90.000	17.8264	41.8824	0.1443	0.4724	0.0000	6.8000
dPolE	341.098	90.000	99.9918	1.0000	0.0000	6.8000
uR	341.098	90.000	0.0004	1.0000	0.0000	6.8000
E	342.713	90.000	53.4788	33.7726	0.1600	0.2988	0.0000	6.8000
dPolE	342.713	90.000	99.9829	1.0000	0.0000	6.8000
uR	342.713	90.000	0.0004	1.0000	0.0000	6.8000
E	344.329	90.000	16.5641	25.2050	0.1568	0.5133	0.0000	6.8000
dPolE	344.329	90.000	99.9948	1.0000	0.0000	6.8000
uR	344.329	90.000	0.0002	1.0000	0.0000	6.8000
E	345.944	90.000	15.4626	350.0021	0.1506	0.5055	0.0000	6.8000
dPolE	345.944	90.000	99.9943	1.0000	0.0000	6.8000
uR	345.944	90.000	0.0002	1.0000	0.0000	6.8000
E	347.560	90.000	67.0706	41.0402	0.1401	0.3698	0.0000	6.8000
dPolE	347.560	90.000	99.9862	1.0000	0.0000	6.8000
uR	347.560	90.000	0.0004	1.0000	0.0000	6.8000
E	349.175	90.000	51.9465	22.0875	0.1468	0.2671	0.0000	6.8000
dPolE	349.175	90.000	99.9988	1.0000	0.0000	6.8000
uR	349.175	90.000	0.0002	1.0000	0.0000	6.8000
E	350.791	90.000	60.2066	18.5694	0.1484	0.3068	0.0000	6.8000
dPolE	350.791	90.000	99.9983	1.0000	0.0000	6.8000
uR	350.791	90.000	0.0002	1.0000	0.0000	6.8000
E	352.406	90.000	72.2258	127.0490	0.1352	0.4684	0.0000	6.8000
dPolE	352.406	90.000	99.9896	1.0000	0.0000	6.8000
uR	352.406	90.000	0.0003	1.0000	0.0000	6.8000
E	354.022	90.000	58.9725	312.7581	0.1424	0.3098	0.0000	6.8000
dPolE	354.022	90.000	99.9963	1.0000	0.0000	6.8000
uR	354.022	90.000	0.0002	1.0000	0.0000	6.8000
E	355.638	90.000	28.5316	253.1904	0.1411	0.3432	0.0000	6.8000
dPolE	355.638	90.000	99.9978	1.0000	0.0000	6.8000
uR	355.638	90.000	0.0002	1.0000	0.0000	6.8000
E	357.253	90.000	77.1353	140.0049	0.1456	0.6533	0.0000	6.8000
dPolE	357.253	90.000	99.9917	1.0000	0.0000	6.8000
uR	357.253	90.000	0.0003	1.0000	0.0000	6.8000
E	358.869	90.000	41.4550	291.5302	0.1301	0.2594	0.0000	6.8000
dPolE	358.869	90.000	99.9972	1.0000	0.0000	6.8000
uR	358.869	90.000	0.0003	1.0000	0.0000	6.8000
E	360.485	90.000	45.5555	43.6388	0.1421	0.2714	0.0000	6.8000
dPolE	360.485	90.000	99.9936	1.0000	0.0000	6.8000
uR	360.485	90.000	0.0003	1.0000	0.0000	6.8000
E	362.100	90.000	50.6496	353.3923	0.1362	0.2523	0.0000	6.8000
dPolE	362.100	90.000	99.9760	1.0000	0.0000	6.8000
uR	362.100	90.000	0.0004	1.0000	0.0000	6.8000
E	363.716	90.000	52.0509	33.4206	0.1438	0.2784	0.0000	6.8000
dPolE	363.716	90.000	99.9879	1.0000	0.0000	6.8000
uR	363.716	90.000	0.0003	1.0000	0.0000	6.8000
E	365.332	90.000	38.0670	123.4776	0.1360	0.2742	0.0000	6.8000
dPolE	365.332	90.000	99.9904	1.0000	0.0000	6.8000
uR	365.332	90.000	0.0003	1.0000	0.0000	6.8000
E	366.948	90.000	51.4094	72.2067	0.1261	0.2578	0.0000	6.8000
dPolE	366.948	90.000	99.9946	1.0000	0.0000	6.8000
uR	366.948	90.000	0.0003	1.0000	0.0000	6.8000
E	368.563	90.000	57.2455	76.2767	0.1373	0.3043	0.0000	6.8000
dPolE	368.563	90.000	99.9980	1.0000	0.0000	6.8000
uR	368.563	90.000	0.0004	1.0000	0.0000	6.8000
E	370.179	90.000	63.8752	258.0675	0.1313	0.3410	0.0000	6.8000
dPolE	370.179	90.000	99.9892	1.0000	0.0000	6.8000
uR	370.179	90.000	0.0003	1.0000	0.0000	6.8000
E	371.795	90.000	23.5017	243.3990	0.1342	0.3721	0.0000	6.8000
dPolE	371.795	90.000	99.9999	1.0000	0.0000	6.8000
uR	371.795	90.000	0.0003	1.0000	0.0000	6.8000
E	373.411	90.000	44.2629	295.0333	0.1280	0.2528	0.0000	6.8000
dPolE	373.411	90.000	99.9999	1.0000	0.0000	6.8000
uR	373.411	90.000	0.0005	1.0000	0.0000	6.8000
E	375.027	90.000	8.5000	138.2327	0.1257	0.8517	0.0000	6.8000
dPolE	375.027	90.000	99.9976	1.0000	0.0000	6.8000
uR	375.027	90.000	0.0003	1.0000	0.0000	6.8000
E	376.643	90.000	50.6562	192.3673	0.1338	0.2574	0.0000	6.8000
dPolE	376.643	90.000	99.9948	1.0000	0.0000	6.8000
uR	376.643	90.000	0.0002	1.0000	0.0000	6.8000
E	378.258	90.000	38.6916	279.9204	0.1338	0.2746	0.0000	6.8000
dPolE	378.258	90.000	99.9896	1.0000	0.0000	6.8000
uR	378.258	90.000	0.0003	1.0000	0.0000	6.8000
E	379.874	90.000	26.1144	188.3809	0.1268	0.3004	0.0000	6.8000
dPolE	379.874	90.000	99.9994	1.0000	0.0000	6.8000
uR	379.874	90.000	0.0003	1.0000	0.0000	6.8000
E	381.490	90.000	55.3361	72.1187	0.1215	0.2600	0.0000	6.8000
dPolE	381.490	90.000	99.9883	1.0000	0.0000	6.8000
uR	381.490	90.000	0.0003	1.0000	0.0000	6.8000
E	383.106	90.000	48.2139	7.3659	0.1336	0.2555	0.0000	6.8000
dPolE	383.106	90.000	99.9936	1.0000	0.0000	6.8000
uR	383.106	90.000	0.0002	1.0000	0.0000	6.8000
E	384.722	90.000	59.8865	36.1959	0.1310	0.2933	0.0000	6.8000
dPolE	384.722	90.000	99.9816	1.0000	0.0000	6.8000
uR	384.722	90.000	0.0004	1.0000	0.0000	6.8000
E	386.338	90.000	42.1812	223.3392	0.1289	0.2516	0.0000	6.8000
dPolE	386.338	90.000	99.9833	1.0000	0.0000	6.8000
uR	386.338	90.000	0.0003	1.0000	0.0000	6.8000
E	387.954	90.000	75.5324	40.4054	0.1250	0.5083	0.0000	6.8000
dPolE	387.954	90.000	99.9792	1.0000	0.0000	6.8000
uR	387.954	90.000	0.0004	1.0000	0.0000	6.8000
E	389.570	90.000	57.5822	75.9138	0.1113	0.2476	0.0000	6.8000
dPolE	389.570	90.000	99.9836	1.0000	0.0000	6.8000
uR	389.570	90.000	0.0004	1.0000	0.0000	6.8000
E	391.186	90.000	70.7358	86.8909	0.1171	0.3881	0.0000	6.8000
dPolE	391.186	90.000	99.9944	1.0000	0.0000	6.8000
uR	391.186	90.000	0.0003	1.0000	0.0000	6.8000
E	392.802	90.000	12.6604	50.3814	0.1235	0.5798	0.0000	6.8000
dPolE	392.802	90.000	99.9851	1.0000	0.0000	6.8000
uR	392.802	90.000	0.0003	1.0000	0.0000	6.8000
E	394.418	90.000	32.8182	27.3548	0.1254	0.2651	0.0000	6.8000
dPolE	394.418	90.000	99.9934	1.0000	0.0000	6.8000
uR	394.418	90.000	0.0002	1.0000	0.0000	6.8000
E	396.034	90.000	25.9075	77.0654	0.1256	0.3255	0.0000	6.8000
dPolE	396.034	90.000	99.9877	1.0000	0.0000	6.8000
uR	396.034	90.000	0.0002	1.0000	0.0000	6.8000
E	397.650	90.000	39.2787	52.4454	0.1157	0.2311	0.0000	6.8000
dPolE	397.650	90.000	99.9830	1.0000	0.0000	6.8000
uR	397.650	90.000	0.0003	1.0000	0.0000	6.8000
E	399.266	90.000	27.6494	79.5749	0.1229	0.3041	0.0000	6.8000
dPolE	399.266	90.000	99.9807	1.0000	0.0000	6.8000
uR	399.266	90.000	0.0004	1.0000	0.0000	6.8000
E	400.882	90.000	40.2620	34.6502	0.1210	0.2367	0.0000	6.8000
dPolE	400.882	90.000	99.9539	1.0000	0.0000	6.8000
uR	400.882	90.000	0.0004	1.0000	0.0000	6.8000
E	402.498	90.000	38.7846	20.7874	0.1193	0.2339	0.0000	6.8000
dPolE	402.498	90.000	99.8768	1.0000	0.0000	6.8000
uR	402.498	90.000	0.0007	1.0000	0.0000	6.8000
E	404.114	90.000	41.1463	32.7013	0.1175	0.2285	0.0000	6.8000
dPolE	404.114	90.000	99.8482	1.0000	0.0000	6.8000
uR	404.114	90.000	0.0008	1.0000	0.0000	6.8000
E	405.730	90.000	48.9207	42.2363	0.1194	0.2332	0.0000	6.8000
dPolE	405.730	90.000	99.7805	1.0000	0.0000	6.8000
uR	405.730	90.000	0.0009	1.0000	0.0000	6.8000
E	407.346	90.000	41.7727	30.1321	0.1171	0.2239	0.0000	6.8000
dPolE	407.346	90.000	99.7755	1.0000	0.0000	6.8000
uR	407.346	90.000	0.0009	1.0000	0.0000	6.8000
E	408.962	90.000	48.0764	28.8856	0.1168	0.2227	0.0000	6.8000
dPolE	408.962	90.000	99.5786	1.0000	0.0000	6.8000
uR	408.962	90.000	0.0013	1.0000	0.0000	6.8000
E	410.578	90.000	45.1253	31.2280	0.1200	0.2288	0.0000	6.8000
dPolE	410.578	90.000	99.4288	1.0000	0.0000	6.8000
uR	410.578	90.000	0.0014	1.0000	0.0000	6.8000
E	412.194	90.000	44.4954	34.5275	0.1099	0.2113	0.0000	6.8000
dPolE	412.194	90.000	99.4189	1.0000	0.0000	6.8000
uR	412.194	90.000	0.0015	1.0000	0.0000	6.8000
E	413.810	90.000	46.3357	24.1546	0.1123	0.2139	0.0000	6.8000
dPolE	413.810	90.000	98.9752	1.0000	0.0000	6.8000
uR	413.810	90.000	0.0020	1.0000	0.0000	6.8000
E	415.426	90.000	46.1718	28.6158	0.1096	0.2081	0.0000	6.8000
dPolE	415.426	90.000	98.7482	1.0000	0.0000	6.8000
uR	415.426	90.000	0.0022	1.0000	0.0000	6.8000
E	417.042	90.000	42.4686	27.7506	0.1132	0.2135	0.0000	6.8000
dPolE	417.042	90.000	98.3066	1.0000	0.0000	6.8000
uR	417.042	90.000	0.0025	1.0000	0.0000	6.8000
E	418.658	90.000	45.4935	31.6826	0.1098	0.2066	0.0000	6.8000
dPolE	418.658	90.000	97.9030	1.0000	0.0000	6.8000
uR	418.658	90.000	0.0029	1.0000	0.0000	6.8000
E	420.274	90.000	44.0011	26.9215	0.1108	0.2074	0.0000	6.8000
dPolE	420.274	90.000	97.4932	1.0000	0.0000	6.8000
uR	420.274	90.000	0.0031	1.0000	0.0000	6.8000
E	421.890	90.000	44.1545	27.1335	0.1055	0.1982	0.0000	6.8000
dPolE	421.890	90.000	97.1267	1.0000	0.0000	6.8000
uR	421.890	90.000	0.0036	1.0000	0.0000	6.8000
E	423.506	90.000	45.3430	26.5914	0.0997	0.1876	0.0000	6.8000
dPolE	423.506	90.000	96.9930	1.0000	0.0000	6.8000
uR	423.506	90.000	0.0038	1.0000	0.0000	6.8000
E	425.122	90.000	45.0114	27.6445	0.1033	0.1941	0.0000	6.8000
dPolE	425.122	90.000	96.6665	1.0000	0.0000	6.8000
uR	425.122	90.000	0.0041	1.0000	0.0000	6.8000
E	426.738	90.000	45.1061	26.7625	0.1022	0.1903	0.0000	6.8000
dPolE	426.738	90.000	95.9454	1.0000	0.0000	6.8000
uR	426.738	90.000	0.0044	1.0000	0.0000	6.8000
E	428.355	90.000	44.4122	26.5348	0.0987	0.1820	0.0000	6.8000
dPolE	428.355	90.000	95.3918	1.0000	0.0000	6.8000
uR	428.355	90.000	0.0051	1.0000	0.0000	6.8000
E	429.971	90.000	45.4803	25.8605	0.1014	0.1858	0.0000	6.8000
dPolE	429.971	90.000	95.1537	1.0000	0.0000	6.8000
uR	429.971	90.000	0.0051	1.0000	0.0000	6.8000
E	431.587	90.000	44.6897	24.5610	0.1019	0.1863	0.0000	6.8000
dPolE	431.587	90.000	94.0168	1.0000	0.0000	6.8000
uR	431.587	90.000	0.0057	1.0000	0.0000	6.8000
E	433.203	90.000	45.0611	24.9198	0.0997	0.1829	0.0000	6.8000
dPolE	433.203	90.000	94.0590	1.0000	0.0000	6.8000
uR	433.203	90.000	0.0060	1.0000	0.0000	6.8000
E	434.819	90.000	44.7634	24.0731	0.0938	0.1724	0.0000	6.8000
dPolE	434.819	90.000	93.3036	1.0000	0.0000	6.8000
uR	434.819	90.000	0.0064	1.0000	0.0000	6.8000
E	436.435	90.000	45.0750	24.5725	0.0917	0.1681	0.0000	6.8000
dPolE	436.435	90.000	92.1974	1.0000	0.0000	6.8000
uR	436.435	90.000	0.0068	1.0000	0.0000	6.8000
E	438.051	90.000	44.2691	22.5633	0.0969	0.1758	0.0000	6.8000
dPolE	438.051	90.000	90.6438	1.0000	0.0000	6.8000
uR	438.051	90.000	0.0072	1.0000	0.0000	6.8000
E	439.667	90.000	45.5406	24.1106	0.0955	0.1720	0.0000	6.8000
dPolE	439.667	90.000	89.6831	1.0000	0.0000	6.8000
uR	439.667	90.000	0.0076	1.0000	0.0000	6.8000
E	441.283	90.000	45.3577	23.5588	0.0947	0.1692	0.0000	6.8000
dPolE	441.283	90.000	88.7382	1.0000	0.0000	6.8000
uR	441.283	90.000	0.0080	1.0000	0.0000	6.8000
E	442.899	90.000	44.4925	23.6545	0.0920	0.1638	0.0000	6.8000
dPolE	442.899	90.000	88.5041	1.0000	0.0000	6.8000
uR	442.899	90.000	0.0082	1.0000	0.0000	6.8000
E	444.515	90.000	44.6395	22.5008	0.0941	0.1673	0.0000	6.8000
dPolE	444.515	90.000	88.0099	1.0000	0.0000	6.8000
uR	444.515	90.000	0.0085	1.0000	0.0000	6.8000
E	446.131	90.000	45.0518	23.8078	0.0873	0.1560	0.0000	6.8000
dPolE	446.131	90.000	88.3793	1.0000	0.0000	6.8000
uR	446.131	90.000	0.0088	1.0000	0.0000	6.8000
E	447.747	90.000	45.0087	22.2082	0.0930	0.1658	0.0000	6.8000
dPolE	447.747	90.000	86.5275	1.0000	0.0000	6.8000
uR	447.747	90.000	0.0094	1.0000	0.0000	6.8000
E	449.363	90.000	45.1488	20.8095	0.0850	0.1505	0.0000	6.8000
dPolE	449.363	90.000	85.0785	1.0000	0.0000	6.8000
uR	449.363	90.000	0.0097	1.0000	0.0000	6.8000
E	450.979	90.000	44.8544	20.6779	0.0900	0.1579	0.0000	6.8000
dPolE	450.979	90.000	82.6539	1.0000	0.0000	6.8000
uR	450.979	90.000	0.0099	1.0000	0.0000	6.8000
E	452.594	90.000	44.9861	21.2434	0.0931	0.1618	0.0000	6.8000
dPolE	452.594	90.000	80.9173	1.0000	0.0000	6.8000
uR	452.594	90.000	0.0104	1.0000	0.0000	6.8000
E	454.210	90.000	44.4824	20.1662	0.0852	0.1466	0.0000	6.8000
dPolE	454.210	90.000	82.4384	1.0000	0.0000	6.8000
uR	454.210	90.000	0.0107	1.0000	0.0000	6.8000
E	455.826	90.000	44.7347	20.6772	0.0877	0.1505	0.0000	6.8000
dPolE	455.826	90.000	80.6411	1.0000	0.0000	6.8000
uR	455.826	90.000	0.0112	1.0000	0.0000	6.8000
E	457.442	90.000	44.7673	20.0925	0.0862	0.1478	0.0000	6.8000
dPolE	457.442	90.000	80.0503	1.0000	0.0000	6.8000
uR	457.442	90.000	0.0114	1.0000	0.0000	6.8000
E	459.058	90.000	45.1434	19.6853	0.0850	0.1460	0.0000	6.8000
dPolE	459.058	90.000	78.7108	1.0000	0.0000	6.8000
uR	459.058	90.000	0.0115	1.0000	0.0000	6.8000
E	460.674	90.000	45.1589	19.6172	0.0807	0.1386	0.0000	6.8000
dPolE	460.674	90.000	77.6321	1.0000	0.0000	6.8000
uR	460.674	90.000	0.0118	1.0000	0.0000	6.8000
E	462.290	90.000	44.8551	18.7611	0.0795	0.1359	0.0000	6.8000
dPolE	462.290	90.000	75.2381	1.0000	0.0000	6.8000
uR	462.290	90.000	0.0123	1.0000	0.0000	6.8000
E	463.906	90.000	44.8755	19.2111	0.0799	0.1356	0.0000	6.8000
dPolE	463.906	90.000	72.5482	1.0000	0.0000	6.8000
uR	463.906	90.000	0.0128	1.0000	0.0000	6.8000
E	465.521	90.000	44.8951	19.2705	0.0764	0.1284	0.0000	6.8000
dPolE	465.521	90.000	70.9692	1.0000	0.0000	6.8000
uR	465.521	90.000	0.0130	1.0000	0.0000	6.8000
E	467.137	90.000	44.9179	18.3125	0.0720	0.1193	0.0000	6.8000
dPolE	467.137	90.000	68.4223	1.0000	0.0000	6.8000
uR	467.137	90.000	0.0133	1.0000	0.0000	6.8000
E	468.753	90.000	45.0286	18.6702	0.0740	0.1221	0.0000	6.8000
dPolE	468.753	90.000	64.7128	1.0000	0.0000	6.8000
uR	468.753	90.000	0.0134	1.0000	0.0000	6.8000
E	470.369	90.000	44.9089	18.1051	0.0752	0.1236	0.0000	6.8000
dPolE	470.369	90.000	65.9285	1.0000	0.0000	6.8000
uR	470.369	90.000	0.0138	1.0000	0.0000	6.8000
E	471.985	90.000	44.5763	18.4699	0.0791	0.1304	0.0000	6.8000
dPolE	471.985	90.000	67.5577	1.0000	0.0000	6.8000
uR	471.985	90.000	0.0143	1.0000	0.0000	6.8000
E	473.600	90.000	44.5445	18.0175	0.0784	0.1293	0.0000	6.8000
dPolE	473.600	90.000	67.4471	1.0000	0.0000	6.8000
uR	473.600	90.000	0.0146	1.0000	0.0000	6.8000
E	475.216	90.000	45.2011	17.5844	0.0764	0.1259	0.0000	6.8000
dPolE	475.216	90.000	70.1712	1.0000	0.0000	6.8000
uR	475.216	90.000	0.0148	1.0000	0.0000	6.8000
E	476.832	90.000	44.7447	17.5014	0.0779	0.1278	0.0000	6.8000
dPolE	476.832	90.000	72.3816	1.0000	0.0000	6.8000
uR	476.832	90.000	0.0150	1.0000	0.0000	6.8000
E	478.448	90.000	44.8668	17.0722	0.0820	0.1333	0.0000	6.8000
dPolE	478.448	90.000	71.2747	1.0000	0.0000	6.8000
uR	478.448	90.000	0.0154	1.0000	0.0000	6.8000
E	480.063	90.000	45.1826	16.7582	0.0804	0.1293	0.0000	6.8000
dPolE	480.063	90.000	70.2087	1.0000	0.0000	6.8000
uR	480.063	90.000	0.0154	1.0000	0.0000	6.8000
E	481.679	90.000	44.9943	16.4406	0.0752	0.1194	0.0000	6.8000
dPolE	481.679	90.000	70.6460	1.0000	0.0000	6.8000
uR	481.679	90.000	0.0155	1.0000	0.0000	6.8000
E	483.294	90.000	44.9412	16.4363	0.0789	0.1245	0.0000	6.8000
dPolE	483.294	90.000	66.2038	1.0000	0.0000	6.8000
uR	483.294	90.000	0.0158	1.0000	0.0000	6.8000
E	484.910	90.000	44.7471	16.0861	0.0777	0.1220	0.0000	6.8000
dPolE	484.910	90.000	68.8393	1.0000	0.0000	6.8000
uR	484.910	90.000	0.0162	1.0000	0.0000	6.8000
E	486.526	90.000	45.1021	16.3453	0.0783	0.1233	0.0000	6.8000
dPolE	486.526	90.000	69.8503	1.0000	0.0000	6.8000
uR	486.526	90.000	0.0165	1.0000	0.0000	6.8000
E	488.141	90.000	45.2208	16.5175	0.0815	0.1287	0.0000	6.8000
dPolE	488.141	90.000	68.7006	1.0000	0.0000	6.8000
uR	488.141	90.000	0.0165	1.0000	0.0000	6.8000
E	489.757	90.000	45.2159	15.7731	0.0790	0.1244	0.0000	6.8000
dPolE	489.757	90.000	68.3659	1.0000	0.0000	6.8000
uR	489.757	90.000	0.0168	1.0000	0.0000	6.8000
E	491.372	90.000	44.5389	15.0603	0.0766	0.1200	0.0000	6.8000
dPolE	491.372	90.000	66.2935	1.0000	0.0000	6.8000
uR	491.372	90.000	0.0169	1.0000	0.0000	6.8000
E	492.988	90.000	45.0267	15.5294	0.0744	0.1161	0.0000	6.8000
dPolE	492.988	90.000	65.4022	1.0000	0.0000	6.8000
uR	492.988	90.000	0.0170	1.0000	0.0000	6.8000
E	494.603	90.000	44.8239	14.9694	0.0761	0.1175	0.0000	6.8000
dPolE	494.603	90.000	65.5263	1.0000	0.0000	6.8000
uR	494.603	90.000	0.0174	1.0000	0.0000	6.8000
E	496.219	90.000	44.6683	15.0322	0.0798	0.1221	0.0000	6.8000
dPolE	496.219	90.000	67.0455	1.0000	0.0000	6.8000
uR	496.219	90.000	0.0176	1.0000	0.0000	6.8000
E	497.834	90.000	44.8997	14.7698	0.0822	0.1243	0.0000	6.8000
dPolE	497.834	90.000	66.6873	1.0000	0.0000	6.8000
uR	497.834	90.000	0.0176	1.0000	0.0000	6.8000
E	499.450	90.000	44.9299	14.7193	0.0796	0.1196	0.0000	6.8000
dPolE	499.450	90.000	66.0931	1.0000	0.0000	6.8000
uR	499.450	90.000	0.0181	1.0000	0.0000	6.8000
E	501.065	90.000	44.7586	14.2224	0.0783	0.1171	0.0000	6.8000
dPolE	501.065	90.000	66.7707	1.0000	0.0000	6.8000
uR	501.065	90.000	0.0183	1.0000	0.0000	6.8000
E	502.680	90.000	45.1108	13.9566	0.0794	0.1186	0.0000	6.8000
dPolE	502.680	90.000	66.9714	1.0000	0.0000	6.8000
uR	502.680	90.000	0.0181	1.0000	0.0000	6.8000
E	504.296	90.000	44.9703	14.3442	0.0801	0.1200	0.0000	6.8000
dPolE	504.296	90.000	66.5567	1.0000	0.0000	6.8000
uR	504.296	90.000	0.0182	1.0000	0.0000	6.8000
E	505.911	90.000	44.9916	14.1850	0.0789	0.1182	0.0000	6.8000
dPolE	505.911	90.000	66.3712	1.0000	0.0000	6.8000
uR	505.911	90.000	0.0184	1.0000	0.0000	6.8000
E	507.526	90.000	44.7597	14.1389	0.0800	0.1196	0.0000	6.8000
dPolE	507.526	90.000	64.4321	1.0000	0.0000	6.8000
uR	507.526	90.000	0.0187	1.0000	0.0000	6.8000
E	509.141	90.000	45.1387	13.2825	0.0767	0.1138	0.0000	6.8000
dPolE	509.141	90.000	63.1998	1.0000	0.0000	6.8000
uR	509.141	90.000	0.0191	1.0000	0.0000	6.8000
E	510.756	90.000	44.7648	13.2332	0.0776	0.1142	0.0000	6.8000
dPolE	510.756	90.000	63.8576	1.0000	0.0000	6.8000
uR	510.756	90.000	0.0193	1.0000	0.0000	6.8000
E	512.372	90.000	44.9555	13.5404	0.0795	0.1160	0.0000	6.8000
dPolE	512.372	90.000	64.5624	1.0000	0.0000	6.8000
uR	512.372	90.000	0.0199	1.0000	0.0000	6.8000
E	513.987	90.000	44.8661	12.9358	0.0811	0.1169	0.0000	6.8000
dPolE	513.987	90.000	63.7312	1.0000	0.0000	6.8000
uR	513.987	90.000	0.0210	1.0000	0.0000	6.8000
E	515.602	90.000	44.7698	13.2140	0.0832	0.1193	0.0000	6.8000
dPolE	515.602	90.000	64.5471	1.0000	0.0000	6.8000
uR	515.602	90.000	0.0216	1.0000	0.0000	6.8000
E	517.217	90.000	44.7981	13.1402	0.0850	0.1212	0.0000	6.8000
dPolE	517.217	90.000	65.2536	1.0000	0.0000	6.8000
uR	517.217	90.000	0.0214	1.0000	0.0000	6.8000
E	518.832	90.000	44.8887	12.7853	0.0904	0.1283	0.0000	6.8000
dPolE	518.832	90.000	68.2766	1.0000	0.0000	6.8000
uR	518.832	90.000	0.0199	1.0000	0.0000	6.8000
E	520.447	90.000	45.1268	12.9125	0.0891	0.1265	0.0000	6.8000
dPolE	520.447	90.000	67.7493	1.0000	0.0000	6.8000
uR	520.447	90.000	0.0194	1.0000	0.0000	6.8000
E	522.062	90.000	44.9179	12.7967	0.0865	0.1229	0.0000	6.8000
dPolE	522.062	90.000	66.9103	1.0000	0.0000	6.8000
uR	522.062	90.000	0.0185	1.0000	0.0000	6.8000
E	523.677	90.000	45.1719	12.4294	0.0876	0.1243	0.0000	6.8000
dPolE	523.677	90.000	64.1894	1.0000	0.0000	6.8000
uR	523.677	90.000	0.0191	1.0000	0.0000	6.8000
E	525.292	90.000	44.8918	11.9951	0.0841	0.1188	0.0000	6.8000
dPolE	525.292	90.000	62.6647	1.0000	0.0000	6.8000
uR	525.292	90.000	0.0199	1.0000	0.0000	6.8000
E	526.907	90.000	44.9241	11.9911	0.0826	0.1163	0.0000	6.8000
dPolE	526.907	90.000	62.2210	1.0000	0.0000	6.8000
uR	526.907	90.000	0.0198	1.0000	0.0000	6.8000
E	528.521	90.000	44.9236	12.1984	0.0821	0.1149	0.0000	6.8000
dPolE	528.521	90.000	62.6014	1.0000	0.0000	6.8000
uR	528.521	90.000	0.0202	1.0000	0.0000	6.8000
E	530.136	90.000	45.1665	12.0726	0.0826	0.1144	0.0000	6.8000
dPolE	530.136	90.000	59.5791	1.0000	0.0000	6.8000
uR	530.136	90.000	0.0206	1.0000	0.0000	6.8000
E	531.751	90.000	44.9320	11.9081	0.0832	0.1142	0.0000	6.8000
dPolE	531.751	90.000	62.5104	1.0000	0.0000	6.8000
uR	531.751	90.000	0.0204	1.0000	0.0000	6.8000
E	533.366	90.000	44.6792	11.6257	0.0830	0.1128	0.0000	6.8000
dPolE	533.366	90.000	61.7779	1.0000	0.0000	6.8000
uR	533.366	90.000	0.0206	1.0000	0.0000	6.8000
E	534.980	90.000	44.9847	11.5053	0.0807	0.1089	0.0000	6.8000
dPolE	534.980	90.000	59.9698	1.0000	0.0000	6.8000
uR	534.980	90.000	0.0208	1.0000	0.0000	6.8000
E	536.595	90.000	45.1547	11.5058	0.0812	0.1093	0.0000	6.8000
dPolE	536.595	90.000	59.8177	1.0000	0.0000	6.8000
uR	536.595	90.000	0.0210	1.0000	0.0000	6.8000
E	538.210	90.000	45.0601	11.0580	0.0796	0.1068	0.0000	6.8000
dPolE	538.210	90.000	62.6062	1.0000	0.0000	6.8000
uR	538.210	90.000	0.0207	1.0000	0.0000	6.8000
E	539.824	90.000	44.8470	11.2887	0.0838	0.1126	0.0000	6.8000
dPolE	539.824	90.000	60.0196	1.0000	0.0000	6.8000
uR	539.824	90.000	0.0210	1.0000	0.0000	6.8000
E	541.439	90.000	44.7784	10.8906	0.0847	0.1137	0.0000	6.8000
dPolE	541.439	90.000	59.1599	1.0000	0.0000	6.8000
uR	541.439	90.000	0.0212	1.0000	0.0000	6.8000
E	543.053	90.000	45.1894	11.1341	0.0785	0.1054	0.0000	6.8000
dPolE	543.053	90.000	60.6646	1.0000	0.0000	6.8000
uR	543.053	90.000	0.0209	1.0000	0.0000	6.8000
E	544.668	90.000	44.6102	11.0492	0.0881	0.1181	0.0000	6.8000
dPolE	544.668	90.000	59.0850	1.0000	0.0000	6.8000
uR	544.668	90.000	0.0209	1.0000	0.0000	6.8000
E	546.282	90.000	44.9710	10.6523	0.0840	0.1118	0.0000	6.8000
dPolE	546.282	90.000	60.8884	1.0000	0.0000	6.8000
uR	546.282	90.000	0.0211	1.0000	0.0000	6.8000
E	547.896	90.000	44.8617	10.5659	0.0857	0.1132	0.0000	6.8000
dPolE	547.896	90.000	59.2959	1.0000	0.0000	6.8000
uR	547.896	90.000	0.0210	1.0000	0.0000	6.8000
E	549.511	90.000	44.8722	10.7510	0.0842	0.1106	0.0000	6.8000
dPolE	549.511	90.000	59.0715	1.0000	0.0000	6.8000
uR	549.511	90.000	0.0213	1.0000	0.0000	6.8000
E	551.125	90.000	45.0085	10.7398	0.0871	0.1132	0.0000	6.8000
dPolE	551.125	90.000	59.3246	1.0000	0.0000	6.8000
uR	551.125	90.000	0.0211	1.0000	0.0000	6.8000
E	552.739	90.000	45.3902	10.7261	0.0818	0.1053	0.0000	6.8000
dPolE	552.739	90.000	58.3122	1.0000	0.0000	6.8000
uR	552.739	90.000	0.0214	1.0000	0.0000	6.8000
E	554.353	90.000	45.1054	10.4384	0.0852	0.1090	0.0000	6.8000
dPolE	554.353	90.000	58.9846	1.0000	0.0000	6.8000
uR	554.353	90.000	0.0212	1.0000	0.0000	6.8000
E	555.968	90.000	44.9589	9.9968	0.0836	0.1063	0.0000	6.8000
dPolE	555.968	90.000	57.4036	1.0000	0.0000	6.8000
uR	555.968	90.000	0.0212	1.0000	0.0000	6.8000
E	557.582	90.000	44.8811	10.0458	0.0850	0.1077	0.0000	6.8000
dPolE	557.582	90.000	56.5128	1.0000	0.0000	6.8000
uR	557.582	90.000	0.0214	1.0000	0.0000	6.8000
E	559.196	90.000	45.4153	9.9176	0.0849	0.1075	0.0000	6.8000
dPolE	559.196	90.000	57.1281	1.0000	0.0000	6.8000
uR	559.196	90.000	0.0214	1.0000	0.0000	6.8000
E	560.810	90.000	45.0592	9.9615	0.0861	0.1090	0.0000	6.8000
dPolE	560.810	90.000	58.0309	1.0000	0.0000	6.8000
uR	560.810	90.000	0.0217	1.0000	0.0000	6.8000
E	562.424	90.000	44.8210	9.6707	0.0870	0.1101	0.0000	6.8000
dPolE	562.424	90.000	56.0398	1.0000	0.0000	6.8000
uR	562.424	90.000	0.0218	1.0000	0.0000	6.8000
E	564.038	90.000	44.9123	10.1240	0.0897	0.1137	0.0000	6.8000
dPolE	564.038	90.000	55.0578	1.0000	0.0000	6.8000
uR	564.038	90.000	0.0217	1.0000	0.0000	6.8000
E	565.651	90.000	44.9658	9.5596	0.0813	0.1026	0.0000	6.8000
dPolE	565.651	90.000	57.6068	1.0000	0.0000	6.8000
uR	565.651	90.000	0.0218	1.0000	0.0000	6.8000
E	567.265	90.000	44.9047	9.3542	0.0882	0.1107	0.0000	6.8000
dPolE	567.265	90.000	55.6018	1.0000	0.0000	6.8000
uR	567.265	90.000	0.0213	1.0000	0.0000	6.8000
E	568.879	90.000	45.1927	9.3192	0.0858	0.1070	0.0000	6.8000
dPolE	568.879	90.000	55.2863	1.0000	0.0000	6.8000
uR	568.879	90.000	0.0215	1.0000	0.0000	6.8000
E	570.493	90.000	45.0032	9.2603	0.0873	0.1081	0.0000	6.8000
dPolE	570.493	90.000	53.8620	1.0000	0.0000	6.8000
uR	570.493	90.000	0.0215	1.0000	0.0000	6.8000
E	572.106	90.000	45.1209	9.2424	0.0890	0.1093	0.0000	6.8000
dPolE	572.106	90.000	52.7694	1.0000	0.0000	6.8000
uR	572.106	90.000	0.0215	1.0000	0.0000	6.8000
E	573.720	90.000	44.8650	9.3103	0.0893	0.1088	0.0000	6.8000
dPolE	573.720	90.000	53.1579	1.0000	0.0000	6.8000
uR	573.720	90.000	0.0215	1.0000	0.0000	6.8000
E	575.333	90.000	44.9813	9.5727	0.0884	0.1069	0.0000	6.8000
dPolE	575.333	90.000	53.0866	1.0000	0.0000	6.8000
uR	575.333	90.000	0.0216	1.0000	0.0000	6.8000
E	576.947	90.000	44.6386	8.8918	0.0857	0.1028	0.0000	6.8000
dPolE	576.947	90.000	54.8977	1.0000	0.0000	6.8000
uR	576.947	90.000	0.0218	1.0000	0.0000	6.8000
E	578.560	90.000	44.7679	8.5805	0.0863	0.1030	0.0000	6.8000
dPolE	578.560	90.000	54.1707	1.0000	0.0000	6.8000
uR	578.560	90.000	0.0214	1.0000	0.0000	6.8000
E	580.174	90.000	45.0157	8.5619	0.0884	0.1051	0.0000	6.8000
dPolE	580.174	90.000	53.7755	1.0000	0.0000	6.8000
uR	580.174	90.000	0.0213	1.0000	0.0000	6.8000
E	581.787	90.000	45.1585	8.7370	0.0905	0.1077	0.0000	6.8000
dPolE	581.787	90.000	54.1118	1.0000	0.0000	6.8000
uR	581.787	90.000	0.0214	1.0000	0.0000	6.8000
E	583.400	90.000	45.0354	8.5693	0.0891	0.1058	0.0000	6.8000
dPolE	583.400	90.000	54.0824	1.0000	0.0000	6.8000
uR	583.400	90.000	0.0213	1.0000	0.0000	6.8000
E	585.014	90.000	45.0568	8.9019	0.0848	0.1011	0.0000	6.8000
dPolE	585.014	90.000	53.5982	1.0000	0.0000	6.8000
uR	585.014	90.000	0.0213	1.0000	0.0000	6.8000
E	586.627	90.000	44.6982	8.4362	0.0890	0.1057	0.0000	6.8000
dPolE	586.627	90.000	53.0521	1.0000	0.0000	6.8000
uR	586.627	90.000	0.0217	1.0000	0.0000	6.8000
E	588.240	90.000	44.7598	8.2238	0.0861	0.1019	0.0000	6.8000
dPolE	588.240	90.000	52.6876	1.0000	0.0000	6.8000
uR	588.240	90.000	0.0220	1.0000	0.0000	6.8000
E	589.853	90.000	44.9486	8.0294	0.0889	0.1049	0.0000	6.8000
dPolE	589.853	90.000	51.5165	1.0000	0.0000	6.8000
uR	589.853	90.000	0.0219	1.0000	0.0000	6.8000
E	591.466	90.000	45.1996	8.0792	0.0871	0.1021	0.0000	6.8000
dPolE	591.466	90.000	52.5284	1.0000	0.0000	6.8000
uR	591.466	90.000	0.0218	1.0000	0.0000	6.8000
E	593.079	90.000	44.9028	8.2202	0.0908	0.1060	0.0000	6.8000
dPolE	593.079	90.000	53.3039	1.0000	0.0000	6.8000
uR	593.079	90.000	0.0215	1.0000	0.0000	6.8000
E	594.692	90.000	45.0733	8.0571	0.0914	0.1057	0.0000	6.8000
dPolE	594.692	90.000	52.5567	1.0000	0.0000	6.8000
uR	594.692	90.000	0.0215	1.0000	0.0000	6.8000
E	596.305	90.000	45.2189	8.3262	0.0915	0.1051	0.0000	6.8000
dPolE	596.305	90.000	52.3469	1.0000	0.0000	6.8000
uR	596.305	90.000	0.0218	1.0000	0.0000	6.8000
E	597.918	90.000	44.7762	7.9489	0.0914	0.1041	0.0000	6.8000
dPolE	597.918	90.000	55.1405	1.0000	0.0000	6.8000
uR	597.918	90.000	0.0221	1.0000	0.0000	6.8000
E	599.530	90.000	44.6883	7.6930	0.0924	0.1045	0.0000	6.8000
dPolE	599.530	90.000	52.6704	1.0000	0.0000	6.8000
uR	599.530	90.000	0.0221	1.0000	0.0000	6.8000
E	601.143	90.000	44.8824	7.7532	0.0978	0.1101	0.0000	6.8000
dPolE	601.143	90.000	50.8679	1.0000	0.0000	6.8000
uR	601.143	90.000	0.0224	1.0000	0.0000	6.8000
E	602.755	90.000	44.8118	7.8862	0.0998	0.1120	0.0000	6.8000
dPolE	602.755	90.000	50.6363	1.0000	0.0000	6.8000
uR	602.755	90.000	0.0222	1.0000	0.0000	6.8000
E	604.368	90.000	45.1695	7.8992	0.0941	0.1053	0.0000	6.8000
dPolE	604.368	90.000	51.0065	1.0000	0.0000	6.8000
uR	604.368	90.000	0.0223	1.0000	0.0000	6.8000
E	605.981	90.000	44.8354	7.5085	0.0969	0.1081	0.0000	6.8000
dPolE	605.981	90.000	52.6582	1.0000	0.0000	6.8000
uR	605.981	90.000	0.0221	1.0000	0.0000	6.8000
E	607.593	90.000	44.9670	7.4839	0.0963	0.1075	0.0000	6.8000
dPolE	607.593	90.000	52.6398	1.0000	0.0000	6.8000
uR	607.593	90.000	0.0218	1.0000	0.0000	6.8000
E	609.205	90.000	44.9298	7.7485	0.0931	0.1040	0.0000	6.8000
dPolE	609.205	90.000	50.0181	1.0000	0.0000	6.8000
uR	609.205	90.000	0.0219	1.0000	0.0000	6.8000
E	610.818	90.000	44.8713	7.2986	0.0944	0.1052	0.0000	6.8000
dPolE	610.818	90.000	54.5253	1.0000	0.0000	6.8000
uR	610.818	90.000	0.0220	1.0000	0.0000	6.8000
E	612.430	90.000	45.0512	7.3525	0.0940	0.1046	0.0000	6.8000
dPolE	612.430	90.000	50.9299	1.0000	0.0000	6.8000
uR	612.430	90.000	0.0220	1.0000	0.0000	6.8000
E	614.042	90.000	44.6322	7.4093	0.0940	0.1044	0.0000	6.8000
dPolE	614.042	90.000	53.2884	1.0000	0.0000	6.8000
uR	614.042	90.000	0.0219	1.0000	0.0000	6.8000
E	615.654	90.000	44.5589	7.2927	0.0966	0.1067	0.0000	6.8000
dPolE	615.654	90.000	48.3378	1.0000	0.0000	6.8000
uR	615.654	90.000	0.0220	1.0000	0.0000	6.8000
E	617.266	90.000	44.6737	7.0653	0.0955	0.1048	0.0000	6.8000
dPolE	617.266	90.000	51.8304	1.0000	0.0000	6.8000
uR	617.266	90.000	0.0219	1.0000	0.0000	6.8000
E	618.878	90.000	44.9420	7.1980	0.0935	0.1021	0.0000	6.8000
dPolE	618.878	90.000	51.5230	1.0000	0.0000	6.8000
uR	618.878	90.000	0.0218	1.0000	0.0000	6.8000
E	620.490	90.000	44.7767	7.0111	0.0912	0.0988	0.0000	6.8000
dPolE	620.490	90.000	48.0503	1.0000	0.0000	6.8000
uR	620.490	90.000	0.0221	1.0000	0.0000	6.8000
E	622.102	90.000	45.2659	7.0324	0.0955	0.1027	0.0000	6.8000
dPolE	622.102	90.000	48.0014	1.0000	0.0000	6.8000
uR	622.102	90.000	0.0220	1.0000	0.0000	6.8000
E	623.714	90.000	44.9291	7.0716	0.0960	0.1026	0.0000	6.8000
dPolE	623.714	90.000	47.4748	1.0000	0.0000	6.8000
uR	623.714	90.000	0.0223	1.0000	0.0000	6.8000
E	625.325	90.000	45.2100	6.5480	0.1000	0.1058	0.0000	6.8000
dPolE	625.325	90.000	49.3328	1.0000	0.0000	6.8000
uR	625.325	90.000	0.0226	1.0000	0.0000	6.8000
E	626.937	90.000	45.1285	6.7488	0.0994	0.1048	0.0000	6.8000
dPolE	626.937	90.000	46.5598	1.0000	0.0000	6.8000
uR	626.937	90.000	0.0225	1.0000	0.0000	6.8000
E	628.548	90.000	44.8286	6.8543	0.0985	0.1035	0.0000	6.8000
dPolE	628.548	90.000	47.5282	1.0000	0.0000	6.8000
uR	628.548	90.000	0.0223	1.0000	0.0000	6.8000
E	630.160	90.000	44.8704	6.5788	0.1028	0.1076	0.0000	6.8000
dPolE	630.160	90.000	47.5515	1.0000	0.0000	6.8000
uR	630.160	90.000	0.0221	1.0000	0.0000	6.8000
E	631.771	90.000	44.7825	6.6119	0.1000	0.1046	0.0000	6.8000
dPolE	631.771	90.000	47.1035	1.0000	0.0000	6.8000
uR	631.771	90.000	0.0224	1.0000	0.0000	6.8000
E	633.383	90.000	44.8732	6.3548	0.1068	0.1115	0.0000	6.8000
dPolE	633.383	90.000	49.5283	1.0000	0.0000	6.8000
uR	633.383	90.000	0.0221	1.0000	0.0000	6.8000
E	634.994	90.000	45.0206	6.5335	0.1015	0.1060	0.0000	6.8000
dPolE	634.994	90.000	45.9160	1.0000	0.0000	6.8000
uR	634.994	90.000	0.0224	1.0000	0.0000	6.8000
E	636.605	90.000	45.1374	6.6231	0.0989	0.1032	0.0000	6.8000
dPolE	636.605	90.000	48.0446	1.0000	0.0000	6.8000
uR	636.605	90.000	0.0227	1.0000	0.0000	6.8000
E	638.216	90.000	44.9281	6.6616	0.1001	0.1045	0.0000	6.8000
dPolE	638.216	90.000	50.5326	1.0000	0.0000	6.8000
uR	638.216	90.000	0.0224	1.0000	0.0000	6.8000
E	639.827	90.000	44.6947	6.6115	0.1045	0.1089	0.0000	6.8000
dPolE	639.827	90.000	49.7564	1.0000	0.0000	6.8000
uR	639.827	90.000	0.0224	1.0000	0.0000	6.8000
E	641.438	90.000	45.2077	6.0130	0.1024	0.1060	0.0000	6.8000
dPolE	641.438	90.000	49.9761	1.0000	0.0000	6.8000
uR	641.438	90.000	0.0223	1.0000	0.0000	6.8000
E	643.049	90.000	44.5790	6.2865	0.1104	0.1141	0.0000	6.8000
dPolE	643.049	90.000	47.7395	1.0000	0.0000	6.8000
uR	643.049	90.000	0.0221	1.0000	0.0000	6.8000
E	644.660	90.000	44.8306	6.3871	0.1101	0.1133	0.0000	6.8000
dPolE	644.660	90.000	46.5527	1.0000	0.0000	6.8000
uR	644.660	90.000	0.0226	1.0000	0.0000	6.8000
E	646.271	90.000	44.8259	6.2812	0.1033	0.1056	0.0000	6.8000
dPolE	646.271	90.000	48.7343	1.0000	0.0000	6.8000
uR	646.271	90.000	0.0225	1.0000	0.0000	6.8000
E	647.881	90.000	44.6926	5.9901	0.1068	0.1084	0.0000	6.8000
dPolE	647.881	90.000	45.7303	1.0000	0.0000	6.8000
uR	647.881	90.000	0.0226	1.0000	0.0000	6.8000
E	649.492	90.000	44.7793	5.9750	0.1041	0.1049	0.0000	6.8000
dPolE	649.492	90.000	45.4706	1.0000	0.0000	6.8000
uR	649.492	90.000	0.0223	1.0000	0.0000	6.8000
E	651.103	90.000	44.9434	5.9933	0.1068	0.1069	0.0000	6.8000
dPolE	651.103	90.000	45.3045	1.0000	0.0000	6.8000
uR	651.103	90.000	0.0226	1.0000	0.0000	6.8000
E	652.713	90.000	44.8966	5.7596	0.1053	0.1047	0.0000	6.8000
dPolE	652.713	90.000	47.7042	1.0000	0.0000	6.8000
uR	652.713	90.000	0.0230	1.0000	0.0000	6.8000
E	654.323	90.000	45.1084	5.9651	0.1090	0.1078	0.0000	6.8000
dPolE	654.323	90.000	48.4244	1.0000	0.0000	6.8000
uR	654.323	90.000	0.0228	1.0000	0.0000	6.8000
E	655.934	90.000	44.9799	6.3153	0.1082	0.1069	0.0000	6.8000
dPolE	655.934	90.000	47.2612	1.0000	0.0000	6.8000
uR	655.934	90.000	0.0229	1.0000	0.0000	6.8000
E	657.544	90.000	45.0378	6.0692	0.1147	0.1127	0.0000	6.8000
dPolE	657.544	90.000	45.6900	1.0000	0.0000	6.8000
uR	657.544	90.000	0.0227	1.0000	0.0000	6.8000
E	659.154	90.000	44.9443	5.8993	0.1152	0.1129	0.0000	6.8000
dPolE	659.154	90.000	47.7526	1.0000	0.0000	6.8000
uR	659.154	90.000	0.0226	1.0000	0.0000	6.8000
E	660.764	90.000	45.0941	5.8456	0.1104	0.1079	0.0000	6.8000
dPolE	660.764	90.000	45.7566	1.0000	0.0000	6.8000
uR	660.764	90.000	0.0230	1.0000	0.0000	6.8000
E	662.374	90.000	44.9459	5.8785	0.1116	0.1092	0.0000	6.8000
dPolE	662.374	90.000	47.6234	1.0000	0.0000	6.8000
uR	662.374	90.000	0.0225	1.0000	0.0000	6.8000
E	663.984	90.000	44.5728	5.6418	0.1143	0.1115	0.0000	6.8000
dPolE	663.984	90.000	48.7446	1.0000	0.0000	6.8000
uR	663.984	90.000	0.0223	1.0000	0.0000	6.8000
E	665.594	90.000	44.9067	5.4868	0.1159	0.1130	0.0000	6.8000
dPolE	665.594	90.000	49.0460	1.0000	0.0000	6.8000
uR	665.594	90.000	0.0221	1.0000	0.0000	6.8000
E	667.204	90.000	45.0299	5.6002	0.1116	0.1089	0.0000	6.8000
dPolE	667.204	90.000	48.7219	1.0000	0.0000	6.8000
uR	667.204	90.000	0.0218	1.0000	0.0000	6.8000
E	668.813	90.000	45.0799	5.5574	0.1151	0.1120	0.0000	6.8000
dPolE	668.813	90.000	45.1794	1.0000	0.0000	6.8000
uR	668.813	90.000	0.0219	1.0000	0.0000	6.8000
E	670.423	90.000	44.9098	5.5811	0.1131	0.1098	0.0000	6.8000
dPolE	670.423	90.000	45.9094	1.0000	0.0000	6.8000
uR	670.423	90.000	0.0221	1.0000	0.0000	6.8000
E	672.032	90.000	44.8852	5.5950	0.1098	0.1064	0.0000	6.8000
dPolE	672.032	90.000	45.1637	1.0000	0.0000	6.8000
uR	672.032	90.000	0.0222	1.0000	0.0000	6.8000
E	673.642	90.000	45.2255	5.9018	0.1142	0.1105	0.0000	6.8000
dPolE	673.642	90.000	42.9416	1.0000	0.0000	6.8000
uR	673.642	90.000	0.0223	1.0000	0.0000	6.8000
E	675.251	90.000	44.7061	5.4843	0.1120	0.1076	0.0000	6.8000
dPolE	675.251	90.000	46.6992	1.0000	0.0000	6.8000
uR	675.251	90.000	0.0229	1.0000	0.0000	6.8000
E	676.860	90.000	44.7436	5.3979	0.1155	0.1104	0.0000	6.8000
dPolE	676.860	90.000	44.0918	1.0000	0.0000	6.8000
uR	676.860	90.000	0.0230	1.0000	0.0000	6.8000
E	678.469	90.000	44.8218	5.2827	0.1141	0.1083	0.0000	6.8000
dPolE	678.469	90.000	44.6889	1.0000	0.0000	6.8000
uR	678.469	90.000	0.0222	1.0000	0.0000	6.8000
E	680.079	90.000	44.7567	5.2975	0.1153	0.1088	0.0000	6.8000
dPolE	680.079	90.000	43.4503	1.0000	0.0000	6.8000
uR	680.079	90.000	0.0221	1.0000	0.0000	6.8000
E	681.688	90.000	44.7572	5.4196	0.1114	0.1046	0.0000	6.8000
dPolE	681.688	90.000	45.3955	1.0000	0.0000	6.8000
uR	681.688	90.000	0.0222	1.0000	0.0000	6.8000
E	683.296	90.000	45.0314	5.3720	0.1161	0.1083	0.0000	6.8000
dPolE	683.296	90.000	41.4899	1.0000	0.0000	6.8000
uR	683.296	90.000	0.0223	1.0000	0.0000	6.8000
E	684.905	90.000	45.1689	5.0943	0.1178	0.1090	0.0000	6.8000
dPolE	684.905	90.000	37.9641	1.0000	0.0000	6.8000
uR	684.905	90.000	0.0224	1.0000	0.0000	6.8000
E	686.514	90.000	44.9883	5.1889	0.1120	0.1032	0.0000	6.8000
dPolE	686.514	90.000	39.7851	1.0000	0.0000	6.8000
uR	686.514	90.000	0.0219	1.0000	0.0000	6.8000
E	688.123	90.000	44.8973	5.3100	0.1044	0.0959	0.0000	6.8000
dPolE	688.123	90.000	43.1534	1.0000	0.0000	6.8000
uR	688.123	90.000	0.0220	1.0000	0.0000	6.8000
E	689.731	90.000	44.9936	5.0778	0.1125	0.1029	0.0000	6.8000
dPolE	689.731	90.000	38.0946	1.0000	0.0000	6.8000
uR	689.731	90.000	0.0221	1.0000	0.0000	6.8000
E	691.340	90.000	44.7121	5.1998	0.1092	0.0997	0.0000	6.8000
dPolE	691.340	90.000	42.1322	1.0000	0.0000	6.8000
uR	691.340	90.000	0.0223	1.0000	0.0000	6.8000
E	692.948	90.000	44.9026	5.2231	0.1183	0.1078	0.0000	6.8000
dPolE	692.948	90.000	41.1847	1.0000	0.0000	6.8000
uR	692.948	90.000	0.0223	1.0000	0.0000	6.8000
E	694.556	90.000	44.8216	5.0183	0.1219	0.1109	0.0000	6.8000
dPolE	694.556	90.000	42.9011	1.0000	0.0000	6.8000
uR	694.556	90.000	0.0225	1.0000	0.0000	6.8000
E	696.164	90.000	44.9239	5.3698	0.1232	0.1123	0.0000	6.8000
dPolE	696.164	90.000	43.5986	1.0000	0.0000	6.8000
uR	696.164	90.000	0.0228	1.0000	0.0000	6.8000
E	697.772	90.000	45.3622	4.6857	0.1247	0.1131	0.0000	6.8000
dPolE	697.772	90.000	44.1296	1.0000	0.0000	6.8000
uR	697.772	90.000	0.0224	1.0000	0.0000	6.8000
E	699.380	90.000	44.8852	5.0261	0.1231	0.1119	0.0000	6.8000
dPolE	699.380	90.000	45.6243	1.0000	0.0000	6.8000
uR	699.380	90.000	0.0225	1.0000	0.0000	6.8000
E	700.988	90.000	44.4905	4.6816	0.1321	0.1197	0.0000	6.8000
dPolE	700.988	90.000	43.5947	1.0000	0.0000	6.8000
uR	700.988	90.000	0.0229	1.0000	0.0000	6.8000
E	702.596	90.000	44.9819	4.9382	0.1279	0.1158	0.0000	6.8000
dPolE	702.596	90.000	45.1749	1.0000	0.0000	6.8000
uR	702.596	90.000	0.0224	1.0000	0.0000	6.8000
E	704.204	90.000	44.9396	5.1295	0.1300	0.1177	0.0000	6.8000
dPolE	704.204	90.000	45.8983	1.0000	0.0000	6.8000
uR	704.204	90.000	0.0224	1.0000	0.0000	6.8000
E	705.811	90.000	45.0577	4.8837	0.1272	0.1144	0.0000	6.8000
dPolE	705.811	90.000	47.5466	1.0000	0.0000	6.8000
uR	705.811	90.000	0.0224	1.0000	0.0000	6.8000
E	707.419	90.000	44.8151	4.8471	0.1331	0.1195	0.0000	6.8000
dPolE	707.419	90.000	44.6637	1.0000	0.0000	6.8000
uR	707.419	90.000	0.0227	1.0000	0.0000	6.8000
E	709.026	90.000	44.9203	5.0478	0.1299	0.1163	0.0000	6.8000
dPolE	709.026	90.000	41.7025	1.0000	0.0000	6.8000
uR	709.026	90.000	0.0227	1.0000	0.0000	6.8000
E	710.634	90.000	45.0155	4.8507	0.1256	0.1119	0.0000	6.8000
dPolE	710.634	90.000	42.8113	1.0000	0.0000	6.8000
uR	710.634	90.000	0.0233	1.0000	0.0000	6.8000
E	712.241	90.000	44.7782	4.6070	0.1324	0.1172	0.0000	6.8000
dPolE	712.241	90.000	43.5506	1.0000	0.0000	6.8000
uR	712.241	90.000	0.0249	1.0000	0.0000	6.8000
E	713.848	90.000	44.8546	4.5473	0.1517	0.1334	0.0000	6.8000
dPolE	713.848	90.000	46.0672	1.0000	0.0000	6.8000
uR	713.848	90.000	0.0238	1.0000	0.0000	6.8000
E	715.455	90.000	45.2404	4.8365	0.1631	0.1428	0.0000	6.8000
dPolE	715.455	90.000	50.2630	1.0000	0.0000	6.8000
uR	715.455	90.000	0.0209	1.0000	0.0000	6.8000
E	717.062	90.000	45.3776	4.9769	0.1498	0.1307	0.0000	6.8000
dPolE	717.062	90.000	49.4111	1.0000	0.0000	6.8000
uR	717.062	90.000	0.0199	1.0000	0.0000	6.8000
E	718.669	90.000	44.9960	4.7752	0.1413	0.1226	0.0000	6.8000
dPolE	718.669	90.000	43.4717	1.0000	0.0000	6.8000
uR	718.669	90.000	0.0217	1.0000	0.0000	6.8000
E	720.276	90.000	45.0856	4.7091	0.1345	0.1162	0.0000	6.8000
dPolE	720.276	90.000	47.4804	1.0000	0.0000	6.8000
uR	720.276	90.000	0.0227	1.0000	0.0000	6.8000
E	721.882	90.000	44.7007	4.6655	0.1451	0.1247	0.0000	6.8000
dPolE	721.882	90.000	49.2102	1.0000	0.0000	6.8000
uR	721.882	90.000	0.0229	1.0000	0.0000	6.8000
E	723.489	90.000	44.7926	4.2870	0.1458	0.1244	0.0000	6.8000
dPolE	723.489	90.000	44.5966	1.0000	0.0000	6.8000
uR	723.489	90.000	0.0224	1.0000	0.0000	6.8000
E	725.095	90.000	45.5098	4.6121	0.1523	0.1300	0.0000	6.8000
dPolE	725.095	90.000	45.5090	1.0000	0.0000	6.8000
uR	725.095	90.000	0.0229	1.0000	0.0000	6.8000
E	726.701	90.000	44.9900	4.5108	0.1563	0.1329	0.0000	6.8000
dPolE	726.701	90.000	47.3740	1.0000	0.0000	6.8000
uR	726.701	90.000	0.0225	1.0000	0.0000	6.8000
E	728.308	90.000	44.8635	4.6077	0.1459	0.1240	0.0000	6.8000
dPolE	728.308	90.000	45.8555	1.0000	0.0000	6.8000
uR	728.308	90.000	0.0225	1.0000	0.0000	6.8000
E	729.914	90.000	44.8465	4.4727	0.1431	0.1212	0.0000	6.8000
dPolE	729.914	90.000	41.8220	1.0000	0.0000	6.8000
uR	729.914	90.000	0.0226	1.0000	0.0000	6.8000
E	731.520	90.000	45.0116	4.2713	0.1331	0.1126	0.0000	6.8000
dPolE	731.520	90.000	39.7319	1.0000	0.0000	6.8000
uR	731.520	90.000	0.0225	1.0000	0.0000	6.8000
E	733.126	90.000	44.9831	4.5409	0.1308	0.1109	0.0000	6.8000
dPolE	733.126	90.000	40.5948	1.0000	0.0000	6.8000
uR	733.126	90.000	0.0228	1.0000	0.0000	6.8000
E	734.732	90.000	44.9637	4.5263	0.1309	0.1109	0.0000	6.8000
dPolE	734.732	90.000	38.1782	1.0000	0.0000	6.8000
uR	734.732	90.000	0.0230	1.0000	0.0000	6.8000
E	736.337	90.000	44.9224	4.6595	0.1377	0.1166	0.0000	6.8000
dPolE	736.337	90.000	45.2384	1.0000	0.0000	6.8000
uR	736.337	90.000	0.0228	1.0000	0.0000	6.8000
E	737.943	90.000	44.6932	4.2707	0.1384	0.1169	0.0000	6.8000
dPolE	737.943	90.000	45.0599	1.0000	0.0000	6.8000
uR	737.943	90.000	0.0224	1.0000	0.0000	6.8000
E	739.548	90.000	44.7974	4.0381	0.1496	0.1258	0.0000	6.8000
dPolE	739.548	90.000	41.0626	1.0000	0.0000	6.8000
uR	739.548	90.000	0.0221	1.0000	0.0000	6.8000
E	741.154	90.000	44.9760	4.4737	0.1437	0.1211	0.0000	6.8000
dPolE	741.154	90.000	41.5052	1.0000	0.0000	6.8000
uR	741.154	90.000	0.0222	1.0000	0.0000	6.8000
E	742.759	90.000	44.1399	4.2939	0.1494	0.1255	0.0000	6.8000
dPolE	742.759	90.000	39.3834	1.0000	0.0000	6.8000
uR	742.759	90.000	0.0225	1.0000	0.0000	6.8000
E	744.364	90.000	44.7721	4.2996	0.1506	0.1259	0.0000	6.8000
dPolE	744.364	90.000	40.7725	1.0000	0.0000	6.8000
uR	744.364	90.000	0.0225	1.0000	0.0000	6.8000
E	745.969	90.000	44.7453	4.3868	0.1526	0.1271	0.0000	6.8000
dPolE	745.969	90.000	41.9117	1.0000	0.0000	6.8000
uR	745.969	90.000	0.0231	1.0000	0.0000	6.8000
E	747.574	90.000	44.9147	4.3097	0.1514	0.1256	0.0000	6.8000
dPolE	747.574	90.000	42.8713	1.0000	0.0000	6.8000
uR	747.574	90.000	0.0228	1.0000	0.0000	6.8000
E	749.179	90.000	44.6259	4.0571	0.1496	0.1234	0.0000	6.8000
dPolE	749.179	90.000	46.1182	1.0000	0.0000	6.8000
uR	749.179	90.000	0.0228	1.0000	0.0000	6.8000
E	750.784	90.000	45.0383	4.0443	0.1538	0.1263	0.0000	6.8000
dPolE	750.784	90.000	40.2768	1.0000	0.0000	6.8000
uR	750.784	90.000	0.0231	1.0000	0.0000	6.8000
E	752.388	90.000	44.9978	4.0619	0.1625	0.1327	0.0000	6.8000
dPolE	752.388	90.000	41.8147	1.0000	0.0000	6.8000
uR	752.388	90.000	0.0236	1.0000	0.0000	6.8000
E	753.993	90.000	44.5220	4.0766	0.1551	0.1261	0.0000	6.8000
dPolE	753.993	90.000	44.5208	1.0000	0.0000	6.8000
uR	753.993	90.000	0.0234	1.0000	0.0000	6.8000
E	755.597	90.000	45.1875	4.1326	0.1562	0.1263	0.0000	6.8000
dPolE	755.597	90.000	42.0913	1.0000	0.0000	6.8000
uR	755.597	90.000	0.0233	1.0000	0.0000	6.8000
E	757.202	90.000	44.5590	4.0702	0.1604	0.1294	0.0000	6.8000
dPolE	757.202	90.000	45.0012	1.0000	0.0000	6.8000
uR	757.202	90.000	0.0225	1.0000	0.0000	6.8000
E	758.806	90.000	45.1730	3.9276	0.1624	0.1300	0.0000	6.8000
dPolE	758.806	90.000	44.3310	1.0000	0.0000	6.8000
uR	758.806	90.000	0.0217	1.0000	0.0000	6.8000
E	760.410	90.000	45.1113	3.7793	0.1593	0.1271	0.0000	6.8000
dPolE	760.410	90.000	38.9296	1.0000	0.0000	6.8000
uR	760.410	90.000	0.0220	1.0000	0.0000	6.8000
E	762.014	90.000	44.7892	4.1315	0.1439	0.1144	0.0000	6.8000
dPolE	762.014	90.000	40.1153	1.0000	0.0000	6.8000
uR	762.014	90.000	0.0219	1.0000	0.0000	6.8000
E	763.618	90.000	44.9829	3.8939	0.1268	0.1005	0.0000	6.8000
dPolE	763.618	90.000	30.0366	1.0000	0.0000	6.8000
uR	763.618	90.000	0.0230	1.0000	0.0000	6.8000
E	765.221	90.000	44.8418	3.9958	0.1145	0.0906	0.0000	6.8000
dPolE	765.221	90.000	31.1101	1.0000	0.0000	6.8000
uR	765.221	90.000	0.0230	1.0000	0.0000	6.8000
E	766.825	90.000	45.0086	4.1634	0.1240	0.0980	0.0000	6.8000
dPolE	766.825	90.000	33.9362	1.0000	0.0000	6.8000
uR	766.825	90.000	0.0221	1.0000	0.0000	6.8000
E	768.429	90.000	44.8447	4.0383	0.1466	0.1155	0.0000	6.8000
dPolE	768.429	90.000	40.2133	1.0000	0.0000	6.8000
uR	768.429	90.000	0.0220	1.0000	0.0000	6.8000
E	770.032	90.000	45.3532	3.8760	0.1623	0.1277	0.0000	6.8000
dPolE	770.032	90.000	44.7378	1.0000	0.0000	6.8000
uR	770.032	90.000	0.0221	1.0000	0.0000	6.8000
E	771.635	90.000	44.8835	3.8690	0.1761	0.1384	0.0000	6.8000
dPolE	771.635	90.000	43.5233	1.0000	0.0000	6.8000
uR	771.635	90.000	0.0227	1.0000	0.0000	6.8000
E	773.238	90.000	45.4340	3.9645	0.1806	0.1421	0.0000	6.8000
dPolE	773.238	90.000	41.7356	1.0000	0.0000	6.8000
uR	773.238	90.000	0.0239	1.0000	0.0000	6.8000
E	774.841	90.000	44.5025	3.9380	0.1850	0.1455	0.0000	6.8000
dPolE	774.841	90.000	45.0573	1.0000	0.0000	6.8000
uR	774.841	90.000	0.0249	1.0000	0.0000	6.8000
E	776.444	90.000	44.6181	4.3648	0.1884	0.1484	0.0000	6.8000
dPolE	776.444	90.000	48.4934	1.0000	0.0000	6.8000
uR	776.444	90.000	0.0255	1.0000	0.0000	6.8000
E	778.047	90.000	44.5864	4.1407	0.1984	0.1555	0.0000	6.8000
dPolE	778.047	90.000	50.4163	1.0000	0.0000	6.8000
uR	778.047	90.000	0.0243	1.0000	0.0000	6.8000
E	779.650	90.000	44.5011	3.8570	0.1963	0.1535	0.0000	6.8000
dPolE	779.650	90.000	54.2547	1.0000	0.0000	6.8000
uR	779.650	90.000	0.0232	1.0000	0.0000	6.8000
E	781.252	90.000	44.9718	3.6296	0.2003	0.1565	0.0000	6.8000
dPolE	781.252	90.000	50.3578	1.0000	0.0000	6.8000
uR	781.252	90.000	0.0233	1.0000	0.0000	6.8000
E	782.855	90.000	44.6316	3.6955	0.1996	0.1556	0.0000	6.8000
dPolE	782.855	90.000	56.0874	1.0000	0.0000	6.8000
uR	782.855	90.000	0.0238	1.0000	0.0000	6.8000
E	784.457	90.000	44.9606	3.8207	0.1979	0.1542	0.0000	6.8000
dPolE	784.457	90.000	51.0944	1.0000	0.0000	6.8000
uR	784.457	90.000	0.0242	1.0000	0.0000	6.8000
E	786.059	90.000	44.5249	3.8958	0.1977	0.1537	0.0000	6.8000
dPolE	786.059	90.000	53.8628	1.0000	0.0000	6.8000
uR	786.059	90.000	0.0232	1.0000	0.0000	6.8000
E	787.661	90.000	45.1810	3.7029	0.1998	0.1539	0.0000	6.8000
dPolE	787.661	90.000	48.6396	1.0000	0.0000	6.8000
uR	787.661	90.000	0.0225	1.0000	0.0000	6.8000
E	789.263	90.000	45.3298	3.7706	0.1733	0.1337	0.0000	6.8000
dPolE	789.263	90.000	50.7179	1.0000	0.0000	6.8000
uR	789.263	90.000	0.0215	1.0000	0.0000	6.8000
E	790.865	90.000	45.2092	3.8036	0.1868	0.1433	0.0000	6.8000
dPolE	790.865	90.000	45.6830	1.0000	0.0000	6.8000
uR	790.865	90.000	0.0215	1.0000	0.0000	6.8000
E	792.467	90.000	44.8239	3.8195	0.1882	0.1441	0.0000	6.8000
dPolE	792.467	90.000	41.1295	1.0000	0.0000	6.8000
uR	792.467	90.000	0.0224	1.0000	0.0000	6.8000
E	794.068	90.000	45.0214	3.4071	0.1907	0.1448	0.0000	6.8000
dPolE	794.068	90.000	48.3578	1.0000	0.0000	6.8000
uR	794.068	90.000	0.0228	1.0000	0.0000	6.8000
E	795.670	90.000	45.0915	3.8495	0.1918	0.1454	0.0000	6.8000
dPolE	795.670	90.000	47.1421	1.0000	0.0000	6.8000
uR	795.670	90.000	0.0232	1.0000	0.0000	6.8000
E	797.271	90.000	44.7245	3.7691	0.1835	0.1387	0.0000	6.8000
dPolE	797.271	90.000	45.1143	1.0000	0.0000	6.8000
uR	797.271	90.000	0.0242	1.0000	0.0000	6.8000
E	798.872	90.000	45.0104	3.1697	0.1917	0.1436	0.0000	6.8000
dPolE	798.872	90.000	39.8220	1.0000	0.0000	6.8000
uR	798.872	90.000	0.0238	1.0000	0.0000	6.8000
E	800.473	90.000	45.0536	3.4479	0.1872	0.1402	0.0000	6.8000
dPolE	800.473	90.000	43.8730	1.0000	0.0000	6.8000
uR	800.473	90.000	0.0238	1.0000	0.0000	6.8000
E	802.074	90.000	44.8751	3.9601	0.2008	0.1501	0.0000	6.8000
dPolE	802.074	90.000	42.0427	1.0000	0.0000	6.8000
uR	802.074	90.000	0.0238	1.0000	0.0000	6.8000
E	803.675	90.000	44.4789	3.6167	0.2040	0.1511	0.0000	6.8000
dPolE	803.675	90.000	47.6003	1.0000	0.0000	6.8000
uR	803.675	90.000	0.0246	1.0000	0.0000	6.8000
E	805.276	90.000	45.4698	3.3819	0.2011	0.1483	0.0000	6.8000
dPolE	805.276	90.000	43.7368	1.0000	0.0000	6.8000
uR	805.276	90.000	0.0244	1.0000	0.0000	6.8000
E	806.876	90.000	45.0040	3.9750	0.2043	0.1512	0.0000	6.8000
dPolE	806.876	90.000	46.2426	1.0000	0.0000	6.8000
uR	806.876	90.000	0.0239	1.0000	0.0000	6.8000
E	808.477	90.000	45.6489	3.2699	0.1955	0.1436	0.0000	6.8000
dPolE	808.477	90.000	43.5180	1.0000	0.0000	6.8000
uR	808.477	90.000	0.0232	1.0000	0.0000	6.8000
E	810.077	90.000	45.0401	3.4902	0.1900	0.1393	0.0000	6.8000
dPolE	810.077	90.000	44.3457	1.0000	0.0000	6.8000
uR	810.077	90.000	0.0237	1.0000	0.0000	6.8000
E	811.677	90.000	44.9300	3.9806	0.1893	0.1390	0.0000	6.8000
dPolE	811.677	90.000	45.3690	1.0000	0.0000	6.8000
uR	811.677	90.000	0.0249	1.0000	0.0000	6.8000
E	813.277	90.000	45.3924	3.6716	0.1964	0.1440	0.0000	6.8000
dPolE	813.277	90.000	46.5142	1.0000	0.0000	6.8000
uR	813.277	90.000	0.0234	1.0000	0.0000	6.8000
E	814.877	90.000	45.5027	3.6590	0.1816	0.1329	0.0000	6.8000
dPolE	814.877	90.000	43.4116	1.0000	0.0000	6.8000
uR	814.877	90.000	0.0230	1.0000	0.0000	6.8000
E	816.477	90.000	44.8638	3.1250	0.1764	0.1282	0.0000	6.8000
dPolE	816.477	90.000	38.1094	1.0000	0.0000	6.8000
uR	816.477	90.000	0.0229	1.0000	0.0000	6.8000
E	818.077	90.000	45.0030	3.3881	0.1600	0.1168	0.0000	6.8000
dPolE	818.077	90.000	33.5153	1.0000	0.0000	6.8000
uR	818.077	90.000	0.0217	1.0000	0.0000	6.8000
E	819.676	90.000	45.0257	3.2680	0.1130	0.0823	0.0000	6.8000
dPolE	819.676	90.000	25.9846	1.0000	0.0000	6.8000
uR	819.676	90.000	0.0195	1.0000	0.0000	6.8000
E	821.276	90.000	44.9964	3.2796	0.0785	0.0571	0.0000	6.8000
dPolE	821.276	90.000	13.6943	1.0000	0.0000	6.8000
uR	821.276	90.000	0.0203	1.0000	0.0000	6.8000
E	822.875	90.000	44.9577	3.2668	0.0538	0.0391	0.0000	6.8000
dPolE	822.875	90.000	7.4094	1.0000	0.0000	6.8000
uR	822.875	90.000	0.0229	1.0000	0.0000	6.8000
E	824.474	90.000	44.9821	3.2616	0.0450	0.0326	0.0000	6.8000
dPolE	824.474	90.000	4.8616	1.0000	0.0000	6.8000
uR	824.474	90.000	0.0235	1.0000	0.0000	6.8000
E	826.073	90.000	44.9719	3.2003	0.0499	0.0362	0.0000	6.8000
dPolE	826.073	90.000	5.2203	1.0000	0.0000	6.8000
uR	826.073	90.000	0.0225	1.0000	0.0000	6.8000
E	827.672	90.000	44.8794	3.3485	0.0599	0.0434	0.0000	6.8000
dPolE	827.672	90.000	8.9860	1.0000	0.0000	6.8000
uR	827.672	90.000	0.0221	1.0000	0.0000	6.8000
E	829.271	90.000	44.9161	3.2952	0.0703	0.0508	0.0000	6.8000
dPolE	829.271	90.000	12.3659	1.0000	0.0000	6.8000
uR	829.271	90.000	0.0226	1.0000	0.0000	6.8000
E	830.869	90.000	45.0941	3.2688	0.0858	0.0618	0.0000	6.8000
dPolE	830.869	90.000	16.7374	1.0000	0.0000	6.8000
uR	830.869	90.000	0.0213	1.0000	0.0000	6.8000
E	832.468	90.000	45.0053	3.1721	0.1053	0.0758	0.0000	6.8000
dPolE	832.468	90.000	27.6582	1.0000	0.0000	6.8000
uR	832.468	90.000	0.0199	1.0000	0.0000	6.8000
E	834.066	90.000	44.5432	3.1180	0.1067	0.0765	0.0000	6.8000
dPolE	834.066	90.000	24.4853	1.0000	0.0000	6.8000
uR	834.066	90.000	0.0212	1.0000	0.0000	6.8000
E	835.664	90.000	44.7586	3.2801	0.0980	0.0701	0.0000	6.8000
dPolE	835.664	90.000	23.4284	1.0000	0.0000	6.8000
uR	835.664	90.000	0.0220	1.0000	0.0000	6.8000
E	837.262	90.000	45.0694	3.2955	0.1121	0.0799	0.0000	6.8000
dPolE	837.262	90.000	22.8279	1.0000	0.0000	6.8000
uR	837.262	90.000	0.0232	1.0000	0.0000	6.8000
E	838.860	90.000	44.7065	2.9902	0.1273	0.0902	0.0000	6.8000
dPolE	838.860	90.000	34.2370	1.0000	0.0000	6.8000
uR	838.860	90.000	0.0228	1.0000	0.0000	6.8000
E	840.458	90.000	44.4502	3.0144	0.1389	0.0980	0.0000	6.8000
dPolE	840.458	90.000	44.8598	1.0000	0.0000	6.8000
uR	840.458	90.000	0.0230	1.0000	0.0000	6.8000
E	842.055	90.000	45.0840	3.1448	0.1417	0.1000	0.0000	6.8000
dPolE	842.055	90.000	42.5266	1.0000	0.0000	6.8000
uR	842.055	90.000	0.0249	1.0000	0.0000	6.8000
E	843.653	90.000	44.9289	3.4185	0.1698	0.1196	0.0000	6.8000
dPolE	843.653	90.000	48.2170	1.0000	0.0000	6.8000
uR	843.653	90.000	0.0228	1.0000	0.0000	6.8000
E	845.250	90.000	44.8708	3.1816	0.2007	0.1402	0.0000	6.8000
dPolE	845.250	90.000	54.8341	1.0000	0.0000	6.8000
uR	845.250	90.000	0.0229	1.0000	0.0000	6.8000
E	846.847	90.000	45.1073	3.3936	0.2432	0.1695	0.0000	6.8000
dPolE	846.847	90.000	51.9130	1.0000	0.0000	6.8000
uR	846.847	90.000	0.0247	1.0000	0.0000	6.8000
E	848.444	90.000	45.2803	3.0573	0.2554	0.1769	0.0000	6.8000
dPolE	848.444	90.000	58.1455	1.0000	0.0000	6.8000
uR	848.444	90.000	0.0256	1.0000	0.0000	6.8000
E	850.041	90.000	44.5884	3.0441	0.2509	0.1731	0.0000	6.8000
dPolE	850.041	90.000	63.5986	1.0000	0.0000	6.8000
uR	850.041	90.000	0.0263	1.0000	0.0000	6.8000
E	851.638	90.000	44.9220	3.1280	0.2639	0.1815	0.0000	6.8000
dPolE	851.638	90.000	61.5732	1.0000	0.0000	6.8000
uR	851.638	90.000	0.0259	1.0000	0.0000	6.8000
E	853.234	90.000	44.3671	3.4899	0.2723	0.1872	0.0000	6.8000
dPolE	853.234	90.000	63.0695	1.0000	0.0000	6.8000
uR	853.234	90.000	0.0252	1.0000	0.0000	6.8000
E	854.831	90.000	45.5867	3.2364	0.2802	0.1912	0.0000	6.8000
dPolE	854.831	90.000	59.7649	1.0000	0.0000	6.8000
uR	854.831	90.000	0.0239	1.0000	0.0000	6.8000
E	856.427	90.000	44.7202	2.6998	0.2748	0.1869	0.0000	6.8000
dPolE	856.427	90.000	62.4985	1.0000	0.0000	6.8000
uR	856.427	90.000	0.0236	1.0000	0.0000	6.8000
E	858.023	90.000	45.7204	2.5806	0.2734	0.1854	0.0000	6.8000
dPolE	858.023	90.000	57.4254	1.0000	0.0000	6.8000
uR	858.023	90.000	0.0240	1.0000	0.0000	6.8000
E	859.619	90.000	45.1593	2.6063	0.2714	0.1832	0.0000	6.8000
dPolE	859.619	90.000	56.1473	1.0000	0.0000	6.8000
uR	859.619	90.000	0.0233	1.0000	0.0000	6.8000
E	861.215	90.000	44.4452	2.6856	0.2691	0.1816	0.0000	6.8000
dPolE	861.215	90.000	56.2789	1.0000	0.0000	6.8000
uR	861.215	90.000	0.0236	1.0000	0.0000	6.8000
E	862.811	90.000	45.0506	3.1421	0.2546	0.1723	0.0000	6.8000
dPolE	862.811	90.000	50.8845	1.0000	0.0000	6.8000
uR	862.811	90.000	0.0244	1.0000	0.0000	6.8000
E	864.407	90.000	44.2047	2.8106	0.2556	0.1722	0.0000	6.8000
dPolE	864.407	90.000	55.9218	1.0000	0.0000	6.8000
uR	864.407	90.000	0.0240	1.0000	0.0000	6.8000
E	866.002	90.000	44.9975	2.7914	0.2378	0.1601	0.0000	6.8000
dPolE	866.002	90.000	44.4272	1.0000	0.0000	6.8000
uR	866.002	90.000	0.0255	1.0000	0.0000	6.8000
E	867.597	90.000	44.8558	3.0048	0.2192	0.1479	0.0000	6.8000
dPolE	867.597	90.000	44.6322	1.0000	0.0000	6.8000
uR	867.597	90.000	0.0237	1.0000	0.0000	6.8000
E	869.192	90.000	45.0576	2.6838	0.2224	0.1494	0.0000	6.8000
dPolE	869.192	90.000	43.1664	1.0000	0.0000	6.8000
uR	869.192	90.000	0.0236	1.0000	0.0000	6.8000
E	870.787	90.000	45.0124	3.0841	0.2105	0.1418	0.0000	6.8000
dPolE	870.787	90.000	40.3584	1.0000	0.0000	6.8000
uR	870.787	90.000	0.0238	1.0000	0.0000	6.8000
E	872.382	90.000	44.7028	3.2759	0.1967	0.1325	0.0000	6.8000
dPolE	872.382	90.000	37.0349	1.0000	0.0000	6.8000
uR	872.382	90.000	0.0228	1.0000	0.0000	6.8000
E	873.977	90.000	44.9707	2.7252	0.1809	0.1215	0.0000	6.8000
dPolE	873.977	90.000	33.5816	1.0000	0.0000	6.8000
uR	873.977	90.000	0.0228	1.0000	0.0000	6.8000
E	875.571	90.000	44.7488	3.0349	0.1640	0.1103	0.0000	6.8000
dPolE	875.571	90.000	34.4282	1.0000	0.0000	6.8000
uR	875.571	90.000	0.0220	1.0000	0.0000	6.8000
E	877.166	90.000	44.8176	2.9287	0.1322	0.0888	0.0000	6.8000
dPolE	877.166	90.000	31.6334	1.0000	0.0000	6.8000
uR	877.166	90.000	0.0207	1.0000	0.0000	6.8000
E	878.760	90.000	44.8084	2.9073	0.1021	0.0685	0.0000	6.8000
dPolE	878.760	90.000	17.1337	1.0000	0.0000	6.8000
uR	878.760	90.000	0.0201	1.0000	0.0000	6.8000
E	880.354	90.000	44.8534	2.8386	0.0703	0.0470	0.0000	6.8000
dPolE	880.354	90.000	8.6046	1.0000	0.0000	6.8000
uR	880.354	90.000	0.0206	1.0000	0.0000	6.8000
E	881.948	90.000	44.8898	2.7563	0.0540	0.0360	0.0000	6.8000
dPolE	881.948	90.000	7.6106	1.0000	0.0000	6.8000
uR	881.948	90.000	0.0223	1.0000	0.0000	6.8000
E	883.542	90.000	44.9712	2.7736	0.0540	0.0359	0.0000	6.8000
dPolE	883.542	90.000	3.7898	1.0000	0.0000	6.8000
uR	883.542	90.000	0.0236	1.0000	0.0000	6.8000
E	885.135	90.000	44.9454	2.8027	0.0621	0.0413	0.0000	6.8000
dPolE	885.135	90.000	5.8085	1.0000	0.0000	6.8000
uR	885.135	90.000	0.0228	1.0000	0.0000	6.8000
E	886.729	90.000	45.0974	2.8009	0.0763	0.0506	0.0000	6.8000
dPolE	886.729	90.000	10.8095	1.0000	0.0000	6.8000
uR	886.729	90.000	0.0218	1.0000	0.0000	6.8000
E	888.322	90.000	44.8559	2.7936	0.0999	0.0661	0.0000	6.8000
dPolE	888.322	90.000	22.4666	1.0000	0.0000	6.8000
uR	888.322	90.000	0.0215	1.0000	0.0000	6.8000
E	889.915	90.000	44.8233	2.8453	0.1162	0.0767	0.0000	6.8000
dPolE	889.915	90.000	23.8030	1.0000	0.0000	6.8000
uR	889.915	90.000	0.0215	1.0000	0.0000	6.8000
E	891.508	90.000	44.7521	2.6426	0.1162	0.0762	0.0000	6.8000
dPolE	891.508	90.000	25.5314	1.0000	0.0000	6.8000
uR	891.508	90.000	0.0218	1.0000	0.0000	6.8000
E	893.101	90.000	44.6150	2.7787	0.1128	0.0738	0.0000	6.8000
dPolE	893.101	90.000	23.0221	1.0000	0.0000	6.8000
uR	893.101	90.000	0.0214	1.0000	0.0000	6.8000
E	894.694	90.000	44.9237	2.8075	0.0978	0.0638	0.0000	6.8000
dPolE	894.694	90.000	16.2846	1.0000	0.0000	6.8000
uR	894.694	90.000	0.0232	1.0000	0.0000	6.8000
E	896.286	90.000	45.0607	2.7787	0.0864	0.0561	0.0000	6.8000
dPolE	896.286	90.000	15.6562	1.0000	0.0000	6.8000
uR	896.286	90.000	0.0231	1.0000	0.0000	6.8000
E	897.879	90.000	45.0653	2.7651	0.0982	0.0635	0.0000	6.8000
dPolE	897.879	90.000	17.0223	1.0000	0.0000	6.8000
uR	897.879	90.000	0.0225	1.0000	0.0000	6.8000
E	899.471	90.000	45.1227	2.7979	0.1141	0.0736	0.0000	6.8000
dPolE	899.471	90.000	23.3343	1.0000	0.0000	6.8000
uR	899.471	90.000	0.0218	1.0000	0.0000	6.8000
E	901.063	90.000	44.9212	2.7391	0.1217	0.0781	0.0000	6.8000
dPolE	901.063	90.000	20.0627	1.0000	0.0000	6.8000
uR	901.063	90.000	0.0220	1.0000	0.0000	6.8000
E	902.655	90.000	44.9430	2.5766	0.1120	0.0716	0.0000	6.8000
dPolE	902.655	90.000	20.2396	1.0000	0.0000	6.8000
uR	902.655	90.000	0.0223	1.0000	0.0000	6.8000
E	904.247	90.000	44.8128	2.7419	0.0986	0.0629	0.0000	6.8000
dPolE	904.247	90.000	14.7479	1.0000	0.0000	6.8000
uR	904.247	90.000	0.0237	1.0000	0.0000	6.8000
E	905.838	90.000	45.1045	2.7016	0.0983	0.0626	0.0000	6.8000
dPolE	905.838	90.000	16.8958	1.0000	0.0000	6.8000
uR	905.838	90.000	0.0232	1.0000	0.0000	6.8000
E	907.429	90.000	45.1053	2.6149	0.1113	0.0706	0.0000	6.8000
dPolE	907.429	90.000	19.0121	1.0000	0.0000	6.8000
uR	907.429	90.000	0.0226	1.0000	0.0000	6.8000
E	909.021	90.000	45.0617	2.5838	0.1340	0.0849	0.0000	6.8000
dPolE	909.021	90.000	27.6819	1.0000	0.0000	6.8000
uR	909.021	90.000	0.0205	1.0000	0.0000	6.8000
E	910.612	90.000	45.1499	2.8616	0.1616	0.1019	0.0000	6.8000
dPolE	910.612	90.000	29.5125	1.0000	0.0000	6.8000
uR	910.612	90.000	0.0206	1.0000	0.0000	6.8000
E	912.203	90.000	44.6941	2.6674	0.1452	0.0914	0.0000	6.8000
dPolE	912.203	90.000	32.3102	1.0000	0.0000	6.8000
uR	912.203	90.000	0.0200	1.0000	0.0000	6.8000
E	913.793	90.000	44.7505	2.7998	0.1191	0.0748	0.0000	6.8000
dPolE	913.793	90.000	21.5537	1.0000	0.0000	6.8000
uR	913.793	90.000	0.0214	1.0000	0.0000	6.8000
E	915.384	90.000	45.0662	2.5934	0.0873	0.0547	0.0000	6.8000
dPolE	915.384	90.000	12.7725	1.0000	0.0000	6.8000
uR	915.384	90.000	0.0224	1.0000	0.0000	6.8000
E	916.974	90.000	44.9205	2.5848	0.0841	0.0525	0.0000	6.8000
dPolE	916.974	90.000	14.1647	1.0000	0.0000	6.8000
uR	916.974	90.000	0.0228	1.0000	0.0000	6.8000
E	918.565	90.000	44.7996	2.5766	0.0909	0.0567	0.0000	6.8000
dPolE	918.565	90.000	14.4363	1.0000	0.0000	6.8000
uR	918.565	90.000	0.0227	1.0000	0.0000	6.8000
E	920.155	90.000	44.7542	2.4994	0.1115	0.0695	0.0000	6.8000
dPolE	920.155	90.000	22.6942	1.0000	0.0000	6.8000
uR	920.155	90.000	0.0211	1.0000	0.0000	6.8000
E	921.745	90.000	44.7107	2.6020	0.1397	0.0869	0.0000	6.8000
dPolE	921.745	90.000	26.4669	1.0000	0.0000	6.8000
uR	921.745	90.000	0.0215	1.0000	0.0000	6.8000
E	923.334	90.000	45.0680	2.4611	0.1574	0.0978	0.0000	6.8000
dPolE	923.334	90.000	31.4400	1.0000	0.0000	6.8000
uR	923.334	90.000	0.0224	1.0000	0.0000	6.8000
E	924.924	90.000	44.7254	2.5951	0.1922	0.1193	0.0000	6.8000
dPolE	924.924	90.000	40.4393	1.0000	0.0000	6.8000
uR	924.924	90.000	0.0216	1.0000	0.0000	6.8000
E	926.513	90.000	45.7408	2.7616	0.2102	0.1305	0.0000	6.8000
dPolE	926.513	90.000	42.2613	1.0000	0.0000	6.8000
uR	926.513	90.000	0.0227	1.0000	0.0000	6.8000
E	928.103	90.000	44.7545	2.7917	0.2386	0.1481	0.0000	6.8000
dPolE	928.103	90.000	42.4599	1.0000	0.0000	6.8000
uR	928.103	90.000	0.0227	1.0000	0.0000	6.8000
E	929.692	90.000	44.0364	2.3630	0.2531	0.1562	0.0000	6.8000
dPolE	929.692	90.000	49.7416	1.0000	0.0000	6.8000
uR	929.692	90.000	0.0231	1.0000	0.0000	6.8000
E	931.280	90.000	45.1065	2.6342	0.2506	0.1554	0.0000	6.8000
dPolE	931.280	90.000	44.6585	1.0000	0.0000	6.8000
uR	931.280	90.000	0.0237	1.0000	0.0000	6.8000
E	932.869	90.000	45.0416	2.3944	0.2593	0.1602	0.0000	6.8000
dPolE	932.869	90.000	38.6741	1.0000	0.0000	6.8000
uR	932.869	90.000	0.0247	1.0000	0.0000	6.8000
E	934.458	90.000	44.9819	2.8237	0.2504	0.1546	0.0000	6.8000
dPolE	934.458	90.000	42.4438	1.0000	0.0000	6.8000
uR	934.458	90.000	0.0247	1.0000	0.0000	6.8000
E	936.046	90.000	44.7461	2.5763	0.2371	0.1463	0.0000	6.8000
dPolE	936.046	90.000	43.3952	1.0000	0.0000	6.8000
uR	936.046	90.000	0.0242	1.0000	0.0000	6.8000
E	937.634	90.000	45.0613	2.5598	0.2260	0.1393	0.0000	6.8000
dPolE	937.634	90.000	36.7819	1.0000	0.0000	6.8000
uR	937.634	90.000	0.0238	1.0000	0.0000	6.8000
E	939.222	90.000	44.7539	2.4411	0.2339	0.1439	0.0000	6.8000
dPolE	939.222	90.000	40.1298	1.0000	0.0000	6.8000
uR	939.222	90.000	0.0240	1.0000	0.0000	6.8000
E	940.810	90.000	45.2105	3.0819	0.2379	0.1460	0.0000	6.8000
dPolE	940.810	90.000	44.6267	1.0000	0.0000	6.8000
uR	940.810	90.000	0.0228	1.0000	0.0000	6.8000
E	942.398	90.000	45.2566	2.5013	0.2445	0.1489	0.0000	6.8000
dPolE	942.398	90.000	42.1939	1.0000	0.0000	6.8000
uR	942.398	90.000	0.0232	1.0000	0.0000	6.8000
E	943.985	90.000	45.0504	2.3557	0.2667	0.1631	0.0000	6.8000
dPolE	943.985	90.000	37.1093	1.0000	0.0000	6.8000
uR	943.985	90.000	0.0242	1.0000	0.0000	6.8000
E	945.573	90.000	44.5771	2.5381	0.2479	0.1515	0.0000	6.8000
dPolE	945.573	90.000	45.9067	1.0000	0.0000	6.8000
uR	945.573	90.000	0.0240	1.0000	0.0000	6.8000
E	947.160	90.000	45.2675	2.5393	0.2567	0.1566	0.0000	6.8000
dPolE	947.160	90.000	35.2194	1.0000	0.0000	6.8000
uR	947.160	90.000	0.0238	1.0000	0.0000	6.8000
E	948.747	90.000	45.4174	2.2602	0.2375	0.1439	0.0000	6.8000
dPolE	948.747	90.000	39.3129	1.0000	0.0000	6.8000
uR	948.747	90.000	0.0243	1.0000	0.0000	6.8000
E	950.334	90.000	45.0499	2.1494	0.2398	0.1452	0.0000	6.8000
dPolE	950.334	90.000	36.6825	1.0000	0.0000	6.8000
uR	950.334	90.000	0.0249	1.0000	0.0000	6.8000
E	951.920	90.000	44.9274	2.5996	0.2436	0.1472	0.0000	6.8000
dPolE	951.920	90.000	37.9837	1.0000	0.0000	6.8000
uR	951.920	90.000	0.0239	1.0000	0.0000	6.8000
E	953.507	90.000	45.0851	2.5011	0.2496	0.1503	0.0000	6.8000
dPolE	953.507	90.000	38.1509	1.0000	0.0000	6.8000
uR	953.507	90.000	0.0246	1.0000	0.0000	6.8000
E	955.093	90.000	45.1688	2.3139	0.2490	0.1489	0.0000	6.8000
dPolE	955.093	90.000	41.2114	1.0000	0.0000	6.8000
uR	955.093	90.000	0.0241	1.0000	0.0000	6.8000
E	956.679	90.000	45.0650	2.6175	0.2838	0.1706	0.0000	6.8000
dPolE	956.679	90.000	44.0474	1.0000	0.0000	6.8000
uR	956.679	90.000	0.0245	1.0000	0.0000	6.8000
E	958.265	90.000	44.4839	2.3348	0.3258	0.1945	0.0000	6.8000
dPolE	958.265	90.000	52.7612	1.0000	0.0000	6.8000
uR	958.265	90.000	0.0240	1.0000	0.0000	6.8000
E	959.851	90.000	44.8553	1.9807	0.3453	0.2046	0.0000	6.8000
dPolE	959.851	90.000	61.5412	1.0000	0.0000	6.8000
uR	959.851	90.000	0.0221	1.0000	0.0000	6.8000
E	961.436	90.000	44.8489	1.5669	0.3316	0.1955	0.0000	6.8000
dPolE	961.436	90.000	66.3074	1.0000	0.0000	6.8000
uR	961.436	90.000	0.0224	1.0000	0.0000	6.8000
E	963.022	90.000	44.8431	1.8863	0.3578	0.2112	0.0000	6.8000
dPolE	963.022	90.000	60.5704	1.0000	0.0000	6.8000
uR	963.022	90.000	0.0235	1.0000	0.0000	6.8000
E	964.607	90.000	44.2947	1.7906	0.3566	0.2095	0.0000	6.8000
dPolE	964.607	90.000	54.9128	1.0000	0.0000	6.8000
uR	964.607	90.000	0.0237	1.0000	0.0000	6.8000
E	966.192	90.000	44.8240	2.4432	0.3269	0.1923	0.0000	6.8000
dPolE	966.192	90.000	60.4177	1.0000	0.0000	6.8000
uR	966.192	90.000	0.0221	1.0000	0.0000	6.8000
E	967.777	90.000	45.8339	2.5377	0.2824	0.1654	0.0000	6.8000
dPolE	967.777	90.000	53.6432	1.0000	0.0000	6.8000
uR	967.777	90.000	0.0218	1.0000	0.0000	6.8000
E	969.361	90.000	44.7444	2.0908	0.3040	0.1771	0.0000	6.8000
dPolE	969.361	90.000	42.8519	1.0000	0.0000	6.8000
uR	969.361	90.000	0.0233	1.0000	0.0000	6.8000
E	970.946	90.000	45.0829	2.2428	0.2669	0.1550	0.0000	6.8000
dPolE	970.946	90.000	39.0721	1.0000	0.0000	6.8000
uR	970.946	90.000	0.0234	1.0000	0.0000	6.8000
E	972.530	90.000	45.7901	2.3602	0.2483	0.1445	0.0000	6.8000
dPolE	972.530	90.000	38.7251	1.0000	0.0000	6.8000
uR	972.530	90.000	0.0232	1.0000	0.0000	6.8000
E	974.114	90.000	44.8164	2.2656	0.2407	0.1397	0.0000	6.8000
dPolE	974.114	90.000	33.7519	1.0000	0.0000	6.8000
uR	974.114	90.000	0.0226	1.0000	0.0000	6.8000
E	975.698	90.000	44.7344	2.3917	0.2044	0.1182	0.0000	6.8000
dPolE	975.698	90.000	32.2717	1.0000	0.0000	6.8000
uR	975.698	90.000	0.0211	1.0000	0.0000	6.8000
E	977.282	90.000	45.3176	2.2007	0.1664	0.0958	0.0000	6.8000
dPolE	977.282	90.000	26.6877	1.0000	0.0000	6.8000
uR	977.282	90.000	0.0226	1.0000	0.0000	6.8000
E	978.865	90.000	44.9639	2.5331	0.1422	0.0817	0.0000	6.8000
dPolE	978.865	90.000	19.7774	1.0000	0.0000	6.8000
uR	978.865	90.000	0.0234	1.0000	0.0000	6.8000
E	980.449	90.000	45.2138	2.2926	0.1494	0.0857	0.0000	6.8000
dPolE	980.449	90.000	17.5257	1.0000	0.0000	6.8000
uR	980.449	90.000	0.0235	1.0000	0.0000	6.8000
E	982.032	90.000	44.7898	2.2835	0.1694	0.0974	0.0000	6.8000
dPolE	982.032	90.000	25.8582	1.0000	0.0000	6.8000
uR	982.032	90.000	0.0231	1.0000	0.0000	6.8000
E	983.615	90.000	45.1503	2.3245	0.1906	0.1095	0.0000	6.8000
dPolE	983.615	90.000	28.6288	1.0000	0.0000	6.8000
uR	983.615	90.000	0.0209	1.0000	0.0000	6.8000
E	985.198	90.000	45.0777	2.0849	0.2258	0.1291	0.0000	6.8000
dPolE	985.198	90.000	37.5811	1.0000	0.0000	6.8000
uR	985.198	90.000	0.0206	1.0000	0.0000	6.8000
E	986.780	90.000	44.4220	2.3791	0.2243	0.1288	0.0000	6.8000
dPolE	986.780	90.000	38.6209	1.0000	0.0000	6.8000
uR	986.780	90.000	0.0207	1.0000	0.0000	6.8000
E	988.363	90.000	44.6043	2.0699	0.2092	0.1195	0.0000	6.8000
dPolE	988.363	90.000	34.1433	1.0000	0.0000	6.8000
uR	988.363	90.000	0.0222	1.0000	0.0000	6.8000
E	989.945	90.000	44.7642	2.3466	0.1820	0.1040	0.0000	6.8000
dPolE	989.945	90.000	29.4512	1.0000	0.0000	6.8000
uR	989.945	90.000	0.0218	1.0000	0.0000	6.8000
E	991.527	90.000	45.0767	2.0946	0.1695	0.0963	0.0000	6.8000
dPolE	991.527	90.000	30.1201	1.0000	0.0000	6.8000
uR	991.527	90.000	0.0231	1.0000	0.0000	6.8000
E	993.109	90.000	44.7935	2.1848	0.1652	0.0941	0.0000	6.8000
dPolE	993.109	90.000	23.1067	1.0000	0.0000	6.8000
uR	993.109	90.000	0.0234	1.0000	0.0000	6.8000
E	994.690	90.000	45.0452	2.0140	0.1632	0.0925	0.0000	6.8000
dPolE	994.690	90.000	24.3494	1.0000	0.0000	6.8000
uR	994.690	90.000	0.0226	1.0000	0.0000	6.8000
E	996.272	90.000	44.8199	2.1060	0.1966	0.1116	0.0000	6.8000
dPolE	996.272	90.000	31.4434	1.0000	0.0000	6.8000
uR	996.272	90.000	0.0220	1.0000	0.0000	6.8000
E	997.853	90.000	45.1635	2.2915	0.2355	0.1334	0.0000	6.8000
dPolE	997.853	90.000	35.4383	1.0000	0.0000	6.8000
uR	997.853	90.000	0.0218	1.0000	0.0000	6.8000
E	999.434	90.000	45.7682	1.9178	0.2714	0.1532	0.0000	6.8000
dPolE	999.434	90.000	38.3686	1.0000	0.0000	6.8000
uR	999.434	90.000	0.0229	1.0000	0.0000	6.8000
