
FM-removed
XY-Scan
nm
E	210.379	90.000	46.4881	75.0334	0.2535	0.5064	0.0000	6.8000
dPolE	210.379	90.000	99.9606	1.0000	0.0000	6.8000
uR	210.379	90.000	0.0285	1.0000	0.0000	6.8000
E	211.990	90.000	39.4195	222.3040	0.2750	0.5477	0.0000	6.8000
dPolE	211.990	90.000	99.9572	1.0000	0.0000	6.8000
uR	211.990	90.000	0.0190	1.0000	0.0000	6.8000
E	213.602	90.000	29.6054	280.8557	0.2588	0.6109	0.0000	6.8000
dPolE	213.602	90.000	99.9515	1.0000	0.0000	6.8000
uR	213.602	90.000	0.0136	1.0000	0.0000	6.8000
E	215.214	90.000	3.9927	218.3152	0.2327	3.2781	0.0000	6.8000
dPolE	215.214	90.000	99.9999	1.0000	0.0000	6.8000
uR	215.214	90.000	0.0108	1.0000	0.0000	6.8000
E	216.826	90.000	39.1944	158.0016	0.2687	0.4940	0.0000	6.8000
dPolE	216.826	90.000	99.9513	1.0000	0.0000	6.8000
uR	216.826	90.000	0.0078	1.0000	0.0000	6.8000
E	218.438	90.000	43.9817	236.5353	0.2674	0.5123	0.0000	6.8000
dPolE	218.438	90.000	99.9761	1.0000	0.0000	6.8000
uR	218.438	90.000	0.0055	1.0000	0.0000	6.8000
E	220.050	90.000	68.9702	96.5288	0.2424	0.7959	0.0000	6.8000
dPolE	220.050	90.000	99.9849	1.0000	0.0000	6.8000
uR	220.050	90.000	0.0055	1.0000	0.0000	6.8000
E	221.662	90.000	38.7775	177.8961	0.2535	0.4104	0.0000	6.8000
dPolE	221.662	90.000	99.9847	1.0000	0.0000	6.8000
uR	221.662	90.000	0.0053	1.0000	0.0000	6.8000
E	223.274	90.000	40.6052	234.5569	0.2707	0.5092	0.0000	6.8000
dPolE	223.274	90.000	99.9650	1.0000	0.0000	6.8000
uR	223.274	90.000	0.0059	1.0000	0.0000	6.8000
E	224.886	90.000	14.1257	333.0315	0.2740	0.9578	0.0000	6.8000
dPolE	224.886	90.000	99.9758	1.0000	0.0000	6.8000
uR	224.886	90.000	0.0035	1.0000	0.0000	6.8000
E	226.498	90.000	27.9064	113.7396	0.2707	0.6734	0.0000	6.8000
dPolE	226.498	90.000	99.9436	1.0000	0.0000	6.8000
uR	226.498	90.000	0.0036	1.0000	0.0000	6.8000
E	228.111	90.000	43.5805	178.2330	0.2632	0.3598	0.0000	6.8000
dPolE	228.111	90.000	99.9414	1.0000	0.0000	6.8000
uR	228.111	90.000	0.0033	1.0000	0.0000	6.8000
E	229.723	90.000	44.1185	196.2023	0.2799	0.3875	0.0000	6.8000
dPolE	229.723	90.000	99.9881	1.0000	0.0000	6.8000
uR	229.723	90.000	0.0034	1.0000	0.0000	6.8000
E	231.335	90.000	13.1410	108.6803	0.2194	1.2691	0.0000	6.8000
dPolE	231.335	90.000	99.9717	1.0000	0.0000	6.8000
uR	231.335	90.000	0.0029	1.0000	0.0000	6.8000
E	232.948	90.000	8.1350	1.5531	0.2820	1.2490	0.0000	6.8000
dPolE	232.948	90.000	99.9748	1.0000	0.0000	6.8000
uR	232.948	90.000	0.0019	1.0000	0.0000	6.8000
E	234.560	90.000	76.9806	236.9159	0.2274	1.1663	0.0000	6.8000
dPolE	234.560	90.000	99.9592	1.0000	0.0000	6.8000
uR	234.560	90.000	0.0028	1.0000	0.0000	6.8000
E	236.173	90.000	38.0284	10.7556	0.3124	0.3910	0.0000	6.8000
dPolE	236.173	90.000	99.9680	1.0000	0.0000	6.8000
uR	236.173	90.000	0.0015	1.0000	0.0000	6.8000
E	237.786	90.000	18.7313	325.0956	0.2877	0.7548	0.0000	6.8000
dPolE	237.786	90.000	99.9579	1.0000	0.0000	6.8000
uR	237.786	90.000	0.0016	1.0000	0.0000	6.8000
E	239.398	90.000	25.3872	321.0367	0.2936	0.6142	0.0000	6.8000
dPolE	239.398	90.000	99.9979	1.0000	0.0000	6.8000
uR	239.398	90.000	0.0005	1.0000	0.0000	6.8000
E	241.011	90.000	45.8758	168.9013	0.3215	0.3683	0.0000	6.8000
dPolE	241.011	90.000	99.8770	1.0000	0.0000	6.8000
uR	241.011	90.000	0.0019	1.0000	0.0000	6.8000
E	242.624	90.000	17.3171	329.6533	0.3063	0.7909	0.0000	6.8000
dPolE	242.624	90.000	99.9652	1.0000	0.0000	6.8000
uR	242.624	90.000	0.0014	1.0000	0.0000	6.8000
E	244.237	90.000	76.0970	171.9930	0.3166	0.7436	0.0000	6.8000
dPolE	244.237	90.000	99.9119	1.0000	0.0000	6.8000
uR	244.237	90.000	0.0016	1.0000	0.0000	6.8000
E	245.850	90.000	20.3724	156.0341	0.3093	0.6173	0.0000	6.8000
dPolE	245.850	90.000	99.8893	1.0000	0.0000	6.8000
uR	245.850	90.000	0.0014	1.0000	0.0000	6.8000
E	247.463	90.000	52.4075	54.5227	0.2920	0.5330	0.0000	6.8000
dPolE	247.463	90.000	99.9946	1.0000	0.0000	6.8000
uR	247.463	90.000	0.0005	1.0000	0.0000	6.8000
E	249.076	90.000	49.4831	114.5724	0.3103	0.5914	0.0000	6.8000
dPolE	249.076	90.000	99.9965	1.0000	0.0000	6.8000
uR	249.076	90.000	0.0013	1.0000	0.0000	6.8000
E	250.689	90.000	27.2751	346.1749	0.3281	0.4464	0.0000	6.8000
dPolE	250.689	90.000	99.9120	1.0000	0.0000	6.8000
uR	250.689	90.000	0.0010	1.0000	0.0000	6.8000
E	252.302	90.000	33.8317	171.9914	0.3249	0.3666	0.0000	6.8000
dPolE	252.302	90.000	99.9310	1.0000	0.0000	6.8000
uR	252.302	90.000	0.0012	1.0000	0.0000	6.8000
E	253.916	90.000	22.9504	350.2090	0.2936	0.4322	0.0000	6.8000
dPolE	253.916	90.000	99.9447	1.0000	0.0000	6.8000
uR	253.916	90.000	0.0011	1.0000	0.0000	6.8000
E	255.529	90.000	63.6158	91.7613	0.2487	0.7326	0.0000	6.8000
dPolE	255.529	90.000	99.9991	1.0000	0.0000	6.8000
uR	255.529	90.000	0.0006	1.0000	0.0000	6.8000
E	257.142	90.000	23.2612	339.3819	0.3114	0.5156	0.0000	6.8000
dPolE	257.142	90.000	99.8946	1.0000	0.0000	6.8000
uR	257.142	90.000	0.0014	1.0000	0.0000	6.8000
E	258.756	90.000	17.4198	69.1825	0.2315	1.0311	0.0000	6.8000
dPolE	258.756	90.000	99.9788	1.0000	0.0000	6.8000
uR	258.756	90.000	0.0005	1.0000	0.0000	6.8000
E	260.369	90.000	20.7208	312.5941	0.2870	0.8000	0.0000	6.8000
dPolE	260.369	90.000	99.9549	1.0000	0.0000	6.8000
uR	260.369	90.000	0.0006	1.0000	0.0000	6.8000
E	261.983	90.000	58.2920	153.4100	0.2973	0.4280	0.0000	6.8000
dPolE	261.983	90.000	99.9687	1.0000	0.0000	6.8000
uR	261.983	90.000	0.0006	1.0000	0.0000	6.8000
E	263.596	90.000	7.5489	108.0512	0.1867	2.2694	0.0000	6.8000
dPolE	263.596	90.000	99.9946	1.0000	0.0000	6.8000
uR	263.596	90.000	0.0006	1.0000	0.0000	6.8000
E	265.210	90.000	89.9900	0.4320	0.3028	876.6808	0.0000	6.8000
dPolE	265.210	90.000	99.9851	1.0000	0.0000	6.8000
uR	265.210	90.000	0.0009	1.0000	0.0000	6.8000
E	266.823	90.000	68.5448	5.9856	0.2873	0.4356	0.0000	6.8000
dPolE	266.823	90.000	99.9413	1.0000	0.0000	6.8000
uR	266.823	90.000	0.0008	1.0000	0.0000	6.8000
E	268.437	90.000	84.4731	88.9458	0.1594	3.0936	0.0000	6.8000
dPolE	268.437	90.000	99.9518	1.0000	0.0000	6.8000
uR	268.437	90.000	0.0009	1.0000	0.0000	6.8000
E	270.051	90.000	9.7273	32.9240	0.2327	1.0798	0.0000	6.8000
dPolE	270.051	90.000	99.9995	1.0000	0.0000	6.8000
uR	270.051	90.000	0.0005	1.0000	0.0000	6.8000
E	271.665	90.000	75.3284	264.7311	0.1777	1.0787	0.0000	6.8000
dPolE	271.665	90.000	99.9852	1.0000	0.0000	6.8000
uR	271.665	90.000	0.0010	1.0000	0.0000	6.8000
E	273.279	90.000	51.3236	341.0524	0.2800	0.3399	0.0000	6.8000
dPolE	273.279	90.000	99.9297	1.0000	0.0000	6.8000
uR	273.279	90.000	0.0008	1.0000	0.0000	6.8000
E	274.892	90.000	42.2710	198.9202	0.2776	0.3320	0.0000	6.8000
dPolE	274.892	90.000	99.9916	1.0000	0.0000	6.8000
uR	274.892	90.000	0.0004	1.0000	0.0000	6.8000
E	276.506	90.000	66.5141	175.5181	0.2546	0.3735	0.0000	6.8000
dPolE	276.506	90.000	99.9508	1.0000	0.0000	6.8000
uR	276.506	90.000	0.0006	1.0000	0.0000	6.8000
E	278.120	90.000	73.1737	43.2188	0.2361	0.7664	0.0000	6.8000
dPolE	278.120	90.000	99.9853	1.0000	0.0000	6.8000
uR	278.120	90.000	0.0004	1.0000	0.0000	6.8000
E	279.734	90.000	24.6167	181.0736	0.2678	0.3838	0.0000	6.8000
dPolE	279.734	90.000	99.9785	1.0000	0.0000	6.8000
uR	279.734	90.000	0.0006	1.0000	0.0000	6.8000
E	281.349	90.000	5.4348	122.9756	0.1888	2.4600	0.0000	6.8000
dPolE	281.349	90.000	99.9991	1.0000	0.0000	6.8000
uR	281.349	90.000	0.0008	1.0000	0.0000	6.8000
E	282.963	90.000	58.5085	202.8178	0.2609	0.3802	0.0000	6.8000
dPolE	282.963	90.000	99.9862	1.0000	0.0000	6.8000
uR	282.963	90.000	0.0005	1.0000	0.0000	6.8000
E	284.577	90.000	40.7368	20.7964	0.2590	0.3319	0.0000	6.8000
dPolE	284.577	90.000	99.9835	1.0000	0.0000	6.8000
uR	284.577	90.000	0.0003	1.0000	0.0000	6.8000
E	286.191	90.000	12.9117	289.7806	0.1732	1.0666	0.0000	6.8000
dPolE	286.191	90.000	99.9906	1.0000	0.0000	6.8000
uR	286.191	90.000	0.0005	1.0000	0.0000	6.8000
E	287.805	90.000	27.5030	44.1705	0.2203	0.4604	0.0000	6.8000
dPolE	287.805	90.000	99.9954	1.0000	0.0000	6.8000
uR	287.805	90.000	0.0003	1.0000	0.0000	6.8000
E	289.420	90.000	43.4160	312.8819	0.2317	0.3861	0.0000	6.8000
dPolE	289.420	90.000	99.9992	1.0000	0.0000	6.8000
uR	289.420	90.000	0.0007	1.0000	0.0000	6.8000
E	291.034	90.000	66.6486	172.2035	0.2315	0.3796	0.0000	6.8000
dPolE	291.034	90.000	99.9852	1.0000	0.0000	6.8000
uR	291.034	90.000	0.0005	1.0000	0.0000	6.8000
E	292.649	90.000	66.1140	348.8401	0.2212	0.3679	0.0000	6.8000
dPolE	292.649	90.000	99.9715	1.0000	0.0000	6.8000
uR	292.649	90.000	0.0004	1.0000	0.0000	6.8000
E	294.263	90.000	23.0764	214.4564	0.2160	0.4739	0.0000	6.8000
dPolE	294.263	90.000	99.9843	1.0000	0.0000	6.8000
uR	294.263	90.000	0.0003	1.0000	0.0000	6.8000
E	295.877	90.000	15.8881	289.0744	0.1778	0.8471	0.0000	6.8000
dPolE	295.877	90.000	99.9980	1.0000	0.0000	6.8000
uR	295.877	90.000	0.0005	1.0000	0.0000	6.8000
E	297.492	90.000	44.6070	105.6177	0.2219	0.4336	0.0000	6.8000
dPolE	297.492	90.000	99.9953	1.0000	0.0000	6.8000
uR	297.492	90.000	0.0004	1.0000	0.0000	6.8000
E	299.107	90.000	36.3315	356.1221	0.1957	0.2560	0.0000	6.8000
dPolE	299.107	90.000	99.9366	1.0000	0.0000	6.8000
uR	299.107	90.000	0.0007	1.0000	0.0000	6.8000
E	300.721	90.000	51.6956	168.0541	0.2168	0.2907	0.0000	6.8000
dPolE	300.721	90.000	99.9859	1.0000	0.0000	6.8000
uR	300.721	90.000	0.0005	1.0000	0.0000	6.8000
E	302.336	90.000	82.8263	93.0082	0.1376	1.6626	0.0000	6.8000
dPolE	302.336	90.000	99.9796	1.0000	0.0000	6.8000
uR	302.336	90.000	0.0004	1.0000	0.0000	6.8000
E	303.950	90.000	17.1416	139.4759	0.1892	0.5999	0.0000	6.8000
dPolE	303.950	90.000	99.9926	1.0000	0.0000	6.8000
uR	303.950	90.000	0.0003	1.0000	0.0000	6.8000
E	305.565	90.000	6.8906	131.0362	0.1680	1.4705	0.0000	6.8000
dPolE	305.565	90.000	99.9997	1.0000	0.0000	6.8000
uR	305.565	90.000	0.0005	1.0000	0.0000	6.8000
E	307.180	90.000	13.1719	272.7493	0.1370	0.8314	0.0000	6.8000
dPolE	307.180	90.000	99.9881	1.0000	0.0000	6.8000
uR	307.180	90.000	0.0005	1.0000	0.0000	6.8000
E	308.795	90.000	33.3561	160.0852	0.1884	0.2959	0.0000	6.8000
dPolE	308.795	90.000	99.9853	1.0000	0.0000	6.8000
uR	308.795	90.000	0.0004	1.0000	0.0000	6.8000
E	310.410	90.000	51.9356	74.3308	0.1853	0.3797	0.0000	6.8000
dPolE	310.410	90.000	99.9883	1.0000	0.0000	6.8000
uR	310.410	90.000	0.0004	1.0000	0.0000	6.8000
E	312.024	90.000	47.5059	8.9934	0.1940	0.2715	0.0000	6.8000
dPolE	312.024	90.000	99.9739	1.0000	0.0000	6.8000
uR	312.024	90.000	0.0004	1.0000	0.0000	6.8000
E	313.639	90.000	39.1334	2.7029	0.1913	0.2723	0.0000	6.8000
dPolE	313.639	90.000	99.9895	1.0000	0.0000	6.8000
uR	313.639	90.000	0.0004	1.0000	0.0000	6.8000
E	315.254	90.000	20.6981	337.7283	0.1840	0.4300	0.0000	6.8000
dPolE	315.254	90.000	99.9950	1.0000	0.0000	6.8000
uR	315.254	90.000	0.0004	1.0000	0.0000	6.8000
E	316.869	90.000	62.3366	253.3441	0.1797	0.4632	0.0000	6.8000
dPolE	316.869	90.000	99.9793	1.0000	0.0000	6.8000
uR	316.869	90.000	0.0003	1.0000	0.0000	6.8000
E	318.484	90.000	41.2527	107.3690	0.1606	0.3180	0.0000	6.8000
dPolE	318.484	90.000	99.9751	1.0000	0.0000	6.8000
uR	318.484	90.000	0.0005	1.0000	0.0000	6.8000
E	320.099	90.000	64.2026	207.1259	0.1712	0.3541	0.0000	6.8000
dPolE	320.099	90.000	99.9947	1.0000	0.0000	6.8000
uR	320.099	90.000	0.0004	1.0000	0.0000	6.8000
E	321.714	90.000	46.3149	61.3339	0.1638	0.3105	0.0000	6.8000
dPolE	321.714	90.000	99.9912	1.0000	0.0000	6.8000
uR	321.714	90.000	0.0003	1.0000	0.0000	6.8000
E	323.330	90.000	64.5473	245.1867	0.1569	0.4200	0.0000	6.8000
dPolE	323.330	90.000	99.9767	1.0000	0.0000	6.8000
uR	323.330	90.000	0.0005	1.0000	0.0000	6.8000
E	324.945	90.000	61.4879	332.3265	0.1808	0.3556	0.0000	6.8000
dPolE	324.945	90.000	99.9929	1.0000	0.0000	6.8000
uR	324.945	90.000	0.0003	1.0000	0.0000	6.8000
E	326.560	90.000	46.6780	206.6853	0.1737	0.2847	0.0000	6.8000
dPolE	326.560	90.000	99.9915	1.0000	0.0000	6.8000
uR	326.560	90.000	0.0003	1.0000	0.0000	6.8000
E	328.175	90.000	34.3434	282.3716	0.1589	0.3469	0.0000	6.8000
dPolE	328.175	90.000	99.9972	1.0000	0.0000	6.8000
uR	328.175	90.000	0.0003	1.0000	0.0000	6.8000
E	329.790	90.000	15.8490	316.5153	0.1467	0.5343	0.0000	6.8000
dPolE	329.790	90.000	99.9880	1.0000	0.0000	6.8000
uR	329.790	90.000	0.0004	1.0000	0.0000	6.8000
E	331.406	90.000	46.1600	230.6687	0.1566	0.2889	0.0000	6.8000
dPolE	331.406	90.000	99.9928	1.0000	0.0000	6.8000
uR	331.406	90.000	0.0003	1.0000	0.0000	6.8000
E	333.021	90.000	20.9857	83.8978	0.1421	0.4739	0.0000	6.8000
dPolE	333.021	90.000	99.9872	1.0000	0.0000	6.8000
uR	333.021	90.000	0.0004	1.0000	0.0000	6.8000
E	334.636	90.000	48.0874	191.1095	0.1418	0.2305	0.0000	6.8000
dPolE	334.636	90.000	99.9893	1.0000	0.0000	6.8000
uR	334.636	90.000	0.0004	1.0000	0.0000	6.8000
E	336.251	90.000	50.1075	25.0377	0.1484	0.2552	0.0000	6.8000
dPolE	336.251	90.000	99.9989	1.0000	0.0000	6.8000
uR	336.251	90.000	0.0001	1.0000	0.0000	6.8000
E	337.867	90.000	13.0049	163.9586	0.1438	0.5538	0.0000	6.8000
dPolE	337.867	90.000	99.9438	1.0000	0.0000	6.8000
uR	337.867	90.000	0.0006	1.0000	0.0000	6.8000
E	339.482	90.000	68.0942	147.6614	0.1476	0.3844	0.0000	6.8000
dPolE	339.482	90.000	99.9981	1.0000	0.0000	6.8000
uR	339.482	90.000	0.0004	1.0000	0.0000	6.8000
E	341.098	90.000	51.0535	164.0002	0.1541	0.2658	0.0000	6.8000
dPolE	341.098	90.000	99.9981	1.0000	0.0000	6.8000
uR	341.098	90.000	0.0004	1.0000	0.0000	6.8000
E	342.713	90.000	55.6850	357.4470	0.1517	0.2724	0.0000	6.8000
dPolE	342.713	90.000	99.9982	1.0000	0.0000	6.8000
uR	342.713	90.000	0.0002	1.0000	0.0000	6.8000
E	344.329	90.000	23.7268	80.2701	0.1415	0.4089	0.0000	6.8000
dPolE	344.329	90.000	99.9960	1.0000	0.0000	6.8000
uR	344.329	90.000	0.0003	1.0000	0.0000	6.8000
E	345.944	90.000	54.5274	25.6179	0.1463	0.2745	0.0000	6.8000
dPolE	345.944	90.000	99.9703	1.0000	0.0000	6.8000
uR	345.944	90.000	0.0005	1.0000	0.0000	6.8000
E	347.560	90.000	52.4282	163.3194	0.1427	0.2565	0.0000	6.8000
dPolE	347.560	90.000	99.9838	1.0000	0.0000	6.8000
uR	347.560	90.000	0.0005	1.0000	0.0000	6.8000
E	349.175	90.000	36.5470	249.9585	0.1442	0.2998	0.0000	6.8000
dPolE	349.175	90.000	99.9815	1.0000	0.0000	6.8000
uR	349.175	90.000	0.0004	1.0000	0.0000	6.8000
E	350.791	90.000	52.4347	196.8812	0.1443	0.2648	0.0000	6.8000
dPolE	350.791	90.000	99.9946	1.0000	0.0000	6.8000
uR	350.791	90.000	0.0003	1.0000	0.0000	6.8000
E	352.406	90.000	18.6027	140.9234	0.1370	0.4342	0.0000	6.8000
dPolE	352.406	90.000	99.9898	1.0000	0.0000	6.8000
uR	352.406	90.000	0.0004	1.0000	0.0000	6.8000
E	354.022	90.000	62.6666	19.8069	0.1443	0.3192	0.0000	6.8000
dPolE	354.022	90.000	99.9932	1.0000	0.0000	6.8000
uR	354.022	90.000	0.0004	1.0000	0.0000	6.8000
E	355.638	90.000	22.2082	61.1417	0.1330	0.3871	0.0000	6.8000
dPolE	355.638	90.000	99.9979	1.0000	0.0000	6.8000
uR	355.638	90.000	0.0002	1.0000	0.0000	6.8000
E	357.253	90.000	70.9716	195.4616	0.1353	0.3998	0.0000	6.8000
dPolE	357.253	90.000	99.9648	1.0000	0.0000	6.8000
uR	357.253	90.000	0.0005	1.0000	0.0000	6.8000
E	358.869	90.000	34.5094	340.9839	0.1382	0.2725	0.0000	6.8000
dPolE	358.869	90.000	99.9811	1.0000	0.0000	6.8000
uR	358.869	90.000	0.0004	1.0000	0.0000	6.8000
E	360.485	90.000	31.9760	58.1578	0.1407	0.3094	0.0000	6.8000
dPolE	360.485	90.000	99.9998	1.0000	0.0000	6.8000
uR	360.485	90.000	0.0002	1.0000	0.0000	6.8000
E	362.100	90.000	52.9000	254.2785	0.1314	0.2731	0.0000	6.8000
dPolE	362.100	90.000	99.9900	1.0000	0.0000	6.8000
uR	362.100	90.000	0.0003	1.0000	0.0000	6.8000
E	363.716	90.000	34.4281	137.1384	0.1291	0.2650	0.0000	6.8000
dPolE	363.716	90.000	99.9964	1.0000	0.0000	6.8000
uR	363.716	90.000	0.0002	1.0000	0.0000	6.8000
E	365.332	90.000	77.7472	134.8696	0.1311	0.6276	0.0000	6.8000
dPolE	365.332	90.000	99.9644	1.0000	0.0000	6.8000
uR	365.332	90.000	0.0004	1.0000	0.0000	6.8000
E	366.948	90.000	28.0761	349.1324	0.1310	0.2924	0.0000	6.8000
dPolE	366.948	90.000	99.9968	1.0000	0.0000	6.8000
uR	366.948	90.000	0.0003	1.0000	0.0000	6.8000
E	368.563	90.000	21.6962	50.9767	0.1343	0.3886	0.0000	6.8000
dPolE	368.563	90.000	99.9874	1.0000	0.0000	6.8000
uR	368.563	90.000	0.0005	1.0000	0.0000	6.8000
E	370.179	90.000	45.1455	0.1666	0.1334	0.2444	0.0000	6.8000
dPolE	370.179	90.000	99.9878	1.0000	0.0000	6.8000
uR	370.179	90.000	0.0003	1.0000	0.0000	6.8000
E	371.795	90.000	53.0814	239.9903	0.1387	0.2843	0.0000	6.8000
dPolE	371.795	90.000	99.9925	1.0000	0.0000	6.8000
uR	371.795	90.000	0.0005	1.0000	0.0000	6.8000
E	373.411	90.000	44.3062	28.2009	0.1239	0.2340	0.0000	6.8000
dPolE	373.411	90.000	99.9950	1.0000	0.0000	6.8000
uR	373.411	90.000	0.0002	1.0000	0.0000	6.8000
E	375.027	90.000	47.1674	219.8391	0.1251	0.2422	0.0000	6.8000
dPolE	375.027	90.000	99.9976	1.0000	0.0000	6.8000
uR	375.027	90.000	0.0005	1.0000	0.0000	6.8000
E	376.643	90.000	15.6933	10.8196	0.1277	0.4628	0.0000	6.8000
dPolE	376.643	90.000	99.9949	1.0000	0.0000	6.8000
uR	376.643	90.000	0.0002	1.0000	0.0000	6.8000
E	378.258	90.000	63.6791	288.7940	0.1230	0.3140	0.0000	6.8000
dPolE	378.258	90.000	99.9965	1.0000	0.0000	6.8000
uR	378.258	90.000	0.0002	1.0000	0.0000	6.8000
E	379.874	90.000	26.9546	300.6769	0.1266	0.3133	0.0000	6.8000
dPolE	379.874	90.000	99.9989	1.0000	0.0000	6.8000
uR	379.874	90.000	0.0004	1.0000	0.0000	6.8000
E	381.490	90.000	76.7620	48.3683	0.1210	0.5431	0.0000	6.8000
dPolE	381.490	90.000	99.9950	1.0000	0.0000	6.8000
uR	381.490	90.000	0.0002	1.0000	0.0000	6.8000
E	383.106	90.000	52.9369	68.9609	0.1278	0.2649	0.0000	6.8000
dPolE	383.106	90.000	99.9907	1.0000	0.0000	6.8000
uR	383.106	90.000	0.0003	1.0000	0.0000	6.8000
E	384.722	90.000	33.4693	207.8340	0.1302	0.2725	0.0000	6.8000
dPolE	384.722	90.000	99.9996	1.0000	0.0000	6.8000
uR	384.722	90.000	0.0003	1.0000	0.0000	6.8000
E	386.338	90.000	36.4434	256.8420	0.1205	0.2525	0.0000	6.8000
dPolE	386.338	90.000	99.9981	1.0000	0.0000	6.8000
uR	386.338	90.000	0.0003	1.0000	0.0000	6.8000
E	387.954	90.000	41.6337	184.8382	0.1219	0.2304	0.0000	6.8000
dPolE	387.954	90.000	99.9997	1.0000	0.0000	6.8000
uR	387.954	90.000	0.0004	1.0000	0.0000	6.8000
E	389.570	90.000	62.0465	285.0978	0.1063	0.2602	0.0000	6.8000
dPolE	389.570	90.000	99.9962	1.0000	0.0000	6.8000
uR	389.570	90.000	0.0002	1.0000	0.0000	6.8000
E	391.186	90.000	44.3791	306.9697	0.1178	0.2313	0.0000	6.8000
dPolE	391.186	90.000	99.9886	1.0000	0.0000	6.8000
uR	391.186	90.000	0.0003	1.0000	0.0000	6.8000
E	392.802	90.000	51.4630	343.3639	0.1258	0.2470	0.0000	6.8000
dPolE	392.802	90.000	99.9955	1.0000	0.0000	6.8000
uR	392.802	90.000	0.0001	1.0000	0.0000	6.8000
E	394.418	90.000	39.8796	298.8195	0.1270	0.2554	0.0000	6.8000
dPolE	394.418	90.000	99.9923	1.0000	0.0000	6.8000
uR	394.418	90.000	0.0003	1.0000	0.0000	6.8000
E	396.034	90.000	35.6956	322.9555	0.1276	0.2599	0.0000	6.8000
dPolE	396.034	90.000	99.9958	1.0000	0.0000	6.8000
uR	396.034	90.000	0.0002	1.0000	0.0000	6.8000
E	397.650	90.000	43.6010	346.1005	0.1172	0.2209	0.0000	6.8000
dPolE	397.650	90.000	99.9561	1.0000	0.0000	6.8000
uR	397.650	90.000	0.0004	1.0000	0.0000	6.8000
E	399.266	90.000	54.4131	14.3162	0.1227	0.2446	0.0000	6.8000
dPolE	399.266	90.000	99.9680	1.0000	0.0000	6.8000
uR	399.266	90.000	0.0004	1.0000	0.0000	6.8000
E	400.882	90.000	59.4002	339.1991	0.1182	0.2576	0.0000	6.8000
dPolE	400.882	90.000	99.9720	1.0000	0.0000	6.8000
uR	400.882	90.000	0.0004	1.0000	0.0000	6.8000
E	402.498	90.000	40.7800	353.4848	0.1150	0.2211	0.0000	6.8000
dPolE	402.498	90.000	99.9396	1.0000	0.0000	6.8000
uR	402.498	90.000	0.0005	1.0000	0.0000	6.8000
E	404.114	90.000	42.0950	345.5420	0.1254	0.2397	0.0000	6.8000
dPolE	404.114	90.000	99.9109	1.0000	0.0000	6.8000
uR	404.114	90.000	0.0006	1.0000	0.0000	6.8000
E	405.730	90.000	50.1362	339.2538	0.1155	0.2223	0.0000	6.8000
dPolE	405.730	90.000	99.8355	1.0000	0.0000	6.8000
uR	405.730	90.000	0.0008	1.0000	0.0000	6.8000
E	407.346	90.000	40.6551	354.7095	0.1174	0.2216	0.0000	6.8000
dPolE	407.346	90.000	99.7892	1.0000	0.0000	6.8000
uR	407.346	90.000	0.0009	1.0000	0.0000	6.8000
E	408.962	90.000	43.5083	354.1723	0.1150	0.2147	0.0000	6.8000
dPolE	408.962	90.000	99.6654	1.0000	0.0000	6.8000
uR	408.962	90.000	0.0012	1.0000	0.0000	6.8000
E	410.578	90.000	46.0127	352.9015	0.1172	0.2199	0.0000	6.8000
dPolE	410.578	90.000	99.2694	1.0000	0.0000	6.8000
uR	410.578	90.000	0.0016	1.0000	0.0000	6.8000
E	412.194	90.000	46.1097	354.9572	0.1100	0.2075	0.0000	6.8000
dPolE	412.194	90.000	99.4544	1.0000	0.0000	6.8000
uR	412.194	90.000	0.0015	1.0000	0.0000	6.8000
E	413.810	90.000	44.8540	352.0565	0.1138	0.2145	0.0000	6.8000
dPolE	413.810	90.000	98.9966	1.0000	0.0000	6.8000
uR	413.810	90.000	0.0020	1.0000	0.0000	6.8000
E	415.426	90.000	45.0283	356.0069	0.1087	0.2028	0.0000	6.8000
dPolE	415.426	90.000	98.5402	1.0000	0.0000	6.8000
uR	415.426	90.000	0.0024	1.0000	0.0000	6.8000
E	417.042	90.000	44.2372	354.3423	0.1122	0.2072	0.0000	6.8000
dPolE	417.042	90.000	98.1529	1.0000	0.0000	6.8000
uR	417.042	90.000	0.0026	1.0000	0.0000	6.8000
E	418.658	90.000	46.6105	349.8498	0.1091	0.2010	0.0000	6.8000
dPolE	418.658	90.000	98.0985	1.0000	0.0000	6.8000
uR	418.658	90.000	0.0028	1.0000	0.0000	6.8000
E	420.274	90.000	45.2541	349.1535	0.1109	0.2043	0.0000	6.8000
dPolE	420.274	90.000	97.2854	1.0000	0.0000	6.8000
uR	420.274	90.000	0.0032	1.0000	0.0000	6.8000
E	421.890	90.000	46.2553	352.1654	0.1037	0.1919	0.0000	6.8000
dPolE	421.890	90.000	97.5188	1.0000	0.0000	6.8000
uR	421.890	90.000	0.0033	1.0000	0.0000	6.8000
E	423.506	90.000	43.4977	350.8834	0.1033	0.1919	0.0000	6.8000
dPolE	423.506	90.000	97.0075	1.0000	0.0000	6.8000
uR	423.506	90.000	0.0038	1.0000	0.0000	6.8000
E	425.122	90.000	44.0451	353.3823	0.0980	0.1809	0.0000	6.8000
dPolE	425.122	90.000	96.4500	1.0000	0.0000	6.8000
uR	425.122	90.000	0.0042	1.0000	0.0000	6.8000
E	426.738	90.000	44.9576	352.9965	0.1020	0.1865	0.0000	6.8000
dPolE	426.738	90.000	95.3188	1.0000	0.0000	6.8000
uR	426.738	90.000	0.0048	1.0000	0.0000	6.8000
E	428.355	90.000	44.6749	353.9653	0.0999	0.1803	0.0000	6.8000
dPolE	428.355	90.000	94.9873	1.0000	0.0000	6.8000
uR	428.355	90.000	0.0052	1.0000	0.0000	6.8000
E	429.971	90.000	44.7341	352.4244	0.1000	0.1792	0.0000	6.8000
dPolE	429.971	90.000	94.7950	1.0000	0.0000	6.8000
uR	429.971	90.000	0.0053	1.0000	0.0000	6.8000
E	431.587	90.000	44.7759	352.4394	0.1030	0.1848	0.0000	6.8000
dPolE	431.587	90.000	93.5927	1.0000	0.0000	6.8000
uR	431.587	90.000	0.0059	1.0000	0.0000	6.8000
E	433.203	90.000	43.7883	352.3728	0.0935	0.1686	0.0000	6.8000
dPolE	433.203	90.000	93.6908	1.0000	0.0000	6.8000
uR	433.203	90.000	0.0062	1.0000	0.0000	6.8000
E	434.819	90.000	44.7674	351.9569	0.0954	0.1725	0.0000	6.8000
dPolE	434.819	90.000	93.4097	1.0000	0.0000	6.8000
uR	434.819	90.000	0.0064	1.0000	0.0000	6.8000
E	436.435	90.000	45.2782	353.9856	0.0945	0.1700	0.0000	6.8000
dPolE	436.435	90.000	91.4934	1.0000	0.0000	6.8000
uR	436.435	90.000	0.0070	1.0000	0.0000	6.8000
E	438.051	90.000	45.7176	353.6418	0.0913	0.1628	0.0000	6.8000
dPolE	438.051	90.000	90.5139	1.0000	0.0000	6.8000
uR	438.051	90.000	0.0073	1.0000	0.0000	6.8000
E	439.667	90.000	45.1021	353.9429	0.0955	0.1681	0.0000	6.8000
dPolE	439.667	90.000	89.3816	1.0000	0.0000	6.8000
uR	439.667	90.000	0.0078	1.0000	0.0000	6.8000
E	441.283	90.000	45.1188	354.5468	0.0924	0.1612	0.0000	6.8000
dPolE	441.283	90.000	88.0842	1.0000	0.0000	6.8000
uR	441.283	90.000	0.0081	1.0000	0.0000	6.8000
E	442.899	90.000	44.2718	352.9943	0.0986	0.1714	0.0000	6.8000
dPolE	442.899	90.000	87.4768	1.0000	0.0000	6.8000
uR	442.899	90.000	0.0086	1.0000	0.0000	6.8000
E	444.515	90.000	45.0068	353.0392	0.0927	0.1614	0.0000	6.8000
dPolE	444.515	90.000	86.8128	1.0000	0.0000	6.8000
uR	444.515	90.000	0.0090	1.0000	0.0000	6.8000
E	446.131	90.000	44.9992	353.7858	0.0877	0.1532	0.0000	6.8000
dPolE	446.131	90.000	87.4191	1.0000	0.0000	6.8000
uR	446.131	90.000	0.0092	1.0000	0.0000	6.8000
E	447.747	90.000	45.3048	353.0233	0.0867	0.1516	0.0000	6.8000
dPolE	447.747	90.000	86.5764	1.0000	0.0000	6.8000
uR	447.747	90.000	0.0095	1.0000	0.0000	6.8000
E	449.363	90.000	45.2913	353.9105	0.0835	0.1452	0.0000	6.8000
dPolE	449.363	90.000	84.6357	1.0000	0.0000	6.8000
uR	449.363	90.000	0.0099	1.0000	0.0000	6.8000
E	450.979	90.000	45.1115	353.8842	0.0874	0.1502	0.0000	6.8000
dPolE	450.979	90.000	81.3074	1.0000	0.0000	6.8000
uR	450.979	90.000	0.0104	1.0000	0.0000	6.8000
E	452.594	90.000	44.6983	354.2416	0.0872	0.1481	0.0000	6.8000
dPolE	452.594	90.000	80.4079	1.0000	0.0000	6.8000
uR	452.594	90.000	0.0107	1.0000	0.0000	6.8000
E	454.210	90.000	44.9646	353.8907	0.0865	0.1455	0.0000	6.8000
dPolE	454.210	90.000	81.5236	1.0000	0.0000	6.8000
uR	454.210	90.000	0.0111	1.0000	0.0000	6.8000
E	455.826	90.000	45.1439	354.0988	0.0894	0.1497	0.0000	6.8000
dPolE	455.826	90.000	78.9757	1.0000	0.0000	6.8000
uR	455.826	90.000	0.0118	1.0000	0.0000	6.8000
E	457.442	90.000	45.2242	354.1339	0.0835	0.1401	0.0000	6.8000
dPolE	457.442	90.000	78.7490	1.0000	0.0000	6.8000
uR	457.442	90.000	0.0119	1.0000	0.0000	6.8000
E	459.058	90.000	45.0970	353.6639	0.0850	0.1430	0.0000	6.8000
dPolE	459.058	90.000	77.1641	1.0000	0.0000	6.8000
uR	459.058	90.000	0.0122	1.0000	0.0000	6.8000
E	460.674	90.000	44.8986	354.5053	0.0856	0.1440	0.0000	6.8000
dPolE	460.674	90.000	76.0693	1.0000	0.0000	6.8000
uR	460.674	90.000	0.0125	1.0000	0.0000	6.8000
E	462.290	90.000	44.9010	353.8153	0.0766	0.1284	0.0000	6.8000
dPolE	462.290	90.000	73.2485	1.0000	0.0000	6.8000
uR	462.290	90.000	0.0130	1.0000	0.0000	6.8000
E	463.906	90.000	44.9698	354.4279	0.0785	0.1304	0.0000	6.8000
dPolE	463.906	90.000	71.1495	1.0000	0.0000	6.8000
uR	463.906	90.000	0.0134	1.0000	0.0000	6.8000
E	465.521	90.000	44.9503	354.6104	0.0791	0.1298	0.0000	6.8000
dPolE	465.521	90.000	68.7042	1.0000	0.0000	6.8000
uR	465.521	90.000	0.0138	1.0000	0.0000	6.8000
E	467.137	90.000	44.6730	354.1743	0.0735	0.1192	0.0000	6.8000
dPolE	467.137	90.000	66.9118	1.0000	0.0000	6.8000
uR	467.137	90.000	0.0139	1.0000	0.0000	6.8000
E	468.753	90.000	44.6685	354.4282	0.0692	0.1115	0.0000	6.8000
dPolE	468.753	90.000	63.3567	1.0000	0.0000	6.8000
uR	468.753	90.000	0.0139	1.0000	0.0000	6.8000
E	470.369	90.000	45.1510	354.5106	0.0718	0.1153	0.0000	6.8000
dPolE	470.369	90.000	63.9956	1.0000	0.0000	6.8000
uR	470.369	90.000	0.0145	1.0000	0.0000	6.8000
E	471.985	90.000	44.8735	354.3461	0.0733	0.1179	0.0000	6.8000
dPolE	471.985	90.000	66.1828	1.0000	0.0000	6.8000
uR	471.985	90.000	0.0149	1.0000	0.0000	6.8000
E	473.600	90.000	44.6716	354.2080	0.0732	0.1181	0.0000	6.8000
dPolE	473.600	90.000	65.5104	1.0000	0.0000	6.8000
uR	473.600	90.000	0.0153	1.0000	0.0000	6.8000
E	475.216	90.000	44.8878	354.1389	0.0775	0.1249	0.0000	6.8000
dPolE	475.216	90.000	68.9955	1.0000	0.0000	6.8000
uR	475.216	90.000	0.0154	1.0000	0.0000	6.8000
E	476.832	90.000	45.2305	354.4936	0.0761	0.1221	0.0000	6.8000
dPolE	476.832	90.000	69.7228	1.0000	0.0000	6.8000
uR	476.832	90.000	0.0159	1.0000	0.0000	6.8000
E	478.448	90.000	45.0854	354.6708	0.0779	0.1237	0.0000	6.8000
dPolE	478.448	90.000	69.1273	1.0000	0.0000	6.8000
uR	478.448	90.000	0.0163	1.0000	0.0000	6.8000
E	480.063	90.000	44.8580	354.7680	0.0762	0.1198	0.0000	6.8000
dPolE	480.063	90.000	66.9987	1.0000	0.0000	6.8000
uR	480.063	90.000	0.0167	1.0000	0.0000	6.8000
E	481.679	90.000	45.1589	354.5306	0.0751	0.1165	0.0000	6.8000
dPolE	481.679	90.000	67.8722	1.0000	0.0000	6.8000
uR	481.679	90.000	0.0167	1.0000	0.0000	6.8000
E	483.294	90.000	44.9741	354.9066	0.0756	0.1164	0.0000	6.8000
dPolE	483.294	90.000	64.7237	1.0000	0.0000	6.8000
uR	483.294	90.000	0.0167	1.0000	0.0000	6.8000
E	484.910	90.000	45.0095	354.4776	0.0749	0.1150	0.0000	6.8000
dPolE	484.910	90.000	66.4552	1.0000	0.0000	6.8000
uR	484.910	90.000	0.0170	1.0000	0.0000	6.8000
E	486.526	90.000	44.8325	354.5704	0.0731	0.1124	0.0000	6.8000
dPolE	486.526	90.000	68.2947	1.0000	0.0000	6.8000
uR	486.526	90.000	0.0175	1.0000	0.0000	6.8000
E	488.141	90.000	44.7935	354.7101	0.0782	0.1204	0.0000	6.8000
dPolE	488.141	90.000	66.5652	1.0000	0.0000	6.8000
uR	488.141	90.000	0.0177	1.0000	0.0000	6.8000
E	489.757	90.000	44.7264	354.9091	0.0781	0.1203	0.0000	6.8000
dPolE	489.757	90.000	65.2411	1.0000	0.0000	6.8000
uR	489.757	90.000	0.0181	1.0000	0.0000	6.8000
E	491.372	90.000	45.1418	355.0743	0.0733	0.1124	0.0000	6.8000
dPolE	491.372	90.000	64.2166	1.0000	0.0000	6.8000
uR	491.372	90.000	0.0180	1.0000	0.0000	6.8000
E	492.988	90.000	44.9401	354.9236	0.0698	0.1065	0.0000	6.8000
dPolE	492.988	90.000	63.0739	1.0000	0.0000	6.8000
uR	492.988	90.000	0.0182	1.0000	0.0000	6.8000
E	494.603	90.000	44.8765	354.7717	0.0746	0.1128	0.0000	6.8000
dPolE	494.603	90.000	62.9831	1.0000	0.0000	6.8000
uR	494.603	90.000	0.0186	1.0000	0.0000	6.8000
E	496.219	90.000	44.8848	355.1921	0.0763	0.1139	0.0000	6.8000
dPolE	496.219	90.000	64.1686	1.0000	0.0000	6.8000
uR	496.219	90.000	0.0189	1.0000	0.0000	6.8000
E	497.834	90.000	44.7257	354.9124	0.0800	0.1181	0.0000	6.8000
dPolE	497.834	90.000	63.6709	1.0000	0.0000	6.8000
uR	497.834	90.000	0.0192	1.0000	0.0000	6.8000
E	499.450	90.000	45.0060	354.9146	0.0755	0.1107	0.0000	6.8000
dPolE	499.450	90.000	63.1936	1.0000	0.0000	6.8000
uR	499.450	90.000	0.0195	1.0000	0.0000	6.8000
E	501.065	90.000	44.8788	355.1009	0.0774	0.1132	0.0000	6.8000
dPolE	501.065	90.000	64.7381	1.0000	0.0000	6.8000
uR	501.065	90.000	0.0194	1.0000	0.0000	6.8000
E	502.680	90.000	45.0649	354.9776	0.0785	0.1147	0.0000	6.8000
dPolE	502.680	90.000	64.2578	1.0000	0.0000	6.8000
uR	502.680	90.000	0.0195	1.0000	0.0000	6.8000
E	504.296	90.000	44.8434	354.9676	0.0755	0.1106	0.0000	6.8000
dPolE	504.296	90.000	64.0110	1.0000	0.0000	6.8000
uR	504.296	90.000	0.0196	1.0000	0.0000	6.8000
E	505.911	90.000	45.2618	355.2753	0.0742	0.1087	0.0000	6.8000
dPolE	505.911	90.000	63.4316	1.0000	0.0000	6.8000
uR	505.911	90.000	0.0199	1.0000	0.0000	6.8000
E	507.526	90.000	44.7111	355.3845	0.0777	0.1136	0.0000	6.8000
dPolE	507.526	90.000	61.9404	1.0000	0.0000	6.8000
uR	507.526	90.000	0.0201	1.0000	0.0000	6.8000
E	509.141	90.000	44.5818	355.1366	0.0779	0.1133	0.0000	6.8000
dPolE	509.141	90.000	60.5523	1.0000	0.0000	6.8000
uR	509.141	90.000	0.0203	1.0000	0.0000	6.8000
E	510.756	90.000	44.9353	355.1545	0.0775	0.1118	0.0000	6.8000
dPolE	510.756	90.000	61.4999	1.0000	0.0000	6.8000
uR	510.756	90.000	0.0205	1.0000	0.0000	6.8000
E	512.372	90.000	44.6501	355.2051	0.0740	0.1056	0.0000	6.8000
dPolE	512.372	90.000	62.0550	1.0000	0.0000	6.8000
uR	512.372	90.000	0.0211	1.0000	0.0000	6.8000
E	513.987	90.000	45.0710	355.3715	0.0790	0.1115	0.0000	6.8000
dPolE	513.987	90.000	61.9023	1.0000	0.0000	6.8000
uR	513.987	90.000	0.0223	1.0000	0.0000	6.8000
E	515.602	90.000	44.7113	355.1779	0.0820	0.1148	0.0000	6.8000
dPolE	515.602	90.000	61.9948	1.0000	0.0000	6.8000
uR	515.602	90.000	0.0233	1.0000	0.0000	6.8000
E	517.217	90.000	44.9206	355.1632	0.0852	0.1187	0.0000	6.8000
dPolE	517.217	90.000	63.3447	1.0000	0.0000	6.8000
uR	517.217	90.000	0.0227	1.0000	0.0000	6.8000
E	518.832	90.000	44.5631	355.2910	0.0838	0.1164	0.0000	6.8000
dPolE	518.832	90.000	64.8576	1.0000	0.0000	6.8000
uR	518.832	90.000	0.0217	1.0000	0.0000	6.8000
E	520.447	90.000	44.8261	355.6158	0.0849	0.1177	0.0000	6.8000
dPolE	520.447	90.000	65.5933	1.0000	0.0000	6.8000
uR	520.447	90.000	0.0210	1.0000	0.0000	6.8000
E	522.062	90.000	44.9562	355.2419	0.0832	0.1156	0.0000	6.8000
dPolE	522.062	90.000	63.8561	1.0000	0.0000	6.8000
uR	522.062	90.000	0.0202	1.0000	0.0000	6.8000
E	523.677	90.000	44.9446	355.1775	0.0800	0.1112	0.0000	6.8000
dPolE	523.677	90.000	61.1483	1.0000	0.0000	6.8000
uR	523.677	90.000	0.0209	1.0000	0.0000	6.8000
E	525.292	90.000	45.1198	355.5062	0.0808	0.1120	0.0000	6.8000
dPolE	525.292	90.000	59.6933	1.0000	0.0000	6.8000
uR	525.292	90.000	0.0216	1.0000	0.0000	6.8000
E	526.907	90.000	44.8043	355.3610	0.0765	0.1056	0.0000	6.8000
dPolE	526.907	90.000	58.8626	1.0000	0.0000	6.8000
uR	526.907	90.000	0.0217	1.0000	0.0000	6.8000
E	528.521	90.000	44.8531	355.6100	0.0783	0.1072	0.0000	6.8000
dPolE	528.521	90.000	59.9303	1.0000	0.0000	6.8000
uR	528.521	90.000	0.0218	1.0000	0.0000	6.8000
E	530.136	90.000	44.8423	355.6884	0.0823	0.1116	0.0000	6.8000
dPolE	530.136	90.000	59.1390	1.0000	0.0000	6.8000
uR	530.136	90.000	0.0215	1.0000	0.0000	6.8000
E	531.751	90.000	44.8909	355.7545	0.0779	0.1046	0.0000	6.8000
dPolE	531.751	90.000	59.7969	1.0000	0.0000	6.8000
uR	531.751	90.000	0.0218	1.0000	0.0000	6.8000
E	533.366	90.000	44.8546	355.7979	0.0797	0.1061	0.0000	6.8000
dPolE	533.366	90.000	59.0516	1.0000	0.0000	6.8000
uR	533.366	90.000	0.0220	1.0000	0.0000	6.8000
E	534.980	90.000	44.8692	355.3886	0.0812	0.1074	0.0000	6.8000
dPolE	534.980	90.000	58.1657	1.0000	0.0000	6.8000
uR	534.980	90.000	0.0221	1.0000	0.0000	6.8000
E	536.595	90.000	44.6702	355.6952	0.0791	0.1042	0.0000	6.8000
dPolE	536.595	90.000	58.5032	1.0000	0.0000	6.8000
uR	536.595	90.000	0.0222	1.0000	0.0000	6.8000
E	538.210	90.000	45.0359	355.7696	0.0770	0.1011	0.0000	6.8000
dPolE	538.210	90.000	60.3386	1.0000	0.0000	6.8000
uR	538.210	90.000	0.0224	1.0000	0.0000	6.8000
E	539.824	90.000	44.9873	355.6667	0.0829	0.1090	0.0000	6.8000
dPolE	539.824	90.000	57.5673	1.0000	0.0000	6.8000
uR	539.824	90.000	0.0223	1.0000	0.0000	6.8000
E	541.439	90.000	44.8732	355.7607	0.0842	0.1109	0.0000	6.8000
dPolE	541.439	90.000	57.5254	1.0000	0.0000	6.8000
uR	541.439	90.000	0.0224	1.0000	0.0000	6.8000
E	543.053	90.000	45.0413	355.6642	0.0789	0.1039	0.0000	6.8000
dPolE	543.053	90.000	58.0419	1.0000	0.0000	6.8000
uR	543.053	90.000	0.0227	1.0000	0.0000	6.8000
E	544.668	90.000	44.7722	355.6720	0.0810	0.1064	0.0000	6.8000
dPolE	544.668	90.000	57.3680	1.0000	0.0000	6.8000
uR	544.668	90.000	0.0222	1.0000	0.0000	6.8000
E	546.282	90.000	44.9790	355.8280	0.0830	0.1085	0.0000	6.8000
dPolE	546.282	90.000	58.8061	1.0000	0.0000	6.8000
uR	546.282	90.000	0.0224	1.0000	0.0000	6.8000
E	547.896	90.000	45.2903	355.7316	0.0791	0.1025	0.0000	6.8000
dPolE	547.896	90.000	56.0680	1.0000	0.0000	6.8000
uR	547.896	90.000	0.0227	1.0000	0.0000	6.8000
E	549.511	90.000	44.9307	355.8528	0.0819	0.1053	0.0000	6.8000
dPolE	549.511	90.000	56.7587	1.0000	0.0000	6.8000
uR	549.511	90.000	0.0229	1.0000	0.0000	6.8000
E	551.125	90.000	44.6615	355.6116	0.0818	0.1041	0.0000	6.8000
dPolE	551.125	90.000	56.8528	1.0000	0.0000	6.8000
uR	551.125	90.000	0.0227	1.0000	0.0000	6.8000
E	552.739	90.000	45.0496	355.6364	0.0863	0.1089	0.0000	6.8000
dPolE	552.739	90.000	56.6857	1.0000	0.0000	6.8000
uR	552.739	90.000	0.0225	1.0000	0.0000	6.8000
E	554.353	90.000	45.0573	355.7023	0.0813	0.1019	0.0000	6.8000
dPolE	554.353	90.000	57.9629	1.0000	0.0000	6.8000
uR	554.353	90.000	0.0222	1.0000	0.0000	6.8000
E	555.968	90.000	44.9531	355.5676	0.0840	0.1048	0.0000	6.8000
dPolE	555.968	90.000	54.6748	1.0000	0.0000	6.8000
uR	555.968	90.000	0.0229	1.0000	0.0000	6.8000
E	557.582	90.000	44.8183	355.8607	0.0832	0.1034	0.0000	6.8000
dPolE	557.582	90.000	53.9164	1.0000	0.0000	6.8000
uR	557.582	90.000	0.0230	1.0000	0.0000	6.8000
E	559.196	90.000	44.6687	356.0809	0.0827	0.1026	0.0000	6.8000
dPolE	559.196	90.000	54.5783	1.0000	0.0000	6.8000
uR	559.196	90.000	0.0232	1.0000	0.0000	6.8000
E	560.810	90.000	44.8850	356.3331	0.0837	0.1038	0.0000	6.8000
dPolE	560.810	90.000	56.0314	1.0000	0.0000	6.8000
uR	560.810	90.000	0.0232	1.0000	0.0000	6.8000
E	562.424	90.000	44.8852	355.9464	0.0827	0.1029	0.0000	6.8000
dPolE	562.424	90.000	53.2752	1.0000	0.0000	6.8000
uR	562.424	90.000	0.0231	1.0000	0.0000	6.8000
E	564.038	90.000	44.8245	356.1414	0.0852	0.1058	0.0000	6.8000
dPolE	564.038	90.000	51.7610	1.0000	0.0000	6.8000
uR	564.038	90.000	0.0234	1.0000	0.0000	6.8000
E	565.651	90.000	45.0192	355.8914	0.0803	0.0996	0.0000	6.8000
dPolE	565.651	90.000	55.1354	1.0000	0.0000	6.8000
uR	565.651	90.000	0.0234	1.0000	0.0000	6.8000
E	567.265	90.000	44.9109	356.2195	0.0866	0.1068	0.0000	6.8000
dPolE	567.265	90.000	52.0397	1.0000	0.0000	6.8000
uR	567.265	90.000	0.0232	1.0000	0.0000	6.8000
E	568.879	90.000	45.0126	356.0746	0.0827	0.1013	0.0000	6.8000
dPolE	568.879	90.000	53.5342	1.0000	0.0000	6.8000
uR	568.879	90.000	0.0230	1.0000	0.0000	6.8000
E	570.493	90.000	44.8645	356.2757	0.0797	0.0968	0.0000	6.8000
dPolE	570.493	90.000	52.0221	1.0000	0.0000	6.8000
uR	570.493	90.000	0.0233	1.0000	0.0000	6.8000
E	572.106	90.000	44.8735	356.2755	0.0864	0.1041	0.0000	6.8000
dPolE	572.106	90.000	50.5405	1.0000	0.0000	6.8000
uR	572.106	90.000	0.0231	1.0000	0.0000	6.8000
E	573.720	90.000	44.9180	356.3532	0.0851	0.1016	0.0000	6.8000
dPolE	573.720	90.000	49.9614	1.0000	0.0000	6.8000
uR	573.720	90.000	0.0233	1.0000	0.0000	6.8000
E	575.333	90.000	44.8408	356.0481	0.0841	0.0996	0.0000	6.8000
dPolE	575.333	90.000	51.3788	1.0000	0.0000	6.8000
uR	575.333	90.000	0.0231	1.0000	0.0000	6.8000
E	576.947	90.000	44.9696	356.3626	0.0851	0.1002	0.0000	6.8000
dPolE	576.947	90.000	51.9192	1.0000	0.0000	6.8000
uR	576.947	90.000	0.0235	1.0000	0.0000	6.8000
E	578.560	90.000	44.8876	356.4646	0.0845	0.0991	0.0000	6.8000
dPolE	578.560	90.000	51.9248	1.0000	0.0000	6.8000
uR	578.560	90.000	0.0234	1.0000	0.0000	6.8000
E	580.174	90.000	44.8062	356.2472	0.0889	0.1039	0.0000	6.8000
dPolE	580.174	90.000	51.1419	1.0000	0.0000	6.8000
uR	580.174	90.000	0.0234	1.0000	0.0000	6.8000
E	581.787	90.000	44.9491	356.5673	0.0816	0.0953	0.0000	6.8000
dPolE	581.787	90.000	50.9606	1.0000	0.0000	6.8000
uR	581.787	90.000	0.0236	1.0000	0.0000	6.8000
E	583.400	90.000	45.0778	356.4494	0.0807	0.0942	0.0000	6.8000
dPolE	583.400	90.000	50.3080	1.0000	0.0000	6.8000
uR	583.400	90.000	0.0235	1.0000	0.0000	6.8000
E	585.014	90.000	44.9133	356.3369	0.0874	0.1022	0.0000	6.8000
dPolE	585.014	90.000	50.9759	1.0000	0.0000	6.8000
uR	585.014	90.000	0.0233	1.0000	0.0000	6.8000
E	586.627	90.000	44.9619	356.3454	0.0832	0.0972	0.0000	6.8000
dPolE	586.627	90.000	50.4303	1.0000	0.0000	6.8000
uR	586.627	90.000	0.0235	1.0000	0.0000	6.8000
E	588.240	90.000	44.8781	356.4539	0.0838	0.0977	0.0000	6.8000
dPolE	588.240	90.000	50.7868	1.0000	0.0000	6.8000
uR	588.240	90.000	0.0237	1.0000	0.0000	6.8000
E	589.853	90.000	45.0646	356.4037	0.0838	0.0974	0.0000	6.8000
dPolE	589.853	90.000	50.1553	1.0000	0.0000	6.8000
uR	589.853	90.000	0.0233	1.0000	0.0000	6.8000
E	591.466	90.000	45.2378	356.4371	0.0844	0.0975	0.0000	6.8000
dPolE	591.466	90.000	50.9832	1.0000	0.0000	6.8000
uR	591.466	90.000	0.0233	1.0000	0.0000	6.8000
E	593.079	90.000	44.8945	356.2161	0.0823	0.0946	0.0000	6.8000
dPolE	593.079	90.000	50.5472	1.0000	0.0000	6.8000
uR	593.079	90.000	0.0235	1.0000	0.0000	6.8000
E	594.692	90.000	44.9319	356.6166	0.0877	0.0997	0.0000	6.8000
dPolE	594.692	90.000	48.9451	1.0000	0.0000	6.8000
uR	594.692	90.000	0.0240	1.0000	0.0000	6.8000
E	596.305	90.000	44.9151	356.5439	0.0907	0.1023	0.0000	6.8000
dPolE	596.305	90.000	50.5638	1.0000	0.0000	6.8000
uR	596.305	90.000	0.0236	1.0000	0.0000	6.8000
E	597.918	90.000	44.9633	356.5846	0.0880	0.0986	0.0000	6.8000
dPolE	597.918	90.000	52.5561	1.0000	0.0000	6.8000
uR	597.918	90.000	0.0236	1.0000	0.0000	6.8000
E	599.530	90.000	44.9825	356.2368	0.0912	0.1015	0.0000	6.8000
dPolE	599.530	90.000	49.9423	1.0000	0.0000	6.8000
uR	599.530	90.000	0.0238	1.0000	0.0000	6.8000
E	601.143	90.000	44.9429	356.7413	0.0902	0.0998	0.0000	6.8000
dPolE	601.143	90.000	48.6672	1.0000	0.0000	6.8000
uR	601.143	90.000	0.0239	1.0000	0.0000	6.8000
E	602.755	90.000	45.0203	356.3491	0.0923	0.1018	0.0000	6.8000
dPolE	602.755	90.000	48.5134	1.0000	0.0000	6.8000
uR	602.755	90.000	0.0238	1.0000	0.0000	6.8000
E	604.368	90.000	45.0126	356.5008	0.0911	0.1001	0.0000	6.8000
dPolE	604.368	90.000	49.8492	1.0000	0.0000	6.8000
uR	604.368	90.000	0.0239	1.0000	0.0000	6.8000
E	605.981	90.000	44.8294	356.6397	0.0910	0.1000	0.0000	6.8000
dPolE	605.981	90.000	49.4285	1.0000	0.0000	6.8000
uR	605.981	90.000	0.0242	1.0000	0.0000	6.8000
E	607.593	90.000	45.0676	356.5523	0.0905	0.0995	0.0000	6.8000
dPolE	607.593	90.000	48.4632	1.0000	0.0000	6.8000
uR	607.593	90.000	0.0242	1.0000	0.0000	6.8000
E	609.205	90.000	45.1686	356.8186	0.0909	0.0997	0.0000	6.8000
dPolE	609.205	90.000	47.3882	1.0000	0.0000	6.8000
uR	609.205	90.000	0.0239	1.0000	0.0000	6.8000
E	610.818	90.000	45.1429	356.4627	0.0896	0.0985	0.0000	6.8000
dPolE	610.818	90.000	52.1307	1.0000	0.0000	6.8000
uR	610.818	90.000	0.0237	1.0000	0.0000	6.8000
E	612.430	90.000	44.7869	356.7653	0.0934	0.1023	0.0000	6.8000
dPolE	612.430	90.000	48.3843	1.0000	0.0000	6.8000
uR	612.430	90.000	0.0239	1.0000	0.0000	6.8000
E	614.042	90.000	44.8993	356.6100	0.0888	0.0971	0.0000	6.8000
dPolE	614.042	90.000	50.4372	1.0000	0.0000	6.8000
uR	614.042	90.000	0.0239	1.0000	0.0000	6.8000
E	615.654	90.000	45.0630	356.8344	0.0913	0.0993	0.0000	6.8000
dPolE	615.654	90.000	45.9538	1.0000	0.0000	6.8000
uR	615.654	90.000	0.0237	1.0000	0.0000	6.8000
E	617.266	90.000	44.9387	356.6862	0.0925	0.1000	0.0000	6.8000
dPolE	617.266	90.000	48.3133	1.0000	0.0000	6.8000
uR	617.266	90.000	0.0241	1.0000	0.0000	6.8000
E	618.878	90.000	44.8631	356.7716	0.0861	0.0925	0.0000	6.8000
dPolE	618.878	90.000	47.3904	1.0000	0.0000	6.8000
uR	618.878	90.000	0.0243	1.0000	0.0000	6.8000
E	620.490	90.000	44.8019	356.8349	0.0924	0.0987	0.0000	6.8000
dPolE	620.490	90.000	46.0205	1.0000	0.0000	6.8000
uR	620.490	90.000	0.0237	1.0000	0.0000	6.8000
E	622.102	90.000	44.7683	356.8592	0.0860	0.0911	0.0000	6.8000
dPolE	622.102	90.000	46.5368	1.0000	0.0000	6.8000
uR	622.102	90.000	0.0237	1.0000	0.0000	6.8000
E	623.714	90.000	44.6330	356.9263	0.0930	0.0977	0.0000	6.8000
dPolE	623.714	90.000	46.1394	1.0000	0.0000	6.8000
uR	623.714	90.000	0.0237	1.0000	0.0000	6.8000
E	625.325	90.000	44.8520	356.6945	0.0957	0.0999	0.0000	6.8000
dPolE	625.325	90.000	49.6491	1.0000	0.0000	6.8000
uR	625.325	90.000	0.0236	1.0000	0.0000	6.8000
E	626.937	90.000	44.8223	356.5361	0.0968	0.1007	0.0000	6.8000
dPolE	626.937	90.000	46.3930	1.0000	0.0000	6.8000
uR	626.937	90.000	0.0238	1.0000	0.0000	6.8000
E	628.548	90.000	45.0719	356.7172	0.0991	0.1027	0.0000	6.8000
dPolE	628.548	90.000	46.8322	1.0000	0.0000	6.8000
uR	628.548	90.000	0.0236	1.0000	0.0000	6.8000
E	630.160	90.000	45.0650	356.8090	0.0978	0.1009	0.0000	6.8000
dPolE	630.160	90.000	45.0967	1.0000	0.0000	6.8000
uR	630.160	90.000	0.0238	1.0000	0.0000	6.8000
E	631.771	90.000	44.7387	356.7406	0.0991	0.1022	0.0000	6.8000
dPolE	631.771	90.000	45.7374	1.0000	0.0000	6.8000
uR	631.771	90.000	0.0241	1.0000	0.0000	6.8000
E	633.383	90.000	44.3929	356.7092	0.0967	0.0998	0.0000	6.8000
dPolE	633.383	90.000	47.5586	1.0000	0.0000	6.8000
uR	633.383	90.000	0.0238	1.0000	0.0000	6.8000
E	634.994	90.000	45.0710	357.0610	0.0977	0.1006	0.0000	6.8000
dPolE	634.994	90.000	42.5140	1.0000	0.0000	6.8000
uR	634.994	90.000	0.0241	1.0000	0.0000	6.8000
E	636.605	90.000	45.0083	356.6221	0.0996	0.1026	0.0000	6.8000
dPolE	636.605	90.000	46.9000	1.0000	0.0000	6.8000
uR	636.605	90.000	0.0239	1.0000	0.0000	6.8000
E	638.216	90.000	44.9219	356.8620	0.0998	0.1028	0.0000	6.8000
dPolE	638.216	90.000	48.3731	1.0000	0.0000	6.8000
uR	638.216	90.000	0.0240	1.0000	0.0000	6.8000
E	639.827	90.000	45.0732	356.9731	0.0967	0.0993	0.0000	6.8000
dPolE	639.827	90.000	47.0541	1.0000	0.0000	6.8000
uR	639.827	90.000	0.0240	1.0000	0.0000	6.8000
E	641.438	90.000	45.0074	357.1208	0.0970	0.0993	0.0000	6.8000
dPolE	641.438	90.000	48.1161	1.0000	0.0000	6.8000
uR	641.438	90.000	0.0241	1.0000	0.0000	6.8000
E	643.049	90.000	44.5914	356.9922	0.0990	0.1010	0.0000	6.8000
dPolE	643.049	90.000	45.3171	1.0000	0.0000	6.8000
uR	643.049	90.000	0.0240	1.0000	0.0000	6.8000
E	644.660	90.000	45.0574	357.0544	0.1022	0.1038	0.0000	6.8000
dPolE	644.660	90.000	43.2205	1.0000	0.0000	6.8000
uR	644.660	90.000	0.0243	1.0000	0.0000	6.8000
E	646.271	90.000	44.9007	356.6801	0.1024	0.1034	0.0000	6.8000
dPolE	646.271	90.000	45.8082	1.0000	0.0000	6.8000
uR	646.271	90.000	0.0242	1.0000	0.0000	6.8000
E	647.881	90.000	45.1060	357.0963	0.1010	0.1013	0.0000	6.8000
dPolE	647.881	90.000	42.3849	1.0000	0.0000	6.8000
uR	647.881	90.000	0.0242	1.0000	0.0000	6.8000
E	649.492	90.000	44.8353	357.1277	0.0995	0.0990	0.0000	6.8000
dPolE	649.492	90.000	43.3565	1.0000	0.0000	6.8000
uR	649.492	90.000	0.0239	1.0000	0.0000	6.8000
E	651.103	90.000	45.1037	357.0195	0.0994	0.0982	0.0000	6.8000
dPolE	651.103	90.000	43.3550	1.0000	0.0000	6.8000
uR	651.103	90.000	0.0240	1.0000	0.0000	6.8000
E	652.713	90.000	44.7201	356.5749	0.1009	0.0993	0.0000	6.8000
dPolE	652.713	90.000	46.2368	1.0000	0.0000	6.8000
uR	652.713	90.000	0.0244	1.0000	0.0000	6.8000
E	654.323	90.000	45.0997	357.4295	0.1010	0.0986	0.0000	6.8000
dPolE	654.323	90.000	44.8634	1.0000	0.0000	6.8000
uR	654.323	90.000	0.0249	1.0000	0.0000	6.8000
E	655.934	90.000	45.0015	357.1349	0.1064	0.1036	0.0000	6.8000
dPolE	655.934	90.000	44.6298	1.0000	0.0000	6.8000
uR	655.934	90.000	0.0249	1.0000	0.0000	6.8000
E	657.544	90.000	44.8064	357.2007	0.1056	0.1023	0.0000	6.8000
dPolE	657.544	90.000	44.8115	1.0000	0.0000	6.8000
uR	657.544	90.000	0.0243	1.0000	0.0000	6.8000
E	659.154	90.000	44.7453	356.8885	0.1064	0.1030	0.0000	6.8000
dPolE	659.154	90.000	44.5014	1.0000	0.0000	6.8000
uR	659.154	90.000	0.0247	1.0000	0.0000	6.8000
E	660.764	90.000	44.6525	357.0502	0.1091	0.1054	0.0000	6.8000
dPolE	660.764	90.000	44.2141	1.0000	0.0000	6.8000
uR	660.764	90.000	0.0248	1.0000	0.0000	6.8000
E	662.374	90.000	44.9348	357.2477	0.1077	0.1039	0.0000	6.8000
dPolE	662.374	90.000	45.4805	1.0000	0.0000	6.8000
uR	662.374	90.000	0.0245	1.0000	0.0000	6.8000
E	663.984	90.000	44.8906	357.0544	0.1092	0.1052	0.0000	6.8000
dPolE	663.984	90.000	44.6727	1.0000	0.0000	6.8000
uR	663.984	90.000	0.0247	1.0000	0.0000	6.8000
E	665.594	90.000	44.7555	356.9698	0.1029	0.0992	0.0000	6.8000
dPolE	665.594	90.000	47.0156	1.0000	0.0000	6.8000
uR	665.594	90.000	0.0243	1.0000	0.0000	6.8000
E	667.204	90.000	44.8608	356.9687	0.0997	0.0961	0.0000	6.8000
dPolE	667.204	90.000	46.6963	1.0000	0.0000	6.8000
uR	667.204	90.000	0.0239	1.0000	0.0000	6.8000
E	668.813	90.000	44.7657	357.3158	0.1056	0.1015	0.0000	6.8000
dPolE	668.813	90.000	43.0724	1.0000	0.0000	6.8000
uR	668.813	90.000	0.0241	1.0000	0.0000	6.8000
E	670.423	90.000	44.4067	356.9537	0.1063	0.1020	0.0000	6.8000
dPolE	670.423	90.000	43.9436	1.0000	0.0000	6.8000
uR	670.423	90.000	0.0240	1.0000	0.0000	6.8000
E	672.032	90.000	44.9287	357.5030	0.1049	0.1004	0.0000	6.8000
dPolE	672.032	90.000	42.3943	1.0000	0.0000	6.8000
uR	672.032	90.000	0.0242	1.0000	0.0000	6.8000
E	673.642	90.000	44.5613	357.1072	0.1078	0.1030	0.0000	6.8000
dPolE	673.642	90.000	41.0655	1.0000	0.0000	6.8000
uR	673.642	90.000	0.0243	1.0000	0.0000	6.8000
E	675.251	90.000	44.9232	357.0949	0.1003	0.0954	0.0000	6.8000
dPolE	675.251	90.000	45.9246	1.0000	0.0000	6.8000
uR	675.251	90.000	0.0244	1.0000	0.0000	6.8000
E	676.860	90.000	44.4918	357.0568	0.1094	0.1035	0.0000	6.8000
dPolE	676.860	90.000	44.6387	1.0000	0.0000	6.8000
uR	676.860	90.000	0.0243	1.0000	0.0000	6.8000
E	678.469	90.000	45.0465	357.2172	0.1089	0.1023	0.0000	6.8000
dPolE	678.469	90.000	42.5960	1.0000	0.0000	6.8000
uR	678.469	90.000	0.0243	1.0000	0.0000	6.8000
E	680.079	90.000	44.8043	356.8840	0.1102	0.1030	0.0000	6.8000
dPolE	680.079	90.000	40.8010	1.0000	0.0000	6.8000
uR	680.079	90.000	0.0246	1.0000	0.0000	6.8000
E	681.688	90.000	44.8126	357.1052	0.1037	0.0962	0.0000	6.8000
dPolE	681.688	90.000	42.3251	1.0000	0.0000	6.8000
uR	681.688	90.000	0.0249	1.0000	0.0000	6.8000
E	683.296	90.000	44.9326	357.1648	0.1053	0.0970	0.0000	6.8000
dPolE	683.296	90.000	38.4906	1.0000	0.0000	6.8000
uR	683.296	90.000	0.0249	1.0000	0.0000	6.8000
E	684.905	90.000	44.8602	357.1739	0.1105	0.1012	0.0000	6.8000
dPolE	684.905	90.000	37.2186	1.0000	0.0000	6.8000
uR	684.905	90.000	0.0244	1.0000	0.0000	6.8000
E	686.514	90.000	45.0328	357.0558	0.1069	0.0975	0.0000	6.8000
dPolE	686.514	90.000	38.5474	1.0000	0.0000	6.8000
uR	686.514	90.000	0.0237	1.0000	0.0000	6.8000
E	688.123	90.000	45.0374	357.1333	0.1005	0.0913	0.0000	6.8000
dPolE	688.123	90.000	40.1476	1.0000	0.0000	6.8000
uR	688.123	90.000	0.0238	1.0000	0.0000	6.8000
E	689.731	90.000	45.2096	357.5614	0.1069	0.0966	0.0000	6.8000
dPolE	689.731	90.000	37.0050	1.0000	0.0000	6.8000
uR	689.731	90.000	0.0236	1.0000	0.0000	6.8000
E	691.340	90.000	45.0968	356.9836	0.1054	0.0951	0.0000	6.8000
dPolE	691.340	90.000	40.3234	1.0000	0.0000	6.8000
uR	691.340	90.000	0.0240	1.0000	0.0000	6.8000
E	692.948	90.000	44.9126	357.1418	0.1171	0.1055	0.0000	6.8000
dPolE	692.948	90.000	39.5960	1.0000	0.0000	6.8000
uR	692.948	90.000	0.0242	1.0000	0.0000	6.8000
E	694.556	90.000	44.7457	357.1145	0.1156	0.1041	0.0000	6.8000
dPolE	694.556	90.000	42.6984	1.0000	0.0000	6.8000
uR	694.556	90.000	0.0240	1.0000	0.0000	6.8000
E	696.164	90.000	44.9824	357.3701	0.1190	0.1070	0.0000	6.8000
dPolE	696.164	90.000	43.6404	1.0000	0.0000	6.8000
uR	696.164	90.000	0.0238	1.0000	0.0000	6.8000
E	697.772	90.000	44.8147	357.2231	0.1162	0.1046	0.0000	6.8000
dPolE	697.772	90.000	43.6655	1.0000	0.0000	6.8000
uR	697.772	90.000	0.0238	1.0000	0.0000	6.8000
E	699.380	90.000	44.8930	357.3894	0.1241	0.1116	0.0000	6.8000
dPolE	699.380	90.000	42.7630	1.0000	0.0000	6.8000
uR	699.380	90.000	0.0239	1.0000	0.0000	6.8000
E	700.988	90.000	44.7983	357.2016	0.1235	0.1109	0.0000	6.8000
dPolE	700.988	90.000	44.2586	1.0000	0.0000	6.8000
uR	700.988	90.000	0.0236	1.0000	0.0000	6.8000
E	702.596	90.000	44.7692	357.2834	0.1213	0.1088	0.0000	6.8000
dPolE	702.596	90.000	45.2163	1.0000	0.0000	6.8000
uR	702.596	90.000	0.0238	1.0000	0.0000	6.8000
E	704.204	90.000	45.1309	357.6091	0.1333	0.1192	0.0000	6.8000
dPolE	704.204	90.000	42.2596	1.0000	0.0000	6.8000
uR	704.204	90.000	0.0240	1.0000	0.0000	6.8000
E	705.811	90.000	45.0188	357.2048	0.1284	0.1144	0.0000	6.8000
dPolE	705.811	90.000	44.2065	1.0000	0.0000	6.8000
uR	705.811	90.000	0.0239	1.0000	0.0000	6.8000
E	707.419	90.000	45.2447	357.5610	0.1252	0.1113	0.0000	6.8000
dPolE	707.419	90.000	41.4713	1.0000	0.0000	6.8000
uR	707.419	90.000	0.0248	1.0000	0.0000	6.8000
E	709.026	90.000	45.1805	357.2509	0.1271	0.1125	0.0000	6.8000
dPolE	709.026	90.000	37.2276	1.0000	0.0000	6.8000
uR	709.026	90.000	0.0249	1.0000	0.0000	6.8000
E	710.634	90.000	44.7092	357.6111	0.1170	0.1030	0.0000	6.8000
dPolE	710.634	90.000	40.3971	1.0000	0.0000	6.8000
uR	710.634	90.000	0.0255	1.0000	0.0000	6.8000
E	712.241	90.000	45.1491	357.2540	0.1218	0.1068	0.0000	6.8000
dPolE	712.241	90.000	41.0387	1.0000	0.0000	6.8000
uR	712.241	90.000	0.0273	1.0000	0.0000	6.8000
E	713.848	90.000	45.1715	357.5820	0.1373	0.1196	0.0000	6.8000
dPolE	713.848	90.000	42.0812	1.0000	0.0000	6.8000
uR	713.848	90.000	0.0268	1.0000	0.0000	6.8000
E	715.455	90.000	45.1329	356.9186	0.1514	0.1313	0.0000	6.8000
dPolE	715.455	90.000	47.1556	1.0000	0.0000	6.8000
uR	715.455	90.000	0.0232	1.0000	0.0000	6.8000
E	717.062	90.000	44.5055	357.5501	0.1397	0.1204	0.0000	6.8000
dPolE	717.062	90.000	44.3336	1.0000	0.0000	6.8000
uR	717.062	90.000	0.0225	1.0000	0.0000	6.8000
E	718.669	90.000	45.4327	357.2570	0.1319	0.1133	0.0000	6.8000
dPolE	718.669	90.000	40.0128	1.0000	0.0000	6.8000
uR	718.669	90.000	0.0239	1.0000	0.0000	6.8000
E	720.276	90.000	45.3473	357.3159	0.1294	0.1107	0.0000	6.8000
dPolE	720.276	90.000	44.4617	1.0000	0.0000	6.8000
uR	720.276	90.000	0.0250	1.0000	0.0000	6.8000
E	721.882	90.000	44.8017	357.3926	0.1397	0.1188	0.0000	6.8000
dPolE	721.882	90.000	46.0163	1.0000	0.0000	6.8000
uR	721.882	90.000	0.0252	1.0000	0.0000	6.8000
E	723.489	90.000	45.0124	357.3906	0.1481	0.1254	0.0000	6.8000
dPolE	723.489	90.000	43.6829	1.0000	0.0000	6.8000
uR	723.489	90.000	0.0240	1.0000	0.0000	6.8000
E	725.095	90.000	45.2100	357.4940	0.1370	0.1157	0.0000	6.8000
dPolE	725.095	90.000	43.6272	1.0000	0.0000	6.8000
uR	725.095	90.000	0.0248	1.0000	0.0000	6.8000
E	726.701	90.000	44.9469	357.4395	0.1408	0.1186	0.0000	6.8000
dPolE	726.701	90.000	43.9080	1.0000	0.0000	6.8000
uR	726.701	90.000	0.0248	1.0000	0.0000	6.8000
E	728.308	90.000	44.9075	357.2980	0.1356	0.1141	0.0000	6.8000
dPolE	728.308	90.000	41.3090	1.0000	0.0000	6.8000
uR	728.308	90.000	0.0250	1.0000	0.0000	6.8000
E	729.914	90.000	45.2300	357.5786	0.1351	0.1133	0.0000	6.8000
dPolE	729.914	90.000	41.2596	1.0000	0.0000	6.8000
uR	729.914	90.000	0.0242	1.0000	0.0000	6.8000
E	731.520	90.000	45.0381	357.3037	0.1262	0.1059	0.0000	6.8000
dPolE	731.520	90.000	39.7527	1.0000	0.0000	6.8000
uR	731.520	90.000	0.0247	1.0000	0.0000	6.8000
E	733.126	90.000	45.1113	357.2689	0.1240	0.1041	0.0000	6.8000
dPolE	733.126	90.000	39.3677	1.0000	0.0000	6.8000
uR	733.126	90.000	0.0249	1.0000	0.0000	6.8000
E	734.732	90.000	45.0431	357.4742	0.1249	0.1048	0.0000	6.8000
dPolE	734.732	90.000	36.0773	1.0000	0.0000	6.8000
uR	734.732	90.000	0.0254	1.0000	0.0000	6.8000
E	736.337	90.000	44.8857	357.3414	0.1303	0.1092	0.0000	6.8000
dPolE	736.337	90.000	41.4947	1.0000	0.0000	6.8000
uR	736.337	90.000	0.0256	1.0000	0.0000	6.8000
E	737.943	90.000	44.9619	357.6815	0.1374	0.1151	0.0000	6.8000
dPolE	737.943	90.000	42.4379	1.0000	0.0000	6.8000
uR	737.943	90.000	0.0250	1.0000	0.0000	6.8000
E	739.548	90.000	45.1496	357.6581	0.1352	0.1128	0.0000	6.8000
dPolE	739.548	90.000	37.0112	1.0000	0.0000	6.8000
uR	739.548	90.000	0.0248	1.0000	0.0000	6.8000
E	741.154	90.000	45.0287	357.6672	0.1309	0.1092	0.0000	6.8000
dPolE	741.154	90.000	38.2137	1.0000	0.0000	6.8000
uR	741.154	90.000	0.0247	1.0000	0.0000	6.8000
E	742.759	90.000	44.9282	357.4622	0.1328	0.1105	0.0000	6.8000
dPolE	742.759	90.000	37.4713	1.0000	0.0000	6.8000
uR	742.759	90.000	0.0246	1.0000	0.0000	6.8000
E	744.364	90.000	44.5576	357.5145	0.1424	0.1180	0.0000	6.8000
dPolE	744.364	90.000	40.6374	1.0000	0.0000	6.8000
uR	744.364	90.000	0.0242	1.0000	0.0000	6.8000
E	745.969	90.000	44.9190	357.4802	0.1471	0.1215	0.0000	6.8000
dPolE	745.969	90.000	42.2102	1.0000	0.0000	6.8000
uR	745.969	90.000	0.0246	1.0000	0.0000	6.8000
E	747.574	90.000	44.8155	357.5238	0.1430	0.1176	0.0000	6.8000
dPolE	747.574	90.000	40.5726	1.0000	0.0000	6.8000
uR	747.574	90.000	0.0249	1.0000	0.0000	6.8000
E	749.179	90.000	44.8754	357.4002	0.1489	0.1219	0.0000	6.8000
dPolE	749.179	90.000	42.3765	1.0000	0.0000	6.8000
uR	749.179	90.000	0.0249	1.0000	0.0000	6.8000
E	750.784	90.000	44.9458	357.4709	0.1429	0.1165	0.0000	6.8000
dPolE	750.784	90.000	40.2055	1.0000	0.0000	6.8000
uR	750.784	90.000	0.0241	1.0000	0.0000	6.8000
E	752.388	90.000	45.0073	357.5524	0.1473	0.1194	0.0000	6.8000
dPolE	752.388	90.000	41.3886	1.0000	0.0000	6.8000
uR	752.388	90.000	0.0240	1.0000	0.0000	6.8000
E	753.993	90.000	45.1282	357.3434	0.1487	0.1200	0.0000	6.8000
dPolE	753.993	90.000	42.7210	1.0000	0.0000	6.8000
uR	753.993	90.000	0.0242	1.0000	0.0000	6.8000
E	755.597	90.000	45.1995	357.6570	0.1485	0.1191	0.0000	6.8000
dPolE	755.597	90.000	37.0797	1.0000	0.0000	6.8000
uR	755.597	90.000	0.0250	1.0000	0.0000	6.8000
E	757.202	90.000	45.3231	357.5396	0.1476	0.1181	0.0000	6.8000
dPolE	757.202	90.000	39.8550	1.0000	0.0000	6.8000
uR	757.202	90.000	0.0243	1.0000	0.0000	6.8000
E	758.806	90.000	45.2265	357.4093	0.1484	0.1180	0.0000	6.8000
dPolE	758.806	90.000	41.4180	1.0000	0.0000	6.8000
uR	758.806	90.000	0.0238	1.0000	0.0000	6.8000
E	760.410	90.000	45.0101	357.7376	0.1439	0.1139	0.0000	6.8000
dPolE	760.410	90.000	38.9319	1.0000	0.0000	6.8000
uR	760.410	90.000	0.0232	1.0000	0.0000	6.8000
E	762.014	90.000	44.8739	357.3562	0.1279	0.1008	0.0000	6.8000
dPolE	762.014	90.000	36.6579	1.0000	0.0000	6.8000
uR	762.014	90.000	0.0238	1.0000	0.0000	6.8000
E	763.618	90.000	44.9208	357.3885	0.1212	0.0954	0.0000	6.8000
dPolE	763.618	90.000	31.0804	1.0000	0.0000	6.8000
uR	763.618	90.000	0.0242	1.0000	0.0000	6.8000
E	765.221	90.000	45.1466	357.4752	0.1079	0.0847	0.0000	6.8000
dPolE	765.221	90.000	28.5806	1.0000	0.0000	6.8000
uR	765.221	90.000	0.0247	1.0000	0.0000	6.8000
E	766.825	90.000	44.9888	357.5062	0.1184	0.0928	0.0000	6.8000
dPolE	766.825	90.000	31.9350	1.0000	0.0000	6.8000
uR	766.825	90.000	0.0241	1.0000	0.0000	6.8000
E	768.429	90.000	44.8294	357.0744	0.1389	0.1088	0.0000	6.8000
dPolE	768.429	90.000	39.0432	1.0000	0.0000	6.8000
uR	768.429	90.000	0.0236	1.0000	0.0000	6.8000
E	770.032	90.000	45.0910	357.6574	0.1503	0.1173	0.0000	6.8000
dPolE	770.032	90.000	45.0681	1.0000	0.0000	6.8000
uR	770.032	90.000	0.0240	1.0000	0.0000	6.8000
E	771.635	90.000	45.1444	357.7509	0.1696	0.1323	0.0000	6.8000
dPolE	771.635	90.000	40.6872	1.0000	0.0000	6.8000
uR	771.635	90.000	0.0252	1.0000	0.0000	6.8000
E	773.238	90.000	44.7877	357.4592	0.1704	0.1330	0.0000	6.8000
dPolE	773.238	90.000	42.2133	1.0000	0.0000	6.8000
uR	773.238	90.000	0.0253	1.0000	0.0000	6.8000
E	774.841	90.000	44.9914	357.6232	0.1797	0.1401	0.0000	6.8000
dPolE	774.841	90.000	41.9799	1.0000	0.0000	6.8000
uR	774.841	90.000	0.0257	1.0000	0.0000	6.8000
E	776.444	90.000	44.5159	357.0800	0.1859	0.1451	0.0000	6.8000
dPolE	776.444	90.000	47.7703	1.0000	0.0000	6.8000
uR	776.444	90.000	0.0256	1.0000	0.0000	6.8000
E	778.047	90.000	45.0051	357.1630	0.1845	0.1434	0.0000	6.8000
dPolE	778.047	90.000	46.4197	1.0000	0.0000	6.8000
uR	778.047	90.000	0.0258	1.0000	0.0000	6.8000
E	779.650	90.000	45.4797	357.3901	0.1907	0.1481	0.0000	6.8000
dPolE	779.650	90.000	48.3759	1.0000	0.0000	6.8000
uR	779.650	90.000	0.0258	1.0000	0.0000	6.8000
E	781.252	90.000	44.9951	357.7735	0.1848	0.1434	0.0000	6.8000
dPolE	781.252	90.000	43.7215	1.0000	0.0000	6.8000
uR	781.252	90.000	0.0272	1.0000	0.0000	6.8000
E	782.855	90.000	45.1946	357.3447	0.1758	0.1363	0.0000	6.8000
dPolE	782.855	90.000	49.0049	1.0000	0.0000	6.8000
uR	782.855	90.000	0.0284	1.0000	0.0000	6.8000
E	784.457	90.000	44.8383	357.2058	0.1783	0.1382	0.0000	6.8000
dPolE	784.457	90.000	44.8973	1.0000	0.0000	6.8000
uR	784.457	90.000	0.0280	1.0000	0.0000	6.8000
E	786.059	90.000	44.4350	357.7755	0.2002	0.1543	0.0000	6.8000
dPolE	786.059	90.000	47.4282	1.0000	0.0000	6.8000
uR	786.059	90.000	0.0268	1.0000	0.0000	6.8000
E	787.661	90.000	45.4019	357.7805	0.1796	0.1373	0.0000	6.8000
dPolE	787.661	90.000	43.8104	1.0000	0.0000	6.8000
uR	787.661	90.000	0.0255	1.0000	0.0000	6.8000
E	789.263	90.000	44.5684	357.7387	0.1620	0.1240	0.0000	6.8000
dPolE	789.263	90.000	44.9864	1.0000	0.0000	6.8000
uR	789.263	90.000	0.0252	1.0000	0.0000	6.8000
E	790.865	90.000	45.8601	357.6589	0.1648	0.1255	0.0000	6.8000
dPolE	790.865	90.000	42.0325	1.0000	0.0000	6.8000
uR	790.865	90.000	0.0242	1.0000	0.0000	6.8000
E	792.467	90.000	45.0507	358.0751	0.1719	0.1304	0.0000	6.8000
dPolE	792.467	90.000	39.6028	1.0000	0.0000	6.8000
uR	792.467	90.000	0.0246	1.0000	0.0000	6.8000
E	794.068	90.000	45.3023	357.8202	0.1824	0.1376	0.0000	6.8000
dPolE	794.068	90.000	42.0973	1.0000	0.0000	6.8000
uR	794.068	90.000	0.0252	1.0000	0.0000	6.8000
E	795.670	90.000	44.8475	357.9135	0.1885	0.1416	0.0000	6.8000
dPolE	795.670	90.000	44.3422	1.0000	0.0000	6.8000
uR	795.670	90.000	0.0255	1.0000	0.0000	6.8000
E	797.271	90.000	44.7060	357.7689	0.1710	0.1281	0.0000	6.8000
dPolE	797.271	90.000	42.6457	1.0000	0.0000	6.8000
uR	797.271	90.000	0.0260	1.0000	0.0000	6.8000
E	798.872	90.000	45.0572	357.6505	0.1723	0.1285	0.0000	6.8000
dPolE	798.872	90.000	37.5825	1.0000	0.0000	6.8000
uR	798.872	90.000	0.0258	1.0000	0.0000	6.8000
E	800.473	90.000	44.7763	357.8026	0.1717	0.1277	0.0000	6.8000
dPolE	800.473	90.000	39.4981	1.0000	0.0000	6.8000
uR	800.473	90.000	0.0266	1.0000	0.0000	6.8000
E	802.074	90.000	44.7639	357.7755	0.1873	0.1386	0.0000	6.8000
dPolE	802.074	90.000	42.5738	1.0000	0.0000	6.8000
uR	802.074	90.000	0.0257	1.0000	0.0000	6.8000
E	803.675	90.000	45.0198	357.3755	0.1862	0.1371	0.0000	6.8000
dPolE	803.675	90.000	45.9632	1.0000	0.0000	6.8000
uR	803.675	90.000	0.0261	1.0000	0.0000	6.8000
E	805.276	90.000	44.8172	357.5241	0.1830	0.1342	0.0000	6.8000
dPolE	805.276	90.000	44.1743	1.0000	0.0000	6.8000
uR	805.276	90.000	0.0259	1.0000	0.0000	6.8000
E	806.876	90.000	44.8476	357.8959	0.1852	0.1356	0.0000	6.8000
dPolE	806.876	90.000	40.4041	1.0000	0.0000	6.8000
uR	806.876	90.000	0.0262	1.0000	0.0000	6.8000
E	808.477	90.000	45.1363	357.8175	0.1841	0.1345	0.0000	6.8000
dPolE	808.477	90.000	42.5351	1.0000	0.0000	6.8000
uR	808.477	90.000	0.0249	1.0000	0.0000	6.8000
E	810.077	90.000	44.9029	358.0193	0.1807	0.1314	0.0000	6.8000
dPolE	810.077	90.000	42.6727	1.0000	0.0000	6.8000
uR	810.077	90.000	0.0253	1.0000	0.0000	6.8000
E	811.677	90.000	44.5971	357.7356	0.1803	0.1310	0.0000	6.8000
dPolE	811.677	90.000	41.6031	1.0000	0.0000	6.8000
uR	811.677	90.000	0.0268	1.0000	0.0000	6.8000
E	813.277	90.000	45.1433	357.7770	0.1791	0.1302	0.0000	6.8000
dPolE	813.277	90.000	42.9634	1.0000	0.0000	6.8000
uR	813.277	90.000	0.0249	1.0000	0.0000	6.8000
E	814.877	90.000	45.1669	358.1686	0.1732	0.1254	0.0000	6.8000
dPolE	814.877	90.000	41.1774	1.0000	0.0000	6.8000
uR	814.877	90.000	0.0244	1.0000	0.0000	6.8000
E	816.477	90.000	45.5135	358.1632	0.1759	0.1271	0.0000	6.8000
dPolE	816.477	90.000	36.3327	1.0000	0.0000	6.8000
uR	816.477	90.000	0.0247	1.0000	0.0000	6.8000
E	818.077	90.000	45.4158	357.7576	0.1499	0.1087	0.0000	6.8000
dPolE	818.077	90.000	32.9494	1.0000	0.0000	6.8000
uR	818.077	90.000	0.0229	1.0000	0.0000	6.8000
E	819.676	90.000	45.0769	357.8929	0.1146	0.0830	0.0000	6.8000
dPolE	819.676	90.000	25.5566	1.0000	0.0000	6.8000
uR	819.676	90.000	0.0203	1.0000	0.0000	6.8000
E	821.276	90.000	44.9567	357.9741	0.0766	0.0554	0.0000	6.8000
dPolE	821.276	90.000	12.5781	1.0000	0.0000	6.8000
uR	821.276	90.000	0.0207	1.0000	0.0000	6.8000
E	822.875	90.000	44.9936	357.8345	0.0536	0.0387	0.0000	6.8000
dPolE	822.875	90.000	7.8673	1.0000	0.0000	6.8000
uR	822.875	90.000	0.0232	1.0000	0.0000	6.8000
E	824.474	90.000	44.8952	357.7608	0.0435	0.0314	0.0000	6.8000
dPolE	824.474	90.000	4.7114	1.0000	0.0000	6.8000
uR	824.474	90.000	0.0249	1.0000	0.0000	6.8000
E	826.073	90.000	45.0047	357.8219	0.0499	0.0359	0.0000	6.8000
dPolE	826.073	90.000	3.4293	1.0000	0.0000	6.8000
uR	826.073	90.000	0.0244	1.0000	0.0000	6.8000
E	827.672	90.000	44.8505	357.8509	0.0576	0.0414	0.0000	6.8000
dPolE	827.672	90.000	7.3931	1.0000	0.0000	6.8000
uR	827.672	90.000	0.0237	1.0000	0.0000	6.8000
E	829.271	90.000	44.8125	357.9175	0.0625	0.0449	0.0000	6.8000
dPolE	829.271	90.000	10.5744	1.0000	0.0000	6.8000
uR	829.271	90.000	0.0251	1.0000	0.0000	6.8000
E	830.869	90.000	44.9084	357.7449	0.0822	0.0589	0.0000	6.8000
dPolE	830.869	90.000	16.7510	1.0000	0.0000	6.8000
uR	830.869	90.000	0.0234	1.0000	0.0000	6.8000
E	832.468	90.000	44.8558	357.8374	0.1011	0.0724	0.0000	6.8000
dPolE	832.468	90.000	27.0717	1.0000	0.0000	6.8000
uR	832.468	90.000	0.0216	1.0000	0.0000	6.8000
E	834.066	90.000	45.0888	357.8343	0.0961	0.0685	0.0000	6.8000
dPolE	834.066	90.000	21.7820	1.0000	0.0000	6.8000
uR	834.066	90.000	0.0227	1.0000	0.0000	6.8000
E	835.664	90.000	44.9331	357.8443	0.0937	0.0666	0.0000	6.8000
dPolE	835.664	90.000	20.2031	1.0000	0.0000	6.8000
uR	835.664	90.000	0.0237	1.0000	0.0000	6.8000
E	837.262	90.000	44.7088	357.7144	0.1040	0.0738	0.0000	6.8000
dPolE	837.262	90.000	23.7183	1.0000	0.0000	6.8000
uR	837.262	90.000	0.0241	1.0000	0.0000	6.8000
E	838.860	90.000	44.7872	357.9533	0.1295	0.0913	0.0000	6.8000
dPolE	838.860	90.000	30.6493	1.0000	0.0000	6.8000
uR	838.860	90.000	0.0237	1.0000	0.0000	6.8000
E	840.458	90.000	45.2207	357.9157	0.1331	0.0934	0.0000	6.8000
dPolE	840.458	90.000	40.4353	1.0000	0.0000	6.8000
uR	840.458	90.000	0.0244	1.0000	0.0000	6.8000
E	842.055	90.000	45.3677	357.9148	0.1375	0.0965	0.0000	6.8000
dPolE	842.055	90.000	42.2190	1.0000	0.0000	6.8000
uR	842.055	90.000	0.0257	1.0000	0.0000	6.8000
E	843.653	90.000	44.7612	357.7744	0.1594	0.1115	0.0000	6.8000
dPolE	843.653	90.000	45.6366	1.0000	0.0000	6.8000
uR	843.653	90.000	0.0245	1.0000	0.0000	6.8000
E	845.250	90.000	45.3425	357.5340	0.1937	0.1347	0.0000	6.8000
dPolE	845.250	90.000	55.5904	1.0000	0.0000	6.8000
uR	845.250	90.000	0.0236	1.0000	0.0000	6.8000
E	846.847	90.000	45.3186	358.2008	0.2337	0.1613	0.0000	6.8000
dPolE	846.847	90.000	51.1562	1.0000	0.0000	6.8000
uR	846.847	90.000	0.0251	1.0000	0.0000	6.8000
E	848.444	90.000	45.8201	357.7337	0.2470	0.1704	0.0000	6.8000
dPolE	848.444	90.000	57.1479	1.0000	0.0000	6.8000
uR	848.444	90.000	0.0256	1.0000	0.0000	6.8000
E	850.041	90.000	44.0277	358.0498	0.2585	0.1773	0.0000	6.8000
dPolE	850.041	90.000	64.2264	1.0000	0.0000	6.8000
uR	850.041	90.000	0.0259	1.0000	0.0000	6.8000
E	851.638	90.000	44.2877	357.9399	0.2552	0.1745	0.0000	6.8000
dPolE	851.638	90.000	60.8069	1.0000	0.0000	6.8000
uR	851.638	90.000	0.0262	1.0000	0.0000	6.8000
E	853.234	90.000	45.1627	357.7912	0.2754	0.1877	0.0000	6.8000
dPolE	853.234	90.000	59.4795	1.0000	0.0000	6.8000
uR	853.234	90.000	0.0256	1.0000	0.0000	6.8000
E	854.831	90.000	44.6527	358.3248	0.2715	0.1836	0.0000	6.8000
dPolE	854.831	90.000	62.0170	1.0000	0.0000	6.8000
uR	854.831	90.000	0.0235	1.0000	0.0000	6.8000
E	856.427	90.000	45.5194	358.2737	0.2625	0.1777	0.0000	6.8000
dPolE	856.427	90.000	62.3836	1.0000	0.0000	6.8000
uR	856.427	90.000	0.0229	1.0000	0.0000	6.8000
E	858.023	90.000	45.4918	358.1358	0.2786	0.1882	0.0000	6.8000
dPolE	858.023	90.000	55.0227	1.0000	0.0000	6.8000
uR	858.023	90.000	0.0248	1.0000	0.0000	6.8000
E	859.619	90.000	45.1712	357.7590	0.2612	0.1759	0.0000	6.8000
dPolE	859.619	90.000	56.9598	1.0000	0.0000	6.8000
uR	859.619	90.000	0.0234	1.0000	0.0000	6.8000
E	861.215	90.000	45.2220	358.0148	0.2561	0.1722	0.0000	6.8000
dPolE	861.215	90.000	55.0750	1.0000	0.0000	6.8000
uR	861.215	90.000	0.0239	1.0000	0.0000	6.8000
E	862.811	90.000	45.1248	358.2416	0.2554	0.1715	0.0000	6.8000
dPolE	862.811	90.000	49.9896	1.0000	0.0000	6.8000
uR	862.811	90.000	0.0249	1.0000	0.0000	6.8000
E	864.407	90.000	45.0584	358.0551	0.2438	0.1634	0.0000	6.8000
dPolE	864.407	90.000	50.8830	1.0000	0.0000	6.8000
uR	864.407	90.000	0.0255	1.0000	0.0000	6.8000
E	866.002	90.000	44.9168	357.6892	0.2244	0.1506	0.0000	6.8000
dPolE	866.002	90.000	42.8482	1.0000	0.0000	6.8000
uR	866.002	90.000	0.0264	1.0000	0.0000	6.8000
E	867.597	90.000	45.1278	358.1217	0.2093	0.1402	0.0000	6.8000
dPolE	867.597	90.000	38.2951	1.0000	0.0000	6.8000
uR	867.597	90.000	0.0257	1.0000	0.0000	6.8000
E	869.192	90.000	45.3787	357.8383	0.2158	0.1445	0.0000	6.8000
dPolE	869.192	90.000	37.9771	1.0000	0.0000	6.8000
uR	869.192	90.000	0.0249	1.0000	0.0000	6.8000
E	870.787	90.000	44.6866	357.8687	0.1964	0.1316	0.0000	6.8000
dPolE	870.787	90.000	37.6116	1.0000	0.0000	6.8000
uR	870.787	90.000	0.0252	1.0000	0.0000	6.8000
E	872.382	90.000	44.4276	357.6657	0.1903	0.1274	0.0000	6.8000
dPolE	872.382	90.000	33.7209	1.0000	0.0000	6.8000
uR	872.382	90.000	0.0247	1.0000	0.0000	6.8000
E	873.977	90.000	45.3495	358.0630	0.1683	0.1126	0.0000	6.8000
dPolE	873.977	90.000	31.6571	1.0000	0.0000	6.8000
uR	873.977	90.000	0.0240	1.0000	0.0000	6.8000
E	875.571	90.000	44.7681	357.7842	0.1620	0.1084	0.0000	6.8000
dPolE	875.571	90.000	36.1426	1.0000	0.0000	6.8000
uR	875.571	90.000	0.0227	1.0000	0.0000	6.8000
E	877.166	90.000	45.1107	358.1262	0.1330	0.0887	0.0000	6.8000
dPolE	877.166	90.000	29.7090	1.0000	0.0000	6.8000
uR	877.166	90.000	0.0217	1.0000	0.0000	6.8000
E	878.760	90.000	44.6655	357.9958	0.1001	0.0668	0.0000	6.8000
dPolE	878.760	90.000	17.8380	1.0000	0.0000	6.8000
uR	878.760	90.000	0.0212	1.0000	0.0000	6.8000
E	880.354	90.000	45.0079	357.9010	0.0664	0.0443	0.0000	6.8000
dPolE	880.354	90.000	7.6470	1.0000	0.0000	6.8000
uR	880.354	90.000	0.0224	1.0000	0.0000	6.8000
E	881.948	90.000	44.9445	358.0256	0.0512	0.0340	0.0000	6.8000
dPolE	881.948	90.000	5.2880	1.0000	0.0000	6.8000
uR	881.948	90.000	0.0246	1.0000	0.0000	6.8000
E	883.542	90.000	44.9438	357.8734	0.0492	0.0326	0.0000	6.8000
dPolE	883.542	90.000	3.1785	1.0000	0.0000	6.8000
uR	883.542	90.000	0.0259	1.0000	0.0000	6.8000
E	885.135	90.000	44.8594	358.0202	0.0574	0.0380	0.0000	6.8000
dPolE	885.135	90.000	4.4617	1.0000	0.0000	6.8000
uR	885.135	90.000	0.0241	1.0000	0.0000	6.8000
E	886.729	90.000	44.8637	357.9627	0.0761	0.0502	0.0000	6.8000
dPolE	886.729	90.000	10.4847	1.0000	0.0000	6.8000
uR	886.729	90.000	0.0227	1.0000	0.0000	6.8000
E	888.322	90.000	44.5703	357.9442	0.0958	0.0631	0.0000	6.8000
dPolE	888.322	90.000	21.8485	1.0000	0.0000	6.8000
uR	888.322	90.000	0.0225	1.0000	0.0000	6.8000
E	889.915	90.000	45.1953	357.9762	0.1139	0.0748	0.0000	6.8000
dPolE	889.915	90.000	23.4762	1.0000	0.0000	6.8000
uR	889.915	90.000	0.0221	1.0000	0.0000	6.8000
E	891.508	90.000	45.0040	358.0152	0.1148	0.0750	0.0000	6.8000
dPolE	891.508	90.000	22.1654	1.0000	0.0000	6.8000
uR	891.508	90.000	0.0232	1.0000	0.0000	6.8000
E	893.101	90.000	44.8264	357.9328	0.1102	0.0718	0.0000	6.8000
dPolE	893.101	90.000	20.2276	1.0000	0.0000	6.8000
uR	893.101	90.000	0.0229	1.0000	0.0000	6.8000
E	894.694	90.000	44.7589	357.8822	0.0937	0.0608	0.0000	6.8000
dPolE	894.694	90.000	16.3262	1.0000	0.0000	6.8000
uR	894.694	90.000	0.0246	1.0000	0.0000	6.8000
E	896.286	90.000	44.7527	358.1297	0.0871	0.0563	0.0000	6.8000
dPolE	896.286	90.000	16.5628	1.0000	0.0000	6.8000
uR	896.286	90.000	0.0247	1.0000	0.0000	6.8000
E	897.879	90.000	44.9404	357.9573	0.0949	0.0612	0.0000	6.8000
dPolE	897.879	90.000	15.9088	1.0000	0.0000	6.8000
uR	897.879	90.000	0.0241	1.0000	0.0000	6.8000
E	899.471	90.000	44.6824	358.0446	0.1093	0.0701	0.0000	6.8000
dPolE	899.471	90.000	25.2292	1.0000	0.0000	6.8000
uR	899.471	90.000	0.0229	1.0000	0.0000	6.8000
E	901.063	90.000	44.8109	357.8773	0.1189	0.0760	0.0000	6.8000
dPolE	901.063	90.000	21.9650	1.0000	0.0000	6.8000
uR	901.063	90.000	0.0228	1.0000	0.0000	6.8000
E	902.655	90.000	45.0331	357.8890	0.1119	0.0713	0.0000	6.8000
dPolE	902.655	90.000	16.5452	1.0000	0.0000	6.8000
uR	902.655	90.000	0.0241	1.0000	0.0000	6.8000
E	904.247	90.000	44.8188	357.9686	0.0982	0.0624	0.0000	6.8000
dPolE	904.247	90.000	14.6831	1.0000	0.0000	6.8000
uR	904.247	90.000	0.0254	1.0000	0.0000	6.8000
E	905.838	90.000	45.0781	357.9504	0.0921	0.0584	0.0000	6.8000
dPolE	905.838	90.000	17.2591	1.0000	0.0000	6.8000
uR	905.838	90.000	0.0243	1.0000	0.0000	6.8000
E	907.429	90.000	44.9724	358.0647	0.1073	0.0678	0.0000	6.8000
dPolE	907.429	90.000	22.7596	1.0000	0.0000	6.8000
uR	907.429	90.000	0.0229	1.0000	0.0000	6.8000
E	909.021	90.000	45.0114	358.1525	0.1315	0.0829	0.0000	6.8000
dPolE	909.021	90.000	26.3012	1.0000	0.0000	6.8000
uR	909.021	90.000	0.0216	1.0000	0.0000	6.8000
E	910.612	90.000	45.0261	357.9830	0.1530	0.0960	0.0000	6.8000
dPolE	910.612	90.000	29.2486	1.0000	0.0000	6.8000
uR	910.612	90.000	0.0214	1.0000	0.0000	6.8000
E	912.203	90.000	44.6914	358.0006	0.1378	0.0864	0.0000	6.8000
dPolE	912.203	90.000	31.2249	1.0000	0.0000	6.8000
uR	912.203	90.000	0.0208	1.0000	0.0000	6.8000
E	913.793	90.000	44.9392	358.1016	0.1099	0.0685	0.0000	6.8000
dPolE	913.793	90.000	18.4561	1.0000	0.0000	6.8000
uR	913.793	90.000	0.0222	1.0000	0.0000	6.8000
E	915.384	90.000	44.9569	358.0486	0.0903	0.0563	0.0000	6.8000
dPolE	915.384	90.000	12.7587	1.0000	0.0000	6.8000
uR	915.384	90.000	0.0230	1.0000	0.0000	6.8000
E	916.974	90.000	45.0027	357.9331	0.0821	0.0512	0.0000	6.8000
dPolE	916.974	90.000	12.5616	1.0000	0.0000	6.8000
uR	916.974	90.000	0.0236	1.0000	0.0000	6.8000
E	918.565	90.000	45.1397	358.0757	0.0879	0.0546	0.0000	6.8000
dPolE	918.565	90.000	12.6761	1.0000	0.0000	6.8000
uR	918.565	90.000	0.0241	1.0000	0.0000	6.8000
E	920.155	90.000	44.9844	357.9234	0.1041	0.0647	0.0000	6.8000
dPolE	920.155	90.000	20.3729	1.0000	0.0000	6.8000
uR	920.155	90.000	0.0227	1.0000	0.0000	6.8000
E	921.745	90.000	44.8766	358.0982	0.1346	0.0833	0.0000	6.8000
dPolE	921.745	90.000	24.2754	1.0000	0.0000	6.8000
uR	921.745	90.000	0.0231	1.0000	0.0000	6.8000
E	923.334	90.000	44.9465	358.0760	0.1522	0.0942	0.0000	6.8000
dPolE	923.334	90.000	28.9809	1.0000	0.0000	6.8000
uR	923.334	90.000	0.0239	1.0000	0.0000	6.8000
E	924.924	90.000	44.9769	357.9163	0.1856	0.1148	0.0000	6.8000
dPolE	924.924	90.000	36.9273	1.0000	0.0000	6.8000
uR	924.924	90.000	0.0228	1.0000	0.0000	6.8000
E	926.513	90.000	44.8253	357.9711	0.2062	0.1273	0.0000	6.8000
dPolE	926.513	90.000	45.9551	1.0000	0.0000	6.8000
uR	926.513	90.000	0.0231	1.0000	0.0000	6.8000
E	928.103	90.000	45.3256	358.2340	0.2370	0.1461	0.0000	6.8000
dPolE	928.103	90.000	38.8564	1.0000	0.0000	6.8000
uR	928.103	90.000	0.0237	1.0000	0.0000	6.8000
E	929.692	90.000	45.3902	358.0211	0.2341	0.1441	0.0000	6.8000
dPolE	929.692	90.000	45.0827	1.0000	0.0000	6.8000
uR	929.692	90.000	0.0243	1.0000	0.0000	6.8000
E	931.280	90.000	44.9425	357.4632	0.2406	0.1491	0.0000	6.8000
dPolE	931.280	90.000	43.2834	1.0000	0.0000	6.8000
uR	931.280	90.000	0.0244	1.0000	0.0000	6.8000
E	932.869	90.000	44.9738	358.2472	0.2497	0.1537	0.0000	6.8000
dPolE	932.869	90.000	37.7685	1.0000	0.0000	6.8000
uR	932.869	90.000	0.0253	1.0000	0.0000	6.8000
E	934.458	90.000	44.5652	358.1140	0.2350	0.1442	0.0000	6.8000
dPolE	934.458	90.000	40.4930	1.0000	0.0000	6.8000
uR	934.458	90.000	0.0259	1.0000	0.0000	6.8000
E	936.046	90.000	45.3775	357.8957	0.2310	0.1421	0.0000	6.8000
dPolE	936.046	90.000	41.5942	1.0000	0.0000	6.8000
uR	936.046	90.000	0.0246	1.0000	0.0000	6.8000
E	937.634	90.000	44.8783	358.3057	0.2181	0.1337	0.0000	6.8000
dPolE	937.634	90.000	38.6967	1.0000	0.0000	6.8000
uR	937.634	90.000	0.0239	1.0000	0.0000	6.8000
E	939.222	90.000	45.3800	358.4411	0.2117	0.1296	0.0000	6.8000
dPolE	939.222	90.000	39.1665	1.0000	0.0000	6.8000
uR	939.222	90.000	0.0245	1.0000	0.0000	6.8000
E	940.810	90.000	44.9388	358.1892	0.2329	0.1416	0.0000	6.8000
dPolE	940.810	90.000	43.2575	1.0000	0.0000	6.8000
uR	940.810	90.000	0.0241	1.0000	0.0000	6.8000
E	942.398	90.000	45.6315	358.0682	0.2392	0.1452	0.0000	6.8000
dPolE	942.398	90.000	42.7523	1.0000	0.0000	6.8000
uR	942.398	90.000	0.0235	1.0000	0.0000	6.8000
E	943.985	90.000	45.0285	358.2744	0.2562	0.1561	0.0000	6.8000
dPolE	943.985	90.000	39.8247	1.0000	0.0000	6.8000
uR	943.985	90.000	0.0243	1.0000	0.0000	6.8000
E	945.573	90.000	45.1269	357.6009	0.2592	0.1583	0.0000	6.8000
dPolE	945.573	90.000	44.3231	1.0000	0.0000	6.8000
uR	945.573	90.000	0.0246	1.0000	0.0000	6.8000
E	947.160	90.000	44.5685	358.1045	0.2669	0.1622	0.0000	6.8000
dPolE	947.160	90.000	37.1908	1.0000	0.0000	6.8000
uR	947.160	90.000	0.0239	1.0000	0.0000	6.8000
E	948.747	90.000	44.9300	358.0265	0.2480	0.1500	0.0000	6.8000
dPolE	948.747	90.000	40.1771	1.0000	0.0000	6.8000
uR	948.747	90.000	0.0240	1.0000	0.0000	6.8000
E	950.334	90.000	45.1592	357.7780	0.2343	0.1419	0.0000	6.8000
dPolE	950.334	90.000	36.0470	1.0000	0.0000	6.8000
uR	950.334	90.000	0.0252	1.0000	0.0000	6.8000
E	951.920	90.000	44.7043	358.2568	0.2311	0.1388	0.0000	6.8000
dPolE	951.920	90.000	38.4716	1.0000	0.0000	6.8000
uR	951.920	90.000	0.0248	1.0000	0.0000	6.8000
E	953.507	90.000	44.2815	358.1053	0.2515	0.1509	0.0000	6.8000
dPolE	953.507	90.000	41.4235	1.0000	0.0000	6.8000
uR	953.507	90.000	0.0247	1.0000	0.0000	6.8000
E	955.093	90.000	45.3460	357.8867	0.2566	0.1532	0.0000	6.8000
dPolE	955.093	90.000	41.6419	1.0000	0.0000	6.8000
uR	955.093	90.000	0.0237	1.0000	0.0000	6.8000
E	956.679	90.000	44.9513	358.2847	0.2867	0.1713	0.0000	6.8000
dPolE	956.679	90.000	42.3444	1.0000	0.0000	6.8000
uR	956.679	90.000	0.0245	1.0000	0.0000	6.8000
E	958.265	90.000	44.7530	358.4438	0.3182	0.1890	0.0000	6.8000
dPolE	958.265	90.000	50.5930	1.0000	0.0000	6.8000
uR	958.265	90.000	0.0249	1.0000	0.0000	6.8000
E	959.851	90.000	45.4333	357.8871	0.3397	0.2015	0.0000	6.8000
dPolE	959.851	90.000	61.5724	1.0000	0.0000	6.8000
uR	959.851	90.000	0.0219	1.0000	0.0000	6.8000
E	961.436	90.000	44.7537	358.1706	0.3359	0.1983	0.0000	6.8000
dPolE	961.436	90.000	65.9135	1.0000	0.0000	6.8000
uR	961.436	90.000	0.0222	1.0000	0.0000	6.8000
E	963.022	90.000	44.3727	358.0325	0.3536	0.2088	0.0000	6.8000
dPolE	963.022	90.000	62.7667	1.0000	0.0000	6.8000
uR	963.022	90.000	0.0232	1.0000	0.0000	6.8000
E	964.607	90.000	44.4979	358.5828	0.3347	0.1962	0.0000	6.8000
dPolE	964.607	90.000	57.1139	1.0000	0.0000	6.8000
uR	964.607	90.000	0.0233	1.0000	0.0000	6.8000
E	966.192	90.000	45.5122	358.3452	0.3266	0.1912	0.0000	6.8000
dPolE	966.192	90.000	57.5013	1.0000	0.0000	6.8000
uR	966.192	90.000	0.0227	1.0000	0.0000	6.8000
E	967.777	90.000	44.2073	357.9211	0.2918	0.1703	0.0000	6.8000
dPolE	967.777	90.000	52.7072	1.0000	0.0000	6.8000
uR	967.777	90.000	0.0231	1.0000	0.0000	6.8000
E	969.361	90.000	44.1745	357.9590	0.2859	0.1666	0.0000	6.8000
dPolE	969.361	90.000	45.5772	1.0000	0.0000	6.8000
uR	969.361	90.000	0.0238	1.0000	0.0000	6.8000
E	970.946	90.000	45.0733	358.2358	0.2534	0.1467	0.0000	6.8000
dPolE	970.946	90.000	34.9523	1.0000	0.0000	6.8000
uR	970.946	90.000	0.0254	1.0000	0.0000	6.8000
E	972.530	90.000	44.5267	358.3268	0.2398	0.1388	0.0000	6.8000
dPolE	972.530	90.000	38.0642	1.0000	0.0000	6.8000
uR	972.530	90.000	0.0246	1.0000	0.0000	6.8000
E	974.114	90.000	44.5303	357.9137	0.2200	0.1275	0.0000	6.8000
dPolE	974.114	90.000	37.4815	1.0000	0.0000	6.8000
uR	974.114	90.000	0.0225	1.0000	0.0000	6.8000
E	975.698	90.000	44.7313	358.0759	0.2022	0.1165	0.0000	6.8000
dPolE	975.698	90.000	30.9593	1.0000	0.0000	6.8000
uR	975.698	90.000	0.0226	1.0000	0.0000	6.8000
E	977.282	90.000	45.0157	358.2459	0.1677	0.0963	0.0000	6.8000
dPolE	977.282	90.000	25.4351	1.0000	0.0000	6.8000
uR	977.282	90.000	0.0236	1.0000	0.0000	6.8000
E	978.865	90.000	45.1160	358.1433	0.1470	0.0841	0.0000	6.8000
dPolE	978.865	90.000	19.1184	1.0000	0.0000	6.8000
uR	978.865	90.000	0.0228	1.0000	0.0000	6.8000
E	980.449	90.000	44.9761	357.9865	0.1474	0.0844	0.0000	6.8000
dPolE	980.449	90.000	22.0859	1.0000	0.0000	6.8000
uR	980.449	90.000	0.0220	1.0000	0.0000	6.8000
E	982.032	90.000	44.6556	358.0919	0.1739	0.0997	0.0000	6.8000
dPolE	982.032	90.000	30.5161	1.0000	0.0000	6.8000
uR	982.032	90.000	0.0223	1.0000	0.0000	6.8000
E	983.615	90.000	45.0188	358.2935	0.1899	0.1086	0.0000	6.8000
dPolE	983.615	90.000	26.8633	1.0000	0.0000	6.8000
uR	983.615	90.000	0.0217	1.0000	0.0000	6.8000
E	985.198	90.000	44.5554	358.0464	0.2131	0.1218	0.0000	6.8000
dPolE	985.198	90.000	41.5157	1.0000	0.0000	6.8000
uR	985.198	90.000	0.0204	1.0000	0.0000	6.8000
E	986.780	90.000	45.1935	357.9445	0.2283	0.1307	0.0000	6.8000
dPolE	986.780	90.000	37.3577	1.0000	0.0000	6.8000
uR	986.780	90.000	0.0207	1.0000	0.0000	6.8000
E	988.363	90.000	45.0537	358.2461	0.2022	0.1152	0.0000	6.8000
dPolE	988.363	90.000	31.7991	1.0000	0.0000	6.8000
uR	988.363	90.000	0.0226	1.0000	0.0000	6.8000
E	989.945	90.000	45.0586	358.3255	0.1749	0.0995	0.0000	6.8000
dPolE	989.945	90.000	28.7815	1.0000	0.0000	6.8000
uR	989.945	90.000	0.0219	1.0000	0.0000	6.8000
E	991.527	90.000	44.7347	358.2223	0.1635	0.0927	0.0000	6.8000
dPolE	991.527	90.000	29.5418	1.0000	0.0000	6.8000
uR	991.527	90.000	0.0231	1.0000	0.0000	6.8000
E	993.109	90.000	45.2019	358.2123	0.1638	0.0931	0.0000	6.8000
dPolE	993.109	90.000	21.2383	1.0000	0.0000	6.8000
uR	993.109	90.000	0.0235	1.0000	0.0000	6.8000
E	994.690	90.000	44.6309	358.2349	0.1645	0.0932	0.0000	6.8000
dPolE	994.690	90.000	24.7218	1.0000	0.0000	6.8000
uR	994.690	90.000	0.0233	1.0000	0.0000	6.8000
E	996.272	90.000	45.2608	358.1917	0.1977	0.1120	0.0000	6.8000
dPolE	996.272	90.000	29.7971	1.0000	0.0000	6.8000
uR	996.272	90.000	0.0229	1.0000	0.0000	6.8000
E	997.853	90.000	45.3270	358.0354	0.2200	0.1243	0.0000	6.8000
dPolE	997.853	90.000	39.7995	1.0000	0.0000	6.8000
uR	997.853	90.000	0.0209	1.0000	0.0000	6.8000
E	999.434	90.000	44.4314	358.2876	0.2761	0.1556	0.0000	6.8000
dPolE	999.434	90.000	45.2133	1.0000	0.0000	6.8000
uR	999.434	90.000	0.0225	1.0000	0.0000	6.8000
