
FM-removed
XY-Scan
nm
E	210.379	90.000	38.2976	124.6842	0.2591	0.5267	0.0000	6.8000
dPolE	210.379	90.000	99.9881	1.0000	0.0000	6.8000
uR	210.379	90.000	0.0188	1.0000	0.0000	6.8000
E	211.990	90.000	45.0904	121.4789	0.2685	0.5307	0.0000	6.8000
dPolE	211.990	90.000	99.9780	1.0000	0.0000	6.8000
uR	211.990	90.000	0.0128	1.0000	0.0000	6.8000
E	213.602	90.000	50.8705	325.7421	0.2514	0.4917	0.0000	6.8000
dPolE	213.602	90.000	99.9876	1.0000	0.0000	6.8000
uR	213.602	90.000	0.0110	1.0000	0.0000	6.8000
E	215.214	90.000	40.4606	306.9100	0.2505	0.4924	0.0000	6.8000
dPolE	215.214	90.000	99.9570	1.0000	0.0000	6.8000
uR	215.214	90.000	0.0115	1.0000	0.0000	6.8000
E	216.826	90.000	89.9900	269.6445	0.2285	1483.4385	0.0000	6.8000
dPolE	216.826	90.000	99.9490	1.0000	0.0000	6.8000
uR	216.826	90.000	0.0059	1.0000	0.0000	6.8000
E	218.438	90.000	59.7073	314.0986	0.2692	0.5856	0.0000	6.8000
dPolE	218.438	90.000	99.9962	1.0000	0.0000	6.8000
uR	218.438	90.000	0.0047	1.0000	0.0000	6.8000
E	220.050	90.000	42.1137	33.0694	0.2741	0.4842	0.0000	6.8000
dPolE	220.050	90.000	99.9709	1.0000	0.0000	6.8000
uR	220.050	90.000	0.0071	1.0000	0.0000	6.8000
E	221.662	90.000	63.6289	152.5819	0.2430	0.5200	0.0000	6.8000
dPolE	221.662	90.000	99.9790	1.0000	0.0000	6.8000
uR	221.662	90.000	0.0045	1.0000	0.0000	6.8000
E	223.274	90.000	15.6858	276.8260	0.2244	1.0292	0.0000	6.8000
dPolE	223.274	90.000	99.9414	1.0000	0.0000	6.8000
uR	223.274	90.000	0.0067	1.0000	0.0000	6.8000
E	224.886	90.000	53.6671	350.7669	0.2893	0.4502	0.0000	6.8000
dPolE	224.886	90.000	99.9907	1.0000	0.0000	6.8000
uR	224.886	90.000	0.0029	1.0000	0.0000	6.8000
E	226.498	90.000	56.8281	150.8585	0.2810	0.4872	0.0000	6.8000
dPolE	226.498	90.000	99.9607	1.0000	0.0000	6.8000
uR	226.498	90.000	0.0034	1.0000	0.0000	6.8000
E	228.111	90.000	5.9848	74.8793	0.1811	2.3702	0.0000	6.8000
dPolE	228.111	90.000	99.9721	1.0000	0.0000	6.8000
uR	228.111	90.000	0.0026	1.0000	0.0000	6.8000
E	229.723	90.000	24.8537	21.4046	0.2779	0.5288	0.0000	6.8000
dPolE	229.723	90.000	99.9668	1.0000	0.0000	6.8000
uR	229.723	90.000	0.0030	1.0000	0.0000	6.8000
E	231.335	90.000	68.1313	326.2824	0.2747	0.6420	0.0000	6.8000
dPolE	231.335	90.000	99.9571	1.0000	0.0000	6.8000
uR	231.335	90.000	0.0027	1.0000	0.0000	6.8000
E	232.948	90.000	37.3408	355.0820	0.2866	0.3706	0.0000	6.8000
dPolE	232.948	90.000	99.9379	1.0000	0.0000	6.8000
uR	232.948	90.000	0.0028	1.0000	0.0000	6.8000
E	234.560	90.000	31.5381	41.7724	0.2811	0.5224	0.0000	6.8000
dPolE	234.560	90.000	99.9977	1.0000	0.0000	6.8000
uR	234.560	90.000	0.0010	1.0000	0.0000	6.8000
E	236.173	90.000	38.9524	117.8588	0.3203	0.6135	0.0000	6.8000
dPolE	236.173	90.000	99.9842	1.0000	0.0000	6.8000
uR	236.173	90.000	0.0013	1.0000	0.0000	6.8000
E	237.786	90.000	54.9700	354.1129	0.3190	0.3936	0.0000	6.8000
dPolE	237.786	90.000	99.9992	1.0000	0.0000	6.8000
uR	237.786	90.000	0.0014	1.0000	0.0000	6.8000
E	239.398	90.000	71.8064	164.1211	0.2873	0.5958	0.0000	6.8000
dPolE	239.398	90.000	99.9479	1.0000	0.0000	6.8000
uR	239.398	90.000	0.0015	1.0000	0.0000	6.8000
E	241.011	90.000	89.9900	179.9854	0.3183	1001.5803	0.0000	6.8000
dPolE	241.011	90.000	99.9810	1.0000	0.0000	6.8000
uR	241.011	90.000	0.0019	1.0000	0.0000	6.8000
E	242.624	90.000	27.8377	156.2033	0.2946	0.4635	0.0000	6.8000
dPolE	242.624	90.000	99.9939	1.0000	0.0000	6.8000
uR	242.624	90.000	0.0012	1.0000	0.0000	6.8000
E	244.237	90.000	32.7337	233.0099	0.3023	0.5959	0.0000	6.8000
dPolE	244.237	90.000	99.9603	1.0000	0.0000	6.8000
uR	244.237	90.000	0.0010	1.0000	0.0000	6.8000
E	245.850	90.000	55.6901	268.0836	0.2857	0.6451	0.0000	6.8000
dPolE	245.850	90.000	99.9982	1.0000	0.0000	6.8000
uR	245.850	90.000	0.0007	1.0000	0.0000	6.8000
E	247.463	90.000	39.5415	97.3543	0.2994	0.6142	0.0000	6.8000
dPolE	247.463	90.000	99.9876	1.0000	0.0000	6.8000
uR	247.463	90.000	0.0008	1.0000	0.0000	6.8000
E	249.076	90.000	62.9000	336.7413	0.3261	0.5052	0.0000	6.8000
dPolE	249.076	90.000	99.9216	1.0000	0.0000	6.8000
uR	249.076	90.000	0.0010	1.0000	0.0000	6.8000
E	250.689	90.000	82.8536	163.1997	0.3092	1.4652	0.0000	6.8000
dPolE	250.689	90.000	99.9658	1.0000	0.0000	6.8000
uR	250.689	90.000	0.0007	1.0000	0.0000	6.8000
E	252.302	90.000	25.6281	338.9810	0.3169	0.4920	0.0000	6.8000
dPolE	252.302	90.000	99.9678	1.0000	0.0000	6.8000
uR	252.302	90.000	0.0012	1.0000	0.0000	6.8000
E	253.916	90.000	21.1606	224.4903	0.2598	0.6799	0.0000	6.8000
dPolE	253.916	90.000	99.9822	1.0000	0.0000	6.8000
uR	253.916	90.000	0.0008	1.0000	0.0000	6.8000
E	255.529	90.000	28.8094	346.9448	0.2960	0.3803	0.0000	6.8000
dPolE	255.529	90.000	99.9402	1.0000	0.0000	6.8000
uR	255.529	90.000	0.0009	1.0000	0.0000	6.8000
E	257.142	90.000	41.3579	358.3296	0.3109	0.3152	0.0000	6.8000
dPolE	257.142	90.000	99.9910	1.0000	0.0000	6.8000
uR	257.142	90.000	0.0006	1.0000	0.0000	6.8000
E	258.756	90.000	52.6245	196.4292	0.3062	0.3548	0.0000	6.8000
dPolE	258.756	90.000	99.9271	1.0000	0.0000	6.8000
uR	258.756	90.000	0.0008	1.0000	0.0000	6.8000
E	260.369	90.000	12.5619	148.5291	0.2942	1.0250	0.0000	6.8000
dPolE	260.369	90.000	99.8525	1.0000	0.0000	6.8000
uR	260.369	90.000	0.0013	1.0000	0.0000	6.8000
E	261.983	90.000	34.6754	58.6100	0.2750	0.5435	0.0000	6.8000
dPolE	261.983	90.000	99.9881	1.0000	0.0000	6.8000
uR	261.983	90.000	0.0009	1.0000	0.0000	6.8000
E	263.596	90.000	62.9008	6.5579	0.2945	0.3728	0.0000	6.8000
dPolE	263.596	90.000	99.9690	1.0000	0.0000	6.8000
uR	263.596	90.000	0.0008	1.0000	0.0000	6.8000
E	265.210	90.000	62.2804	345.8640	0.3137	0.4203	0.0000	6.8000
dPolE	265.210	90.000	99.8619	1.0000	0.0000	6.8000
uR	265.210	90.000	0.0010	1.0000	0.0000	6.8000
E	266.823	90.000	36.3670	18.5290	0.2727	0.3303	0.0000	6.8000
dPolE	266.823	90.000	99.9861	1.0000	0.0000	6.8000
uR	266.823	90.000	0.0007	1.0000	0.0000	6.8000
E	268.437	90.000	38.2397	339.1173	0.2794	0.3434	0.0000	6.8000
dPolE	268.437	90.000	99.9626	1.0000	0.0000	6.8000
uR	268.437	90.000	0.0006	1.0000	0.0000	6.8000
E	270.051	90.000	20.5721	338.5111	0.2628	0.4953	0.0000	6.8000
dPolE	270.051	90.000	99.9461	1.0000	0.0000	6.8000
uR	270.051	90.000	0.0007	1.0000	0.0000	6.8000
E	271.665	90.000	47.6459	164.0956	0.2775	0.3173	0.0000	6.8000
dPolE	271.665	90.000	99.9796	1.0000	0.0000	6.8000
uR	271.665	90.000	0.0005	1.0000	0.0000	6.8000
E	273.279	90.000	22.4226	241.1357	0.2460	0.7495	0.0000	6.8000
dPolE	273.279	90.000	99.9932	1.0000	0.0000	6.8000
uR	273.279	90.000	0.0008	1.0000	0.0000	6.8000
E	274.892	90.000	83.7196	265.0200	0.1637	2.6644	0.0000	6.8000
dPolE	274.892	90.000	99.9365	1.0000	0.0000	6.8000
uR	274.892	90.000	0.0008	1.0000	0.0000	6.8000
E	276.506	90.000	72.5134	167.8573	0.2548	0.5039	0.0000	6.8000
dPolE	276.506	90.000	99.9442	1.0000	0.0000	6.8000
uR	276.506	90.000	0.0007	1.0000	0.0000	6.8000
E	278.120	90.000	39.8930	208.5243	0.2595	0.3548	0.0000	6.8000
dPolE	278.120	90.000	99.9471	1.0000	0.0000	6.8000
uR	278.120	90.000	0.0007	1.0000	0.0000	6.8000
E	279.734	90.000	60.5584	242.6810	0.2477	0.5787	0.0000	6.8000
dPolE	279.734	90.000	99.9927	1.0000	0.0000	6.8000
uR	279.734	90.000	0.0008	1.0000	0.0000	6.8000
E	281.349	90.000	34.3137	348.0465	0.2649	0.3278	0.0000	6.8000
dPolE	281.349	90.000	99.9995	1.0000	0.0000	6.8000
uR	281.349	90.000	0.0007	1.0000	0.0000	6.8000
E	282.963	90.000	25.8144	319.0141	0.2551	0.5383	0.0000	6.8000
dPolE	282.963	90.000	99.9997	1.0000	0.0000	6.8000
uR	282.963	90.000	0.0004	1.0000	0.0000	6.8000
E	284.577	90.000	56.4474	6.5786	0.2472	0.3054	0.0000	6.8000
dPolE	284.577	90.000	99.9356	1.0000	0.0000	6.8000
uR	284.577	90.000	0.0007	1.0000	0.0000	6.8000
E	286.191	90.000	19.5317	89.2913	0.1863	0.7697	0.0000	6.8000
dPolE	286.191	90.000	99.9999	1.0000	0.0000	6.8000
uR	286.191	90.000	0.0006	1.0000	0.0000	6.8000
E	287.805	90.000	78.9469	343.8884	0.2417	0.8092	0.0000	6.8000
dPolE	287.805	90.000	99.9734	1.0000	0.0000	6.8000
uR	287.805	90.000	0.0004	1.0000	0.0000	6.8000
E	289.420	90.000	71.0271	92.5991	0.1803	0.7649	0.0000	6.8000
dPolE	289.420	90.000	99.9942	1.0000	0.0000	6.8000
uR	289.420	90.000	0.0006	1.0000	0.0000	6.8000
E	291.034	90.000	31.6515	347.2127	0.2386	0.3278	0.0000	6.8000
dPolE	291.034	90.000	99.9727	1.0000	0.0000	6.8000
uR	291.034	90.000	0.0006	1.0000	0.0000	6.8000
E	292.649	90.000	40.3896	197.1643	0.2206	0.2855	0.0000	6.8000
dPolE	292.649	90.000	99.9975	1.0000	0.0000	6.8000
uR	292.649	90.000	0.0002	1.0000	0.0000	6.8000
E	294.263	90.000	50.5504	311.2305	0.2230	0.3887	0.0000	6.8000
dPolE	294.263	90.000	99.9924	1.0000	0.0000	6.8000
uR	294.263	90.000	0.0004	1.0000	0.0000	6.8000
E	295.877	90.000	77.7894	90.8574	0.1587	1.1111	0.0000	6.8000
dPolE	295.877	90.000	99.9997	1.0000	0.0000	6.8000
uR	295.877	90.000	0.0003	1.0000	0.0000	6.8000
E	297.492	90.000	70.9643	27.8096	0.2080	0.5049	0.0000	6.8000
dPolE	297.492	90.000	99.9843	1.0000	0.0000	6.8000
uR	297.492	90.000	0.0007	1.0000	0.0000	6.8000
E	299.107	90.000	22.4533	168.2123	0.2005	0.3671	0.0000	6.8000
dPolE	299.107	90.000	99.9505	1.0000	0.0000	6.8000
uR	299.107	90.000	0.0006	1.0000	0.0000	6.8000
E	300.721	90.000	37.3273	65.1119	0.2080	0.4151	0.0000	6.8000
dPolE	300.721	90.000	99.9948	1.0000	0.0000	6.8000
uR	300.721	90.000	0.0003	1.0000	0.0000	6.8000
E	302.336	90.000	89.2663	264.9927	0.1340	16.2515	0.0000	6.8000
dPolE	302.336	90.000	99.9333	1.0000	0.0000	6.8000
uR	302.336	90.000	0.0006	1.0000	0.0000	6.8000
E	303.950	90.000	52.6100	335.0789	0.2067	0.3106	0.0000	6.8000
dPolE	303.950	90.000	99.9817	1.0000	0.0000	6.8000
uR	303.950	90.000	0.0006	1.0000	0.0000	6.8000
E	305.565	90.000	39.3428	186.8179	0.2147	0.2904	0.0000	6.8000
dPolE	305.565	90.000	99.9460	1.0000	0.0000	6.8000
uR	305.565	90.000	0.0005	1.0000	0.0000	6.8000
E	307.180	90.000	32.2888	342.5744	0.1934	0.3011	0.0000	6.8000
dPolE	307.180	90.000	99.9989	1.0000	0.0000	6.8000
uR	307.180	90.000	0.0002	1.0000	0.0000	6.8000
E	308.795	90.000	70.0231	130.2090	0.1778	0.5398	0.0000	6.8000
dPolE	308.795	90.000	99.9880	1.0000	0.0000	6.8000
uR	308.795	90.000	0.0003	1.0000	0.0000	6.8000
E	310.410	90.000	53.9320	345.6523	0.1901	0.2824	0.0000	6.8000
dPolE	310.410	90.000	99.9653	1.0000	0.0000	6.8000
uR	310.410	90.000	0.0005	1.0000	0.0000	6.8000
E	312.024	90.000	27.5027	189.1326	0.1907	0.3254	0.0000	6.8000
dPolE	312.024	90.000	99.9820	1.0000	0.0000	6.8000
uR	312.024	90.000	0.0003	1.0000	0.0000	6.8000
E	313.639	90.000	39.1946	348.9118	0.1888	0.2736	0.0000	6.8000
dPolE	313.639	90.000	99.9999	1.0000	0.0000	6.8000
uR	313.639	90.000	0.0004	1.0000	0.0000	6.8000
E	315.254	90.000	33.0566	247.6698	0.1797	0.3927	0.0000	6.8000
dPolE	315.254	90.000	99.9974	1.0000	0.0000	6.8000
uR	315.254	90.000	0.0003	1.0000	0.0000	6.8000
E	316.869	90.000	44.3478	215.6593	0.1897	0.3118	0.0000	6.8000
dPolE	316.869	90.000	99.9988	1.0000	0.0000	6.8000
uR	316.869	90.000	0.0002	1.0000	0.0000	6.8000
E	318.484	90.000	60.1526	329.9490	0.1636	0.3077	0.0000	6.8000
dPolE	318.484	90.000	99.9792	1.0000	0.0000	6.8000
uR	318.484	90.000	0.0004	1.0000	0.0000	6.8000
E	320.099	90.000	40.2491	278.8066	0.1710	0.3471	0.0000	6.8000
dPolE	320.099	90.000	99.9994	1.0000	0.0000	6.8000
uR	320.099	90.000	0.0003	1.0000	0.0000	6.8000
E	321.714	90.000	33.3874	24.5777	0.1716	0.2969	0.0000	6.8000
dPolE	321.714	90.000	99.9748	1.0000	0.0000	6.8000
uR	321.714	90.000	0.0004	1.0000	0.0000	6.8000
E	323.330	90.000	26.9260	113.1539	0.1505	0.3858	0.0000	6.8000
dPolE	323.330	90.000	99.9875	1.0000	0.0000	6.8000
uR	323.330	90.000	0.0004	1.0000	0.0000	6.8000
E	324.945	90.000	69.4137	304.7646	0.1561	0.4812	0.0000	6.8000
dPolE	324.945	90.000	99.9976	1.0000	0.0000	6.8000
uR	324.945	90.000	0.0002	1.0000	0.0000	6.8000
E	326.560	90.000	18.2188	62.7759	0.1512	0.5483	0.0000	6.8000
dPolE	326.560	90.000	99.9970	1.0000	0.0000	6.8000
uR	326.560	90.000	0.0005	1.0000	0.0000	6.8000
E	328.175	90.000	52.9890	336.5209	0.1602	0.2705	0.0000	6.8000
dPolE	328.175	90.000	99.9823	1.0000	0.0000	6.8000
uR	328.175	90.000	0.0003	1.0000	0.0000	6.8000
E	329.790	90.000	62.6558	346.6350	0.1542	0.2991	0.0000	6.8000
dPolE	329.790	90.000	99.9999	1.0000	0.0000	6.8000
uR	329.790	90.000	0.0003	1.0000	0.0000	6.8000
E	331.406	90.000	8.9585	211.2777	0.1553	0.9018	0.0000	6.8000
dPolE	331.406	90.000	99.9856	1.0000	0.0000	6.8000
uR	331.406	90.000	0.0003	1.0000	0.0000	6.8000
E	333.021	90.000	77.5647	227.4589	0.1519	0.7209	0.0000	6.8000
dPolE	333.021	90.000	99.9976	1.0000	0.0000	6.8000
uR	333.021	90.000	0.0002	1.0000	0.0000	6.8000
E	334.636	90.000	28.1586	279.8395	0.1311	0.3317	0.0000	6.8000
dPolE	334.636	90.000	99.9964	1.0000	0.0000	6.8000
uR	334.636	90.000	0.0004	1.0000	0.0000	6.8000
E	336.251	90.000	39.3022	113.2038	0.1528	0.3049	0.0000	6.8000
dPolE	336.251	90.000	99.9999	1.0000	0.0000	6.8000
uR	336.251	90.000	0.0004	1.0000	0.0000	6.8000
E	337.867	90.000	6.2954	65.5200	0.1300	1.3451	0.0000	6.8000
dPolE	337.867	90.000	99.9999	1.0000	0.0000	6.8000
uR	337.867	90.000	0.0005	1.0000	0.0000	6.8000
E	339.482	90.000	22.9433	343.8586	0.1469	0.3465	0.0000	6.8000
dPolE	339.482	90.000	99.9803	1.0000	0.0000	6.8000
uR	339.482	90.000	0.0004	1.0000	0.0000	6.8000
E	341.098	90.000	61.9221	86.9398	0.1468	0.3719	0.0000	6.8000
dPolE	341.098	90.000	99.9911	1.0000	0.0000	6.8000
uR	341.098	90.000	0.0006	1.0000	0.0000	6.8000
E	342.713	90.000	35.1362	108.6771	0.1490	0.3165	0.0000	6.8000
dPolE	342.713	90.000	99.9893	1.0000	0.0000	6.8000
uR	342.713	90.000	0.0003	1.0000	0.0000	6.8000
E	344.329	90.000	29.3629	223.3681	0.1478	0.3250	0.0000	6.8000
dPolE	344.329	90.000	99.9810	1.0000	0.0000	6.8000
uR	344.329	90.000	0.0004	1.0000	0.0000	6.8000
E	345.944	90.000	81.9604	272.4442	0.1280	1.0653	0.0000	6.8000
dPolE	345.944	90.000	99.9942	1.0000	0.0000	6.8000
uR	345.944	90.000	0.0003	1.0000	0.0000	6.8000
E	347.560	90.000	33.9907	322.2176	0.1410	0.2795	0.0000	6.8000
dPolE	347.560	90.000	99.9984	1.0000	0.0000	6.8000
uR	347.560	90.000	0.0002	1.0000	0.0000	6.8000
E	349.175	90.000	31.0153	333.1605	0.1482	0.3009	0.0000	6.8000
dPolE	349.175	90.000	99.9889	1.0000	0.0000	6.8000
uR	349.175	90.000	0.0003	1.0000	0.0000	6.8000
E	350.791	90.000	45.6860	253.1787	0.1468	0.2909	0.0000	6.8000
dPolE	350.791	90.000	99.9999	1.0000	0.0000	6.8000
uR	350.791	90.000	0.0004	1.0000	0.0000	6.8000
E	352.406	90.000	21.9937	112.5531	0.1420	0.4232	0.0000	6.8000
dPolE	352.406	90.000	99.9978	1.0000	0.0000	6.8000
uR	352.406	90.000	0.0003	1.0000	0.0000	6.8000
E	354.022	90.000	14.9373	277.6005	0.1371	0.5998	0.0000	6.8000
dPolE	354.022	90.000	99.9977	1.0000	0.0000	6.8000
uR	354.022	90.000	0.0002	1.0000	0.0000	6.8000
E	355.638	90.000	56.5011	352.5157	0.1345	0.2601	0.0000	6.8000
dPolE	355.638	90.000	99.9997	1.0000	0.0000	6.8000
uR	355.638	90.000	0.0002	1.0000	0.0000	6.8000
E	357.253	90.000	63.6697	131.0585	0.1423	0.3499	0.0000	6.8000
dPolE	357.253	90.000	99.9988	1.0000	0.0000	6.8000
uR	357.253	90.000	0.0002	1.0000	0.0000	6.8000
E	358.869	90.000	52.8038	192.1403	0.1406	0.2669	0.0000	6.8000
dPolE	358.869	90.000	99.9909	1.0000	0.0000	6.8000
uR	358.869	90.000	0.0004	1.0000	0.0000	6.8000
E	360.485	90.000	41.7203	114.1343	0.1409	0.2798	0.0000	6.8000
dPolE	360.485	90.000	99.9807	1.0000	0.0000	6.8000
uR	360.485	90.000	0.0003	1.0000	0.0000	6.8000
E	362.100	90.000	44.8513	199.7802	0.1395	0.2562	0.0000	6.8000
dPolE	362.100	90.000	99.9984	1.0000	0.0000	6.8000
uR	362.100	90.000	0.0003	1.0000	0.0000	6.8000
E	363.716	90.000	39.1179	189.9065	0.1450	0.2701	0.0000	6.8000
dPolE	363.716	90.000	99.9972	1.0000	0.0000	6.8000
uR	363.716	90.000	0.0002	1.0000	0.0000	6.8000
E	365.332	90.000	12.6231	331.1890	0.1312	0.5854	0.0000	6.8000
dPolE	365.332	90.000	99.9811	1.0000	0.0000	6.8000
uR	365.332	90.000	0.0004	1.0000	0.0000	6.8000
E	366.948	90.000	8.9551	171.5819	0.1250	0.7528	0.0000	6.8000
dPolE	366.948	90.000	99.9935	1.0000	0.0000	6.8000
uR	366.948	90.000	0.0003	1.0000	0.0000	6.8000
E	368.563	90.000	41.1385	141.0996	0.1358	0.2612	0.0000	6.8000
dPolE	368.563	90.000	99.9991	1.0000	0.0000	6.8000
uR	368.563	90.000	0.0002	1.0000	0.0000	6.8000
E	370.179	90.000	41.0559	312.8561	0.1290	0.2508	0.0000	6.8000
dPolE	370.179	90.000	99.9955	1.0000	0.0000	6.8000
uR	370.179	90.000	0.0003	1.0000	0.0000	6.8000
E	371.795	90.000	42.8235	29.3485	0.1301	0.2449	0.0000	6.8000
dPolE	371.795	90.000	99.9856	1.0000	0.0000	6.8000
uR	371.795	90.000	0.0003	1.0000	0.0000	6.8000
E	373.411	90.000	13.3795	269.2974	0.1183	0.5573	0.0000	6.8000
dPolE	373.411	90.000	99.9952	1.0000	0.0000	6.8000
uR	373.411	90.000	0.0003	1.0000	0.0000	6.8000
E	375.027	90.000	63.5374	81.8041	0.1231	0.3147	0.0000	6.8000
dPolE	375.027	90.000	99.9856	1.0000	0.0000	6.8000
uR	375.027	90.000	0.0007	1.0000	0.0000	6.8000
E	376.643	90.000	46.4621	341.1585	0.1285	0.2436	0.0000	6.8000
dPolE	376.643	90.000	99.9999	1.0000	0.0000	6.8000
uR	376.643	90.000	0.0002	1.0000	0.0000	6.8000
E	378.258	90.000	58.3941	74.7627	0.1237	0.2794	0.0000	6.8000
dPolE	378.258	90.000	99.9979	1.0000	0.0000	6.8000
uR	378.258	90.000	0.0003	1.0000	0.0000	6.8000
E	379.874	90.000	27.8722	211.2536	0.1303	0.3021	0.0000	6.8000
dPolE	379.874	90.000	99.9937	1.0000	0.0000	6.8000
uR	379.874	90.000	0.0003	1.0000	0.0000	6.8000
E	381.490	90.000	65.5973	216.5265	0.1232	0.3180	0.0000	6.8000
dPolE	381.490	90.000	99.9938	1.0000	0.0000	6.8000
uR	381.490	90.000	0.0003	1.0000	0.0000	6.8000
E	383.106	90.000	31.0115	5.8212	0.1385	0.2980	0.0000	6.8000
dPolE	383.106	90.000	99.9948	1.0000	0.0000	6.8000
uR	383.106	90.000	0.0003	1.0000	0.0000	6.8000
E	384.722	90.000	68.3327	51.9441	0.1217	0.3538	0.0000	6.8000
dPolE	384.722	90.000	99.9912	1.0000	0.0000	6.8000
uR	384.722	90.000	0.0003	1.0000	0.0000	6.8000
E	386.338	90.000	5.0370	221.6921	0.1185	1.3444	0.0000	6.8000
dPolE	386.338	90.000	99.9986	1.0000	0.0000	6.8000
uR	386.338	90.000	0.0003	1.0000	0.0000	6.8000
E	387.954	90.000	40.3261	356.3221	0.1237	0.2353	0.0000	6.8000
dPolE	387.954	90.000	99.9803	1.0000	0.0000	6.8000
uR	387.954	90.000	0.0004	1.0000	0.0000	6.8000
E	389.570	90.000	70.5387	3.5354	0.1146	0.3431	0.0000	6.8000
dPolE	389.570	90.000	99.9960	1.0000	0.0000	6.8000
uR	389.570	90.000	0.0003	1.0000	0.0000	6.8000
E	391.186	90.000	54.8920	8.8019	0.1180	0.2382	0.0000	6.8000
dPolE	391.186	90.000	99.9667	1.0000	0.0000	6.8000
uR	391.186	90.000	0.0004	1.0000	0.0000	6.8000
E	392.802	90.000	26.6589	354.8165	0.1261	0.2999	0.0000	6.8000
dPolE	392.802	90.000	99.9811	1.0000	0.0000	6.8000
uR	392.802	90.000	0.0003	1.0000	0.0000	6.8000
E	394.418	90.000	25.0336	45.1206	0.1249	0.3210	0.0000	6.8000
dPolE	394.418	90.000	99.9883	1.0000	0.0000	6.8000
uR	394.418	90.000	0.0002	1.0000	0.0000	6.8000
E	396.034	90.000	29.2462	16.4525	0.1242	0.2761	0.0000	6.8000
dPolE	396.034	90.000	99.9607	1.0000	0.0000	6.8000
uR	396.034	90.000	0.0004	1.0000	0.0000	6.8000
E	397.650	90.000	22.1277	315.8101	0.1168	0.3290	0.0000	6.8000
dPolE	397.650	90.000	99.9799	1.0000	0.0000	6.8000
uR	397.650	90.000	0.0003	1.0000	0.0000	6.8000
E	399.266	90.000	48.1481	357.1826	0.1206	0.2280	0.0000	6.8000
dPolE	399.266	90.000	99.9789	1.0000	0.0000	6.8000
uR	399.266	90.000	0.0003	1.0000	0.0000	6.8000
E	400.882	90.000	52.6239	355.4920	0.1212	0.2378	0.0000	6.8000
dPolE	400.882	90.000	99.9553	1.0000	0.0000	6.8000
uR	400.882	90.000	0.0005	1.0000	0.0000	6.8000
E	402.498	90.000	47.7055	2.1404	0.1168	0.2232	0.0000	6.8000
dPolE	402.498	90.000	99.9297	1.0000	0.0000	6.8000
uR	402.498	90.000	0.0005	1.0000	0.0000	6.8000
E	404.114	90.000	41.5712	0.0263	0.1165	0.2225	0.0000	6.8000
dPolE	404.114	90.000	99.9087	1.0000	0.0000	6.8000
uR	404.114	90.000	0.0006	1.0000	0.0000	6.8000
E	405.730	90.000	50.6303	2.4193	0.1168	0.2236	0.0000	6.8000
dPolE	405.730	90.000	99.8530	1.0000	0.0000	6.8000
uR	405.730	90.000	0.0008	1.0000	0.0000	6.8000
E	407.346	90.000	47.5494	358.1701	0.1141	0.2135	0.0000	6.8000
dPolE	407.346	90.000	99.6895	1.0000	0.0000	6.8000
uR	407.346	90.000	0.0011	1.0000	0.0000	6.8000
E	408.962	90.000	46.4088	353.7356	0.1141	0.2129	0.0000	6.8000
dPolE	408.962	90.000	99.6484	1.0000	0.0000	6.8000
uR	408.962	90.000	0.0012	1.0000	0.0000	6.8000
E	410.578	90.000	44.0556	359.7520	0.1234	0.2312	0.0000	6.8000
dPolE	410.578	90.000	99.3975	1.0000	0.0000	6.8000
uR	410.578	90.000	0.0015	1.0000	0.0000	6.8000
E	412.194	90.000	46.3940	352.2352	0.1101	0.2079	0.0000	6.8000
dPolE	412.194	90.000	99.2804	1.0000	0.0000	6.8000
uR	412.194	90.000	0.0017	1.0000	0.0000	6.8000
E	413.810	90.000	46.1965	353.9285	0.1123	0.2117	0.0000	6.8000
dPolE	413.810	90.000	99.1206	1.0000	0.0000	6.8000
uR	413.810	90.000	0.0019	1.0000	0.0000	6.8000
E	415.426	90.000	43.1593	352.9279	0.1119	0.2094	0.0000	6.8000
dPolE	415.426	90.000	98.7439	1.0000	0.0000	6.8000
uR	415.426	90.000	0.0022	1.0000	0.0000	6.8000
E	417.042	90.000	43.0294	357.2934	0.1108	0.2048	0.0000	6.8000
dPolE	417.042	90.000	98.2719	1.0000	0.0000	6.8000
uR	417.042	90.000	0.0025	1.0000	0.0000	6.8000
E	418.658	90.000	43.8284	359.6057	0.1085	0.1991	0.0000	6.8000
dPolE	418.658	90.000	98.1302	1.0000	0.0000	6.8000
uR	418.658	90.000	0.0027	1.0000	0.0000	6.8000
E	420.274	90.000	46.2656	356.7353	0.1048	0.1927	0.0000	6.8000
dPolE	420.274	90.000	97.1528	1.0000	0.0000	6.8000
uR	420.274	90.000	0.0033	1.0000	0.0000	6.8000
E	421.890	90.000	44.8040	358.1778	0.1058	0.1954	0.0000	6.8000
dPolE	421.890	90.000	97.3017	1.0000	0.0000	6.8000
uR	421.890	90.000	0.0035	1.0000	0.0000	6.8000
E	423.506	90.000	45.6457	357.0586	0.1028	0.1904	0.0000	6.8000
dPolE	423.506	90.000	96.7182	1.0000	0.0000	6.8000
uR	423.506	90.000	0.0039	1.0000	0.0000	6.8000
E	425.122	90.000	44.4372	354.9710	0.1022	0.1886	0.0000	6.8000
dPolE	425.122	90.000	96.4028	1.0000	0.0000	6.8000
uR	425.122	90.000	0.0043	1.0000	0.0000	6.8000
E	426.738	90.000	44.7966	356.0117	0.1025	0.1871	0.0000	6.8000
dPolE	426.738	90.000	95.4125	1.0000	0.0000	6.8000
uR	426.738	90.000	0.0047	1.0000	0.0000	6.8000
E	428.355	90.000	44.6379	357.6270	0.0995	0.1794	0.0000	6.8000
dPolE	428.355	90.000	95.2134	1.0000	0.0000	6.8000
uR	428.355	90.000	0.0052	1.0000	0.0000	6.8000
E	429.971	90.000	45.0618	356.2959	0.0993	0.1777	0.0000	6.8000
dPolE	429.971	90.000	94.8294	1.0000	0.0000	6.8000
uR	429.971	90.000	0.0053	1.0000	0.0000	6.8000
E	431.587	90.000	44.9233	355.8472	0.0957	0.1714	0.0000	6.8000
dPolE	431.587	90.000	93.4802	1.0000	0.0000	6.8000
uR	431.587	90.000	0.0059	1.0000	0.0000	6.8000
E	433.203	90.000	44.9359	356.7883	0.0972	0.1747	0.0000	6.8000
dPolE	433.203	90.000	93.2129	1.0000	0.0000	6.8000
uR	433.203	90.000	0.0064	1.0000	0.0000	6.8000
E	434.819	90.000	44.3963	356.7250	0.0925	0.1669	0.0000	6.8000
dPolE	434.819	90.000	93.0395	1.0000	0.0000	6.8000
uR	434.819	90.000	0.0066	1.0000	0.0000	6.8000
E	436.435	90.000	44.4497	355.9191	0.0962	0.1730	0.0000	6.8000
dPolE	436.435	90.000	91.6859	1.0000	0.0000	6.8000
uR	436.435	90.000	0.0070	1.0000	0.0000	6.8000
E	438.051	90.000	44.6428	356.1319	0.0925	0.1647	0.0000	6.8000
dPolE	438.051	90.000	90.9340	1.0000	0.0000	6.8000
uR	438.051	90.000	0.0072	1.0000	0.0000	6.8000
E	439.667	90.000	45.1340	356.6466	0.0940	0.1654	0.0000	6.8000
dPolE	439.667	90.000	89.3395	1.0000	0.0000	6.8000
uR	439.667	90.000	0.0078	1.0000	0.0000	6.8000
E	441.283	90.000	44.3547	356.9208	0.0960	0.1675	0.0000	6.8000
dPolE	441.283	90.000	88.4567	1.0000	0.0000	6.8000
uR	441.283	90.000	0.0081	1.0000	0.0000	6.8000
E	442.899	90.000	45.2019	356.6519	0.0935	0.1623	0.0000	6.8000
dPolE	442.899	90.000	88.0710	1.0000	0.0000	6.8000
uR	442.899	90.000	0.0085	1.0000	0.0000	6.8000
E	444.515	90.000	44.5917	356.8866	0.0924	0.1606	0.0000	6.8000
dPolE	444.515	90.000	86.6956	1.0000	0.0000	6.8000
uR	444.515	90.000	0.0091	1.0000	0.0000	6.8000
E	446.131	90.000	44.3821	356.0662	0.0910	0.1588	0.0000	6.8000
dPolE	446.131	90.000	87.8245	1.0000	0.0000	6.8000
uR	446.131	90.000	0.0090	1.0000	0.0000	6.8000
E	447.747	90.000	44.4936	356.1412	0.0872	0.1523	0.0000	6.8000
dPolE	447.747	90.000	86.4740	1.0000	0.0000	6.8000
uR	447.747	90.000	0.0095	1.0000	0.0000	6.8000
E	449.363	90.000	45.3337	356.6860	0.0861	0.1494	0.0000	6.8000
dPolE	449.363	90.000	83.9815	1.0000	0.0000	6.8000
uR	449.363	90.000	0.0102	1.0000	0.0000	6.8000
E	450.979	90.000	44.9124	355.9852	0.0862	0.1480	0.0000	6.8000
dPolE	450.979	90.000	81.2269	1.0000	0.0000	6.8000
uR	450.979	90.000	0.0105	1.0000	0.0000	6.8000
E	452.594	90.000	44.5559	356.4080	0.0835	0.1417	0.0000	6.8000
dPolE	452.594	90.000	80.0344	1.0000	0.0000	6.8000
uR	452.594	90.000	0.0109	1.0000	0.0000	6.8000
E	454.210	90.000	44.9402	356.1721	0.0864	0.1451	0.0000	6.8000
dPolE	454.210	90.000	81.6815	1.0000	0.0000	6.8000
uR	454.210	90.000	0.0112	1.0000	0.0000	6.8000
E	455.826	90.000	44.7767	356.5535	0.0878	0.1468	0.0000	6.8000
dPolE	455.826	90.000	79.3674	1.0000	0.0000	6.8000
uR	455.826	90.000	0.0118	1.0000	0.0000	6.8000
E	457.442	90.000	45.0089	356.6715	0.0866	0.1450	0.0000	6.8000
dPolE	457.442	90.000	79.2328	1.0000	0.0000	6.8000
uR	457.442	90.000	0.0119	1.0000	0.0000	6.8000
E	459.058	90.000	44.8025	356.3797	0.0843	0.1415	0.0000	6.8000
dPolE	459.058	90.000	76.5997	1.0000	0.0000	6.8000
uR	459.058	90.000	0.0123	1.0000	0.0000	6.8000
E	460.674	90.000	44.9022	357.2038	0.0823	0.1382	0.0000	6.8000
dPolE	460.674	90.000	75.4496	1.0000	0.0000	6.8000
uR	460.674	90.000	0.0127	1.0000	0.0000	6.8000
E	462.290	90.000	44.7434	356.2749	0.0777	0.1301	0.0000	6.8000
dPolE	462.290	90.000	74.5810	1.0000	0.0000	6.8000
uR	462.290	90.000	0.0128	1.0000	0.0000	6.8000
E	463.906	90.000	44.8112	356.3298	0.0788	0.1308	0.0000	6.8000
dPolE	463.906	90.000	70.6806	1.0000	0.0000	6.8000
uR	463.906	90.000	0.0136	1.0000	0.0000	6.8000
E	465.521	90.000	44.4276	357.1709	0.0755	0.1236	0.0000	6.8000
dPolE	465.521	90.000	68.4637	1.0000	0.0000	6.8000
uR	465.521	90.000	0.0139	1.0000	0.0000	6.8000
E	467.137	90.000	44.8021	356.7738	0.0735	0.1189	0.0000	6.8000
dPolE	467.137	90.000	66.8183	1.0000	0.0000	6.8000
uR	467.137	90.000	0.0140	1.0000	0.0000	6.8000
E	468.753	90.000	44.7208	356.8393	0.0733	0.1179	0.0000	6.8000
dPolE	468.753	90.000	61.7467	1.0000	0.0000	6.8000
uR	468.753	90.000	0.0143	1.0000	0.0000	6.8000
E	470.369	90.000	44.8168	356.8719	0.0722	0.1158	0.0000	6.8000
dPolE	470.369	90.000	63.5263	1.0000	0.0000	6.8000
uR	470.369	90.000	0.0147	1.0000	0.0000	6.8000
E	471.985	90.000	44.9140	356.5701	0.0753	0.1209	0.0000	6.8000
dPolE	471.985	90.000	66.1909	1.0000	0.0000	6.8000
uR	471.985	90.000	0.0149	1.0000	0.0000	6.8000
E	473.600	90.000	44.7268	356.6893	0.0752	0.1211	0.0000	6.8000
dPolE	473.600	90.000	64.9006	1.0000	0.0000	6.8000
uR	473.600	90.000	0.0155	1.0000	0.0000	6.8000
E	475.216	90.000	44.8521	356.9528	0.0757	0.1218	0.0000	6.8000
dPolE	475.216	90.000	69.0034	1.0000	0.0000	6.8000
uR	475.216	90.000	0.0154	1.0000	0.0000	6.8000
E	476.832	90.000	45.0334	357.0074	0.0761	0.1218	0.0000	6.8000
dPolE	476.832	90.000	70.2483	1.0000	0.0000	6.8000
uR	476.832	90.000	0.0159	1.0000	0.0000	6.8000
E	478.448	90.000	44.7179	357.0030	0.0816	0.1295	0.0000	6.8000
dPolE	478.448	90.000	68.8232	1.0000	0.0000	6.8000
uR	478.448	90.000	0.0164	1.0000	0.0000	6.8000
E	480.063	90.000	45.2044	357.3594	0.0802	0.1258	0.0000	6.8000
dPolE	480.063	90.000	67.5123	1.0000	0.0000	6.8000
uR	480.063	90.000	0.0166	1.0000	0.0000	6.8000
E	481.679	90.000	44.9342	357.1960	0.0732	0.1133	0.0000	6.8000
dPolE	481.679	90.000	68.2594	1.0000	0.0000	6.8000
uR	481.679	90.000	0.0167	1.0000	0.0000	6.8000
E	483.294	90.000	44.7850	356.6628	0.0734	0.1129	0.0000	6.8000
dPolE	483.294	90.000	63.8284	1.0000	0.0000	6.8000
uR	483.294	90.000	0.0170	1.0000	0.0000	6.8000
E	484.910	90.000	44.9465	357.0054	0.0747	0.1143	0.0000	6.8000
dPolE	484.910	90.000	66.2251	1.0000	0.0000	6.8000
uR	484.910	90.000	0.0173	1.0000	0.0000	6.8000
E	486.526	90.000	44.7290	356.6481	0.0761	0.1167	0.0000	6.8000
dPolE	486.526	90.000	67.9987	1.0000	0.0000	6.8000
uR	486.526	90.000	0.0177	1.0000	0.0000	6.8000
E	488.141	90.000	44.8677	356.9561	0.0770	0.1183	0.0000	6.8000
dPolE	488.141	90.000	65.7997	1.0000	0.0000	6.8000
uR	488.141	90.000	0.0180	1.0000	0.0000	6.8000
E	489.757	90.000	44.9251	356.6375	0.0752	0.1157	0.0000	6.8000
dPolE	489.757	90.000	66.0104	1.0000	0.0000	6.8000
uR	489.757	90.000	0.0180	1.0000	0.0000	6.8000
E	491.372	90.000	44.6590	356.7474	0.0755	0.1157	0.0000	6.8000
dPolE	491.372	90.000	63.5091	1.0000	0.0000	6.8000
uR	491.372	90.000	0.0183	1.0000	0.0000	6.8000
E	492.988	90.000	45.1049	356.8026	0.0720	0.1096	0.0000	6.8000
dPolE	492.988	90.000	62.4860	1.0000	0.0000	6.8000
uR	492.988	90.000	0.0185	1.0000	0.0000	6.8000
E	494.603	90.000	44.8585	356.5876	0.0756	0.1140	0.0000	6.8000
dPolE	494.603	90.000	62.7810	1.0000	0.0000	6.8000
uR	494.603	90.000	0.0188	1.0000	0.0000	6.8000
E	496.219	90.000	44.6534	357.2292	0.0735	0.1096	0.0000	6.8000
dPolE	496.219	90.000	63.8186	1.0000	0.0000	6.8000
uR	496.219	90.000	0.0192	1.0000	0.0000	6.8000
E	497.834	90.000	45.0196	357.2986	0.0762	0.1124	0.0000	6.8000
dPolE	497.834	90.000	63.0079	1.0000	0.0000	6.8000
uR	497.834	90.000	0.0194	1.0000	0.0000	6.8000
E	499.450	90.000	45.0393	357.1425	0.0763	0.1116	0.0000	6.8000
dPolE	499.450	90.000	63.0526	1.0000	0.0000	6.8000
uR	499.450	90.000	0.0196	1.0000	0.0000	6.8000
E	501.065	90.000	44.7439	356.6819	0.0775	0.1131	0.0000	6.8000
dPolE	501.065	90.000	64.9941	1.0000	0.0000	6.8000
uR	501.065	90.000	0.0194	1.0000	0.0000	6.8000
E	502.680	90.000	44.9720	357.3869	0.0769	0.1120	0.0000	6.8000
dPolE	502.680	90.000	64.5524	1.0000	0.0000	6.8000
uR	502.680	90.000	0.0194	1.0000	0.0000	6.8000
E	504.296	90.000	44.6720	357.1229	0.0794	0.1160	0.0000	6.8000
dPolE	504.296	90.000	63.7070	1.0000	0.0000	6.8000
uR	504.296	90.000	0.0197	1.0000	0.0000	6.8000
E	505.911	90.000	44.6490	356.8191	0.0736	0.1076	0.0000	6.8000
dPolE	505.911	90.000	64.2899	1.0000	0.0000	6.8000
uR	505.911	90.000	0.0197	1.0000	0.0000	6.8000
E	507.526	90.000	44.8824	357.1856	0.0758	0.1107	0.0000	6.8000
dPolE	507.526	90.000	62.3447	1.0000	0.0000	6.8000
uR	507.526	90.000	0.0200	1.0000	0.0000	6.8000
E	509.141	90.000	44.8281	357.0833	0.0747	0.1084	0.0000	6.8000
dPolE	509.141	90.000	60.9496	1.0000	0.0000	6.8000
uR	509.141	90.000	0.0203	1.0000	0.0000	6.8000
E	510.756	90.000	44.6295	357.1667	0.0757	0.1090	0.0000	6.8000
dPolE	510.756	90.000	60.6354	1.0000	0.0000	6.8000
uR	510.756	90.000	0.0210	1.0000	0.0000	6.8000
E	512.372	90.000	44.7451	356.9691	0.0755	0.1075	0.0000	6.8000
dPolE	512.372	90.000	61.5063	1.0000	0.0000	6.8000
uR	512.372	90.000	0.0214	1.0000	0.0000	6.8000
E	513.987	90.000	44.6790	357.2585	0.0758	0.1068	0.0000	6.8000
dPolE	513.987	90.000	61.4232	1.0000	0.0000	6.8000
uR	513.987	90.000	0.0225	1.0000	0.0000	6.8000
E	515.602	90.000	44.9865	357.2531	0.0799	0.1116	0.0000	6.8000
dPolE	515.602	90.000	62.0464	1.0000	0.0000	6.8000
uR	515.602	90.000	0.0232	1.0000	0.0000	6.8000
E	517.217	90.000	44.7630	356.7981	0.0802	0.1115	0.0000	6.8000
dPolE	517.217	90.000	63.1581	1.0000	0.0000	6.8000
uR	517.217	90.000	0.0229	1.0000	0.0000	6.8000
E	518.832	90.000	45.2683	357.2200	0.0858	0.1189	0.0000	6.8000
dPolE	518.832	90.000	63.6149	1.0000	0.0000	6.8000
uR	518.832	90.000	0.0222	1.0000	0.0000	6.8000
E	520.447	90.000	44.9100	357.2689	0.0864	0.1196	0.0000	6.8000
dPolE	520.447	90.000	65.8000	1.0000	0.0000	6.8000
uR	520.447	90.000	0.0209	1.0000	0.0000	6.8000
E	522.062	90.000	44.8673	356.9220	0.0823	0.1142	0.0000	6.8000
dPolE	522.062	90.000	63.4378	1.0000	0.0000	6.8000
uR	522.062	90.000	0.0203	1.0000	0.0000	6.8000
E	523.677	90.000	44.6250	357.3391	0.0783	0.1085	0.0000	6.8000
dPolE	523.677	90.000	61.2450	1.0000	0.0000	6.8000
uR	523.677	90.000	0.0210	1.0000	0.0000	6.8000
E	525.292	90.000	44.8633	357.1962	0.0774	0.1071	0.0000	6.8000
dPolE	525.292	90.000	60.1754	1.0000	0.0000	6.8000
uR	525.292	90.000	0.0216	1.0000	0.0000	6.8000
E	526.907	90.000	44.7928	357.5418	0.0800	0.1100	0.0000	6.8000
dPolE	526.907	90.000	59.4609	1.0000	0.0000	6.8000
uR	526.907	90.000	0.0217	1.0000	0.0000	6.8000
E	528.521	90.000	44.8997	357.2288	0.0787	0.1075	0.0000	6.8000
dPolE	528.521	90.000	59.8205	1.0000	0.0000	6.8000
uR	528.521	90.000	0.0219	1.0000	0.0000	6.8000
E	530.136	90.000	44.9603	357.2509	0.0796	0.1077	0.0000	6.8000
dPolE	530.136	90.000	57.7595	1.0000	0.0000	6.8000
uR	530.136	90.000	0.0220	1.0000	0.0000	6.8000
E	531.751	90.000	44.8724	357.2191	0.0750	0.1005	0.0000	6.8000
dPolE	531.751	90.000	59.4558	1.0000	0.0000	6.8000
uR	531.751	90.000	0.0222	1.0000	0.0000	6.8000
E	533.366	90.000	45.0232	357.1803	0.0814	0.1081	0.0000	6.8000
dPolE	533.366	90.000	59.2072	1.0000	0.0000	6.8000
uR	533.366	90.000	0.0222	1.0000	0.0000	6.8000
E	534.980	90.000	44.9561	357.0263	0.0786	0.1037	0.0000	6.8000
dPolE	534.980	90.000	57.0665	1.0000	0.0000	6.8000
uR	534.980	90.000	0.0225	1.0000	0.0000	6.8000
E	536.595	90.000	45.0005	357.2171	0.0791	0.1040	0.0000	6.8000
dPolE	536.595	90.000	57.7015	1.0000	0.0000	6.8000
uR	536.595	90.000	0.0227	1.0000	0.0000	6.8000
E	538.210	90.000	44.7500	357.3026	0.0806	0.1057	0.0000	6.8000
dPolE	538.210	90.000	60.0096	1.0000	0.0000	6.8000
uR	538.210	90.000	0.0225	1.0000	0.0000	6.8000
E	539.824	90.000	45.0488	357.6776	0.0786	0.1031	0.0000	6.8000
dPolE	539.824	90.000	57.3389	1.0000	0.0000	6.8000
uR	539.824	90.000	0.0224	1.0000	0.0000	6.8000
E	541.439	90.000	44.9384	357.1573	0.0787	0.1034	0.0000	6.8000
dPolE	541.439	90.000	57.5897	1.0000	0.0000	6.8000
uR	541.439	90.000	0.0225	1.0000	0.0000	6.8000
E	543.053	90.000	44.9971	357.3771	0.0776	0.1018	0.0000	6.8000
dPolE	543.053	90.000	58.4855	1.0000	0.0000	6.8000
uR	543.053	90.000	0.0227	1.0000	0.0000	6.8000
E	544.668	90.000	44.8537	357.0620	0.0824	0.1080	0.0000	6.8000
dPolE	544.668	90.000	57.0876	1.0000	0.0000	6.8000
uR	544.668	90.000	0.0223	1.0000	0.0000	6.8000
E	546.282	90.000	44.8715	357.3953	0.0820	0.1069	0.0000	6.8000
dPolE	546.282	90.000	58.9630	1.0000	0.0000	6.8000
uR	546.282	90.000	0.0225	1.0000	0.0000	6.8000
E	547.896	90.000	44.8125	357.1415	0.0810	0.1047	0.0000	6.8000
dPolE	547.896	90.000	56.7387	1.0000	0.0000	6.8000
uR	547.896	90.000	0.0227	1.0000	0.0000	6.8000
E	549.511	90.000	44.8732	357.4265	0.0825	0.1059	0.0000	6.8000
dPolE	549.511	90.000	56.6572	1.0000	0.0000	6.8000
uR	549.511	90.000	0.0231	1.0000	0.0000	6.8000
E	551.125	90.000	45.0089	357.2226	0.0829	0.1052	0.0000	6.8000
dPolE	551.125	90.000	56.3903	1.0000	0.0000	6.8000
uR	551.125	90.000	0.0228	1.0000	0.0000	6.8000
E	552.739	90.000	45.0507	357.4639	0.0794	0.0998	0.0000	6.8000
dPolE	552.739	90.000	56.1986	1.0000	0.0000	6.8000
uR	552.739	90.000	0.0228	1.0000	0.0000	6.8000
E	554.353	90.000	44.9464	357.3892	0.0827	0.1033	0.0000	6.8000
dPolE	554.353	90.000	55.6740	1.0000	0.0000	6.8000
uR	554.353	90.000	0.0230	1.0000	0.0000	6.8000
E	555.968	90.000	45.0006	357.1440	0.0828	0.1030	0.0000	6.8000
dPolE	555.968	90.000	54.6713	1.0000	0.0000	6.8000
uR	555.968	90.000	0.0232	1.0000	0.0000	6.8000
E	557.582	90.000	44.9556	357.1787	0.0781	0.0968	0.0000	6.8000
dPolE	557.582	90.000	53.1972	1.0000	0.0000	6.8000
uR	557.582	90.000	0.0234	1.0000	0.0000	6.8000
E	559.196	90.000	44.9429	357.5425	0.0826	0.1023	0.0000	6.8000
dPolE	559.196	90.000	54.7374	1.0000	0.0000	6.8000
uR	559.196	90.000	0.0233	1.0000	0.0000	6.8000
E	560.810	90.000	44.6097	357.0119	0.0812	0.1007	0.0000	6.8000
dPolE	560.810	90.000	55.6106	1.0000	0.0000	6.8000
uR	560.810	90.000	0.0234	1.0000	0.0000	6.8000
E	562.424	90.000	44.8513	357.4378	0.0844	0.1047	0.0000	6.8000
dPolE	562.424	90.000	53.9646	1.0000	0.0000	6.8000
uR	562.424	90.000	0.0232	1.0000	0.0000	6.8000
E	564.038	90.000	44.9217	357.3114	0.0821	0.1017	0.0000	6.8000
dPolE	564.038	90.000	51.8460	1.0000	0.0000	6.8000
uR	564.038	90.000	0.0236	1.0000	0.0000	6.8000
E	565.651	90.000	44.8437	357.6590	0.0825	0.1020	0.0000	6.8000
dPolE	565.651	90.000	55.5445	1.0000	0.0000	6.8000
uR	565.651	90.000	0.0235	1.0000	0.0000	6.8000
E	567.265	90.000	44.8643	357.4182	0.0792	0.0975	0.0000	6.8000
dPolE	567.265	90.000	52.1712	1.0000	0.0000	6.8000
uR	567.265	90.000	0.0235	1.0000	0.0000	6.8000
E	568.879	90.000	44.8591	357.4410	0.0774	0.0946	0.0000	6.8000
dPolE	568.879	90.000	52.0916	1.0000	0.0000	6.8000
uR	568.879	90.000	0.0237	1.0000	0.0000	6.8000
E	570.493	90.000	44.9489	357.3146	0.0835	0.1013	0.0000	6.8000
dPolE	570.493	90.000	51.0141	1.0000	0.0000	6.8000
uR	570.493	90.000	0.0237	1.0000	0.0000	6.8000
E	572.106	90.000	44.7349	357.6491	0.0804	0.0967	0.0000	6.8000
dPolE	572.106	90.000	50.6324	1.0000	0.0000	6.8000
uR	572.106	90.000	0.0234	1.0000	0.0000	6.8000
E	573.720	90.000	44.7440	357.4601	0.0811	0.0966	0.0000	6.8000
dPolE	573.720	90.000	49.4729	1.0000	0.0000	6.8000
uR	573.720	90.000	0.0236	1.0000	0.0000	6.8000
E	575.333	90.000	44.9651	357.5870	0.0843	0.0996	0.0000	6.8000
dPolE	575.333	90.000	50.2769	1.0000	0.0000	6.8000
uR	575.333	90.000	0.0236	1.0000	0.0000	6.8000
E	576.947	90.000	45.0874	357.4334	0.0826	0.0970	0.0000	6.8000
dPolE	576.947	90.000	52.4932	1.0000	0.0000	6.8000
uR	576.947	90.000	0.0236	1.0000	0.0000	6.8000
E	578.560	90.000	44.9180	357.4742	0.0839	0.0982	0.0000	6.8000
dPolE	578.560	90.000	50.8627	1.0000	0.0000	6.8000
uR	578.560	90.000	0.0238	1.0000	0.0000	6.8000
E	580.174	90.000	44.9619	357.6377	0.0863	0.1007	0.0000	6.8000
dPolE	580.174	90.000	50.9013	1.0000	0.0000	6.8000
uR	580.174	90.000	0.0236	1.0000	0.0000	6.8000
E	581.787	90.000	44.9490	357.8058	0.0848	0.0989	0.0000	6.8000
dPolE	581.787	90.000	51.1161	1.0000	0.0000	6.8000
uR	581.787	90.000	0.0237	1.0000	0.0000	6.8000
E	583.400	90.000	44.6641	357.3793	0.0824	0.0961	0.0000	6.8000
dPolE	583.400	90.000	50.8630	1.0000	0.0000	6.8000
uR	583.400	90.000	0.0236	1.0000	0.0000	6.8000
E	585.014	90.000	45.0196	357.6802	0.0840	0.0980	0.0000	6.8000
dPolE	585.014	90.000	49.7426	1.0000	0.0000	6.8000
uR	585.014	90.000	0.0236	1.0000	0.0000	6.8000
E	586.627	90.000	45.0460	357.8360	0.0816	0.0951	0.0000	6.8000
dPolE	586.627	90.000	50.4367	1.0000	0.0000	6.8000
uR	586.627	90.000	0.0235	1.0000	0.0000	6.8000
E	588.240	90.000	44.8450	357.5751	0.0822	0.0956	0.0000	6.8000
dPolE	588.240	90.000	51.0862	1.0000	0.0000	6.8000
uR	588.240	90.000	0.0237	1.0000	0.0000	6.8000
E	589.853	90.000	44.8740	357.6393	0.0851	0.0986	0.0000	6.8000
dPolE	589.853	90.000	50.2015	1.0000	0.0000	6.8000
uR	589.853	90.000	0.0236	1.0000	0.0000	6.8000
E	591.466	90.000	44.8674	357.5742	0.0883	0.1018	0.0000	6.8000
dPolE	591.466	90.000	50.0536	1.0000	0.0000	6.8000
uR	591.466	90.000	0.0238	1.0000	0.0000	6.8000
E	593.079	90.000	44.9606	357.7098	0.0863	0.0988	0.0000	6.8000
dPolE	593.079	90.000	50.4291	1.0000	0.0000	6.8000
uR	593.079	90.000	0.0235	1.0000	0.0000	6.8000
E	594.692	90.000	45.0737	357.7921	0.0847	0.0961	0.0000	6.8000
dPolE	594.692	90.000	50.0706	1.0000	0.0000	6.8000
uR	594.692	90.000	0.0236	1.0000	0.0000	6.8000
E	596.305	90.000	45.0050	357.5540	0.0854	0.0962	0.0000	6.8000
dPolE	596.305	90.000	49.8002	1.0000	0.0000	6.8000
uR	596.305	90.000	0.0239	1.0000	0.0000	6.8000
E	597.918	90.000	44.7043	357.5461	0.0889	0.0994	0.0000	6.8000
dPolE	597.918	90.000	52.5281	1.0000	0.0000	6.8000
uR	597.918	90.000	0.0238	1.0000	0.0000	6.8000
E	599.530	90.000	44.7748	357.8399	0.0914	0.1014	0.0000	6.8000
dPolE	599.530	90.000	49.8128	1.0000	0.0000	6.8000
uR	599.530	90.000	0.0241	1.0000	0.0000	6.8000
E	601.143	90.000	44.9295	357.6977	0.0939	0.1038	0.0000	6.8000
dPolE	601.143	90.000	48.0411	1.0000	0.0000	6.8000
uR	601.143	90.000	0.0241	1.0000	0.0000	6.8000
E	602.755	90.000	44.7378	357.7958	0.0921	0.1013	0.0000	6.8000
dPolE	602.755	90.000	48.9052	1.0000	0.0000	6.8000
uR	602.755	90.000	0.0238	1.0000	0.0000	6.8000
E	604.368	90.000	44.9200	357.8190	0.0911	0.0998	0.0000	6.8000
dPolE	604.368	90.000	48.8597	1.0000	0.0000	6.8000
uR	604.368	90.000	0.0243	1.0000	0.0000	6.8000
E	605.981	90.000	44.9108	357.3808	0.0955	0.1047	0.0000	6.8000
dPolE	605.981	90.000	49.7397	1.0000	0.0000	6.8000
uR	605.981	90.000	0.0242	1.0000	0.0000	6.8000
E	607.593	90.000	44.9666	357.4903	0.0949	0.1041	0.0000	6.8000
dPolE	607.593	90.000	48.4128	1.0000	0.0000	6.8000
uR	607.593	90.000	0.0244	1.0000	0.0000	6.8000
E	609.205	90.000	44.6008	357.7128	0.0952	0.1044	0.0000	6.8000
dPolE	609.205	90.000	48.0440	1.0000	0.0000	6.8000
uR	609.205	90.000	0.0240	1.0000	0.0000	6.8000
E	610.818	90.000	44.9203	357.5972	0.0892	0.0978	0.0000	6.8000
dPolE	610.818	90.000	52.5151	1.0000	0.0000	6.8000
uR	610.818	90.000	0.0238	1.0000	0.0000	6.8000
E	612.430	90.000	44.8370	358.0996	0.0894	0.0977	0.0000	6.8000
dPolE	612.430	90.000	47.9180	1.0000	0.0000	6.8000
uR	612.430	90.000	0.0241	1.0000	0.0000	6.8000
E	614.042	90.000	45.1245	357.9373	0.0850	0.0928	0.0000	6.8000
dPolE	614.042	90.000	49.5972	1.0000	0.0000	6.8000
uR	614.042	90.000	0.0241	1.0000	0.0000	6.8000
E	615.654	90.000	44.8824	357.7518	0.0911	0.0989	0.0000	6.8000
dPolE	615.654	90.000	45.8089	1.0000	0.0000	6.8000
uR	615.654	90.000	0.0239	1.0000	0.0000	6.8000
E	617.266	90.000	45.2010	357.9548	0.0870	0.0939	0.0000	6.8000
dPolE	617.266	90.000	47.7321	1.0000	0.0000	6.8000
uR	617.266	90.000	0.0243	1.0000	0.0000	6.8000
E	618.878	90.000	45.1187	357.5173	0.0855	0.0918	0.0000	6.8000
dPolE	618.878	90.000	47.7056	1.0000	0.0000	6.8000
uR	618.878	90.000	0.0244	1.0000	0.0000	6.8000
E	620.490	90.000	44.8561	357.8794	0.0866	0.0923	0.0000	6.8000
dPolE	620.490	90.000	45.2946	1.0000	0.0000	6.8000
uR	620.490	90.000	0.0243	1.0000	0.0000	6.8000
E	622.102	90.000	44.8687	357.6099	0.0899	0.0951	0.0000	6.8000
dPolE	622.102	90.000	45.9626	1.0000	0.0000	6.8000
uR	622.102	90.000	0.0239	1.0000	0.0000	6.8000
E	623.714	90.000	44.8709	357.8991	0.0885	0.0929	0.0000	6.8000
dPolE	623.714	90.000	45.6325	1.0000	0.0000	6.8000
uR	623.714	90.000	0.0239	1.0000	0.0000	6.8000
E	625.325	90.000	44.9562	358.0408	0.0929	0.0967	0.0000	6.8000
dPolE	625.325	90.000	48.3939	1.0000	0.0000	6.8000
uR	625.325	90.000	0.0239	1.0000	0.0000	6.8000
E	626.937	90.000	44.9061	358.0538	0.0983	0.1019	0.0000	6.8000
dPolE	626.937	90.000	45.2699	1.0000	0.0000	6.8000
uR	626.937	90.000	0.0243	1.0000	0.0000	6.8000
E	628.548	90.000	44.8382	357.5735	0.0966	0.0999	0.0000	6.8000
dPolE	628.548	90.000	45.9418	1.0000	0.0000	6.8000
uR	628.548	90.000	0.0239	1.0000	0.0000	6.8000
E	630.160	90.000	45.3985	357.8639	0.0971	0.0999	0.0000	6.8000
dPolE	630.160	90.000	44.2663	1.0000	0.0000	6.8000
uR	630.160	90.000	0.0241	1.0000	0.0000	6.8000
E	631.771	90.000	44.7537	357.9351	0.0955	0.0982	0.0000	6.8000
dPolE	631.771	90.000	44.8058	1.0000	0.0000	6.8000
uR	631.771	90.000	0.0244	1.0000	0.0000	6.8000
E	633.383	90.000	44.8639	357.5529	0.0996	0.1025	0.0000	6.8000
dPolE	633.383	90.000	46.8251	1.0000	0.0000	6.8000
uR	633.383	90.000	0.0242	1.0000	0.0000	6.8000
E	634.994	90.000	45.0482	357.6360	0.0948	0.0975	0.0000	6.8000
dPolE	634.994	90.000	42.0867	1.0000	0.0000	6.8000
uR	634.994	90.000	0.0245	1.0000	0.0000	6.8000
E	636.605	90.000	44.9478	357.8924	0.0950	0.0975	0.0000	6.8000
dPolE	636.605	90.000	46.3892	1.0000	0.0000	6.8000
uR	636.605	90.000	0.0244	1.0000	0.0000	6.8000
E	638.216	90.000	44.8032	357.5880	0.0928	0.0954	0.0000	6.8000
dPolE	638.216	90.000	46.8972	1.0000	0.0000	6.8000
uR	638.216	90.000	0.0246	1.0000	0.0000	6.8000
E	639.827	90.000	44.8159	357.9055	0.0996	0.1021	0.0000	6.8000
dPolE	639.827	90.000	46.0408	1.0000	0.0000	6.8000
uR	639.827	90.000	0.0246	1.0000	0.0000	6.8000
E	641.438	90.000	45.1299	358.0422	0.0985	0.1006	0.0000	6.8000
dPolE	641.438	90.000	49.0400	1.0000	0.0000	6.8000
uR	641.438	90.000	0.0240	1.0000	0.0000	6.8000
E	643.049	90.000	44.6872	357.8740	0.1014	0.1033	0.0000	6.8000
dPolE	643.049	90.000	44.5845	1.0000	0.0000	6.8000
uR	643.049	90.000	0.0242	1.0000	0.0000	6.8000
E	644.660	90.000	44.9714	357.7864	0.1038	0.1053	0.0000	6.8000
dPolE	644.660	90.000	44.9197	1.0000	0.0000	6.8000
uR	644.660	90.000	0.0241	1.0000	0.0000	6.8000
E	646.271	90.000	45.3933	357.9087	0.0991	0.0998	0.0000	6.8000
dPolE	646.271	90.000	45.0953	1.0000	0.0000	6.8000
uR	646.271	90.000	0.0244	1.0000	0.0000	6.8000
E	647.881	90.000	44.7617	358.1312	0.0962	0.0962	0.0000	6.8000
dPolE	647.881	90.000	43.9386	1.0000	0.0000	6.8000
uR	647.881	90.000	0.0241	1.0000	0.0000	6.8000
E	649.492	90.000	44.8788	358.1096	0.1037	0.1030	0.0000	6.8000
dPolE	649.492	90.000	42.4047	1.0000	0.0000	6.8000
uR	649.492	90.000	0.0242	1.0000	0.0000	6.8000
E	651.103	90.000	45.1812	357.7740	0.1012	0.0999	0.0000	6.8000
dPolE	651.103	90.000	42.9417	1.0000	0.0000	6.8000
uR	651.103	90.000	0.0243	1.0000	0.0000	6.8000
E	652.713	90.000	44.6739	357.6820	0.1030	0.1011	0.0000	6.8000
dPolE	652.713	90.000	45.6594	1.0000	0.0000	6.8000
uR	652.713	90.000	0.0249	1.0000	0.0000	6.8000
E	654.323	90.000	44.6914	357.9992	0.1019	0.0992	0.0000	6.8000
dPolE	654.323	90.000	45.2829	1.0000	0.0000	6.8000
uR	654.323	90.000	0.0250	1.0000	0.0000	6.8000
E	655.934	90.000	44.6952	357.9307	0.1056	0.1025	0.0000	6.8000
dPolE	655.934	90.000	45.6882	1.0000	0.0000	6.8000
uR	655.934	90.000	0.0248	1.0000	0.0000	6.8000
E	657.544	90.000	45.1014	357.8641	0.1053	0.1018	0.0000	6.8000
dPolE	657.544	90.000	43.7317	1.0000	0.0000	6.8000
uR	657.544	90.000	0.0248	1.0000	0.0000	6.8000
E	659.154	90.000	44.8663	357.8998	0.1118	0.1080	0.0000	6.8000
dPolE	659.154	90.000	43.3818	1.0000	0.0000	6.8000
uR	659.154	90.000	0.0249	1.0000	0.0000	6.8000
E	660.764	90.000	44.8473	357.9450	0.1047	0.1009	0.0000	6.8000
dPolE	660.764	90.000	43.9948	1.0000	0.0000	6.8000
uR	660.764	90.000	0.0249	1.0000	0.0000	6.8000
E	662.374	90.000	44.8888	357.7186	0.1037	0.0999	0.0000	6.8000
dPolE	662.374	90.000	44.4565	1.0000	0.0000	6.8000
uR	662.374	90.000	0.0248	1.0000	0.0000	6.8000
E	663.984	90.000	44.9478	357.9803	0.1041	0.1002	0.0000	6.8000
dPolE	663.984	90.000	44.6391	1.0000	0.0000	6.8000
uR	663.984	90.000	0.0247	1.0000	0.0000	6.8000
E	665.594	90.000	44.9157	357.9790	0.1025	0.0987	0.0000	6.8000
dPolE	665.594	90.000	46.5357	1.0000	0.0000	6.8000
uR	665.594	90.000	0.0246	1.0000	0.0000	6.8000
E	667.204	90.000	44.7866	357.9414	0.1071	0.1030	0.0000	6.8000
dPolE	667.204	90.000	46.7485	1.0000	0.0000	6.8000
uR	667.204	90.000	0.0242	1.0000	0.0000	6.8000
E	668.813	90.000	44.6553	357.8260	0.1062	0.1020	0.0000	6.8000
dPolE	668.813	90.000	42.1999	1.0000	0.0000	6.8000
uR	668.813	90.000	0.0244	1.0000	0.0000	6.8000
E	670.423	90.000	44.9356	357.9605	0.1059	0.1014	0.0000	6.8000
dPolE	670.423	90.000	42.4816	1.0000	0.0000	6.8000
uR	670.423	90.000	0.0244	1.0000	0.0000	6.8000
E	672.032	90.000	44.9572	357.9645	0.1024	0.0979	0.0000	6.8000
dPolE	672.032	90.000	41.2939	1.0000	0.0000	6.8000
uR	672.032	90.000	0.0245	1.0000	0.0000	6.8000
E	673.642	90.000	44.7986	358.0873	0.1092	0.1040	0.0000	6.8000
dPolE	673.642	90.000	41.8389	1.0000	0.0000	6.8000
uR	673.642	90.000	0.0242	1.0000	0.0000	6.8000
E	675.251	90.000	44.9665	357.7382	0.1019	0.0967	0.0000	6.8000
dPolE	675.251	90.000	43.4008	1.0000	0.0000	6.8000
uR	675.251	90.000	0.0249	1.0000	0.0000	6.8000
E	676.860	90.000	44.9691	357.9830	0.1073	0.1012	0.0000	6.8000
dPolE	676.860	90.000	44.2197	1.0000	0.0000	6.8000
uR	676.860	90.000	0.0243	1.0000	0.0000	6.8000
E	678.469	90.000	44.9629	358.0917	0.1150	0.1077	0.0000	6.8000
dPolE	678.469	90.000	42.4207	1.0000	0.0000	6.8000
uR	678.469	90.000	0.0246	1.0000	0.0000	6.8000
E	680.079	90.000	44.6330	357.9043	0.1069	0.0997	0.0000	6.8000
dPolE	680.079	90.000	41.7296	1.0000	0.0000	6.8000
uR	680.079	90.000	0.0248	1.0000	0.0000	6.8000
E	681.688	90.000	44.8740	357.9626	0.1086	0.1005	0.0000	6.8000
dPolE	681.688	90.000	41.6691	1.0000	0.0000	6.8000
uR	681.688	90.000	0.0252	1.0000	0.0000	6.8000
E	683.296	90.000	44.9594	358.0744	0.1044	0.0960	0.0000	6.8000
dPolE	683.296	90.000	37.7460	1.0000	0.0000	6.8000
uR	683.296	90.000	0.0252	1.0000	0.0000	6.8000
E	684.905	90.000	44.9234	357.8453	0.1085	0.0992	0.0000	6.8000
dPolE	684.905	90.000	37.6621	1.0000	0.0000	6.8000
uR	684.905	90.000	0.0244	1.0000	0.0000	6.8000
E	686.514	90.000	44.9895	357.8701	0.1021	0.0928	0.0000	6.8000
dPolE	686.514	90.000	38.5192	1.0000	0.0000	6.8000
uR	686.514	90.000	0.0240	1.0000	0.0000	6.8000
E	688.123	90.000	45.3034	358.1807	0.1036	0.0938	0.0000	6.8000
dPolE	688.123	90.000	40.1185	1.0000	0.0000	6.8000
uR	688.123	90.000	0.0238	1.0000	0.0000	6.8000
E	689.731	90.000	44.8228	358.2523	0.1055	0.0951	0.0000	6.8000
dPolE	689.731	90.000	36.8067	1.0000	0.0000	6.8000
uR	689.731	90.000	0.0239	1.0000	0.0000	6.8000
E	691.340	90.000	44.8412	357.8533	0.1065	0.0959	0.0000	6.8000
dPolE	691.340	90.000	41.4607	1.0000	0.0000	6.8000
uR	691.340	90.000	0.0240	1.0000	0.0000	6.8000
E	692.948	90.000	45.0151	357.9614	0.1126	0.1012	0.0000	6.8000
dPolE	692.948	90.000	40.5692	1.0000	0.0000	6.8000
uR	692.948	90.000	0.0243	1.0000	0.0000	6.8000
E	694.556	90.000	44.6064	358.2656	0.1137	0.1020	0.0000	6.8000
dPolE	694.556	90.000	42.1885	1.0000	0.0000	6.8000
uR	694.556	90.000	0.0245	1.0000	0.0000	6.8000
E	696.164	90.000	44.7376	357.9338	0.1167	0.1049	0.0000	6.8000
dPolE	696.164	90.000	42.3845	1.0000	0.0000	6.8000
uR	696.164	90.000	0.0244	1.0000	0.0000	6.8000
E	697.772	90.000	44.7843	357.9275	0.1233	0.1107	0.0000	6.8000
dPolE	697.772	90.000	42.0957	1.0000	0.0000	6.8000
uR	697.772	90.000	0.0242	1.0000	0.0000	6.8000
E	699.380	90.000	45.2324	358.1534	0.1217	0.1092	0.0000	6.8000
dPolE	699.380	90.000	43.3116	1.0000	0.0000	6.8000
uR	699.380	90.000	0.0238	1.0000	0.0000	6.8000
E	700.988	90.000	45.0026	358.1736	0.1219	0.1092	0.0000	6.8000
dPolE	700.988	90.000	44.5992	1.0000	0.0000	6.8000
uR	700.988	90.000	0.0237	1.0000	0.0000	6.8000
E	702.596	90.000	44.8604	357.8922	0.1234	0.1104	0.0000	6.8000
dPolE	702.596	90.000	43.4042	1.0000	0.0000	6.8000
uR	702.596	90.000	0.0243	1.0000	0.0000	6.8000
E	704.204	90.000	44.7564	357.9064	0.1172	0.1047	0.0000	6.8000
dPolE	704.204	90.000	43.9094	1.0000	0.0000	6.8000
uR	704.204	90.000	0.0240	1.0000	0.0000	6.8000
E	705.811	90.000	45.4893	358.0865	0.1247	0.1108	0.0000	6.8000
dPolE	705.811	90.000	44.5988	1.0000	0.0000	6.8000
uR	705.811	90.000	0.0238	1.0000	0.0000	6.8000
E	707.419	90.000	44.7488	358.0321	0.1223	0.1085	0.0000	6.8000
dPolE	707.419	90.000	43.0753	1.0000	0.0000	6.8000
uR	707.419	90.000	0.0246	1.0000	0.0000	6.8000
E	709.026	90.000	45.0539	358.1947	0.1250	0.1104	0.0000	6.8000
dPolE	709.026	90.000	39.3339	1.0000	0.0000	6.8000
uR	709.026	90.000	0.0246	1.0000	0.0000	6.8000
E	710.634	90.000	44.9351	358.2567	0.1149	0.1010	0.0000	6.8000
dPolE	710.634	90.000	40.3230	1.0000	0.0000	6.8000
uR	710.634	90.000	0.0256	1.0000	0.0000	6.8000
E	712.241	90.000	45.0821	358.1924	0.1210	0.1059	0.0000	6.8000
dPolE	712.241	90.000	39.3790	1.0000	0.0000	6.8000
uR	712.241	90.000	0.0278	1.0000	0.0000	6.8000
E	713.848	90.000	45.0774	358.1173	0.1392	0.1211	0.0000	6.8000
dPolE	713.848	90.000	44.0009	1.0000	0.0000	6.8000
uR	713.848	90.000	0.0268	1.0000	0.0000	6.8000
E	715.455	90.000	45.1009	357.9347	0.1484	0.1283	0.0000	6.8000
dPolE	715.455	90.000	47.4541	1.0000	0.0000	6.8000
uR	715.455	90.000	0.0233	1.0000	0.0000	6.8000
E	717.062	90.000	45.2010	357.9270	0.1419	0.1221	0.0000	6.8000
dPolE	717.062	90.000	45.6640	1.0000	0.0000	6.8000
uR	717.062	90.000	0.0220	1.0000	0.0000	6.8000
E	718.669	90.000	44.8248	357.7941	0.1300	0.1114	0.0000	6.8000
dPolE	718.669	90.000	42.6037	1.0000	0.0000	6.8000
uR	718.669	90.000	0.0234	1.0000	0.0000	6.8000
E	720.276	90.000	45.0514	358.1506	0.1275	0.1088	0.0000	6.8000
dPolE	720.276	90.000	45.4927	1.0000	0.0000	6.8000
uR	720.276	90.000	0.0250	1.0000	0.0000	6.8000
E	721.882	90.000	44.5764	358.2141	0.1354	0.1149	0.0000	6.8000
dPolE	721.882	90.000	45.5462	1.0000	0.0000	6.8000
uR	721.882	90.000	0.0254	1.0000	0.0000	6.8000
E	723.489	90.000	44.9014	358.1328	0.1461	0.1234	0.0000	6.8000
dPolE	723.489	90.000	42.1243	1.0000	0.0000	6.8000
uR	723.489	90.000	0.0246	1.0000	0.0000	6.8000
E	725.095	90.000	45.2113	358.1065	0.1436	0.1211	0.0000	6.8000
dPolE	725.095	90.000	43.8117	1.0000	0.0000	6.8000
uR	725.095	90.000	0.0251	1.0000	0.0000	6.8000
E	726.701	90.000	44.9968	357.8795	0.1397	0.1175	0.0000	6.8000
dPolE	726.701	90.000	41.5310	1.0000	0.0000	6.8000
uR	726.701	90.000	0.0256	1.0000	0.0000	6.8000
E	728.308	90.000	45.1996	358.4493	0.1375	0.1153	0.0000	6.8000
dPolE	728.308	90.000	42.1954	1.0000	0.0000	6.8000
uR	728.308	90.000	0.0251	1.0000	0.0000	6.8000
E	729.914	90.000	45.0119	358.1038	0.1335	0.1118	0.0000	6.8000
dPolE	729.914	90.000	41.6793	1.0000	0.0000	6.8000
uR	729.914	90.000	0.0246	1.0000	0.0000	6.8000
E	731.520	90.000	44.8626	357.9736	0.1276	0.1069	0.0000	6.8000
dPolE	731.520	90.000	41.5433	1.0000	0.0000	6.8000
uR	731.520	90.000	0.0245	1.0000	0.0000	6.8000
E	733.126	90.000	44.9114	357.9779	0.1235	0.1034	0.0000	6.8000
dPolE	733.126	90.000	37.4803	1.0000	0.0000	6.8000
uR	733.126	90.000	0.0255	1.0000	0.0000	6.8000
E	734.732	90.000	44.8220	358.1855	0.1260	0.1054	0.0000	6.8000
dPolE	734.732	90.000	35.2179	1.0000	0.0000	6.8000
uR	734.732	90.000	0.0258	1.0000	0.0000	6.8000
E	736.337	90.000	44.8607	358.1431	0.1283	0.1073	0.0000	6.8000
dPolE	736.337	90.000	42.0584	1.0000	0.0000	6.8000
uR	736.337	90.000	0.0254	1.0000	0.0000	6.8000
E	737.943	90.000	44.6373	358.1082	0.1288	0.1077	0.0000	6.8000
dPolE	737.943	90.000	40.0639	1.0000	0.0000	6.8000
uR	737.943	90.000	0.0257	1.0000	0.0000	6.8000
E	739.548	90.000	45.1664	358.1218	0.1382	0.1151	0.0000	6.8000
dPolE	739.548	90.000	37.8967	1.0000	0.0000	6.8000
uR	739.548	90.000	0.0250	1.0000	0.0000	6.8000
E	741.154	90.000	44.8914	357.7997	0.1348	0.1124	0.0000	6.8000
dPolE	741.154	90.000	38.6627	1.0000	0.0000	6.8000
uR	741.154	90.000	0.0249	1.0000	0.0000	6.8000
E	742.759	90.000	44.9632	357.9907	0.1278	0.1061	0.0000	6.8000
dPolE	742.759	90.000	37.6506	1.0000	0.0000	6.8000
uR	742.759	90.000	0.0246	1.0000	0.0000	6.8000
E	744.364	90.000	45.2772	358.2879	0.1441	0.1191	0.0000	6.8000
dPolE	744.364	90.000	38.4381	1.0000	0.0000	6.8000
uR	744.364	90.000	0.0244	1.0000	0.0000	6.8000
E	745.969	90.000	45.2968	358.0894	0.1387	0.1142	0.0000	6.8000
dPolE	745.969	90.000	41.6823	1.0000	0.0000	6.8000
uR	745.969	90.000	0.0249	1.0000	0.0000	6.8000
E	747.574	90.000	45.0777	358.1339	0.1467	0.1204	0.0000	6.8000
dPolE	747.574	90.000	39.2889	1.0000	0.0000	6.8000
uR	747.574	90.000	0.0252	1.0000	0.0000	6.8000
E	749.179	90.000	44.9646	358.4341	0.1379	0.1125	0.0000	6.8000
dPolE	749.179	90.000	42.1088	1.0000	0.0000	6.8000
uR	749.179	90.000	0.0251	1.0000	0.0000	6.8000
E	750.784	90.000	44.9820	357.8655	0.1476	0.1201	0.0000	6.8000
dPolE	750.784	90.000	39.7521	1.0000	0.0000	6.8000
uR	750.784	90.000	0.0245	1.0000	0.0000	6.8000
E	752.388	90.000	44.8429	358.0836	0.1489	0.1204	0.0000	6.8000
dPolE	752.388	90.000	42.6162	1.0000	0.0000	6.8000
uR	752.388	90.000	0.0239	1.0000	0.0000	6.8000
E	753.993	90.000	44.9188	357.8926	0.1541	0.1241	0.0000	6.8000
dPolE	753.993	90.000	43.0184	1.0000	0.0000	6.8000
uR	753.993	90.000	0.0243	1.0000	0.0000	6.8000
E	755.597	90.000	45.0695	358.3698	0.1506	0.1204	0.0000	6.8000
dPolE	755.597	90.000	39.0607	1.0000	0.0000	6.8000
uR	755.597	90.000	0.0247	1.0000	0.0000	6.8000
E	757.202	90.000	45.3637	358.1600	0.1486	0.1187	0.0000	6.8000
dPolE	757.202	90.000	41.7530	1.0000	0.0000	6.8000
uR	757.202	90.000	0.0239	1.0000	0.0000	6.8000
E	758.806	90.000	45.3483	358.1771	0.1553	0.1231	0.0000	6.8000
dPolE	758.806	90.000	41.0087	1.0000	0.0000	6.8000
uR	758.806	90.000	0.0237	1.0000	0.0000	6.8000
E	760.410	90.000	45.2211	358.1432	0.1509	0.1193	0.0000	6.8000
dPolE	760.410	90.000	39.3269	1.0000	0.0000	6.8000
uR	760.410	90.000	0.0230	1.0000	0.0000	6.8000
E	762.014	90.000	44.9317	358.3720	0.1337	0.1050	0.0000	6.8000
dPolE	762.014	90.000	38.0330	1.0000	0.0000	6.8000
uR	762.014	90.000	0.0237	1.0000	0.0000	6.8000
E	763.618	90.000	45.1135	358.3147	0.1158	0.0908	0.0000	6.8000
dPolE	763.618	90.000	29.9030	1.0000	0.0000	6.8000
uR	763.618	90.000	0.0245	1.0000	0.0000	6.8000
E	765.221	90.000	45.0540	358.1042	0.1080	0.0846	0.0000	6.8000
dPolE	765.221	90.000	30.1276	1.0000	0.0000	6.8000
uR	765.221	90.000	0.0246	1.0000	0.0000	6.8000
E	766.825	90.000	45.0531	357.9341	0.1137	0.0889	0.0000	6.8000
dPolE	766.825	90.000	29.5476	1.0000	0.0000	6.8000
uR	766.825	90.000	0.0247	1.0000	0.0000	6.8000
E	768.429	90.000	44.9237	357.9247	0.1424	0.1112	0.0000	6.8000
dPolE	768.429	90.000	39.4723	1.0000	0.0000	6.8000
uR	768.429	90.000	0.0237	1.0000	0.0000	6.8000
E	770.032	90.000	44.8887	358.2266	0.1523	0.1186	0.0000	6.8000
dPolE	770.032	90.000	43.6873	1.0000	0.0000	6.8000
uR	770.032	90.000	0.0244	1.0000	0.0000	6.8000
E	771.635	90.000	45.1432	358.2540	0.1685	0.1312	0.0000	6.8000
dPolE	771.635	90.000	41.2009	1.0000	0.0000	6.8000
uR	771.635	90.000	0.0252	1.0000	0.0000	6.8000
E	773.238	90.000	45.2633	358.0703	0.1719	0.1339	0.0000	6.8000
dPolE	773.238	90.000	40.4776	1.0000	0.0000	6.8000
uR	773.238	90.000	0.0255	1.0000	0.0000	6.8000
E	774.841	90.000	45.2522	357.8758	0.1815	0.1414	0.0000	6.8000
dPolE	774.841	90.000	40.1449	1.0000	0.0000	6.8000
uR	774.841	90.000	0.0261	1.0000	0.0000	6.8000
E	776.444	90.000	44.6620	357.8204	0.1878	0.1461	0.0000	6.8000
dPolE	776.444	90.000	48.8837	1.0000	0.0000	6.8000
uR	776.444	90.000	0.0258	1.0000	0.0000	6.8000
E	778.047	90.000	44.4957	358.0519	0.1941	0.1504	0.0000	6.8000
dPolE	778.047	90.000	47.9232	1.0000	0.0000	6.8000
uR	778.047	90.000	0.0260	1.0000	0.0000	6.8000
E	779.650	90.000	44.8023	357.7539	0.1818	0.1409	0.0000	6.8000
dPolE	779.650	90.000	48.9425	1.0000	0.0000	6.8000
uR	779.650	90.000	0.0261	1.0000	0.0000	6.8000
E	781.252	90.000	45.0296	357.9121	0.1871	0.1451	0.0000	6.8000
dPolE	781.252	90.000	42.5267	1.0000	0.0000	6.8000
uR	781.252	90.000	0.0277	1.0000	0.0000	6.8000
E	782.855	90.000	45.5033	357.9840	0.1814	0.1402	0.0000	6.8000
dPolE	782.855	90.000	47.1064	1.0000	0.0000	6.8000
uR	782.855	90.000	0.0287	1.0000	0.0000	6.8000
E	784.457	90.000	44.7806	358.0417	0.1887	0.1458	0.0000	6.8000
dPolE	784.457	90.000	43.7293	1.0000	0.0000	6.8000
uR	784.457	90.000	0.0285	1.0000	0.0000	6.8000
E	786.059	90.000	44.7865	357.9899	0.1773	0.1365	0.0000	6.8000
dPolE	786.059	90.000	46.6814	1.0000	0.0000	6.8000
uR	786.059	90.000	0.0271	1.0000	0.0000	6.8000
E	787.661	90.000	45.1039	358.0189	0.1795	0.1371	0.0000	6.8000
dPolE	787.661	90.000	42.9989	1.0000	0.0000	6.8000
uR	787.661	90.000	0.0262	1.0000	0.0000	6.8000
E	789.263	90.000	44.8637	358.2581	0.1664	0.1271	0.0000	6.8000
dPolE	789.263	90.000	44.4191	1.0000	0.0000	6.8000
uR	789.263	90.000	0.0254	1.0000	0.0000	6.8000
E	790.865	90.000	44.9604	358.4225	0.1591	0.1207	0.0000	6.8000
dPolE	790.865	90.000	43.9469	1.0000	0.0000	6.8000
uR	790.865	90.000	0.0243	1.0000	0.0000	6.8000
E	792.467	90.000	45.1839	358.4118	0.1713	0.1298	0.0000	6.8000
dPolE	792.467	90.000	37.7946	1.0000	0.0000	6.8000
uR	792.467	90.000	0.0253	1.0000	0.0000	6.8000
E	794.068	90.000	45.3410	358.3651	0.1852	0.1395	0.0000	6.8000
dPolE	794.068	90.000	44.5356	1.0000	0.0000	6.8000
uR	794.068	90.000	0.0249	1.0000	0.0000	6.8000
E	795.670	90.000	45.0019	358.3247	0.1819	0.1364	0.0000	6.8000
dPolE	795.670	90.000	43.1192	1.0000	0.0000	6.8000
uR	795.670	90.000	0.0256	1.0000	0.0000	6.8000
E	797.271	90.000	45.2072	358.4319	0.1731	0.1294	0.0000	6.8000
dPolE	797.271	90.000	39.2356	1.0000	0.0000	6.8000
uR	797.271	90.000	0.0267	1.0000	0.0000	6.8000
E	798.872	90.000	45.2122	358.4216	0.1619	0.1205	0.0000	6.8000
dPolE	798.872	90.000	36.1165	1.0000	0.0000	6.8000
uR	798.872	90.000	0.0266	1.0000	0.0000	6.8000
E	800.473	90.000	45.0021	358.1799	0.1713	0.1272	0.0000	6.8000
dPolE	800.473	90.000	41.7095	1.0000	0.0000	6.8000
uR	800.473	90.000	0.0265	1.0000	0.0000	6.8000
E	802.074	90.000	45.8170	358.2448	0.1820	0.1344	0.0000	6.8000
dPolE	802.074	90.000	39.5618	1.0000	0.0000	6.8000
uR	802.074	90.000	0.0261	1.0000	0.0000	6.8000
E	803.675	90.000	44.4285	358.2829	0.1798	0.1318	0.0000	6.8000
dPolE	803.675	90.000	46.5227	1.0000	0.0000	6.8000
uR	803.675	90.000	0.0265	1.0000	0.0000	6.8000
E	805.276	90.000	44.8140	358.2255	0.1878	0.1374	0.0000	6.8000
dPolE	805.276	90.000	43.7438	1.0000	0.0000	6.8000
uR	805.276	90.000	0.0263	1.0000	0.0000	6.8000
E	806.876	90.000	44.8091	358.2500	0.1858	0.1358	0.0000	6.8000
dPolE	806.876	90.000	42.4510	1.0000	0.0000	6.8000
uR	806.876	90.000	0.0260	1.0000	0.0000	6.8000
E	808.477	90.000	45.1552	358.0211	0.1815	0.1325	0.0000	6.8000
dPolE	808.477	90.000	42.2435	1.0000	0.0000	6.8000
uR	808.477	90.000	0.0249	1.0000	0.0000	6.8000
E	810.077	90.000	44.8810	358.4994	0.1907	0.1385	0.0000	6.8000
dPolE	810.077	90.000	40.5284	1.0000	0.0000	6.8000
uR	810.077	90.000	0.0260	1.0000	0.0000	6.8000
E	811.677	90.000	45.3495	358.3933	0.1838	0.1332	0.0000	6.8000
dPolE	811.677	90.000	42.3226	1.0000	0.0000	6.8000
uR	811.677	90.000	0.0267	1.0000	0.0000	6.8000
E	813.277	90.000	44.8914	358.3140	0.1774	0.1287	0.0000	6.8000
dPolE	813.277	90.000	40.3583	1.0000	0.0000	6.8000
uR	813.277	90.000	0.0257	1.0000	0.0000	6.8000
E	814.877	90.000	44.4198	358.4163	0.1829	0.1324	0.0000	6.8000
dPolE	814.877	90.000	44.4112	1.0000	0.0000	6.8000
uR	814.877	90.000	0.0242	1.0000	0.0000	6.8000
E	816.477	90.000	45.3404	358.4037	0.1748	0.1262	0.0000	6.8000
dPolE	816.477	90.000	35.5900	1.0000	0.0000	6.8000
uR	816.477	90.000	0.0252	1.0000	0.0000	6.8000
E	818.077	90.000	44.9196	358.6876	0.1468	0.1061	0.0000	6.8000
dPolE	818.077	90.000	35.1522	1.0000	0.0000	6.8000
uR	818.077	90.000	0.0228	1.0000	0.0000	6.8000
E	819.676	90.000	44.8260	358.3726	0.1137	0.0821	0.0000	6.8000
dPolE	819.676	90.000	26.4602	1.0000	0.0000	6.8000
uR	819.676	90.000	0.0203	1.0000	0.0000	6.8000
E	821.276	90.000	44.9032	358.2987	0.0751	0.0542	0.0000	6.8000
dPolE	821.276	90.000	13.3271	1.0000	0.0000	6.8000
uR	821.276	90.000	0.0209	1.0000	0.0000	6.8000
E	822.875	90.000	44.9237	358.3312	0.0529	0.0381	0.0000	6.8000
dPolE	822.875	90.000	7.2509	1.0000	0.0000	6.8000
uR	822.875	90.000	0.0235	1.0000	0.0000	6.8000
E	824.474	90.000	44.9976	358.2805	0.0448	0.0323	0.0000	6.8000
dPolE	824.474	90.000	3.5649	1.0000	0.0000	6.8000
uR	824.474	90.000	0.0251	1.0000	0.0000	6.8000
E	826.073	90.000	44.9866	358.2391	0.0460	0.0331	0.0000	6.8000
dPolE	826.073	90.000	3.5740	1.0000	0.0000	6.8000
uR	826.073	90.000	0.0247	1.0000	0.0000	6.8000
E	827.672	90.000	44.8743	358.3888	0.0575	0.0413	0.0000	6.8000
dPolE	827.672	90.000	8.1356	1.0000	0.0000	6.8000
uR	827.672	90.000	0.0238	1.0000	0.0000	6.8000
E	829.271	90.000	44.7942	358.3362	0.0639	0.0458	0.0000	6.8000
dPolE	829.271	90.000	10.4570	1.0000	0.0000	6.8000
uR	829.271	90.000	0.0251	1.0000	0.0000	6.8000
E	830.869	90.000	44.8028	358.2064	0.0794	0.0568	0.0000	6.8000
dPolE	830.869	90.000	17.4499	1.0000	0.0000	6.8000
uR	830.869	90.000	0.0234	1.0000	0.0000	6.8000
E	832.468	90.000	45.0282	358.5044	0.0981	0.0700	0.0000	6.8000
dPolE	832.468	90.000	25.4878	1.0000	0.0000	6.8000
uR	832.468	90.000	0.0219	1.0000	0.0000	6.8000
E	834.066	90.000	45.2294	358.2047	0.0968	0.0690	0.0000	6.8000
dPolE	834.066	90.000	21.4455	1.0000	0.0000	6.8000
uR	834.066	90.000	0.0228	1.0000	0.0000	6.8000
E	835.664	90.000	44.8875	358.4844	0.0948	0.0673	0.0000	6.8000
dPolE	835.664	90.000	21.1163	1.0000	0.0000	6.8000
uR	835.664	90.000	0.0239	1.0000	0.0000	6.8000
E	837.262	90.000	44.7999	358.3091	0.1044	0.0738	0.0000	6.8000
dPolE	837.262	90.000	22.4192	1.0000	0.0000	6.8000
uR	837.262	90.000	0.0246	1.0000	0.0000	6.8000
E	838.860	90.000	44.9935	358.4237	0.1274	0.0897	0.0000	6.8000
dPolE	838.860	90.000	29.4006	1.0000	0.0000	6.8000
uR	838.860	90.000	0.0240	1.0000	0.0000	6.8000
E	840.458	90.000	45.1617	358.2604	0.1364	0.0956	0.0000	6.8000
dPolE	840.458	90.000	39.5478	1.0000	0.0000	6.8000
uR	840.458	90.000	0.0247	1.0000	0.0000	6.8000
E	842.055	90.000	45.0105	358.3935	0.1383	0.0968	0.0000	6.8000
dPolE	842.055	90.000	40.9512	1.0000	0.0000	6.8000
uR	842.055	90.000	0.0262	1.0000	0.0000	6.8000
E	843.653	90.000	45.2727	358.5205	0.1568	0.1094	0.0000	6.8000
dPolE	843.653	90.000	42.5652	1.0000	0.0000	6.8000
uR	843.653	90.000	0.0253	1.0000	0.0000	6.8000
E	845.250	90.000	45.5684	358.4589	0.1960	0.1358	0.0000	6.8000
dPolE	845.250	90.000	54.3226	1.0000	0.0000	6.8000
uR	845.250	90.000	0.0242	1.0000	0.0000	6.8000
E	846.847	90.000	45.4973	358.2166	0.2358	0.1628	0.0000	6.8000
dPolE	846.847	90.000	53.7077	1.0000	0.0000	6.8000
uR	846.847	90.000	0.0249	1.0000	0.0000	6.8000
E	848.444	90.000	44.9243	358.1308	0.2403	0.1654	0.0000	6.8000
dPolE	848.444	90.000	57.1957	1.0000	0.0000	6.8000
uR	848.444	90.000	0.0264	1.0000	0.0000	6.8000
E	850.041	90.000	44.8513	357.9849	0.2510	0.1722	0.0000	6.8000
dPolE	850.041	90.000	63.5067	1.0000	0.0000	6.8000
uR	850.041	90.000	0.0263	1.0000	0.0000	6.8000
E	851.638	90.000	45.5127	358.1001	0.2611	0.1783	0.0000	6.8000
dPolE	851.638	90.000	60.3884	1.0000	0.0000	6.8000
uR	851.638	90.000	0.0262	1.0000	0.0000	6.8000
E	853.234	90.000	45.3171	357.9698	0.2660	0.1811	0.0000	6.8000
dPolE	853.234	90.000	60.7447	1.0000	0.0000	6.8000
uR	853.234	90.000	0.0255	1.0000	0.0000	6.8000
E	854.831	90.000	44.9068	357.7866	0.2781	0.1884	0.0000	6.8000
dPolE	854.831	90.000	59.4592	1.0000	0.0000	6.8000
uR	854.831	90.000	0.0240	1.0000	0.0000	6.8000
E	856.427	90.000	44.7270	358.6673	0.2583	0.1745	0.0000	6.8000
dPolE	856.427	90.000	65.7069	1.0000	0.0000	6.8000
uR	856.427	90.000	0.0228	1.0000	0.0000	6.8000
E	858.023	90.000	44.7532	358.1057	0.2772	0.1872	0.0000	6.8000
dPolE	858.023	90.000	56.5898	1.0000	0.0000	6.8000
uR	858.023	90.000	0.0248	1.0000	0.0000	6.8000
E	859.619	90.000	44.7481	358.1882	0.2736	0.1839	0.0000	6.8000
dPolE	859.619	90.000	55.2912	1.0000	0.0000	6.8000
uR	859.619	90.000	0.0243	1.0000	0.0000	6.8000
E	861.215	90.000	45.2308	358.7129	0.2717	0.1822	0.0000	6.8000
dPolE	861.215	90.000	55.8557	1.0000	0.0000	6.8000
uR	861.215	90.000	0.0238	1.0000	0.0000	6.8000
E	862.811	90.000	44.1873	358.4660	0.2617	0.1756	0.0000	6.8000
dPolE	862.811	90.000	52.5947	1.0000	0.0000	6.8000
uR	862.811	90.000	0.0247	1.0000	0.0000	6.8000
E	864.407	90.000	44.8265	358.4687	0.2372	0.1587	0.0000	6.8000
dPolE	864.407	90.000	53.2708	1.0000	0.0000	6.8000
uR	864.407	90.000	0.0251	1.0000	0.0000	6.8000
E	866.002	90.000	44.4026	358.7448	0.2187	0.1461	0.0000	6.8000
dPolE	866.002	90.000	43.3138	1.0000	0.0000	6.8000
uR	866.002	90.000	0.0268	1.0000	0.0000	6.8000
E	867.597	90.000	44.6423	358.3564	0.2268	0.1519	0.0000	6.8000
dPolE	867.597	90.000	41.2015	1.0000	0.0000	6.8000
uR	867.597	90.000	0.0255	1.0000	0.0000	6.8000
E	869.192	90.000	45.3959	358.3142	0.2152	0.1438	0.0000	6.8000
dPolE	869.192	90.000	37.0040	1.0000	0.0000	6.8000
uR	869.192	90.000	0.0258	1.0000	0.0000	6.8000
E	870.787	90.000	45.1851	358.3579	0.1991	0.1331	0.0000	6.8000
dPolE	870.787	90.000	38.0154	1.0000	0.0000	6.8000
uR	870.787	90.000	0.0253	1.0000	0.0000	6.8000
E	872.382	90.000	44.7479	358.2221	0.1887	0.1259	0.0000	6.8000
dPolE	872.382	90.000	37.7261	1.0000	0.0000	6.8000
uR	872.382	90.000	0.0238	1.0000	0.0000	6.8000
E	873.977	90.000	45.2524	358.4688	0.1773	0.1184	0.0000	6.8000
dPolE	873.977	90.000	31.8447	1.0000	0.0000	6.8000
uR	873.977	90.000	0.0241	1.0000	0.0000	6.8000
E	875.571	90.000	45.2426	358.4634	0.1567	0.1045	0.0000	6.8000
dPolE	875.571	90.000	32.4131	1.0000	0.0000	6.8000
uR	875.571	90.000	0.0234	1.0000	0.0000	6.8000
E	877.166	90.000	44.8575	358.4671	0.1335	0.0890	0.0000	6.8000
dPolE	877.166	90.000	30.8466	1.0000	0.0000	6.8000
uR	877.166	90.000	0.0216	1.0000	0.0000	6.8000
E	878.760	90.000	44.8594	358.4131	0.0945	0.0629	0.0000	6.8000
dPolE	878.760	90.000	16.6300	1.0000	0.0000	6.8000
uR	878.760	90.000	0.0214	1.0000	0.0000	6.8000
E	880.354	90.000	44.9081	358.3404	0.0662	0.0440	0.0000	6.8000
dPolE	880.354	90.000	8.2955	1.0000	0.0000	6.8000
uR	880.354	90.000	0.0224	1.0000	0.0000	6.8000
E	881.948	90.000	44.7262	358.3530	0.0535	0.0354	0.0000	6.8000
dPolE	881.948	90.000	5.9749	1.0000	0.0000	6.8000
uR	881.948	90.000	0.0248	1.0000	0.0000	6.8000
E	883.542	90.000	44.8443	358.3720	0.0506	0.0335	0.0000	6.8000
dPolE	883.542	90.000	5.0582	1.0000	0.0000	6.8000
uR	883.542	90.000	0.0258	1.0000	0.0000	6.8000
E	885.135	90.000	45.0470	358.4473	0.0609	0.0403	0.0000	6.8000
dPolE	885.135	90.000	5.3029	1.0000	0.0000	6.8000
uR	885.135	90.000	0.0241	1.0000	0.0000	6.8000
E	886.729	90.000	45.0136	358.3206	0.0744	0.0490	0.0000	6.8000
dPolE	886.729	90.000	10.4706	1.0000	0.0000	6.8000
uR	886.729	90.000	0.0227	1.0000	0.0000	6.8000
E	888.322	90.000	44.9623	358.2447	0.0960	0.0631	0.0000	6.8000
dPolE	888.322	90.000	20.9042	1.0000	0.0000	6.8000
uR	888.322	90.000	0.0227	1.0000	0.0000	6.8000
E	889.915	90.000	45.2214	358.5685	0.1159	0.0759	0.0000	6.8000
dPolE	889.915	90.000	23.6147	1.0000	0.0000	6.8000
uR	889.915	90.000	0.0221	1.0000	0.0000	6.8000
E	891.508	90.000	44.9037	358.2440	0.1162	0.0758	0.0000	6.8000
dPolE	891.508	90.000	20.4956	1.0000	0.0000	6.8000
uR	891.508	90.000	0.0236	1.0000	0.0000	6.8000
E	893.101	90.000	45.0399	358.5041	0.1082	0.0703	0.0000	6.8000
dPolE	893.101	90.000	19.3524	1.0000	0.0000	6.8000
uR	893.101	90.000	0.0232	1.0000	0.0000	6.8000
E	894.694	90.000	44.8721	358.3936	0.0927	0.0600	0.0000	6.8000
dPolE	894.694	90.000	16.5750	1.0000	0.0000	6.8000
uR	894.694	90.000	0.0247	1.0000	0.0000	6.8000
E	896.286	90.000	45.0253	358.5088	0.0850	0.0548	0.0000	6.8000
dPolE	896.286	90.000	15.5357	1.0000	0.0000	6.8000
uR	896.286	90.000	0.0249	1.0000	0.0000	6.8000
E	897.879	90.000	44.8056	358.4239	0.0960	0.0617	0.0000	6.8000
dPolE	897.879	90.000	17.3582	1.0000	0.0000	6.8000
uR	897.879	90.000	0.0243	1.0000	0.0000	6.8000
E	899.471	90.000	45.1217	358.2118	0.1056	0.0677	0.0000	6.8000
dPolE	899.471	90.000	24.2514	1.0000	0.0000	6.8000
uR	899.471	90.000	0.0231	1.0000	0.0000	6.8000
E	901.063	90.000	44.6391	358.5112	0.1128	0.0718	0.0000	6.8000
dPolE	901.063	90.000	20.3296	1.0000	0.0000	6.8000
uR	901.063	90.000	0.0233	1.0000	0.0000	6.8000
E	902.655	90.000	44.8823	358.4598	0.1048	0.0666	0.0000	6.8000
dPolE	902.655	90.000	15.0106	1.0000	0.0000	6.8000
uR	902.655	90.000	0.0245	1.0000	0.0000	6.8000
E	904.247	90.000	45.0239	358.3772	0.0956	0.0605	0.0000	6.8000
dPolE	904.247	90.000	13.5630	1.0000	0.0000	6.8000
uR	904.247	90.000	0.0256	1.0000	0.0000	6.8000
E	905.838	90.000	44.9234	358.5485	0.0962	0.0608	0.0000	6.8000
dPolE	905.838	90.000	17.1723	1.0000	0.0000	6.8000
uR	905.838	90.000	0.0245	1.0000	0.0000	6.8000
E	907.429	90.000	44.9153	358.4796	0.1112	0.0701	0.0000	6.8000
dPolE	907.429	90.000	21.5000	1.0000	0.0000	6.8000
uR	907.429	90.000	0.0232	1.0000	0.0000	6.8000
E	909.021	90.000	44.8768	358.5292	0.1332	0.0839	0.0000	6.8000
dPolE	909.021	90.000	26.3281	1.0000	0.0000	6.8000
uR	909.021	90.000	0.0217	1.0000	0.0000	6.8000
E	910.612	90.000	44.8727	358.6799	0.1515	0.0947	0.0000	6.8000
dPolE	910.612	90.000	30.3962	1.0000	0.0000	6.8000
uR	910.612	90.000	0.0213	1.0000	0.0000	6.8000
E	912.203	90.000	45.0506	358.3339	0.1433	0.0896	0.0000	6.8000
dPolE	912.203	90.000	29.1555	1.0000	0.0000	6.8000
uR	912.203	90.000	0.0209	1.0000	0.0000	6.8000
E	913.793	90.000	44.8309	358.5378	0.1157	0.0720	0.0000	6.8000
dPolE	913.793	90.000	20.9718	1.0000	0.0000	6.8000
uR	913.793	90.000	0.0219	1.0000	0.0000	6.8000
E	915.384	90.000	44.7580	358.4301	0.0900	0.0560	0.0000	6.8000
dPolE	915.384	90.000	13.3533	1.0000	0.0000	6.8000
uR	915.384	90.000	0.0232	1.0000	0.0000	6.8000
E	916.974	90.000	44.9275	358.4029	0.0813	0.0505	0.0000	6.8000
dPolE	916.974	90.000	12.2409	1.0000	0.0000	6.8000
uR	916.974	90.000	0.0240	1.0000	0.0000	6.8000
E	918.565	90.000	44.8860	358.5047	0.0871	0.0541	0.0000	6.8000
dPolE	918.565	90.000	12.8715	1.0000	0.0000	6.8000
uR	918.565	90.000	0.0244	1.0000	0.0000	6.8000
E	920.155	90.000	45.2659	358.5590	0.1025	0.0635	0.0000	6.8000
dPolE	920.155	90.000	19.7207	1.0000	0.0000	6.8000
uR	920.155	90.000	0.0227	1.0000	0.0000	6.8000
E	921.745	90.000	45.3559	358.4044	0.1309	0.0809	0.0000	6.8000
dPolE	921.745	90.000	25.2582	1.0000	0.0000	6.8000
uR	921.745	90.000	0.0229	1.0000	0.0000	6.8000
E	923.334	90.000	45.2017	358.5783	0.1522	0.0940	0.0000	6.8000
dPolE	923.334	90.000	30.0359	1.0000	0.0000	6.8000
uR	923.334	90.000	0.0239	1.0000	0.0000	6.8000
E	924.924	90.000	45.2866	358.6470	0.1830	0.1128	0.0000	6.8000
dPolE	924.924	90.000	39.8235	1.0000	0.0000	6.8000
uR	924.924	90.000	0.0225	1.0000	0.0000	6.8000
E	926.513	90.000	45.0937	358.2086	0.1974	0.1217	0.0000	6.8000
dPolE	926.513	90.000	46.3981	1.0000	0.0000	6.8000
uR	926.513	90.000	0.0230	1.0000	0.0000	6.8000
E	928.103	90.000	45.5403	358.3065	0.2296	0.1415	0.0000	6.8000
dPolE	928.103	90.000	42.4311	1.0000	0.0000	6.8000
uR	928.103	90.000	0.0231	1.0000	0.0000	6.8000
E	929.692	90.000	45.4135	358.7620	0.2385	0.1463	0.0000	6.8000
dPolE	929.692	90.000	44.3556	1.0000	0.0000	6.8000
uR	929.692	90.000	0.0245	1.0000	0.0000	6.8000
E	931.280	90.000	44.0679	358.8089	0.2378	0.1463	0.0000	6.8000
dPolE	931.280	90.000	41.0726	1.0000	0.0000	6.8000
uR	931.280	90.000	0.0255	1.0000	0.0000	6.8000
E	932.869	90.000	44.4160	358.1909	0.2501	0.1540	0.0000	6.8000
dPolE	932.869	90.000	40.9899	1.0000	0.0000	6.8000
uR	932.869	90.000	0.0250	1.0000	0.0000	6.8000
E	934.458	90.000	44.8621	358.5398	0.2404	0.1472	0.0000	6.8000
dPolE	934.458	90.000	41.8696	1.0000	0.0000	6.8000
uR	934.458	90.000	0.0257	1.0000	0.0000	6.8000
E	936.046	90.000	44.9159	358.5061	0.2326	0.1425	0.0000	6.8000
dPolE	936.046	90.000	41.9516	1.0000	0.0000	6.8000
uR	936.046	90.000	0.0251	1.0000	0.0000	6.8000
E	937.634	90.000	44.9463	358.6802	0.2194	0.1343	0.0000	6.8000
dPolE	937.634	90.000	40.0116	1.0000	0.0000	6.8000
uR	937.634	90.000	0.0236	1.0000	0.0000	6.8000
E	939.222	90.000	45.1913	358.2632	0.2097	0.1285	0.0000	6.8000
dPolE	939.222	90.000	39.1353	1.0000	0.0000	6.8000
uR	939.222	90.000	0.0247	1.0000	0.0000	6.8000
E	940.810	90.000	45.5308	358.4087	0.2327	0.1413	0.0000	6.8000
dPolE	940.810	90.000	41.6083	1.0000	0.0000	6.8000
uR	940.810	90.000	0.0243	1.0000	0.0000	6.8000
E	942.398	90.000	45.6113	358.3265	0.2452	0.1486	0.0000	6.8000
dPolE	942.398	90.000	43.4144	1.0000	0.0000	6.8000
uR	942.398	90.000	0.0238	1.0000	0.0000	6.8000
E	943.985	90.000	44.8919	358.3762	0.2526	0.1538	0.0000	6.8000
dPolE	943.985	90.000	39.6247	1.0000	0.0000	6.8000
uR	943.985	90.000	0.0245	1.0000	0.0000	6.8000
E	945.573	90.000	44.8036	358.1389	0.2549	0.1551	0.0000	6.8000
dPolE	945.573	90.000	44.3649	1.0000	0.0000	6.8000
uR	945.573	90.000	0.0248	1.0000	0.0000	6.8000
E	947.160	90.000	44.2733	358.7432	0.2610	0.1582	0.0000	6.8000
dPolE	947.160	90.000	35.1171	1.0000	0.0000	6.8000
uR	947.160	90.000	0.0246	1.0000	0.0000	6.8000
E	948.747	90.000	44.9055	358.4223	0.2412	0.1456	0.0000	6.8000
dPolE	948.747	90.000	37.1341	1.0000	0.0000	6.8000
uR	948.747	90.000	0.0249	1.0000	0.0000	6.8000
E	950.334	90.000	45.2860	358.3057	0.2412	0.1457	0.0000	6.8000
dPolE	950.334	90.000	37.0541	1.0000	0.0000	6.8000
uR	950.334	90.000	0.0251	1.0000	0.0000	6.8000
E	951.920	90.000	44.8360	358.4683	0.2313	0.1388	0.0000	6.8000
dPolE	951.920	90.000	38.0728	1.0000	0.0000	6.8000
uR	951.920	90.000	0.0249	1.0000	0.0000	6.8000
E	953.507	90.000	44.9553	358.5117	0.2454	0.1469	0.0000	6.8000
dPolE	953.507	90.000	40.1411	1.0000	0.0000	6.8000
uR	953.507	90.000	0.0250	1.0000	0.0000	6.8000
E	955.093	90.000	44.9253	358.3508	0.2544	0.1515	0.0000	6.8000
dPolE	955.093	90.000	43.0038	1.0000	0.0000	6.8000
uR	955.093	90.000	0.0236	1.0000	0.0000	6.8000
E	956.679	90.000	44.6969	358.7447	0.2789	0.1663	0.0000	6.8000
dPolE	956.679	90.000	45.6110	1.0000	0.0000	6.8000
uR	956.679	90.000	0.0243	1.0000	0.0000	6.8000
E	958.265	90.000	45.4837	358.6447	0.3136	0.1861	0.0000	6.8000
dPolE	958.265	90.000	50.1381	1.0000	0.0000	6.8000
uR	958.265	90.000	0.0248	1.0000	0.0000	6.8000
E	959.851	90.000	44.6937	358.5806	0.3384	0.1999	0.0000	6.8000
dPolE	959.851	90.000	59.7879	1.0000	0.0000	6.8000
uR	959.851	90.000	0.0228	1.0000	0.0000	6.8000
E	961.436	90.000	45.6408	358.7686	0.3399	0.2001	0.0000	6.8000
dPolE	961.436	90.000	63.2575	1.0000	0.0000	6.8000
uR	961.436	90.000	0.0227	1.0000	0.0000	6.8000
E	963.022	90.000	44.4577	358.1863	0.3319	0.1959	0.0000	6.8000
dPolE	963.022	90.000	62.7207	1.0000	0.0000	6.8000
uR	963.022	90.000	0.0233	1.0000	0.0000	6.8000
E	964.607	90.000	47.1311	358.4643	0.3502	0.2059	0.0000	6.8000
dPolE	964.607	90.000	55.3387	1.0000	0.0000	6.8000
uR	964.607	90.000	0.0229	1.0000	0.0000	6.8000
E	966.192	90.000	44.4983	358.4469	0.3142	0.1838	0.0000	6.8000
dPolE	966.192	90.000	59.0597	1.0000	0.0000	6.8000
uR	966.192	90.000	0.0230	1.0000	0.0000	6.8000
E	967.777	90.000	44.2341	358.4187	0.3022	0.1758	0.0000	6.8000
dPolE	967.777	90.000	53.7250	1.0000	0.0000	6.8000
uR	967.777	90.000	0.0231	1.0000	0.0000	6.8000
E	969.361	90.000	44.9566	358.6349	0.2855	0.1657	0.0000	6.8000
dPolE	969.361	90.000	42.1119	1.0000	0.0000	6.8000
uR	969.361	90.000	0.0245	1.0000	0.0000	6.8000
E	970.946	90.000	45.5326	358.7464	0.2604	0.1504	0.0000	6.8000
dPolE	970.946	90.000	37.5013	1.0000	0.0000	6.8000
uR	970.946	90.000	0.0249	1.0000	0.0000	6.8000
E	972.530	90.000	44.9737	358.3863	0.2348	0.1359	0.0000	6.8000
dPolE	972.530	90.000	36.3547	1.0000	0.0000	6.8000
uR	972.530	90.000	0.0252	1.0000	0.0000	6.8000
E	974.114	90.000	44.4987	358.4270	0.2253	0.1302	0.0000	6.8000
dPolE	974.114	90.000	36.6136	1.0000	0.0000	6.8000
uR	974.114	90.000	0.0231	1.0000	0.0000	6.8000
E	975.698	90.000	45.3075	358.4925	0.1998	0.1149	0.0000	6.8000
dPolE	975.698	90.000	29.4676	1.0000	0.0000	6.8000
uR	975.698	90.000	0.0226	1.0000	0.0000	6.8000
E	977.282	90.000	44.8560	358.5686	0.1627	0.0933	0.0000	6.8000
dPolE	977.282	90.000	26.9906	1.0000	0.0000	6.8000
uR	977.282	90.000	0.0236	1.0000	0.0000	6.8000
E	978.865	90.000	44.9182	358.6322	0.1485	0.0847	0.0000	6.8000
dPolE	978.865	90.000	19.2409	1.0000	0.0000	6.8000
uR	978.865	90.000	0.0233	1.0000	0.0000	6.8000
E	980.449	90.000	44.3886	358.5518	0.1479	0.0844	0.0000	6.8000
dPolE	980.449	90.000	24.8912	1.0000	0.0000	6.8000
uR	980.449	90.000	0.0223	1.0000	0.0000	6.8000
E	982.032	90.000	44.6702	358.2996	0.1614	0.0924	0.0000	6.8000
dPolE	982.032	90.000	27.6409	1.0000	0.0000	6.8000
uR	982.032	90.000	0.0230	1.0000	0.0000	6.8000
E	983.615	90.000	44.4764	358.5152	0.1914	0.1093	0.0000	6.8000
dPolE	983.615	90.000	30.9130	1.0000	0.0000	6.8000
uR	983.615	90.000	0.0214	1.0000	0.0000	6.8000
E	985.198	90.000	45.3579	358.5151	0.2193	0.1249	0.0000	6.8000
dPolE	985.198	90.000	35.0829	1.0000	0.0000	6.8000
uR	985.198	90.000	0.0215	1.0000	0.0000	6.8000
E	986.780	90.000	44.7506	358.7679	0.2221	0.1266	0.0000	6.8000
dPolE	986.780	90.000	38.4695	1.0000	0.0000	6.8000
uR	986.780	90.000	0.0209	1.0000	0.0000	6.8000
E	988.363	90.000	44.8783	358.2332	0.2005	0.1142	0.0000	6.8000
dPolE	988.363	90.000	36.2462	1.0000	0.0000	6.8000
uR	988.363	90.000	0.0221	1.0000	0.0000	6.8000
E	989.945	90.000	45.2048	358.7093	0.1778	0.1009	0.0000	6.8000
dPolE	989.945	90.000	29.3430	1.0000	0.0000	6.8000
uR	989.945	90.000	0.0217	1.0000	0.0000	6.8000
E	991.527	90.000	44.5158	358.5145	0.1649	0.0934	0.0000	6.8000
dPolE	991.527	90.000	27.8679	1.0000	0.0000	6.8000
uR	991.527	90.000	0.0237	1.0000	0.0000	6.8000
E	993.109	90.000	44.5828	358.6516	0.1666	0.0944	0.0000	6.8000
dPolE	993.109	90.000	25.1687	1.0000	0.0000	6.8000
uR	993.109	90.000	0.0232	1.0000	0.0000	6.8000
E	994.690	90.000	44.7230	358.3385	0.1612	0.0912	0.0000	6.8000
dPolE	994.690	90.000	25.7074	1.0000	0.0000	6.8000
uR	994.690	90.000	0.0232	1.0000	0.0000	6.8000
E	996.272	90.000	44.6026	358.5090	0.1916	0.1084	0.0000	6.8000
dPolE	996.272	90.000	30.2342	1.0000	0.0000	6.8000
uR	996.272	90.000	0.0232	1.0000	0.0000	6.8000
E	997.853	90.000	45.0299	358.4728	0.2421	0.1364	0.0000	6.8000
dPolE	997.853	90.000	35.2790	1.0000	0.0000	6.8000
uR	997.853	90.000	0.0220	1.0000	0.0000	6.8000
E	999.434	90.000	45.0527	358.1610	0.2710	0.1529	0.0000	6.8000
dPolE	999.434	90.000	44.8514	1.0000	0.0000	6.8000
uR	999.434	90.000	0.0222	1.0000	0.0000	6.8000
