
FM-removed
XY-Scan
nm
E	210.379	90.000	28.4755	114.9472	0.2583	0.6180	0.0000	6.8000
dPolE	210.379	90.000	99.9999	1.0000	0.0000	6.8000
uR	210.379	90.000	0.0169	1.0000	0.0000	6.8000
E	211.990	90.000	63.5309	74.3216	0.2691	0.6822	0.0000	6.8000
dPolE	211.990	90.000	99.9830	1.0000	0.0000	6.8000
uR	211.990	90.000	0.0162	1.0000	0.0000	6.8000
E	213.602	90.000	84.3186	112.9765	0.2283	2.4216	0.0000	6.8000
dPolE	213.602	90.000	99.9522	1.0000	0.0000	6.8000
uR	213.602	90.000	0.0119	1.0000	0.0000	6.8000
E	215.214	90.000	63.0994	258.8135	0.2351	0.5981	0.0000	6.8000
dPolE	215.214	90.000	99.9851	1.0000	0.0000	6.8000
uR	215.214	90.000	0.0053	1.0000	0.0000	6.8000
E	216.826	90.000	10.3984	166.6545	0.2742	1.3801	0.0000	6.8000
dPolE	216.826	90.000	99.9988	1.0000	0.0000	6.8000
uR	216.826	90.000	0.0086	1.0000	0.0000	6.8000
E	218.438	90.000	19.5836	350.6775	0.2834	0.7697	0.0000	6.8000
dPolE	218.438	90.000	99.9296	1.0000	0.0000	6.8000
uR	218.438	90.000	0.0082	1.0000	0.0000	6.8000
E	220.050	90.000	23.1735	213.7171	0.2575	0.6420	0.0000	6.8000
dPolE	220.050	90.000	99.8898	1.0000	0.0000	6.8000
uR	220.050	90.000	0.0086	1.0000	0.0000	6.8000
E	221.662	90.000	58.7410	274.4796	0.2313	0.5429	0.0000	6.8000
dPolE	221.662	90.000	99.9979	1.0000	0.0000	6.8000
uR	221.662	90.000	0.0055	1.0000	0.0000	6.8000
E	223.274	90.000	60.3525	215.7607	0.2742	0.5527	0.0000	6.8000
dPolE	223.274	90.000	99.9653	1.0000	0.0000	6.8000
uR	223.274	90.000	0.0073	1.0000	0.0000	6.8000
E	224.886	90.000	57.0826	155.2827	0.2938	0.5105	0.0000	6.8000
dPolE	224.886	90.000	99.9947	1.0000	0.0000	6.8000
uR	224.886	90.000	0.0031	1.0000	0.0000	6.8000
E	226.498	90.000	39.4011	150.6106	0.2823	0.4543	0.0000	6.8000
dPolE	226.498	90.000	99.9655	1.0000	0.0000	6.8000
uR	226.498	90.000	0.0036	1.0000	0.0000	6.8000
E	228.111	90.000	70.1636	355.9813	0.2488	0.5337	0.0000	6.8000
dPolE	228.111	90.000	99.9260	1.0000	0.0000	6.8000
uR	228.111	90.000	0.0037	1.0000	0.0000	6.8000
E	229.723	90.000	12.6695	123.8755	0.2459	1.2636	0.0000	6.8000
dPolE	229.723	90.000	99.9978	1.0000	0.0000	6.8000
uR	229.723	90.000	0.0028	1.0000	0.0000	6.8000
E	231.335	90.000	34.4392	41.8227	0.2839	0.5075	0.0000	6.8000
dPolE	231.335	90.000	99.9837	1.0000	0.0000	6.8000
uR	231.335	90.000	0.0017	1.0000	0.0000	6.8000
E	232.948	90.000	58.6222	39.3050	0.2625	0.4818	0.0000	6.8000
dPolE	232.948	90.000	99.9579	1.0000	0.0000	6.8000
uR	232.948	90.000	0.0024	1.0000	0.0000	6.8000
E	234.560	90.000	12.5121	25.4272	0.2698	0.9310	0.0000	6.8000
dPolE	234.560	90.000	99.9999	1.0000	0.0000	6.8000
uR	234.560	90.000	0.0026	1.0000	0.0000	6.8000
E	236.173	90.000	50.3390	187.8716	0.3132	0.3813	0.0000	6.8000
dPolE	236.173	90.000	99.9749	1.0000	0.0000	6.8000
uR	236.173	90.000	0.0013	1.0000	0.0000	6.8000
E	237.786	90.000	0.4512	204.7881	0.2843	25.6977	0.0000	6.8000
dPolE	237.786	90.000	99.9729	1.0000	0.0000	6.8000
uR	237.786	90.000	0.0013	1.0000	0.0000	6.8000
E	239.398	90.000	89.9929	45.0240	0.2443	1979.4401	0.0000	6.8000
dPolE	239.398	90.000	99.8516	1.0000	0.0000	6.8000
uR	239.398	90.000	0.0024	1.0000	0.0000	6.8000
E	241.011	90.000	27.5561	141.3186	0.2971	0.5753	0.0000	6.8000
dPolE	241.011	90.000	99.9936	1.0000	0.0000	6.8000
uR	241.011	90.000	0.0014	1.0000	0.0000	6.8000
E	242.624	90.000	1.2160	221.0329	0.2608	11.3890	0.0000	6.8000
dPolE	242.624	90.000	99.8982	1.0000	0.0000	6.8000
uR	242.624	90.000	0.0024	1.0000	0.0000	6.8000
E	244.237	90.000	42.9872	158.6239	0.3249	0.4006	0.0000	6.8000
dPolE	244.237	90.000	99.9992	1.0000	0.0000	6.8000
uR	244.237	90.000	0.0006	1.0000	0.0000	6.8000
E	245.850	90.000	18.4116	101.3171	0.2311	1.0217	0.0000	6.8000
dPolE	245.850	90.000	99.9772	1.0000	0.0000	6.8000
uR	245.850	90.000	0.0012	1.0000	0.0000	6.8000
E	247.463	90.000	41.7789	174.3598	0.2919	0.3088	0.0000	6.8000
dPolE	247.463	90.000	99.9366	1.0000	0.0000	6.8000
uR	247.463	90.000	0.0011	1.0000	0.0000	6.8000
E	249.076	90.000	70.1272	182.8927	0.3244	0.5240	0.0000	6.8000
dPolE	249.076	90.000	99.9490	1.0000	0.0000	6.8000
uR	249.076	90.000	0.0011	1.0000	0.0000	6.8000
E	250.689	90.000	46.3349	335.3078	0.3265	0.4081	0.0000	6.8000
dPolE	250.689	90.000	99.9408	1.0000	0.0000	6.8000
uR	250.689	90.000	0.0010	1.0000	0.0000	6.8000
E	252.302	90.000	43.3321	342.6198	0.3209	0.3658	0.0000	6.8000
dPolE	252.302	90.000	99.9882	1.0000	0.0000	6.8000
uR	252.302	90.000	0.0012	1.0000	0.0000	6.8000
E	253.916	90.000	20.9933	175.3475	0.2900	0.4426	0.0000	6.8000
dPolE	253.916	90.000	99.9762	1.0000	0.0000	6.8000
uR	253.916	90.000	0.0009	1.0000	0.0000	6.8000
E	255.529	90.000	54.6218	359.0959	0.2972	0.3168	0.0000	6.8000
dPolE	255.529	90.000	99.9231	1.0000	0.0000	6.8000
uR	255.529	90.000	0.0010	1.0000	0.0000	6.8000
E	257.142	90.000	24.7046	129.0734	0.2849	0.6994	0.0000	6.8000
dPolE	257.142	90.000	99.9999	1.0000	0.0000	6.8000
uR	257.142	90.000	0.0008	1.0000	0.0000	6.8000
E	258.756	90.000	43.9871	217.8134	0.3070	0.4486	0.0000	6.8000
dPolE	258.756	90.000	99.9789	1.0000	0.0000	6.8000
uR	258.756	90.000	0.0007	1.0000	0.0000	6.8000
E	260.369	90.000	25.0813	299.9886	0.2866	0.7674	0.0000	6.8000
dPolE	260.369	90.000	99.9756	1.0000	0.0000	6.8000
uR	260.369	90.000	0.0005	1.0000	0.0000	6.8000
E	261.983	90.000	53.0069	305.4392	0.2905	0.5331	0.0000	6.8000
dPolE	261.983	90.000	99.9885	1.0000	0.0000	6.8000
uR	261.983	90.000	0.0007	1.0000	0.0000	6.8000
E	263.596	90.000	51.7718	246.0187	0.2967	0.5815	0.0000	6.8000
dPolE	263.596	90.000	99.9977	1.0000	0.0000	6.8000
uR	263.596	90.000	0.0007	1.0000	0.0000	6.8000
E	265.210	90.000	14.0350	59.9415	0.2240	1.1413	0.0000	6.8000
dPolE	265.210	90.000	99.9842	1.0000	0.0000	6.8000
uR	265.210	90.000	0.0004	1.0000	0.0000	6.8000
E	266.823	90.000	21.4482	330.5413	0.2702	0.5520	0.0000	6.8000
dPolE	266.823	90.000	99.9803	1.0000	0.0000	6.8000
uR	266.823	90.000	0.0007	1.0000	0.0000	6.8000
E	268.437	90.000	13.3449	105.1386	0.2007	1.2970	0.0000	6.8000
dPolE	268.437	90.000	99.9900	1.0000	0.0000	6.8000
uR	268.437	90.000	0.0005	1.0000	0.0000	6.8000
E	270.051	90.000	77.0378	47.0644	0.2244	1.0094	0.0000	6.8000
dPolE	270.051	90.000	99.9681	1.0000	0.0000	6.8000
uR	270.051	90.000	0.0005	1.0000	0.0000	6.8000
E	271.665	90.000	61.9070	259.8453	0.2440	0.6573	0.0000	6.8000
dPolE	271.665	90.000	99.9747	1.0000	0.0000	6.8000
uR	271.665	90.000	0.0006	1.0000	0.0000	6.8000
E	273.279	90.000	27.5992	41.2063	0.2612	0.5153	0.0000	6.8000
dPolE	273.279	90.000	99.9920	1.0000	0.0000	6.8000
uR	273.279	90.000	0.0004	1.0000	0.0000	6.8000
E	274.892	90.000	45.2652	7.8290	0.2922	0.3156	0.0000	6.8000
dPolE	274.892	90.000	99.9533	1.0000	0.0000	6.8000
uR	274.892	90.000	0.0006	1.0000	0.0000	6.8000
E	276.506	90.000	28.1930	140.1113	0.2375	0.4545	0.0000	6.8000
dPolE	276.506	90.000	99.9867	1.0000	0.0000	6.8000
uR	276.506	90.000	0.0004	1.0000	0.0000	6.8000
E	278.120	90.000	30.4236	187.0520	0.2664	0.3338	0.0000	6.8000
dPolE	278.120	90.000	99.9863	1.0000	0.0000	6.8000
uR	278.120	90.000	0.0006	1.0000	0.0000	6.8000
E	279.734	90.000	44.8769	7.8140	0.2649	0.2938	0.0000	6.8000
dPolE	279.734	90.000	99.9741	1.0000	0.0000	6.8000
uR	279.734	90.000	0.0005	1.0000	0.0000	6.8000
E	281.349	90.000	16.5547	236.0056	0.2128	0.8459	0.0000	6.8000
dPolE	281.349	90.000	99.9401	1.0000	0.0000	6.8000
uR	281.349	90.000	0.0007	1.0000	0.0000	6.8000
E	282.963	90.000	29.0528	231.2752	0.2487	0.5326	0.0000	6.8000
dPolE	282.963	90.000	99.9999	1.0000	0.0000	6.8000
uR	282.963	90.000	0.0005	1.0000	0.0000	6.8000
E	284.577	90.000	14.2365	251.7906	0.1821	1.0216	0.0000	6.8000
dPolE	284.577	90.000	99.9736	1.0000	0.0000	6.8000
uR	284.577	90.000	0.0005	1.0000	0.0000	6.8000
E	286.191	90.000	76.8728	274.3385	0.1659	1.1079	0.0000	6.8000
dPolE	286.191	90.000	99.9238	1.0000	0.0000	6.8000
uR	286.191	90.000	0.0010	1.0000	0.0000	6.8000
E	287.805	90.000	66.6406	206.8431	0.2304	0.4460	0.0000	6.8000
dPolE	287.805	90.000	99.9777	1.0000	0.0000	6.8000
uR	287.805	90.000	0.0006	1.0000	0.0000	6.8000
E	289.420	90.000	51.5847	357.8713	0.2330	0.2770	0.0000	6.8000
dPolE	289.420	90.000	99.9570	1.0000	0.0000	6.8000
uR	289.420	90.000	0.0006	1.0000	0.0000	6.8000
E	291.034	90.000	55.0591	41.0152	0.2358	0.4040	0.0000	6.8000
dPolE	291.034	90.000	99.9922	1.0000	0.0000	6.8000
uR	291.034	90.000	0.0004	1.0000	0.0000	6.8000
E	292.649	90.000	27.4901	285.7036	0.1939	0.5160	0.0000	6.8000
dPolE	292.649	90.000	99.9961	1.0000	0.0000	6.8000
uR	292.649	90.000	0.0008	1.0000	0.0000	6.8000
E	294.263	90.000	78.4093	19.4331	0.2199	0.7554	0.0000	6.8000
dPolE	294.263	90.000	99.9345	1.0000	0.0000	6.8000
uR	294.263	90.000	0.0006	1.0000	0.0000	6.8000
E	295.877	90.000	19.8433	126.6018	0.2015	0.6380	0.0000	6.8000
dPolE	295.877	90.000	99.9896	1.0000	0.0000	6.8000
uR	295.877	90.000	0.0002	1.0000	0.0000	6.8000
E	297.492	90.000	77.7733	267.4874	0.1552	1.0758	0.0000	6.8000
dPolE	297.492	90.000	99.9667	1.0000	0.0000	6.8000
uR	297.492	90.000	0.0005	1.0000	0.0000	6.8000
E	299.107	90.000	68.9871	21.4131	0.1903	0.3982	0.0000	6.8000
dPolE	299.107	90.000	99.9951	1.0000	0.0000	6.8000
uR	299.107	90.000	0.0003	1.0000	0.0000	6.8000
E	300.721	90.000	18.4084	149.7353	0.2091	0.5459	0.0000	6.8000
dPolE	300.721	90.000	99.9801	1.0000	0.0000	6.8000
uR	300.721	90.000	0.0005	1.0000	0.0000	6.8000
E	302.336	90.000	66.1919	188.1504	0.2045	0.3597	0.0000	6.8000
dPolE	302.336	90.000	99.9876	1.0000	0.0000	6.8000
uR	302.336	90.000	0.0004	1.0000	0.0000	6.8000
E	303.950	90.000	27.8649	31.5910	0.1964	0.3708	0.0000	6.8000
dPolE	303.950	90.000	99.9982	1.0000	0.0000	6.8000
uR	303.950	90.000	0.0003	1.0000	0.0000	6.8000
E	305.565	90.000	13.4525	244.6856	0.1715	0.9036	0.0000	6.8000
dPolE	305.565	90.000	99.9761	1.0000	0.0000	6.8000
uR	305.565	90.000	0.0004	1.0000	0.0000	6.8000
E	307.180	90.000	83.4680	195.6019	0.1867	1.1671	0.0000	6.8000
dPolE	307.180	90.000	99.9913	1.0000	0.0000	6.8000
uR	307.180	90.000	0.0005	1.0000	0.0000	6.8000
E	308.795	90.000	42.1886	110.9838	0.1931	0.3749	0.0000	6.8000
dPolE	308.795	90.000	99.9991	1.0000	0.0000	6.8000
uR	308.795	90.000	0.0004	1.0000	0.0000	6.8000
E	310.410	90.000	4.6862	121.9253	0.1530	2.1918	0.0000	6.8000
dPolE	310.410	90.000	99.9916	1.0000	0.0000	6.8000
uR	310.410	90.000	0.0002	1.0000	0.0000	6.8000
E	312.024	90.000	64.9817	359.4768	0.1989	0.3571	0.0000	6.8000
dPolE	312.024	90.000	99.9892	1.0000	0.0000	6.8000
uR	312.024	90.000	0.0002	1.0000	0.0000	6.8000
E	313.639	90.000	65.2827	315.7939	0.1764	0.4212	0.0000	6.8000
dPolE	313.639	90.000	99.9878	1.0000	0.0000	6.8000
uR	313.639	90.000	0.0003	1.0000	0.0000	6.8000
E	315.254	90.000	22.4564	344.3068	0.1784	0.3740	0.0000	6.8000
dPolE	315.254	90.000	99.9911	1.0000	0.0000	6.8000
uR	315.254	90.000	0.0003	1.0000	0.0000	6.8000
E	316.869	90.000	30.5708	352.1660	0.1889	0.3107	0.0000	6.8000
dPolE	316.869	90.000	99.9479	1.0000	0.0000	6.8000
uR	316.869	90.000	0.0005	1.0000	0.0000	6.8000
E	318.484	90.000	62.9804	311.2914	0.1637	0.3776	0.0000	6.8000
dPolE	318.484	90.000	99.9915	1.0000	0.0000	6.8000
uR	318.484	90.000	0.0003	1.0000	0.0000	6.8000
E	320.099	90.000	70.2385	69.2536	0.1423	0.4983	0.0000	6.8000
dPolE	320.099	90.000	99.9845	1.0000	0.0000	6.8000
uR	320.099	90.000	0.0004	1.0000	0.0000	6.8000
E	321.714	90.000	70.0005	73.3891	0.1455	0.5112	0.0000	6.8000
dPolE	321.714	90.000	99.9789	1.0000	0.0000	6.8000
uR	321.714	90.000	0.0004	1.0000	0.0000	6.8000
E	323.330	90.000	61.3488	79.9411	0.1562	0.3946	0.0000	6.8000
dPolE	323.330	90.000	99.9989	1.0000	0.0000	6.8000
uR	323.330	90.000	0.0005	1.0000	0.0000	6.8000
E	324.945	90.000	55.1887	266.1036	0.1682	0.3681	0.0000	6.8000
dPolE	324.945	90.000	99.9859	1.0000	0.0000	6.8000
uR	324.945	90.000	0.0003	1.0000	0.0000	6.8000
E	326.560	90.000	18.9217	28.2179	0.1682	0.4653	0.0000	6.8000
dPolE	326.560	90.000	99.9997	1.0000	0.0000	6.8000
uR	326.560	90.000	0.0006	1.0000	0.0000	6.8000
E	328.175	90.000	60.4452	50.8647	0.1619	0.3571	0.0000	6.8000
dPolE	328.175	90.000	99.9902	1.0000	0.0000	6.8000
uR	328.175	90.000	0.0003	1.0000	0.0000	6.8000
E	329.790	90.000	71.4396	7.6938	0.1538	0.3984	0.0000	6.8000
dPolE	329.790	90.000	99.9641	1.0000	0.0000	6.8000
uR	329.790	90.000	0.0005	1.0000	0.0000	6.8000
E	331.406	90.000	64.8321	346.6644	0.1609	0.3366	0.0000	6.8000
dPolE	331.406	90.000	99.9988	1.0000	0.0000	6.8000
uR	331.406	90.000	0.0002	1.0000	0.0000	6.8000
E	333.021	90.000	61.1054	38.6417	0.1636	0.3480	0.0000	6.8000
dPolE	333.021	90.000	99.9945	1.0000	0.0000	6.8000
uR	333.021	90.000	0.0003	1.0000	0.0000	6.8000
E	334.636	90.000	22.7289	5.3602	0.1404	0.3160	0.0000	6.8000
dPolE	334.636	90.000	99.9969	1.0000	0.0000	6.8000
uR	334.636	90.000	0.0004	1.0000	0.0000	6.8000
E	336.251	90.000	44.8947	277.2993	0.1589	0.3170	0.0000	6.8000
dPolE	336.251	90.000	99.9999	1.0000	0.0000	6.8000
uR	336.251	90.000	0.0004	1.0000	0.0000	6.8000
E	337.867	90.000	71.3527	40.5746	0.1447	0.4504	0.0000	6.8000
dPolE	337.867	90.000	99.9942	1.0000	0.0000	6.8000
uR	337.867	90.000	0.0002	1.0000	0.0000	6.8000
E	339.482	90.000	34.0314	67.2542	0.1503	0.3225	0.0000	6.8000
dPolE	339.482	90.000	99.9953	1.0000	0.0000	6.8000
uR	339.482	90.000	0.0003	1.0000	0.0000	6.8000
E	341.098	90.000	38.8717	347.0540	0.1536	0.2635	0.0000	6.8000
dPolE	341.098	90.000	99.9997	1.0000	0.0000	6.8000
uR	341.098	90.000	0.0003	1.0000	0.0000	6.8000
E	342.713	90.000	32.0411	26.5924	0.1521	0.2963	0.0000	6.8000
dPolE	342.713	90.000	99.9967	1.0000	0.0000	6.8000
uR	342.713	90.000	0.0002	1.0000	0.0000	6.8000
E	344.329	90.000	11.9358	337.9272	0.1526	0.6686	0.0000	6.8000
dPolE	344.329	90.000	99.9958	1.0000	0.0000	6.8000
uR	344.329	90.000	0.0003	1.0000	0.0000	6.8000
E	345.944	90.000	66.2730	263.8258	0.1394	0.4029	0.0000	6.8000
dPolE	345.944	90.000	99.9941	1.0000	0.0000	6.8000
uR	345.944	90.000	0.0004	1.0000	0.0000	6.8000
E	347.560	90.000	14.0887	57.2051	0.1343	0.5912	0.0000	6.8000
dPolE	347.560	90.000	99.9818	1.0000	0.0000	6.8000
uR	347.560	90.000	0.0004	1.0000	0.0000	6.8000
E	349.175	90.000	78.5557	176.7308	0.1461	0.6478	0.0000	6.8000
dPolE	349.175	90.000	99.9974	1.0000	0.0000	6.8000
uR	349.175	90.000	0.0002	1.0000	0.0000	6.8000
E	350.791	90.000	11.0855	157.5182	0.1409	0.6779	0.0000	6.8000
dPolE	350.791	90.000	99.9792	1.0000	0.0000	6.8000
uR	350.791	90.000	0.0004	1.0000	0.0000	6.8000
E	352.406	90.000	45.4897	128.1550	0.1457	0.2790	0.0000	6.8000
dPolE	352.406	90.000	99.9948	1.0000	0.0000	6.8000
uR	352.406	90.000	0.0003	1.0000	0.0000	6.8000
E	354.022	90.000	39.7260	317.2787	0.1460	0.2795	0.0000	6.8000
dPolE	354.022	90.000	99.9994	1.0000	0.0000	6.8000
uR	354.022	90.000	0.0002	1.0000	0.0000	6.8000
E	355.638	90.000	64.7980	56.9231	0.1428	0.3701	0.0000	6.8000
dPolE	355.638	90.000	99.9872	1.0000	0.0000	6.8000
uR	355.638	90.000	0.0004	1.0000	0.0000	6.8000
E	357.253	90.000	21.3286	56.4881	0.1344	0.3997	0.0000	6.8000
dPolE	357.253	90.000	99.9774	1.0000	0.0000	6.8000
uR	357.253	90.000	0.0004	1.0000	0.0000	6.8000
E	358.869	90.000	19.4070	24.5781	0.1363	0.4065	0.0000	6.8000
dPolE	358.869	90.000	99.9988	1.0000	0.0000	6.8000
uR	358.869	90.000	0.0003	1.0000	0.0000	6.8000
E	360.485	90.000	57.7177	88.1291	0.1365	0.3071	0.0000	6.8000
dPolE	360.485	90.000	99.9997	1.0000	0.0000	6.8000
uR	360.485	90.000	0.0003	1.0000	0.0000	6.8000
E	362.100	90.000	34.6451	193.5142	0.1406	0.2745	0.0000	6.8000
dPolE	362.100	90.000	99.9869	1.0000	0.0000	6.8000
uR	362.100	90.000	0.0004	1.0000	0.0000	6.8000
E	363.716	90.000	54.0280	6.1524	0.1377	0.2637	0.0000	6.8000
dPolE	363.716	90.000	99.9749	1.0000	0.0000	6.8000
uR	363.716	90.000	0.0003	1.0000	0.0000	6.8000
E	365.332	90.000	40.9567	209.8304	0.1397	0.2650	0.0000	6.8000
dPolE	365.332	90.000	99.9747	1.0000	0.0000	6.8000
uR	365.332	90.000	0.0004	1.0000	0.0000	6.8000
E	366.948	90.000	8.2954	341.0428	0.1275	0.8378	0.0000	6.8000
dPolE	366.948	90.000	99.9942	1.0000	0.0000	6.8000
uR	366.948	90.000	0.0004	1.0000	0.0000	6.8000
E	368.563	90.000	54.2692	279.9250	0.1364	0.2892	0.0000	6.8000
dPolE	368.563	90.000	99.9951	1.0000	0.0000	6.8000
uR	368.563	90.000	0.0004	1.0000	0.0000	6.8000
E	370.179	90.000	14.6663	115.5312	0.1255	0.5318	0.0000	6.8000
dPolE	370.179	90.000	99.9999	1.0000	0.0000	6.8000
uR	370.179	90.000	0.0003	1.0000	0.0000	6.8000
E	371.795	90.000	56.6195	175.6257	0.1324	0.2646	0.0000	6.8000
dPolE	371.795	90.000	99.9963	1.0000	0.0000	6.8000
uR	371.795	90.000	0.0003	1.0000	0.0000	6.8000
E	373.411	90.000	26.2879	61.3396	0.1228	0.3105	0.0000	6.8000
dPolE	373.411	90.000	99.9954	1.0000	0.0000	6.8000
uR	373.411	90.000	0.0006	1.0000	0.0000	6.8000
E	375.027	90.000	12.3390	74.6822	0.1157	0.5783	0.0000	6.8000
dPolE	375.027	90.000	99.9961	1.0000	0.0000	6.8000
uR	375.027	90.000	0.0004	1.0000	0.0000	6.8000
E	376.643	90.000	24.0969	25.4725	0.1330	0.3413	0.0000	6.8000
dPolE	376.643	90.000	99.9944	1.0000	0.0000	6.8000
uR	376.643	90.000	0.0004	1.0000	0.0000	6.8000
E	378.258	90.000	51.5223	315.4291	0.1269	0.2525	0.0000	6.8000
dPolE	378.258	90.000	99.9886	1.0000	0.0000	6.8000
uR	378.258	90.000	0.0004	1.0000	0.0000	6.8000
E	379.874	90.000	29.0207	345.9413	0.1334	0.2953	0.0000	6.8000
dPolE	379.874	90.000	99.9958	1.0000	0.0000	6.8000
uR	379.874	90.000	0.0004	1.0000	0.0000	6.8000
E	381.490	90.000	15.4114	196.7310	0.1164	0.4318	0.0000	6.8000
dPolE	381.490	90.000	99.9907	1.0000	0.0000	6.8000
uR	381.490	90.000	0.0003	1.0000	0.0000	6.8000
E	383.106	90.000	16.5952	9.3006	0.1323	0.4601	0.0000	6.8000
dPolE	383.106	90.000	99.9835	1.0000	0.0000	6.8000
uR	383.106	90.000	0.0003	1.0000	0.0000	6.8000
E	384.722	90.000	24.7239	281.3317	0.1258	0.3371	0.0000	6.8000
dPolE	384.722	90.000	99.9942	1.0000	0.0000	6.8000
uR	384.722	90.000	0.0002	1.0000	0.0000	6.8000
E	386.338	90.000	13.2258	358.2527	0.1256	0.5325	0.0000	6.8000
dPolE	386.338	90.000	99.9975	1.0000	0.0000	6.8000
uR	386.338	90.000	0.0002	1.0000	0.0000	6.8000
E	387.954	90.000	23.4995	73.8571	0.1194	0.3338	0.0000	6.8000
dPolE	387.954	90.000	99.9973	1.0000	0.0000	6.8000
uR	387.954	90.000	0.0002	1.0000	0.0000	6.8000
E	389.570	90.000	34.7374	4.6401	0.1177	0.2366	0.0000	6.8000
dPolE	389.570	90.000	99.9997	1.0000	0.0000	6.8000
uR	389.570	90.000	0.0004	1.0000	0.0000	6.8000
E	391.186	90.000	38.2003	174.3399	0.1197	0.2336	0.0000	6.8000
dPolE	391.186	90.000	99.9973	1.0000	0.0000	6.8000
uR	391.186	90.000	0.0002	1.0000	0.0000	6.8000
E	392.802	90.000	23.5250	1.7490	0.1215	0.3164	0.0000	6.8000
dPolE	392.802	90.000	99.9935	1.0000	0.0000	6.8000
uR	392.802	90.000	0.0002	1.0000	0.0000	6.8000
E	394.418	90.000	62.4368	319.9598	0.1235	0.2944	0.0000	6.8000
dPolE	394.418	90.000	99.9977	1.0000	0.0000	6.8000
uR	394.418	90.000	0.0003	1.0000	0.0000	6.8000
E	396.034	90.000	31.1690	11.4397	0.1225	0.2613	0.0000	6.8000
dPolE	396.034	90.000	99.9571	1.0000	0.0000	6.8000
uR	396.034	90.000	0.0004	1.0000	0.0000	6.8000
E	397.650	90.000	54.4068	69.1096	0.1193	0.2515	0.0000	6.8000
dPolE	397.650	90.000	99.9989	1.0000	0.0000	6.8000
uR	397.650	90.000	0.0002	1.0000	0.0000	6.8000
E	399.266	90.000	36.5071	8.7138	0.1192	0.2344	0.0000	6.8000
dPolE	399.266	90.000	99.9550	1.0000	0.0000	6.8000
uR	399.266	90.000	0.0004	1.0000	0.0000	6.8000
E	400.882	90.000	35.2829	0.9614	0.1202	0.2412	0.0000	6.8000
dPolE	400.882	90.000	99.9199	1.0000	0.0000	6.8000
uR	400.882	90.000	0.0006	1.0000	0.0000	6.8000
E	402.498	90.000	55.6806	1.1568	0.1196	0.2442	0.0000	6.8000
dPolE	402.498	90.000	99.9440	1.0000	0.0000	6.8000
uR	402.498	90.000	0.0005	1.0000	0.0000	6.8000
E	404.114	90.000	57.9525	18.6960	0.1226	0.2602	0.0000	6.8000
dPolE	404.114	90.000	99.9289	1.0000	0.0000	6.8000
uR	404.114	90.000	0.0005	1.0000	0.0000	6.8000
E	405.730	90.000	46.8162	2.3463	0.1138	0.2141	0.0000	6.8000
dPolE	405.730	90.000	99.7902	1.0000	0.0000	6.8000
uR	405.730	90.000	0.0009	1.0000	0.0000	6.8000
E	407.346	90.000	47.2663	3.0501	0.1175	0.2198	0.0000	6.8000
dPolE	407.346	90.000	99.7610	1.0000	0.0000	6.8000
uR	407.346	90.000	0.0010	1.0000	0.0000	6.8000
E	408.962	90.000	43.9680	355.9829	0.1122	0.2093	0.0000	6.8000
dPolE	408.962	90.000	99.6637	1.0000	0.0000	6.8000
uR	408.962	90.000	0.0012	1.0000	0.0000	6.8000
E	410.578	90.000	41.1606	8.1649	0.1221	0.2311	0.0000	6.8000
dPolE	410.578	90.000	99.4449	1.0000	0.0000	6.8000
uR	410.578	90.000	0.0014	1.0000	0.0000	6.8000
E	412.194	90.000	44.9057	0.1373	0.1108	0.2089	0.0000	6.8000
dPolE	412.194	90.000	99.3288	1.0000	0.0000	6.8000
uR	412.194	90.000	0.0016	1.0000	0.0000	6.8000
E	413.810	90.000	44.8118	1.4239	0.1122	0.2110	0.0000	6.8000
dPolE	413.810	90.000	98.9416	1.0000	0.0000	6.8000
uR	413.810	90.000	0.0021	1.0000	0.0000	6.8000
E	415.426	90.000	42.5822	1.1605	0.1105	0.2068	0.0000	6.8000
dPolE	415.426	90.000	98.8566	1.0000	0.0000	6.8000
uR	415.426	90.000	0.0021	1.0000	0.0000	6.8000
E	417.042	90.000	43.0345	0.4654	0.1113	0.2056	0.0000	6.8000
dPolE	417.042	90.000	98.1761	1.0000	0.0000	6.8000
uR	417.042	90.000	0.0026	1.0000	0.0000	6.8000
E	418.658	90.000	43.5082	4.9604	0.1106	0.2033	0.0000	6.8000
dPolE	418.658	90.000	97.8363	1.0000	0.0000	6.8000
uR	418.658	90.000	0.0029	1.0000	0.0000	6.8000
E	420.274	90.000	45.1965	2.4591	0.1128	0.2071	0.0000	6.8000
dPolE	420.274	90.000	97.0960	1.0000	0.0000	6.8000
uR	420.274	90.000	0.0034	1.0000	0.0000	6.8000
E	421.890	90.000	45.1925	2.6281	0.1063	0.1961	0.0000	6.8000
dPolE	421.890	90.000	96.9263	1.0000	0.0000	6.8000
uR	421.890	90.000	0.0037	1.0000	0.0000	6.8000
E	423.506	90.000	45.9793	2.1110	0.1077	0.1994	0.0000	6.8000
dPolE	423.506	90.000	96.5152	1.0000	0.0000	6.8000
uR	423.506	90.000	0.0041	1.0000	0.0000	6.8000
E	425.122	90.000	44.1343	1.6323	0.1024	0.1889	0.0000	6.8000
dPolE	425.122	90.000	96.3154	1.0000	0.0000	6.8000
uR	425.122	90.000	0.0044	1.0000	0.0000	6.8000
E	426.738	90.000	45.3507	2.6657	0.1052	0.1920	0.0000	6.8000
dPolE	426.738	90.000	95.5227	1.0000	0.0000	6.8000
uR	426.738	90.000	0.0047	1.0000	0.0000	6.8000
E	428.355	90.000	44.7054	2.1902	0.1002	0.1806	0.0000	6.8000
dPolE	428.355	90.000	95.0386	1.0000	0.0000	6.8000
uR	428.355	90.000	0.0052	1.0000	0.0000	6.8000
E	429.971	90.000	44.5484	1.6680	0.1016	0.1817	0.0000	6.8000
dPolE	429.971	90.000	94.7564	1.0000	0.0000	6.8000
uR	429.971	90.000	0.0053	1.0000	0.0000	6.8000
E	431.587	90.000	45.1314	359.8270	0.0974	0.1745	0.0000	6.8000
dPolE	431.587	90.000	93.8578	1.0000	0.0000	6.8000
uR	431.587	90.000	0.0058	1.0000	0.0000	6.8000
E	433.203	90.000	45.5032	1.9321	0.0958	0.1723	0.0000	6.8000
dPolE	433.203	90.000	93.5941	1.0000	0.0000	6.8000
uR	433.203	90.000	0.0063	1.0000	0.0000	6.8000
E	434.819	90.000	45.1641	1.8124	0.0911	0.1643	0.0000	6.8000
dPolE	434.819	90.000	93.4445	1.0000	0.0000	6.8000
uR	434.819	90.000	0.0064	1.0000	0.0000	6.8000
E	436.435	90.000	45.2799	1.9570	0.0919	0.1652	0.0000	6.8000
dPolE	436.435	90.000	92.0122	1.0000	0.0000	6.8000
uR	436.435	90.000	0.0069	1.0000	0.0000	6.8000
E	438.051	90.000	43.8379	0.7650	0.0957	0.1706	0.0000	6.8000
dPolE	438.051	90.000	90.5699	1.0000	0.0000	6.8000
uR	438.051	90.000	0.0074	1.0000	0.0000	6.8000
E	439.667	90.000	44.9941	0.3854	0.0958	0.1684	0.0000	6.8000
dPolE	439.667	90.000	89.3749	1.0000	0.0000	6.8000
uR	439.667	90.000	0.0078	1.0000	0.0000	6.8000
E	441.283	90.000	44.3727	2.1781	0.0949	0.1654	0.0000	6.8000
dPolE	441.283	90.000	88.4749	1.0000	0.0000	6.8000
uR	441.283	90.000	0.0081	1.0000	0.0000	6.8000
E	442.899	90.000	44.7569	1.5906	0.0911	0.1581	0.0000	6.8000
dPolE	442.899	90.000	87.4057	1.0000	0.0000	6.8000
uR	442.899	90.000	0.0087	1.0000	0.0000	6.8000
E	444.515	90.000	44.7307	0.4474	0.0930	0.1615	0.0000	6.8000
dPolE	444.515	90.000	86.8722	1.0000	0.0000	6.8000
uR	444.515	90.000	0.0091	1.0000	0.0000	6.8000
E	446.131	90.000	44.4956	1.3396	0.0942	0.1643	0.0000	6.8000
dPolE	446.131	90.000	87.3363	1.0000	0.0000	6.8000
uR	446.131	90.000	0.0093	1.0000	0.0000	6.8000
E	447.747	90.000	44.9064	1.2429	0.0896	0.1563	0.0000	6.8000
dPolE	447.747	90.000	86.1154	1.0000	0.0000	6.8000
uR	447.747	90.000	0.0096	1.0000	0.0000	6.8000
E	449.363	90.000	45.2137	0.3207	0.0850	0.1474	0.0000	6.8000
dPolE	449.363	90.000	84.3475	1.0000	0.0000	6.8000
uR	449.363	90.000	0.0101	1.0000	0.0000	6.8000
E	450.979	90.000	44.8437	1.4470	0.0835	0.1434	0.0000	6.8000
dPolE	450.979	90.000	80.0181	1.0000	0.0000	6.8000
uR	450.979	90.000	0.0108	1.0000	0.0000	6.8000
E	452.594	90.000	44.4287	0.4247	0.0891	0.1511	0.0000	6.8000
dPolE	452.594	90.000	79.5470	1.0000	0.0000	6.8000
uR	452.594	90.000	0.0110	1.0000	0.0000	6.8000
E	454.210	90.000	44.6723	0.8108	0.0848	0.1422	0.0000	6.8000
dPolE	454.210	90.000	81.4168	1.0000	0.0000	6.8000
uR	454.210	90.000	0.0113	1.0000	0.0000	6.8000
E	455.826	90.000	44.8955	0.7446	0.0875	0.1462	0.0000	6.8000
dPolE	455.826	90.000	80.2956	1.0000	0.0000	6.8000
uR	455.826	90.000	0.0117	1.0000	0.0000	6.8000
E	457.442	90.000	45.0543	0.6669	0.0863	0.1445	0.0000	6.8000
dPolE	457.442	90.000	78.5152	1.0000	0.0000	6.8000
uR	457.442	90.000	0.0121	1.0000	0.0000	6.8000
E	459.058	90.000	44.6934	0.4010	0.0843	0.1415	0.0000	6.8000
dPolE	459.058	90.000	77.0796	1.0000	0.0000	6.8000
uR	459.058	90.000	0.0124	1.0000	0.0000	6.8000
E	460.674	90.000	44.9370	0.2006	0.0820	0.1377	0.0000	6.8000
dPolE	460.674	90.000	75.5878	1.0000	0.0000	6.8000
uR	460.674	90.000	0.0127	1.0000	0.0000	6.8000
E	462.290	90.000	44.9575	0.5073	0.0796	0.1332	0.0000	6.8000
dPolE	462.290	90.000	73.4640	1.0000	0.0000	6.8000
uR	462.290	90.000	0.0131	1.0000	0.0000	6.8000
E	463.906	90.000	44.8929	1.2254	0.0767	0.1271	0.0000	6.8000
dPolE	463.906	90.000	70.4031	1.0000	0.0000	6.8000
uR	463.906	90.000	0.0137	1.0000	0.0000	6.8000
E	465.521	90.000	44.8743	1.1933	0.0735	0.1204	0.0000	6.8000
dPolE	465.521	90.000	68.4684	1.0000	0.0000	6.8000
uR	465.521	90.000	0.0139	1.0000	0.0000	6.8000
E	467.137	90.000	44.9956	0.4685	0.0720	0.1165	0.0000	6.8000
dPolE	467.137	90.000	66.0401	1.0000	0.0000	6.8000
uR	467.137	90.000	0.0141	1.0000	0.0000	6.8000
E	468.753	90.000	44.6867	0.4819	0.0733	0.1178	0.0000	6.8000
dPolE	468.753	90.000	61.9429	1.0000	0.0000	6.8000
uR	468.753	90.000	0.0144	1.0000	0.0000	6.8000
E	470.369	90.000	44.7882	0.1822	0.0712	0.1140	0.0000	6.8000
dPolE	470.369	90.000	62.4040	1.0000	0.0000	6.8000
uR	470.369	90.000	0.0150	1.0000	0.0000	6.8000
E	471.985	90.000	44.6032	0.2292	0.0734	0.1178	0.0000	6.8000
dPolE	471.985	90.000	65.4702	1.0000	0.0000	6.8000
uR	471.985	90.000	0.0153	1.0000	0.0000	6.8000
E	473.600	90.000	44.8923	0.6343	0.0688	0.1108	0.0000	6.8000
dPolE	473.600	90.000	64.9464	1.0000	0.0000	6.8000
uR	473.600	90.000	0.0156	1.0000	0.0000	6.8000
E	475.216	90.000	44.9922	0.5900	0.0736	0.1183	0.0000	6.8000
dPolE	475.216	90.000	68.2094	1.0000	0.0000	6.8000
uR	475.216	90.000	0.0158	1.0000	0.0000	6.8000
E	476.832	90.000	44.8449	0.3432	0.0756	0.1210	0.0000	6.8000
dPolE	476.832	90.000	69.5697	1.0000	0.0000	6.8000
uR	476.832	90.000	0.0162	1.0000	0.0000	6.8000
E	478.448	90.000	44.6529	0.4007	0.0778	0.1234	0.0000	6.8000
dPolE	478.448	90.000	68.5778	1.0000	0.0000	6.8000
uR	478.448	90.000	0.0166	1.0000	0.0000	6.8000
E	480.063	90.000	44.9215	0.3284	0.0756	0.1184	0.0000	6.8000
dPolE	480.063	90.000	67.5479	1.0000	0.0000	6.8000
uR	480.063	90.000	0.0167	1.0000	0.0000	6.8000
E	481.679	90.000	44.6077	0.5646	0.0721	0.1115	0.0000	6.8000
dPolE	481.679	90.000	67.5983	1.0000	0.0000	6.8000
uR	481.679	90.000	0.0169	1.0000	0.0000	6.8000
E	483.294	90.000	45.0593	359.9858	0.0747	0.1147	0.0000	6.8000
dPolE	483.294	90.000	63.5748	1.0000	0.0000	6.8000
uR	483.294	90.000	0.0171	1.0000	0.0000	6.8000
E	484.910	90.000	44.7521	0.2491	0.0740	0.1131	0.0000	6.8000
dPolE	484.910	90.000	66.5844	1.0000	0.0000	6.8000
uR	484.910	90.000	0.0173	1.0000	0.0000	6.8000
E	486.526	90.000	44.6228	0.0276	0.0734	0.1124	0.0000	6.8000
dPolE	486.526	90.000	68.0943	1.0000	0.0000	6.8000
uR	486.526	90.000	0.0177	1.0000	0.0000	6.8000
E	488.141	90.000	44.7642	0.1793	0.0757	0.1162	0.0000	6.8000
dPolE	488.141	90.000	65.8879	1.0000	0.0000	6.8000
uR	488.141	90.000	0.0181	1.0000	0.0000	6.8000
E	489.757	90.000	44.8437	0.0228	0.0741	0.1138	0.0000	6.8000
dPolE	489.757	90.000	65.3846	1.0000	0.0000	6.8000
uR	489.757	90.000	0.0182	1.0000	0.0000	6.8000
E	491.372	90.000	44.8060	359.8391	0.0743	0.1138	0.0000	6.8000
dPolE	491.372	90.000	63.6372	1.0000	0.0000	6.8000
uR	491.372	90.000	0.0184	1.0000	0.0000	6.8000
E	492.988	90.000	45.0711	0.1080	0.0703	0.1069	0.0000	6.8000
dPolE	492.988	90.000	61.9365	1.0000	0.0000	6.8000
uR	492.988	90.000	0.0187	1.0000	0.0000	6.8000
E	494.603	90.000	45.0680	0.1113	0.0738	0.1113	0.0000	6.8000
dPolE	494.603	90.000	62.5835	1.0000	0.0000	6.8000
uR	494.603	90.000	0.0190	1.0000	0.0000	6.8000
E	496.219	90.000	45.0020	359.7594	0.0761	0.1133	0.0000	6.8000
dPolE	496.219	90.000	63.8245	1.0000	0.0000	6.8000
uR	496.219	90.000	0.0193	1.0000	0.0000	6.8000
E	497.834	90.000	45.1479	359.8539	0.0780	0.1148	0.0000	6.8000
dPolE	497.834	90.000	63.7739	1.0000	0.0000	6.8000
uR	497.834	90.000	0.0194	1.0000	0.0000	6.8000
E	499.450	90.000	44.7406	0.3753	0.0763	0.1114	0.0000	6.8000
dPolE	499.450	90.000	63.0702	1.0000	0.0000	6.8000
uR	499.450	90.000	0.0198	1.0000	0.0000	6.8000
E	501.065	90.000	44.7975	359.8448	0.0741	0.1079	0.0000	6.8000
dPolE	501.065	90.000	63.7684	1.0000	0.0000	6.8000
uR	501.065	90.000	0.0198	1.0000	0.0000	6.8000
E	502.680	90.000	44.7746	359.9991	0.0785	0.1143	0.0000	6.8000
dPolE	502.680	90.000	63.9960	1.0000	0.0000	6.8000
uR	502.680	90.000	0.0198	1.0000	0.0000	6.8000
E	504.296	90.000	44.7988	359.9390	0.0735	0.1073	0.0000	6.8000
dPolE	504.296	90.000	63.8985	1.0000	0.0000	6.8000
uR	504.296	90.000	0.0199	1.0000	0.0000	6.8000
E	505.911	90.000	45.0340	0.2701	0.0766	0.1118	0.0000	6.8000
dPolE	505.911	90.000	62.6941	1.0000	0.0000	6.8000
uR	505.911	90.000	0.0204	1.0000	0.0000	6.8000
E	507.526	90.000	44.9884	0.3073	0.0762	0.1111	0.0000	6.8000
dPolE	507.526	90.000	61.2722	1.0000	0.0000	6.8000
uR	507.526	90.000	0.0206	1.0000	0.0000	6.8000
E	509.141	90.000	45.2179	359.6845	0.0758	0.1100	0.0000	6.8000
dPolE	509.141	90.000	60.3356	1.0000	0.0000	6.8000
uR	509.141	90.000	0.0206	1.0000	0.0000	6.8000
E	510.756	90.000	44.7536	0.2370	0.0774	0.1112	0.0000	6.8000
dPolE	510.756	90.000	60.2901	1.0000	0.0000	6.8000
uR	510.756	90.000	0.0212	1.0000	0.0000	6.8000
E	512.372	90.000	44.7918	359.6170	0.0774	0.1100	0.0000	6.8000
dPolE	512.372	90.000	61.6347	1.0000	0.0000	6.8000
uR	512.372	90.000	0.0216	1.0000	0.0000	6.8000
E	513.987	90.000	44.9343	0.3746	0.0755	0.1063	0.0000	6.8000
dPolE	513.987	90.000	61.3027	1.0000	0.0000	6.8000
uR	513.987	90.000	0.0227	1.0000	0.0000	6.8000
E	515.602	90.000	44.8349	359.5561	0.0802	0.1118	0.0000	6.8000
dPolE	515.602	90.000	61.5613	1.0000	0.0000	6.8000
uR	515.602	90.000	0.0236	1.0000	0.0000	6.8000
E	517.217	90.000	44.9307	0.2150	0.0817	0.1133	0.0000	6.8000
dPolE	517.217	90.000	62.5101	1.0000	0.0000	6.8000
uR	517.217	90.000	0.0232	1.0000	0.0000	6.8000
E	518.832	90.000	44.7067	359.6716	0.0839	0.1161	0.0000	6.8000
dPolE	518.832	90.000	64.1028	1.0000	0.0000	6.8000
uR	518.832	90.000	0.0223	1.0000	0.0000	6.8000
E	520.447	90.000	44.6645	359.9281	0.0852	0.1177	0.0000	6.8000
dPolE	520.447	90.000	65.0796	1.0000	0.0000	6.8000
uR	520.447	90.000	0.0213	1.0000	0.0000	6.8000
E	522.062	90.000	44.8314	359.9126	0.0824	0.1142	0.0000	6.8000
dPolE	522.062	90.000	63.3559	1.0000	0.0000	6.8000
uR	522.062	90.000	0.0205	1.0000	0.0000	6.8000
E	523.677	90.000	44.8571	359.7090	0.0807	0.1117	0.0000	6.8000
dPolE	523.677	90.000	60.7435	1.0000	0.0000	6.8000
uR	523.677	90.000	0.0214	1.0000	0.0000	6.8000
E	525.292	90.000	44.9802	359.9813	0.0768	0.1061	0.0000	6.8000
dPolE	525.292	90.000	58.6336	1.0000	0.0000	6.8000
uR	525.292	90.000	0.0221	1.0000	0.0000	6.8000
E	526.907	90.000	44.7472	359.8463	0.0759	0.1043	0.0000	6.8000
dPolE	526.907	90.000	58.3102	1.0000	0.0000	6.8000
uR	526.907	90.000	0.0221	1.0000	0.0000	6.8000
E	528.521	90.000	45.1522	359.9897	0.0747	0.1020	0.0000	6.8000
dPolE	528.521	90.000	58.9822	1.0000	0.0000	6.8000
uR	528.521	90.000	0.0224	1.0000	0.0000	6.8000
E	530.136	90.000	45.1449	359.7219	0.0790	0.1068	0.0000	6.8000
dPolE	530.136	90.000	57.1522	1.0000	0.0000	6.8000
uR	530.136	90.000	0.0223	1.0000	0.0000	6.8000
E	531.751	90.000	44.8146	359.8505	0.0752	0.1007	0.0000	6.8000
dPolE	531.751	90.000	58.8005	1.0000	0.0000	6.8000
uR	531.751	90.000	0.0225	1.0000	0.0000	6.8000
E	533.366	90.000	45.0432	359.7547	0.0806	0.1069	0.0000	6.8000
dPolE	533.366	90.000	58.1413	1.0000	0.0000	6.8000
uR	533.366	90.000	0.0226	1.0000	0.0000	6.8000
E	534.980	90.000	44.7119	359.8213	0.0792	0.1042	0.0000	6.8000
dPolE	534.980	90.000	56.3868	1.0000	0.0000	6.8000
uR	534.980	90.000	0.0230	1.0000	0.0000	6.8000
E	536.595	90.000	44.8851	359.6846	0.0794	0.1041	0.0000	6.8000
dPolE	536.595	90.000	57.3018	1.0000	0.0000	6.8000
uR	536.595	90.000	0.0229	1.0000	0.0000	6.8000
E	538.210	90.000	45.0023	359.8236	0.0798	0.1044	0.0000	6.8000
dPolE	538.210	90.000	58.9715	1.0000	0.0000	6.8000
uR	538.210	90.000	0.0230	1.0000	0.0000	6.8000
E	539.824	90.000	44.8678	359.4631	0.0776	0.1016	0.0000	6.8000
dPolE	539.824	90.000	56.9372	1.0000	0.0000	6.8000
uR	539.824	90.000	0.0229	1.0000	0.0000	6.8000
E	541.439	90.000	44.7289	359.5438	0.0751	0.0985	0.0000	6.8000
dPolE	541.439	90.000	57.8523	1.0000	0.0000	6.8000
uR	541.439	90.000	0.0227	1.0000	0.0000	6.8000
E	543.053	90.000	44.8425	359.4657	0.0801	0.1051	0.0000	6.8000
dPolE	543.053	90.000	58.1053	1.0000	0.0000	6.8000
uR	543.053	90.000	0.0228	1.0000	0.0000	6.8000
E	544.668	90.000	45.0172	359.3239	0.0811	0.1062	0.0000	6.8000
dPolE	544.668	90.000	55.6607	1.0000	0.0000	6.8000
uR	544.668	90.000	0.0229	1.0000	0.0000	6.8000
E	546.282	90.000	44.9616	359.6513	0.0780	0.1016	0.0000	6.8000
dPolE	546.282	90.000	57.9514	1.0000	0.0000	6.8000
uR	546.282	90.000	0.0228	1.0000	0.0000	6.8000
E	547.896	90.000	44.8884	359.2860	0.0852	0.1100	0.0000	6.8000
dPolE	547.896	90.000	55.9718	1.0000	0.0000	6.8000
uR	547.896	90.000	0.0231	1.0000	0.0000	6.8000
E	549.511	90.000	44.9577	359.4468	0.0770	0.0986	0.0000	6.8000
dPolE	549.511	90.000	56.2313	1.0000	0.0000	6.8000
uR	549.511	90.000	0.0232	1.0000	0.0000	6.8000
E	551.125	90.000	44.9938	359.5656	0.0781	0.0990	0.0000	6.8000
dPolE	551.125	90.000	56.8057	1.0000	0.0000	6.8000
uR	551.125	90.000	0.0231	1.0000	0.0000	6.8000
E	552.739	90.000	44.8846	359.3829	0.0826	0.1036	0.0000	6.8000
dPolE	552.739	90.000	55.4934	1.0000	0.0000	6.8000
uR	552.739	90.000	0.0232	1.0000	0.0000	6.8000
E	554.353	90.000	45.1023	359.5184	0.0793	0.0989	0.0000	6.8000
dPolE	554.353	90.000	55.7265	1.0000	0.0000	6.8000
uR	554.353	90.000	0.0232	1.0000	0.0000	6.8000
E	555.968	90.000	44.6592	359.5574	0.0773	0.0960	0.0000	6.8000
dPolE	555.968	90.000	54.6902	1.0000	0.0000	6.8000
uR	555.968	90.000	0.0234	1.0000	0.0000	6.8000
E	557.582	90.000	45.0332	359.3476	0.0814	0.1008	0.0000	6.8000
dPolE	557.582	90.000	53.3479	1.0000	0.0000	6.8000
uR	557.582	90.000	0.0235	1.0000	0.0000	6.8000
E	559.196	90.000	44.8174	359.5873	0.0788	0.0974	0.0000	6.8000
dPolE	559.196	90.000	54.4967	1.0000	0.0000	6.8000
uR	559.196	90.000	0.0235	1.0000	0.0000	6.8000
E	560.810	90.000	44.7315	359.6348	0.0796	0.0984	0.0000	6.8000
dPolE	560.810	90.000	55.3481	1.0000	0.0000	6.8000
uR	560.810	90.000	0.0236	1.0000	0.0000	6.8000
E	562.424	90.000	44.9294	359.5078	0.0818	0.1014	0.0000	6.8000
dPolE	562.424	90.000	53.3868	1.0000	0.0000	6.8000
uR	562.424	90.000	0.0235	1.0000	0.0000	6.8000
E	564.038	90.000	44.7735	359.4985	0.0837	0.1036	0.0000	6.8000
dPolE	564.038	90.000	51.7404	1.0000	0.0000	6.8000
uR	564.038	90.000	0.0238	1.0000	0.0000	6.8000
E	565.651	90.000	44.8577	359.3271	0.0789	0.0975	0.0000	6.8000
dPolE	565.651	90.000	55.0664	1.0000	0.0000	6.8000
uR	565.651	90.000	0.0237	1.0000	0.0000	6.8000
E	567.265	90.000	44.9965	359.2584	0.0793	0.0975	0.0000	6.8000
dPolE	567.265	90.000	51.3824	1.0000	0.0000	6.8000
uR	567.265	90.000	0.0239	1.0000	0.0000	6.8000
E	568.879	90.000	44.9552	359.2337	0.0803	0.0979	0.0000	6.8000
dPolE	568.879	90.000	52.7963	1.0000	0.0000	6.8000
uR	568.879	90.000	0.0237	1.0000	0.0000	6.8000
E	570.493	90.000	45.0485	359.5518	0.0825	0.0999	0.0000	6.8000
dPolE	570.493	90.000	51.2327	1.0000	0.0000	6.8000
uR	570.493	90.000	0.0237	1.0000	0.0000	6.8000
E	572.106	90.000	44.7128	359.5558	0.0847	0.1017	0.0000	6.8000
dPolE	572.106	90.000	50.6713	1.0000	0.0000	6.8000
uR	572.106	90.000	0.0235	1.0000	0.0000	6.8000
E	573.720	90.000	44.9163	359.3896	0.0875	0.1041	0.0000	6.8000
dPolE	573.720	90.000	50.4018	1.0000	0.0000	6.8000
uR	573.720	90.000	0.0234	1.0000	0.0000	6.8000
E	575.333	90.000	44.7280	359.2447	0.0827	0.0976	0.0000	6.8000
dPolE	575.333	90.000	51.0231	1.0000	0.0000	6.8000
uR	575.333	90.000	0.0236	1.0000	0.0000	6.8000
E	576.947	90.000	45.2137	359.6118	0.0835	0.0979	0.0000	6.8000
dPolE	576.947	90.000	51.1580	1.0000	0.0000	6.8000
uR	576.947	90.000	0.0241	1.0000	0.0000	6.8000
E	578.560	90.000	44.7573	359.8259	0.0840	0.0982	0.0000	6.8000
dPolE	578.560	90.000	51.2384	1.0000	0.0000	6.8000
uR	578.560	90.000	0.0239	1.0000	0.0000	6.8000
E	580.174	90.000	44.9651	359.6422	0.0811	0.0944	0.0000	6.8000
dPolE	580.174	90.000	50.2735	1.0000	0.0000	6.8000
uR	580.174	90.000	0.0239	1.0000	0.0000	6.8000
E	581.787	90.000	45.0352	359.4709	0.0826	0.0961	0.0000	6.8000
dPolE	581.787	90.000	50.6443	1.0000	0.0000	6.8000
uR	581.787	90.000	0.0239	1.0000	0.0000	6.8000
E	583.400	90.000	44.6160	359.4248	0.0818	0.0952	0.0000	6.8000
dPolE	583.400	90.000	50.2941	1.0000	0.0000	6.8000
uR	583.400	90.000	0.0240	1.0000	0.0000	6.8000
E	585.014	90.000	44.7418	359.4428	0.0852	0.0993	0.0000	6.8000
dPolE	585.014	90.000	50.6675	1.0000	0.0000	6.8000
uR	585.014	90.000	0.0238	1.0000	0.0000	6.8000
E	586.627	90.000	44.8017	359.2539	0.0815	0.0949	0.0000	6.8000
dPolE	586.627	90.000	50.5167	1.0000	0.0000	6.8000
uR	586.627	90.000	0.0238	1.0000	0.0000	6.8000
E	588.240	90.000	44.6435	359.5764	0.0837	0.0971	0.0000	6.8000
dPolE	588.240	90.000	50.8143	1.0000	0.0000	6.8000
uR	588.240	90.000	0.0240	1.0000	0.0000	6.8000
E	589.853	90.000	44.7066	359.2939	0.0831	0.0962	0.0000	6.8000
dPolE	589.853	90.000	49.1093	1.0000	0.0000	6.8000
uR	589.853	90.000	0.0241	1.0000	0.0000	6.8000
E	591.466	90.000	45.0082	359.2702	0.0820	0.0943	0.0000	6.8000
dPolE	591.466	90.000	50.4390	1.0000	0.0000	6.8000
uR	591.466	90.000	0.0238	1.0000	0.0000	6.8000
E	593.079	90.000	45.0634	359.5732	0.0868	0.0993	0.0000	6.8000
dPolE	593.079	90.000	48.9011	1.0000	0.0000	6.8000
uR	593.079	90.000	0.0241	1.0000	0.0000	6.8000
E	594.692	90.000	44.7529	359.5690	0.0866	0.0981	0.0000	6.8000
dPolE	594.692	90.000	48.0292	1.0000	0.0000	6.8000
uR	594.692	90.000	0.0243	1.0000	0.0000	6.8000
E	596.305	90.000	44.7594	359.6151	0.0858	0.0964	0.0000	6.8000
dPolE	596.305	90.000	48.8275	1.0000	0.0000	6.8000
uR	596.305	90.000	0.0243	1.0000	0.0000	6.8000
E	597.918	90.000	44.7952	359.5589	0.0852	0.0950	0.0000	6.8000
dPolE	597.918	90.000	51.9479	1.0000	0.0000	6.8000
uR	597.918	90.000	0.0241	1.0000	0.0000	6.8000
E	599.530	90.000	45.0611	359.2224	0.0895	0.0992	0.0000	6.8000
dPolE	599.530	90.000	49.7649	1.0000	0.0000	6.8000
uR	599.530	90.000	0.0242	1.0000	0.0000	6.8000
E	601.143	90.000	45.0222	359.3813	0.0917	0.1011	0.0000	6.8000
dPolE	601.143	90.000	49.1470	1.0000	0.0000	6.8000
uR	601.143	90.000	0.0240	1.0000	0.0000	6.8000
E	602.755	90.000	44.8143	359.6139	0.0915	0.1005	0.0000	6.8000
dPolE	602.755	90.000	48.3374	1.0000	0.0000	6.8000
uR	602.755	90.000	0.0242	1.0000	0.0000	6.8000
E	604.368	90.000	45.0722	359.3398	0.0930	0.1018	0.0000	6.8000
dPolE	604.368	90.000	49.5536	1.0000	0.0000	6.8000
uR	604.368	90.000	0.0244	1.0000	0.0000	6.8000
E	605.981	90.000	45.0247	359.3003	0.0947	0.1036	0.0000	6.8000
dPolE	605.981	90.000	49.5827	1.0000	0.0000	6.8000
uR	605.981	90.000	0.0246	1.0000	0.0000	6.8000
E	607.593	90.000	44.9384	359.3999	0.0890	0.0974	0.0000	6.8000
dPolE	607.593	90.000	48.8288	1.0000	0.0000	6.8000
uR	607.593	90.000	0.0245	1.0000	0.0000	6.8000
E	609.205	90.000	45.0182	359.2663	0.0935	0.1023	0.0000	6.8000
dPolE	609.205	90.000	46.9506	1.0000	0.0000	6.8000
uR	609.205	90.000	0.0244	1.0000	0.0000	6.8000
E	610.818	90.000	44.6059	359.5381	0.0869	0.0951	0.0000	6.8000
dPolE	610.818	90.000	51.5409	1.0000	0.0000	6.8000
uR	610.818	90.000	0.0244	1.0000	0.0000	6.8000
E	612.430	90.000	44.9715	359.4637	0.0905	0.0988	0.0000	6.8000
dPolE	612.430	90.000	47.6555	1.0000	0.0000	6.8000
uR	612.430	90.000	0.0244	1.0000	0.0000	6.8000
E	614.042	90.000	45.1038	359.3983	0.0845	0.0920	0.0000	6.8000
dPolE	614.042	90.000	49.8334	1.0000	0.0000	6.8000
uR	614.042	90.000	0.0241	1.0000	0.0000	6.8000
E	615.654	90.000	45.2705	359.2845	0.0882	0.0956	0.0000	6.8000
dPolE	615.654	90.000	45.3022	1.0000	0.0000	6.8000
uR	615.654	90.000	0.0241	1.0000	0.0000	6.8000
E	617.266	90.000	44.9728	359.1914	0.0903	0.0973	0.0000	6.8000
dPolE	617.266	90.000	47.3361	1.0000	0.0000	6.8000
uR	617.266	90.000	0.0245	1.0000	0.0000	6.8000
E	618.878	90.000	45.0050	359.4102	0.0826	0.0885	0.0000	6.8000
dPolE	618.878	90.000	46.1241	1.0000	0.0000	6.8000
uR	618.878	90.000	0.0249	1.0000	0.0000	6.8000
E	620.490	90.000	45.0176	359.3782	0.0905	0.0962	0.0000	6.8000
dPolE	620.490	90.000	44.7160	1.0000	0.0000	6.8000
uR	620.490	90.000	0.0245	1.0000	0.0000	6.8000
E	622.102	90.000	44.8785	359.4057	0.0920	0.0971	0.0000	6.8000
dPolE	622.102	90.000	46.2097	1.0000	0.0000	6.8000
uR	622.102	90.000	0.0241	1.0000	0.0000	6.8000
E	623.714	90.000	45.3077	359.2457	0.0905	0.0948	0.0000	6.8000
dPolE	623.714	90.000	45.0185	1.0000	0.0000	6.8000
uR	623.714	90.000	0.0241	1.0000	0.0000	6.8000
E	625.325	90.000	44.6598	359.3588	0.0931	0.0968	0.0000	6.8000
dPolE	625.325	90.000	48.9192	1.0000	0.0000	6.8000
uR	625.325	90.000	0.0242	1.0000	0.0000	6.8000
E	626.937	90.000	44.9982	359.2772	0.0932	0.0965	0.0000	6.8000
dPolE	626.937	90.000	44.1709	1.0000	0.0000	6.8000
uR	626.937	90.000	0.0246	1.0000	0.0000	6.8000
E	628.548	90.000	44.9637	359.3166	0.0952	0.0981	0.0000	6.8000
dPolE	628.548	90.000	45.9340	1.0000	0.0000	6.8000
uR	628.548	90.000	0.0242	1.0000	0.0000	6.8000
E	630.160	90.000	44.9950	359.3508	0.0948	0.0974	0.0000	6.8000
dPolE	630.160	90.000	43.8536	1.0000	0.0000	6.8000
uR	630.160	90.000	0.0246	1.0000	0.0000	6.8000
E	631.771	90.000	44.7767	359.1758	0.0960	0.0986	0.0000	6.8000
dPolE	631.771	90.000	45.7280	1.0000	0.0000	6.8000
uR	631.771	90.000	0.0243	1.0000	0.0000	6.8000
E	633.383	90.000	44.5824	358.9935	0.0930	0.0955	0.0000	6.8000
dPolE	633.383	90.000	45.9252	1.0000	0.0000	6.8000
uR	633.383	90.000	0.0246	1.0000	0.0000	6.8000
E	634.994	90.000	44.9277	359.1728	0.0954	0.0979	0.0000	6.8000
dPolE	634.994	90.000	43.4139	1.0000	0.0000	6.8000
uR	634.994	90.000	0.0243	1.0000	0.0000	6.8000
E	636.605	90.000	45.0898	359.4450	0.0961	0.0986	0.0000	6.8000
dPolE	636.605	90.000	45.5093	1.0000	0.0000	6.8000
uR	636.605	90.000	0.0246	1.0000	0.0000	6.8000
E	638.216	90.000	44.8313	359.2581	0.0949	0.0973	0.0000	6.8000
dPolE	638.216	90.000	46.2409	1.0000	0.0000	6.8000
uR	638.216	90.000	0.0249	1.0000	0.0000	6.8000
E	639.827	90.000	45.0104	359.3201	0.1000	0.1023	0.0000	6.8000
dPolE	639.827	90.000	46.2174	1.0000	0.0000	6.8000
uR	639.827	90.000	0.0247	1.0000	0.0000	6.8000
E	641.438	90.000	44.7790	359.3166	0.0972	0.0991	0.0000	6.8000
dPolE	641.438	90.000	47.8934	1.0000	0.0000	6.8000
uR	641.438	90.000	0.0245	1.0000	0.0000	6.8000
E	643.049	90.000	44.8402	359.2133	0.0988	0.1004	0.0000	6.8000
dPolE	643.049	90.000	43.3899	1.0000	0.0000	6.8000
uR	643.049	90.000	0.0247	1.0000	0.0000	6.8000
E	644.660	90.000	44.6907	359.1264	0.1016	0.1028	0.0000	6.8000
dPolE	644.660	90.000	44.0034	1.0000	0.0000	6.8000
uR	644.660	90.000	0.0246	1.0000	0.0000	6.8000
E	646.271	90.000	44.9700	359.1458	0.0970	0.0974	0.0000	6.8000
dPolE	646.271	90.000	46.0492	1.0000	0.0000	6.8000
uR	646.271	90.000	0.0246	1.0000	0.0000	6.8000
E	647.881	90.000	44.9360	359.0942	0.0974	0.0973	0.0000	6.8000
dPolE	647.881	90.000	43.3162	1.0000	0.0000	6.8000
uR	647.881	90.000	0.0245	1.0000	0.0000	6.8000
E	649.492	90.000	45.0301	359.3566	0.1049	0.1040	0.0000	6.8000
dPolE	649.492	90.000	42.0393	1.0000	0.0000	6.8000
uR	649.492	90.000	0.0245	1.0000	0.0000	6.8000
E	651.103	90.000	45.0897	359.1431	0.0990	0.0974	0.0000	6.8000
dPolE	651.103	90.000	43.9096	1.0000	0.0000	6.8000
uR	651.103	90.000	0.0244	1.0000	0.0000	6.8000
E	652.713	90.000	44.7962	359.4684	0.0989	0.0968	0.0000	6.8000
dPolE	652.713	90.000	45.3578	1.0000	0.0000	6.8000
uR	652.713	90.000	0.0251	1.0000	0.0000	6.8000
E	654.323	90.000	44.9353	359.2794	0.1003	0.0975	0.0000	6.8000
dPolE	654.323	90.000	43.7421	1.0000	0.0000	6.8000
uR	654.323	90.000	0.0256	1.0000	0.0000	6.8000
E	655.934	90.000	44.8811	359.1837	0.1075	0.1042	0.0000	6.8000
dPolE	655.934	90.000	45.2736	1.0000	0.0000	6.8000
uR	655.934	90.000	0.0251	1.0000	0.0000	6.8000
E	657.544	90.000	45.0369	359.2495	0.1034	0.0998	0.0000	6.8000
dPolE	657.544	90.000	44.0786	1.0000	0.0000	6.8000
uR	657.544	90.000	0.0250	1.0000	0.0000	6.8000
E	659.154	90.000	44.9709	358.9928	0.1061	0.1023	0.0000	6.8000
dPolE	659.154	90.000	44.0134	1.0000	0.0000	6.8000
uR	659.154	90.000	0.0249	1.0000	0.0000	6.8000
E	660.764	90.000	44.6862	359.1674	0.1045	0.1005	0.0000	6.8000
dPolE	660.764	90.000	44.0659	1.0000	0.0000	6.8000
uR	660.764	90.000	0.0251	1.0000	0.0000	6.8000
E	662.374	90.000	44.9518	359.1671	0.1142	0.1098	0.0000	6.8000
dPolE	662.374	90.000	44.1764	1.0000	0.0000	6.8000
uR	662.374	90.000	0.0249	1.0000	0.0000	6.8000
E	663.984	90.000	44.9740	359.2111	0.1069	0.1027	0.0000	6.8000
dPolE	663.984	90.000	44.2249	1.0000	0.0000	6.8000
uR	663.984	90.000	0.0249	1.0000	0.0000	6.8000
E	665.594	90.000	44.5703	358.8579	0.1026	0.0986	0.0000	6.8000
dPolE	665.594	90.000	46.8023	1.0000	0.0000	6.8000
uR	665.594	90.000	0.0248	1.0000	0.0000	6.8000
E	667.204	90.000	44.9108	358.7913	0.1039	0.0998	0.0000	6.8000
dPolE	667.204	90.000	46.6278	1.0000	0.0000	6.8000
uR	667.204	90.000	0.0242	1.0000	0.0000	6.8000
E	668.813	90.000	45.3769	359.1555	0.1025	0.0982	0.0000	6.8000
dPolE	668.813	90.000	40.8600	1.0000	0.0000	6.8000
uR	668.813	90.000	0.0245	1.0000	0.0000	6.8000
E	670.423	90.000	44.7431	359.1698	0.1092	0.1044	0.0000	6.8000
dPolE	670.423	90.000	42.8297	1.0000	0.0000	6.8000
uR	670.423	90.000	0.0245	1.0000	0.0000	6.8000
E	672.032	90.000	44.6151	359.2930	0.1073	0.1024	0.0000	6.8000
dPolE	672.032	90.000	42.5606	1.0000	0.0000	6.8000
uR	672.032	90.000	0.0246	1.0000	0.0000	6.8000
E	673.642	90.000	44.9890	358.9365	0.1046	0.0995	0.0000	6.8000
dPolE	673.642	90.000	41.4336	1.0000	0.0000	6.8000
uR	673.642	90.000	0.0244	1.0000	0.0000	6.8000
E	675.251	90.000	44.8915	359.1234	0.0989	0.0936	0.0000	6.8000
dPolE	675.251	90.000	43.5476	1.0000	0.0000	6.8000
uR	675.251	90.000	0.0252	1.0000	0.0000	6.8000
E	676.860	90.000	44.9417	358.9952	0.1044	0.0983	0.0000	6.8000
dPolE	676.860	90.000	42.0939	1.0000	0.0000	6.8000
uR	676.860	90.000	0.0249	1.0000	0.0000	6.8000
E	678.469	90.000	44.4115	359.3737	0.1086	0.1016	0.0000	6.8000
dPolE	678.469	90.000	43.5064	1.0000	0.0000	6.8000
uR	678.469	90.000	0.0246	1.0000	0.0000	6.8000
E	680.079	90.000	44.8054	358.9498	0.1089	0.1013	0.0000	6.8000
dPolE	680.079	90.000	41.4275	1.0000	0.0000	6.8000
uR	680.079	90.000	0.0247	1.0000	0.0000	6.8000
E	681.688	90.000	44.7662	359.3406	0.1064	0.0983	0.0000	6.8000
dPolE	681.688	90.000	42.6733	1.0000	0.0000	6.8000
uR	681.688	90.000	0.0253	1.0000	0.0000	6.8000
E	683.296	90.000	45.0860	358.9892	0.1035	0.0950	0.0000	6.8000
dPolE	683.296	90.000	38.5735	1.0000	0.0000	6.8000
uR	683.296	90.000	0.0251	1.0000	0.0000	6.8000
E	684.905	90.000	45.0515	359.1416	0.1053	0.0961	0.0000	6.8000
dPolE	684.905	90.000	36.7652	1.0000	0.0000	6.8000
uR	684.905	90.000	0.0247	1.0000	0.0000	6.8000
E	686.514	90.000	45.0195	359.2711	0.1057	0.0959	0.0000	6.8000
dPolE	686.514	90.000	37.0425	1.0000	0.0000	6.8000
uR	686.514	90.000	0.0244	1.0000	0.0000	6.8000
E	688.123	90.000	45.0841	359.4293	0.1030	0.0931	0.0000	6.8000
dPolE	688.123	90.000	39.2048	1.0000	0.0000	6.8000
uR	688.123	90.000	0.0241	1.0000	0.0000	6.8000
E	689.731	90.000	44.7684	359.2622	0.1038	0.0935	0.0000	6.8000
dPolE	689.731	90.000	37.2388	1.0000	0.0000	6.8000
uR	689.731	90.000	0.0241	1.0000	0.0000	6.8000
E	691.340	90.000	44.7645	359.1017	0.1078	0.0968	0.0000	6.8000
dPolE	691.340	90.000	41.8777	1.0000	0.0000	6.8000
uR	691.340	90.000	0.0242	1.0000	0.0000	6.8000
E	692.948	90.000	45.1662	359.1606	0.1061	0.0951	0.0000	6.8000
dPolE	692.948	90.000	39.3115	1.0000	0.0000	6.8000
uR	692.948	90.000	0.0245	1.0000	0.0000	6.8000
E	694.556	90.000	45.0529	359.1279	0.1148	0.1028	0.0000	6.8000
dPolE	694.556	90.000	41.0107	1.0000	0.0000	6.8000
uR	694.556	90.000	0.0247	1.0000	0.0000	6.8000
E	696.164	90.000	45.0448	359.2986	0.1160	0.1040	0.0000	6.8000
dPolE	696.164	90.000	40.9858	1.0000	0.0000	6.8000
uR	696.164	90.000	0.0247	1.0000	0.0000	6.8000
E	697.772	90.000	44.4952	359.0583	0.1202	0.1077	0.0000	6.8000
dPolE	697.772	90.000	42.4091	1.0000	0.0000	6.8000
uR	697.772	90.000	0.0246	1.0000	0.0000	6.8000
E	699.380	90.000	44.9144	359.1830	0.1210	0.1084	0.0000	6.8000
dPolE	699.380	90.000	43.8258	1.0000	0.0000	6.8000
uR	699.380	90.000	0.0240	1.0000	0.0000	6.8000
E	700.988	90.000	44.7059	359.2918	0.1280	0.1145	0.0000	6.8000
dPolE	700.988	90.000	43.4707	1.0000	0.0000	6.8000
uR	700.988	90.000	0.0241	1.0000	0.0000	6.8000
E	702.596	90.000	44.5962	359.1640	0.1208	0.1079	0.0000	6.8000
dPolE	702.596	90.000	43.9127	1.0000	0.0000	6.8000
uR	702.596	90.000	0.0244	1.0000	0.0000	6.8000
E	704.204	90.000	44.9096	359.3287	0.1250	0.1115	0.0000	6.8000
dPolE	704.204	90.000	43.4973	1.0000	0.0000	6.8000
uR	704.204	90.000	0.0243	1.0000	0.0000	6.8000
E	705.811	90.000	45.0996	359.0653	0.1267	0.1124	0.0000	6.8000
dPolE	705.811	90.000	44.0018	1.0000	0.0000	6.8000
uR	705.811	90.000	0.0245	1.0000	0.0000	6.8000
E	707.419	90.000	44.9693	358.8744	0.1278	0.1132	0.0000	6.8000
dPolE	707.419	90.000	43.1682	1.0000	0.0000	6.8000
uR	707.419	90.000	0.0247	1.0000	0.0000	6.8000
E	709.026	90.000	44.8979	359.1423	0.1238	0.1092	0.0000	6.8000
dPolE	709.026	90.000	38.9737	1.0000	0.0000	6.8000
uR	709.026	90.000	0.0249	1.0000	0.0000	6.8000
E	710.634	90.000	45.2038	358.9995	0.1161	0.1019	0.0000	6.8000
dPolE	710.634	90.000	40.7934	1.0000	0.0000	6.8000
uR	710.634	90.000	0.0257	1.0000	0.0000	6.8000
E	712.241	90.000	44.8987	359.0743	0.1181	0.1032	0.0000	6.8000
dPolE	712.241	90.000	42.4674	1.0000	0.0000	6.8000
uR	712.241	90.000	0.0276	1.0000	0.0000	6.8000
E	713.848	90.000	44.9531	359.4633	0.1445	0.1254	0.0000	6.8000
dPolE	713.848	90.000	42.7290	1.0000	0.0000	6.8000
uR	713.848	90.000	0.0269	1.0000	0.0000	6.8000
E	715.455	90.000	45.0220	359.3411	0.1514	0.1305	0.0000	6.8000
dPolE	715.455	90.000	47.3966	1.0000	0.0000	6.8000
uR	715.455	90.000	0.0235	1.0000	0.0000	6.8000
E	717.062	90.000	44.8867	359.0648	0.1442	0.1239	0.0000	6.8000
dPolE	717.062	90.000	43.9686	1.0000	0.0000	6.8000
uR	717.062	90.000	0.0227	1.0000	0.0000	6.8000
E	718.669	90.000	44.7905	358.7565	0.1287	0.1101	0.0000	6.8000
dPolE	718.669	90.000	42.3505	1.0000	0.0000	6.8000
uR	718.669	90.000	0.0238	1.0000	0.0000	6.8000
E	720.276	90.000	45.0046	359.2181	0.1238	0.1054	0.0000	6.8000
dPolE	720.276	90.000	44.6002	1.0000	0.0000	6.8000
uR	720.276	90.000	0.0253	1.0000	0.0000	6.8000
E	721.882	90.000	45.2939	359.0093	0.1364	0.1156	0.0000	6.8000
dPolE	721.882	90.000	46.8380	1.0000	0.0000	6.8000
uR	721.882	90.000	0.0250	1.0000	0.0000	6.8000
E	723.489	90.000	45.0338	359.0940	0.1347	0.1136	0.0000	6.8000
dPolE	723.489	90.000	41.8915	1.0000	0.0000	6.8000
uR	723.489	90.000	0.0249	1.0000	0.0000	6.8000
E	725.095	90.000	44.8981	359.2533	0.1415	0.1190	0.0000	6.8000
dPolE	725.095	90.000	42.7377	1.0000	0.0000	6.8000
uR	725.095	90.000	0.0257	1.0000	0.0000	6.8000
E	726.701	90.000	44.8862	359.0282	0.1346	0.1129	0.0000	6.8000
dPolE	726.701	90.000	42.7868	1.0000	0.0000	6.8000
uR	726.701	90.000	0.0255	1.0000	0.0000	6.8000
E	728.308	90.000	45.2729	359.1483	0.1337	0.1120	0.0000	6.8000
dPolE	728.308	90.000	41.5303	1.0000	0.0000	6.8000
uR	728.308	90.000	0.0254	1.0000	0.0000	6.8000
E	729.914	90.000	45.1264	358.9069	0.1282	0.1071	0.0000	6.8000
dPolE	729.914	90.000	40.4856	1.0000	0.0000	6.8000
uR	729.914	90.000	0.0250	1.0000	0.0000	6.8000
E	731.520	90.000	44.8541	359.2578	0.1272	0.1063	0.0000	6.8000
dPolE	731.520	90.000	39.6233	1.0000	0.0000	6.8000
uR	731.520	90.000	0.0251	1.0000	0.0000	6.8000
E	733.126	90.000	44.8824	359.1564	0.1269	0.1060	0.0000	6.8000
dPolE	733.126	90.000	37.9810	1.0000	0.0000	6.8000
uR	733.126	90.000	0.0255	1.0000	0.0000	6.8000
E	734.732	90.000	45.1417	359.0092	0.1257	0.1050	0.0000	6.8000
dPolE	734.732	90.000	35.6833	1.0000	0.0000	6.8000
uR	734.732	90.000	0.0257	1.0000	0.0000	6.8000
E	736.337	90.000	44.8986	358.9957	0.1303	0.1088	0.0000	6.8000
dPolE	736.337	90.000	41.9142	1.0000	0.0000	6.8000
uR	736.337	90.000	0.0257	1.0000	0.0000	6.8000
E	737.943	90.000	45.0482	359.3719	0.1342	0.1120	0.0000	6.8000
dPolE	737.943	90.000	41.5995	1.0000	0.0000	6.8000
uR	737.943	90.000	0.0253	1.0000	0.0000	6.8000
E	739.548	90.000	44.9591	358.9789	0.1279	0.1064	0.0000	6.8000
dPolE	739.548	90.000	38.1093	1.0000	0.0000	6.8000
uR	739.548	90.000	0.0251	1.0000	0.0000	6.8000
E	741.154	90.000	44.6856	359.0374	0.1292	0.1074	0.0000	6.8000
dPolE	741.154	90.000	39.7775	1.0000	0.0000	6.8000
uR	741.154	90.000	0.0249	1.0000	0.0000	6.8000
E	742.759	90.000	45.1343	359.3724	0.1341	0.1111	0.0000	6.8000
dPolE	742.759	90.000	37.6518	1.0000	0.0000	6.8000
uR	742.759	90.000	0.0248	1.0000	0.0000	6.8000
E	744.364	90.000	45.1756	358.9525	0.1329	0.1096	0.0000	6.8000
dPolE	744.364	90.000	39.3228	1.0000	0.0000	6.8000
uR	744.364	90.000	0.0246	1.0000	0.0000	6.8000
E	745.969	90.000	45.1078	359.1756	0.1359	0.1117	0.0000	6.8000
dPolE	745.969	90.000	38.8723	1.0000	0.0000	6.8000
uR	745.969	90.000	0.0256	1.0000	0.0000	6.8000
E	747.574	90.000	44.6813	359.0323	0.1430	0.1171	0.0000	6.8000
dPolE	747.574	90.000	40.8290	1.0000	0.0000	6.8000
uR	747.574	90.000	0.0252	1.0000	0.0000	6.8000
E	749.179	90.000	44.9888	359.1372	0.1389	0.1132	0.0000	6.8000
dPolE	749.179	90.000	43.1488	1.0000	0.0000	6.8000
uR	749.179	90.000	0.0251	1.0000	0.0000	6.8000
E	750.784	90.000	44.7247	359.5204	0.1417	0.1150	0.0000	6.8000
dPolE	750.784	90.000	41.7804	1.0000	0.0000	6.8000
uR	750.784	90.000	0.0242	1.0000	0.0000	6.8000
E	752.388	90.000	44.7844	359.4280	0.1450	0.1170	0.0000	6.8000
dPolE	752.388	90.000	41.4450	1.0000	0.0000	6.8000
uR	752.388	90.000	0.0243	1.0000	0.0000	6.8000
E	753.993	90.000	45.4141	359.1912	0.1479	0.1188	0.0000	6.8000
dPolE	753.993	90.000	42.2591	1.0000	0.0000	6.8000
uR	753.993	90.000	0.0244	1.0000	0.0000	6.8000
E	755.597	90.000	44.7956	358.9627	0.1482	0.1184	0.0000	6.8000
dPolE	755.597	90.000	40.7686	1.0000	0.0000	6.8000
uR	755.597	90.000	0.0245	1.0000	0.0000	6.8000
E	757.202	90.000	45.2588	359.1889	0.1483	0.1181	0.0000	6.8000
dPolE	757.202	90.000	39.4622	1.0000	0.0000	6.8000
uR	757.202	90.000	0.0249	1.0000	0.0000	6.8000
E	758.806	90.000	44.9389	359.2443	0.1459	0.1154	0.0000	6.8000
dPolE	758.806	90.000	41.2729	1.0000	0.0000	6.8000
uR	758.806	90.000	0.0242	1.0000	0.0000	6.8000
E	760.410	90.000	44.8022	359.2664	0.1423	0.1122	0.0000	6.8000
dPolE	760.410	90.000	39.7310	1.0000	0.0000	6.8000
uR	760.410	90.000	0.0234	1.0000	0.0000	6.8000
E	762.014	90.000	44.8606	359.2374	0.1333	0.1045	0.0000	6.8000
dPolE	762.014	90.000	38.6030	1.0000	0.0000	6.8000
uR	762.014	90.000	0.0238	1.0000	0.0000	6.8000
E	763.618	90.000	45.1853	359.1023	0.1167	0.0914	0.0000	6.8000
dPolE	763.618	90.000	29.3307	1.0000	0.0000	6.8000
uR	763.618	90.000	0.0249	1.0000	0.0000	6.8000
E	765.221	90.000	45.0902	358.9518	0.1114	0.0871	0.0000	6.8000
dPolE	765.221	90.000	29.6282	1.0000	0.0000	6.8000
uR	765.221	90.000	0.0249	1.0000	0.0000	6.8000
E	766.825	90.000	45.3316	358.8622	0.1155	0.0901	0.0000	6.8000
dPolE	766.825	90.000	31.2571	1.0000	0.0000	6.8000
uR	766.825	90.000	0.0246	1.0000	0.0000	6.8000
E	768.429	90.000	44.9033	359.0695	0.1384	0.1077	0.0000	6.8000
dPolE	768.429	90.000	39.6832	1.0000	0.0000	6.8000
uR	768.429	90.000	0.0238	1.0000	0.0000	6.8000
E	770.032	90.000	44.9958	359.0659	0.1500	0.1166	0.0000	6.8000
dPolE	770.032	90.000	42.4764	1.0000	0.0000	6.8000
uR	770.032	90.000	0.0250	1.0000	0.0000	6.8000
E	771.635	90.000	44.7939	359.0696	0.1679	0.1305	0.0000	6.8000
dPolE	771.635	90.000	41.0000	1.0000	0.0000	6.8000
uR	771.635	90.000	0.0257	1.0000	0.0000	6.8000
E	773.238	90.000	45.0892	358.9083	0.1636	0.1272	0.0000	6.8000
dPolE	773.238	90.000	42.1959	1.0000	0.0000	6.8000
uR	773.238	90.000	0.0257	1.0000	0.0000	6.8000
E	774.841	90.000	44.7841	359.1672	0.1912	0.1484	0.0000	6.8000
dPolE	774.841	90.000	41.7145	1.0000	0.0000	6.8000
uR	774.841	90.000	0.0261	1.0000	0.0000	6.8000
E	776.444	90.000	44.9577	358.9083	0.1741	0.1350	0.0000	6.8000
dPolE	776.444	90.000	45.0496	1.0000	0.0000	6.8000
uR	776.444	90.000	0.0267	1.0000	0.0000	6.8000
E	778.047	90.000	44.6032	359.0909	0.1919	0.1483	0.0000	6.8000
dPolE	778.047	90.000	45.6486	1.0000	0.0000	6.8000
uR	778.047	90.000	0.0266	1.0000	0.0000	6.8000
E	779.650	90.000	45.1520	359.1546	0.1816	0.1402	0.0000	6.8000
dPolE	779.650	90.000	46.6126	1.0000	0.0000	6.8000
uR	779.650	90.000	0.0269	1.0000	0.0000	6.8000
E	781.252	90.000	44.9975	359.1561	0.1812	0.1401	0.0000	6.8000
dPolE	781.252	90.000	45.0340	1.0000	0.0000	6.8000
uR	781.252	90.000	0.0273	1.0000	0.0000	6.8000
E	782.855	90.000	45.1562	358.6777	0.1740	0.1342	0.0000	6.8000
dPolE	782.855	90.000	50.2587	1.0000	0.0000	6.8000
uR	782.855	90.000	0.0284	1.0000	0.0000	6.8000
E	784.457	90.000	44.7520	358.6611	0.1860	0.1434	0.0000	6.8000
dPolE	784.457	90.000	44.1787	1.0000	0.0000	6.8000
uR	784.457	90.000	0.0285	1.0000	0.0000	6.8000
E	786.059	90.000	44.7741	358.9196	0.1862	0.1430	0.0000	6.8000
dPolE	786.059	90.000	45.4731	1.0000	0.0000	6.8000
uR	786.059	90.000	0.0278	1.0000	0.0000	6.8000
E	787.661	90.000	44.9510	359.0891	0.1827	0.1392	0.0000	6.8000
dPolE	787.661	90.000	42.1764	1.0000	0.0000	6.8000
uR	787.661	90.000	0.0267	1.0000	0.0000	6.8000
E	789.263	90.000	44.7395	358.8380	0.1590	0.1213	0.0000	6.8000
dPolE	789.263	90.000	44.7692	1.0000	0.0000	6.8000
uR	789.263	90.000	0.0256	1.0000	0.0000	6.8000
E	790.865	90.000	44.9020	358.7909	0.1637	0.1241	0.0000	6.8000
dPolE	790.865	90.000	44.9109	1.0000	0.0000	6.8000
uR	790.865	90.000	0.0244	1.0000	0.0000	6.8000
E	792.467	90.000	45.2729	358.6652	0.1679	0.1271	0.0000	6.8000
dPolE	792.467	90.000	42.0603	1.0000	0.0000	6.8000
uR	792.467	90.000	0.0246	1.0000	0.0000	6.8000
E	794.068	90.000	44.6351	359.0247	0.1744	0.1311	0.0000	6.8000
dPolE	794.068	90.000	45.7292	1.0000	0.0000	6.8000
uR	794.068	90.000	0.0253	1.0000	0.0000	6.8000
E	795.670	90.000	45.1359	359.4135	0.1838	0.1375	0.0000	6.8000
dPolE	795.670	90.000	41.9807	1.0000	0.0000	6.8000
uR	795.670	90.000	0.0262	1.0000	0.0000	6.8000
E	797.271	90.000	44.9704	358.9835	0.1740	0.1299	0.0000	6.8000
dPolE	797.271	90.000	40.6063	1.0000	0.0000	6.8000
uR	797.271	90.000	0.0266	1.0000	0.0000	6.8000
E	798.872	90.000	45.2376	359.5244	0.1690	0.1255	0.0000	6.8000
dPolE	798.872	90.000	36.0637	1.0000	0.0000	6.8000
uR	798.872	90.000	0.0268	1.0000	0.0000	6.8000
E	800.473	90.000	45.0214	359.0014	0.1646	0.1220	0.0000	6.8000
dPolE	800.473	90.000	41.4237	1.0000	0.0000	6.8000
uR	800.473	90.000	0.0268	1.0000	0.0000	6.8000
E	802.074	90.000	44.8495	359.1800	0.1770	0.1304	0.0000	6.8000
dPolE	802.074	90.000	41.1369	1.0000	0.0000	6.8000
uR	802.074	90.000	0.0264	1.0000	0.0000	6.8000
E	803.675	90.000	44.4033	358.8666	0.1810	0.1326	0.0000	6.8000
dPolE	803.675	90.000	46.4220	1.0000	0.0000	6.8000
uR	803.675	90.000	0.0268	1.0000	0.0000	6.8000
E	805.276	90.000	45.0306	359.0750	0.1835	0.1339	0.0000	6.8000
dPolE	805.276	90.000	43.0823	1.0000	0.0000	6.8000
uR	805.276	90.000	0.0262	1.0000	0.0000	6.8000
E	806.876	90.000	44.5687	358.8975	0.1854	0.1353	0.0000	6.8000
dPolE	806.876	90.000	44.1329	1.0000	0.0000	6.8000
uR	806.876	90.000	0.0260	1.0000	0.0000	6.8000
E	808.477	90.000	44.6463	358.8897	0.1815	0.1321	0.0000	6.8000
dPolE	808.477	90.000	42.9256	1.0000	0.0000	6.8000
uR	808.477	90.000	0.0252	1.0000	0.0000	6.8000
E	810.077	90.000	44.1726	359.0044	0.1762	0.1279	0.0000	6.8000
dPolE	810.077	90.000	41.1695	1.0000	0.0000	6.8000
uR	810.077	90.000	0.0260	1.0000	0.0000	6.8000
E	811.677	90.000	44.8425	359.3748	0.1766	0.1277	0.0000	6.8000
dPolE	811.677	90.000	43.1811	1.0000	0.0000	6.8000
uR	811.677	90.000	0.0267	1.0000	0.0000	6.8000
E	813.277	90.000	45.1736	359.0689	0.1828	0.1323	0.0000	6.8000
dPolE	813.277	90.000	43.3679	1.0000	0.0000	6.8000
uR	813.277	90.000	0.0249	1.0000	0.0000	6.8000
E	814.877	90.000	45.2118	359.2776	0.1794	0.1296	0.0000	6.8000
dPolE	814.877	90.000	42.3958	1.0000	0.0000	6.8000
uR	814.877	90.000	0.0243	1.0000	0.0000	6.8000
E	816.477	90.000	45.4736	358.9760	0.1722	0.1241	0.0000	6.8000
dPolE	816.477	90.000	34.7085	1.0000	0.0000	6.8000
uR	816.477	90.000	0.0253	1.0000	0.0000	6.8000
E	818.077	90.000	45.2222	359.2020	0.1522	0.1099	0.0000	6.8000
dPolE	818.077	90.000	31.1166	1.0000	0.0000	6.8000
uR	818.077	90.000	0.0237	1.0000	0.0000	6.8000
E	819.676	90.000	44.9235	359.1268	0.1154	0.0832	0.0000	6.8000
dPolE	819.676	90.000	24.7088	1.0000	0.0000	6.8000
uR	819.676	90.000	0.0207	1.0000	0.0000	6.8000
E	821.276	90.000	44.8640	359.1908	0.0745	0.0536	0.0000	6.8000
dPolE	821.276	90.000	12.7923	1.0000	0.0000	6.8000
uR	821.276	90.000	0.0211	1.0000	0.0000	6.8000
E	822.875	90.000	44.9992	359.0520	0.0540	0.0388	0.0000	6.8000
dPolE	822.875	90.000	7.6931	1.0000	0.0000	6.8000
uR	822.875	90.000	0.0236	1.0000	0.0000	6.8000
E	824.474	90.000	44.9761	359.0642	0.0436	0.0313	0.0000	6.8000
dPolE	824.474	90.000	3.7668	1.0000	0.0000	6.8000
uR	824.474	90.000	0.0253	1.0000	0.0000	6.8000
E	826.073	90.000	45.0018	359.1147	0.0467	0.0336	0.0000	6.8000
dPolE	826.073	90.000	3.8998	1.0000	0.0000	6.8000
uR	826.073	90.000	0.0247	1.0000	0.0000	6.8000
E	827.672	90.000	44.8163	359.0499	0.0561	0.0402	0.0000	6.8000
dPolE	827.672	90.000	8.1696	1.0000	0.0000	6.8000
uR	827.672	90.000	0.0240	1.0000	0.0000	6.8000
E	829.271	90.000	44.8855	359.0305	0.0655	0.0468	0.0000	6.8000
dPolE	829.271	90.000	9.5820	1.0000	0.0000	6.8000
uR	829.271	90.000	0.0255	1.0000	0.0000	6.8000
E	830.869	90.000	45.0004	359.0409	0.0789	0.0563	0.0000	6.8000
dPolE	830.869	90.000	15.6679	1.0000	0.0000	6.8000
uR	830.869	90.000	0.0239	1.0000	0.0000	6.8000
E	832.468	90.000	44.7535	359.0607	0.1040	0.0741	0.0000	6.8000
dPolE	832.468	90.000	28.1537	1.0000	0.0000	6.8000
uR	832.468	90.000	0.0218	1.0000	0.0000	6.8000
E	834.066	90.000	44.9538	359.1995	0.0986	0.0700	0.0000	6.8000
dPolE	834.066	90.000	22.0847	1.0000	0.0000	6.8000
uR	834.066	90.000	0.0230	1.0000	0.0000	6.8000
E	835.664	90.000	44.8680	359.2041	0.0935	0.0662	0.0000	6.8000
dPolE	835.664	90.000	20.7158	1.0000	0.0000	6.8000
uR	835.664	90.000	0.0241	1.0000	0.0000	6.8000
E	837.262	90.000	44.7380	359.0487	0.1040	0.0734	0.0000	6.8000
dPolE	837.262	90.000	25.0424	1.0000	0.0000	6.8000
uR	837.262	90.000	0.0243	1.0000	0.0000	6.8000
E	838.860	90.000	45.1366	359.0955	0.1187	0.0834	0.0000	6.8000
dPolE	838.860	90.000	29.8011	1.0000	0.0000	6.8000
uR	838.860	90.000	0.0242	1.0000	0.0000	6.8000
E	840.458	90.000	44.8479	359.0910	0.1379	0.0964	0.0000	6.8000
dPolE	840.458	90.000	39.6912	1.0000	0.0000	6.8000
uR	840.458	90.000	0.0250	1.0000	0.0000	6.8000
E	842.055	90.000	45.2015	358.8837	0.1371	0.0958	0.0000	6.8000
dPolE	842.055	90.000	39.4757	1.0000	0.0000	6.8000
uR	842.055	90.000	0.0267	1.0000	0.0000	6.8000
E	843.653	90.000	44.6881	359.0750	0.1565	0.1089	0.0000	6.8000
dPolE	843.653	90.000	45.5408	1.0000	0.0000	6.8000
uR	843.653	90.000	0.0251	1.0000	0.0000	6.8000
E	845.250	90.000	45.7281	359.0783	0.1954	0.1352	0.0000	6.8000
dPolE	845.250	90.000	54.9935	1.0000	0.0000	6.8000
uR	845.250	90.000	0.0242	1.0000	0.0000	6.8000
E	846.847	90.000	45.2946	358.6382	0.2360	0.1627	0.0000	6.8000
dPolE	846.847	90.000	53.0893	1.0000	0.0000	6.8000
uR	846.847	90.000	0.0249	1.0000	0.0000	6.8000
E	848.444	90.000	44.2612	359.0484	0.2514	0.1726	0.0000	6.8000
dPolE	848.444	90.000	59.7165	1.0000	0.0000	6.8000
uR	848.444	90.000	0.0261	1.0000	0.0000	6.8000
E	850.041	90.000	45.3662	358.9737	0.2404	0.1643	0.0000	6.8000
dPolE	850.041	90.000	61.4188	1.0000	0.0000	6.8000
uR	850.041	90.000	0.0266	1.0000	0.0000	6.8000
E	851.638	90.000	45.1220	359.1105	0.2494	0.1698	0.0000	6.8000
dPolE	851.638	90.000	59.7173	1.0000	0.0000	6.8000
uR	851.638	90.000	0.0266	1.0000	0.0000	6.8000
E	853.234	90.000	45.0409	358.9482	0.2704	0.1834	0.0000	6.8000
dPolE	853.234	90.000	59.9114	1.0000	0.0000	6.8000
uR	853.234	90.000	0.0257	1.0000	0.0000	6.8000
E	854.831	90.000	44.8238	359.0491	0.2812	0.1897	0.0000	6.8000
dPolE	854.831	90.000	59.2766	1.0000	0.0000	6.8000
uR	854.831	90.000	0.0245	1.0000	0.0000	6.8000
E	856.427	90.000	44.7186	359.1711	0.2716	0.1833	0.0000	6.8000
dPolE	856.427	90.000	64.1261	1.0000	0.0000	6.8000
uR	856.427	90.000	0.0234	1.0000	0.0000	6.8000
E	858.023	90.000	44.4625	358.5473	0.2655	0.1790	0.0000	6.8000
dPolE	858.023	90.000	54.0686	1.0000	0.0000	6.8000
uR	858.023	90.000	0.0260	1.0000	0.0000	6.8000
E	859.619	90.000	45.1649	359.1200	0.2646	0.1774	0.0000	6.8000
dPolE	859.619	90.000	56.3672	1.0000	0.0000	6.8000
uR	859.619	90.000	0.0240	1.0000	0.0000	6.8000
E	861.215	90.000	44.6628	359.0014	0.2548	0.1707	0.0000	6.8000
dPolE	861.215	90.000	52.9485	1.0000	0.0000	6.8000
uR	861.215	90.000	0.0250	1.0000	0.0000	6.8000
E	862.811	90.000	44.5571	358.9035	0.2548	0.1707	0.0000	6.8000
dPolE	862.811	90.000	50.7373	1.0000	0.0000	6.8000
uR	862.811	90.000	0.0257	1.0000	0.0000	6.8000
E	864.407	90.000	45.6215	359.5009	0.2369	0.1581	0.0000	6.8000
dPolE	864.407	90.000	48.9265	1.0000	0.0000	6.8000
uR	864.407	90.000	0.0261	1.0000	0.0000	6.8000
E	866.002	90.000	44.1599	359.2153	0.2212	0.1477	0.0000	6.8000
dPolE	866.002	90.000	40.4841	1.0000	0.0000	6.8000
uR	866.002	90.000	0.0280	1.0000	0.0000	6.8000
E	867.597	90.000	45.1845	359.3839	0.2194	0.1465	0.0000	6.8000
dPolE	867.597	90.000	39.2142	1.0000	0.0000	6.8000
uR	867.597	90.000	0.0262	1.0000	0.0000	6.8000
E	869.192	90.000	44.6449	359.2583	0.2178	0.1451	0.0000	6.8000
dPolE	869.192	90.000	37.4830	1.0000	0.0000	6.8000
uR	869.192	90.000	0.0260	1.0000	0.0000	6.8000
E	870.787	90.000	44.7169	359.2870	0.2021	0.1347	0.0000	6.8000
dPolE	870.787	90.000	39.4289	1.0000	0.0000	6.8000
uR	870.787	90.000	0.0253	1.0000	0.0000	6.8000
E	872.382	90.000	45.1032	359.0981	0.1876	0.1249	0.0000	6.8000
dPolE	872.382	90.000	35.2748	1.0000	0.0000	6.8000
uR	872.382	90.000	0.0244	1.0000	0.0000	6.8000
E	873.977	90.000	45.0030	359.1771	0.1733	0.1155	0.0000	6.8000
dPolE	873.977	90.000	33.7654	1.0000	0.0000	6.8000
uR	873.977	90.000	0.0241	1.0000	0.0000	6.8000
E	875.571	90.000	45.1970	358.9283	0.1551	0.1033	0.0000	6.8000
dPolE	875.571	90.000	31.6508	1.0000	0.0000	6.8000
uR	875.571	90.000	0.0237	1.0000	0.0000	6.8000
E	877.166	90.000	44.7873	359.1135	0.1370	0.0911	0.0000	6.8000
dPolE	877.166	90.000	30.9436	1.0000	0.0000	6.8000
uR	877.166	90.000	0.0219	1.0000	0.0000	6.8000
E	878.760	90.000	44.8706	359.1613	0.0944	0.0627	0.0000	6.8000
dPolE	878.760	90.000	15.6340	1.0000	0.0000	6.8000
uR	878.760	90.000	0.0218	1.0000	0.0000	6.8000
E	880.354	90.000	44.8402	359.0808	0.0663	0.0440	0.0000	6.8000
dPolE	880.354	90.000	8.7756	1.0000	0.0000	6.8000
uR	880.354	90.000	0.0227	1.0000	0.0000	6.8000
E	881.948	90.000	44.8537	359.1513	0.0515	0.0340	0.0000	6.8000
dPolE	881.948	90.000	5.4093	1.0000	0.0000	6.8000
uR	881.948	90.000	0.0250	1.0000	0.0000	6.8000
E	883.542	90.000	44.9940	359.0611	0.0483	0.0319	0.0000	6.8000
dPolE	883.542	90.000	3.9796	1.0000	0.0000	6.8000
uR	883.542	90.000	0.0263	1.0000	0.0000	6.8000
E	885.135	90.000	44.9686	359.0982	0.0589	0.0388	0.0000	6.8000
dPolE	885.135	90.000	5.2430	1.0000	0.0000	6.8000
uR	885.135	90.000	0.0245	1.0000	0.0000	6.8000
E	886.729	90.000	44.8113	359.1691	0.0733	0.0482	0.0000	6.8000
dPolE	886.729	90.000	10.5307	1.0000	0.0000	6.8000
uR	886.729	90.000	0.0231	1.0000	0.0000	6.8000
E	888.322	90.000	44.7349	358.9576	0.0947	0.0622	0.0000	6.8000
dPolE	888.322	90.000	21.2995	1.0000	0.0000	6.8000
uR	888.322	90.000	0.0229	1.0000	0.0000	6.8000
E	889.915	90.000	45.0058	359.0811	0.1121	0.0733	0.0000	6.8000
dPolE	889.915	90.000	22.6859	1.0000	0.0000	6.8000
uR	889.915	90.000	0.0226	1.0000	0.0000	6.8000
E	891.508	90.000	44.9308	359.1180	0.1145	0.0745	0.0000	6.8000
dPolE	891.508	90.000	21.2857	1.0000	0.0000	6.8000
uR	891.508	90.000	0.0237	1.0000	0.0000	6.8000
E	893.101	90.000	45.1051	359.1331	0.1046	0.0679	0.0000	6.8000
dPolE	893.101	90.000	19.0130	1.0000	0.0000	6.8000
uR	893.101	90.000	0.0233	1.0000	0.0000	6.8000
E	894.694	90.000	44.8171	359.0444	0.0920	0.0594	0.0000	6.8000
dPolE	894.694	90.000	16.7770	1.0000	0.0000	6.8000
uR	894.694	90.000	0.0249	1.0000	0.0000	6.8000
E	896.286	90.000	44.8524	359.1726	0.0859	0.0553	0.0000	6.8000
dPolE	896.286	90.000	15.8990	1.0000	0.0000	6.8000
uR	896.286	90.000	0.0252	1.0000	0.0000	6.8000
E	897.879	90.000	44.9127	359.1731	0.0926	0.0594	0.0000	6.8000
dPolE	897.879	90.000	16.9624	1.0000	0.0000	6.8000
uR	897.879	90.000	0.0246	1.0000	0.0000	6.8000
E	899.471	90.000	44.8463	359.0308	0.1079	0.0690	0.0000	6.8000
dPolE	899.471	90.000	21.7877	1.0000	0.0000	6.8000
uR	899.471	90.000	0.0238	1.0000	0.0000	6.8000
E	901.063	90.000	44.8884	359.0574	0.1165	0.0741	0.0000	6.8000
dPolE	901.063	90.000	20.4078	1.0000	0.0000	6.8000
uR	901.063	90.000	0.0233	1.0000	0.0000	6.8000
E	902.655	90.000	44.8640	359.0949	0.1075	0.0682	0.0000	6.8000
dPolE	902.655	90.000	17.5712	1.0000	0.0000	6.8000
uR	902.655	90.000	0.0244	1.0000	0.0000	6.8000
E	904.247	90.000	44.8265	359.1582	0.0936	0.0591	0.0000	6.8000
dPolE	904.247	90.000	13.4877	1.0000	0.0000	6.8000
uR	904.247	90.000	0.0259	1.0000	0.0000	6.8000
E	905.838	90.000	44.9018	359.0348	0.0950	0.0599	0.0000	6.8000
dPolE	905.838	90.000	16.9221	1.0000	0.0000	6.8000
uR	905.838	90.000	0.0248	1.0000	0.0000	6.8000
E	907.429	90.000	45.0820	359.0811	0.1065	0.0670	0.0000	6.8000
dPolE	907.429	90.000	20.1122	1.0000	0.0000	6.8000
uR	907.429	90.000	0.0236	1.0000	0.0000	6.8000
E	909.021	90.000	44.5568	358.8814	0.1342	0.0844	0.0000	6.8000
dPolE	909.021	90.000	28.6854	1.0000	0.0000	6.8000
uR	909.021	90.000	0.0218	1.0000	0.0000	6.8000
E	910.612	90.000	44.8144	359.1424	0.1442	0.0900	0.0000	6.8000
dPolE	910.612	90.000	31.0282	1.0000	0.0000	6.8000
uR	910.612	90.000	0.0215	1.0000	0.0000	6.8000
E	912.203	90.000	45.0506	359.1755	0.1371	0.0855	0.0000	6.8000
dPolE	912.203	90.000	28.8310	1.0000	0.0000	6.8000
uR	912.203	90.000	0.0212	1.0000	0.0000	6.8000
E	913.793	90.000	45.1249	359.1426	0.1134	0.0704	0.0000	6.8000
dPolE	913.793	90.000	20.1111	1.0000	0.0000	6.8000
uR	913.793	90.000	0.0221	1.0000	0.0000	6.8000
E	915.384	90.000	45.2609	359.1363	0.0869	0.0539	0.0000	6.8000
dPolE	915.384	90.000	11.1134	1.0000	0.0000	6.8000
uR	915.384	90.000	0.0233	1.0000	0.0000	6.8000
E	916.974	90.000	44.8622	359.0509	0.0821	0.0509	0.0000	6.8000
dPolE	916.974	90.000	14.2375	1.0000	0.0000	6.8000
uR	916.974	90.000	0.0239	1.0000	0.0000	6.8000
E	918.565	90.000	44.9086	359.1856	0.0866	0.0536	0.0000	6.8000
dPolE	918.565	90.000	13.3636	1.0000	0.0000	6.8000
uR	918.565	90.000	0.0244	1.0000	0.0000	6.8000
E	920.155	90.000	45.0754	359.1311	0.1035	0.0640	0.0000	6.8000
dPolE	920.155	90.000	19.4475	1.0000	0.0000	6.8000
uR	920.155	90.000	0.0230	1.0000	0.0000	6.8000
E	921.745	90.000	44.7825	359.1113	0.1294	0.0798	0.0000	6.8000
dPolE	921.745	90.000	25.2379	1.0000	0.0000	6.8000
uR	921.745	90.000	0.0233	1.0000	0.0000	6.8000
E	923.334	90.000	44.9318	359.1572	0.1511	0.0932	0.0000	6.8000
dPolE	923.334	90.000	28.0454	1.0000	0.0000	6.8000
uR	923.334	90.000	0.0244	1.0000	0.0000	6.8000
E	924.924	90.000	44.5920	358.8272	0.1819	0.1120	0.0000	6.8000
dPolE	924.924	90.000	38.8249	1.0000	0.0000	6.8000
uR	924.924	90.000	0.0230	1.0000	0.0000	6.8000
E	926.513	90.000	44.7911	359.2423	0.2079	0.1277	0.0000	6.8000
dPolE	926.513	90.000	45.2152	1.0000	0.0000	6.8000
uR	926.513	90.000	0.0236	1.0000	0.0000	6.8000
E	928.103	90.000	44.9520	359.3619	0.2327	0.1428	0.0000	6.8000
dPolE	928.103	90.000	43.7450	1.0000	0.0000	6.8000
uR	928.103	90.000	0.0234	1.0000	0.0000	6.8000
E	929.692	90.000	45.5652	359.4814	0.2448	0.1499	0.0000	6.8000
dPolE	929.692	90.000	42.8877	1.0000	0.0000	6.8000
uR	929.692	90.000	0.0248	1.0000	0.0000	6.8000
E	931.280	90.000	44.9033	359.1103	0.2437	0.1498	0.0000	6.8000
dPolE	931.280	90.000	43.0389	1.0000	0.0000	6.8000
uR	931.280	90.000	0.0246	1.0000	0.0000	6.8000
E	932.869	90.000	45.0606	358.9998	0.2458	0.1509	0.0000	6.8000
dPolE	932.869	90.000	39.0964	1.0000	0.0000	6.8000
uR	932.869	90.000	0.0252	1.0000	0.0000	6.8000
E	934.458	90.000	44.0745	358.8863	0.2450	0.1499	0.0000	6.8000
dPolE	934.458	90.000	42.9637	1.0000	0.0000	6.8000
uR	934.458	90.000	0.0259	1.0000	0.0000	6.8000
E	936.046	90.000	45.2760	359.0569	0.2269	0.1388	0.0000	6.8000
dPolE	936.046	90.000	42.7865	1.0000	0.0000	6.8000
uR	936.046	90.000	0.0247	1.0000	0.0000	6.8000
E	937.634	90.000	45.1554	359.0635	0.2130	0.1302	0.0000	6.8000
dPolE	937.634	90.000	38.3303	1.0000	0.0000	6.8000
uR	937.634	90.000	0.0240	1.0000	0.0000	6.8000
E	939.222	90.000	45.1433	358.8932	0.2150	0.1314	0.0000	6.8000
dPolE	939.222	90.000	41.8839	1.0000	0.0000	6.8000
uR	939.222	90.000	0.0243	1.0000	0.0000	6.8000
E	940.810	90.000	44.7043	359.1362	0.2205	0.1335	0.0000	6.8000
dPolE	940.810	90.000	41.5716	1.0000	0.0000	6.8000
uR	940.810	90.000	0.0249	1.0000	0.0000	6.8000
E	942.398	90.000	44.9599	359.0695	0.2432	0.1469	0.0000	6.8000
dPolE	942.398	90.000	42.9780	1.0000	0.0000	6.8000
uR	942.398	90.000	0.0242	1.0000	0.0000	6.8000
E	943.985	90.000	45.3491	359.0715	0.2420	0.1470	0.0000	6.8000
dPolE	943.985	90.000	37.9122	1.0000	0.0000	6.8000
uR	943.985	90.000	0.0249	1.0000	0.0000	6.8000
E	945.573	90.000	45.1546	358.9211	0.2526	0.1532	0.0000	6.8000
dPolE	945.573	90.000	44.9903	1.0000	0.0000	6.8000
uR	945.573	90.000	0.0249	1.0000	0.0000	6.8000
E	947.160	90.000	44.8873	358.7388	0.2540	0.1539	0.0000	6.8000
dPolE	947.160	90.000	40.4897	1.0000	0.0000	6.8000
uR	947.160	90.000	0.0236	1.0000	0.0000	6.8000
E	948.747	90.000	45.2049	359.0256	0.2450	0.1476	0.0000	6.8000
dPolE	948.747	90.000	38.4036	1.0000	0.0000	6.8000
uR	948.747	90.000	0.0249	1.0000	0.0000	6.8000
E	950.334	90.000	45.3656	358.9807	0.2349	0.1415	0.0000	6.8000
dPolE	950.334	90.000	35.6776	1.0000	0.0000	6.8000
uR	950.334	90.000	0.0255	1.0000	0.0000	6.8000
E	951.920	90.000	45.1193	359.3100	0.2368	0.1417	0.0000	6.8000
dPolE	951.920	90.000	38.7044	1.0000	0.0000	6.8000
uR	951.920	90.000	0.0248	1.0000	0.0000	6.8000
E	953.507	90.000	44.8228	359.1451	0.2374	0.1418	0.0000	6.8000
dPolE	953.507	90.000	38.0398	1.0000	0.0000	6.8000
uR	953.507	90.000	0.0256	1.0000	0.0000	6.8000
E	955.093	90.000	45.4198	359.3623	0.2619	0.1554	0.0000	6.8000
dPolE	955.093	90.000	41.9465	1.0000	0.0000	6.8000
uR	955.093	90.000	0.0239	1.0000	0.0000	6.8000
E	956.679	90.000	45.6682	359.1601	0.2841	0.1692	0.0000	6.8000
dPolE	956.679	90.000	41.9982	1.0000	0.0000	6.8000
uR	956.679	90.000	0.0246	1.0000	0.0000	6.8000
E	958.265	90.000	45.1194	358.5221	0.3270	0.1942	0.0000	6.8000
dPolE	958.265	90.000	50.7729	1.0000	0.0000	6.8000
uR	958.265	90.000	0.0248	1.0000	0.0000	6.8000
E	959.851	90.000	44.4970	359.9789	0.3268	0.1924	0.0000	6.8000
dPolE	959.851	90.000	56.3755	1.0000	0.0000	6.8000
uR	959.851	90.000	0.0241	1.0000	0.0000	6.8000
E	961.436	90.000	44.4256	359.2328	0.3268	0.1921	0.0000	6.8000
dPolE	961.436	90.000	65.6583	1.0000	0.0000	6.8000
uR	961.436	90.000	0.0228	1.0000	0.0000	6.8000
E	963.022	90.000	45.5132	359.0942	0.3442	0.2023	0.0000	6.8000
dPolE	963.022	90.000	62.4052	1.0000	0.0000	6.8000
uR	963.022	90.000	0.0233	1.0000	0.0000	6.8000
E	964.607	90.000	43.6562	358.9381	0.3435	0.2013	0.0000	6.8000
dPolE	964.607	90.000	57.0278	1.0000	0.0000	6.8000
uR	964.607	90.000	0.0241	1.0000	0.0000	6.8000
E	966.192	90.000	43.6096	359.3821	0.3161	0.1845	0.0000	6.8000
dPolE	966.192	90.000	59.2949	1.0000	0.0000	6.8000
uR	966.192	90.000	0.0233	1.0000	0.0000	6.8000
E	967.777	90.000	44.9973	358.7582	0.3050	0.1771	0.0000	6.8000
dPolE	967.777	90.000	52.5993	1.0000	0.0000	6.8000
uR	967.777	90.000	0.0232	1.0000	0.0000	6.8000
E	969.361	90.000	45.4423	359.0391	0.2755	0.1597	0.0000	6.8000
dPolE	969.361	90.000	37.7398	1.0000	0.0000	6.8000
uR	969.361	90.000	0.0253	1.0000	0.0000	6.8000
E	970.946	90.000	44.8310	358.8151	0.2659	0.1535	0.0000	6.8000
dPolE	970.946	90.000	36.5774	1.0000	0.0000	6.8000
uR	970.946	90.000	0.0256	1.0000	0.0000	6.8000
E	972.530	90.000	44.5705	359.2738	0.2241	0.1293	0.0000	6.8000
dPolE	972.530	90.000	37.4920	1.0000	0.0000	6.8000
uR	972.530	90.000	0.0253	1.0000	0.0000	6.8000
E	974.114	90.000	45.0246	358.8040	0.2289	0.1320	0.0000	6.8000
dPolE	974.114	90.000	35.4936	1.0000	0.0000	6.8000
uR	974.114	90.000	0.0230	1.0000	0.0000	6.8000
E	975.698	90.000	44.4077	359.1576	0.1980	0.1136	0.0000	6.8000
dPolE	975.698	90.000	33.8723	1.0000	0.0000	6.8000
uR	975.698	90.000	0.0224	1.0000	0.0000	6.8000
E	977.282	90.000	45.0720	359.0550	0.1637	0.0936	0.0000	6.8000
dPolE	977.282	90.000	25.3749	1.0000	0.0000	6.8000
uR	977.282	90.000	0.0240	1.0000	0.0000	6.8000
E	978.865	90.000	45.2222	359.0836	0.1453	0.0827	0.0000	6.8000
dPolE	978.865	90.000	15.8952	1.0000	0.0000	6.8000
uR	978.865	90.000	0.0238	1.0000	0.0000	6.8000
E	980.449	90.000	44.9311	359.1028	0.1495	0.0851	0.0000	6.8000
dPolE	980.449	90.000	21.1250	1.0000	0.0000	6.8000
uR	980.449	90.000	0.0228	1.0000	0.0000	6.8000
E	982.032	90.000	45.0320	358.9612	0.1637	0.0934	0.0000	6.8000
dPolE	982.032	90.000	24.5224	1.0000	0.0000	6.8000
uR	982.032	90.000	0.0235	1.0000	0.0000	6.8000
E	983.615	90.000	45.0887	359.1817	0.1934	0.1101	0.0000	6.8000
dPolE	983.615	90.000	25.1234	1.0000	0.0000	6.8000
uR	983.615	90.000	0.0221	1.0000	0.0000	6.8000
E	985.198	90.000	44.4426	359.2972	0.2086	0.1185	0.0000	6.8000
dPolE	985.198	90.000	39.2575	1.0000	0.0000	6.8000
uR	985.198	90.000	0.0212	1.0000	0.0000	6.8000
E	986.780	90.000	44.7716	359.2317	0.2171	0.1235	0.0000	6.8000
dPolE	986.780	90.000	34.0432	1.0000	0.0000	6.8000
uR	986.780	90.000	0.0215	1.0000	0.0000	6.8000
E	988.363	90.000	44.8148	359.1301	0.2033	0.1153	0.0000	6.8000
dPolE	988.363	90.000	35.1595	1.0000	0.0000	6.8000
uR	988.363	90.000	0.0222	1.0000	0.0000	6.8000
E	989.945	90.000	44.7875	358.7856	0.1802	0.1023	0.0000	6.8000
dPolE	989.945	90.000	27.0689	1.0000	0.0000	6.8000
uR	989.945	90.000	0.0226	1.0000	0.0000	6.8000
E	991.527	90.000	44.9837	359.1912	0.1667	0.0941	0.0000	6.8000
dPolE	991.527	90.000	28.5357	1.0000	0.0000	6.8000
uR	991.527	90.000	0.0237	1.0000	0.0000	6.8000
E	993.109	90.000	44.9898	358.9574	0.1647	0.0932	0.0000	6.8000
dPolE	993.109	90.000	20.5045	1.0000	0.0000	6.8000
uR	993.109	90.000	0.0239	1.0000	0.0000	6.8000
E	994.690	90.000	44.9564	358.9650	0.1676	0.0946	0.0000	6.8000
dPolE	994.690	90.000	23.0401	1.0000	0.0000	6.8000
uR	994.690	90.000	0.0234	1.0000	0.0000	6.8000
E	996.272	90.000	44.8493	359.1010	0.1886	0.1064	0.0000	6.8000
dPolE	996.272	90.000	29.1584	1.0000	0.0000	6.8000
uR	996.272	90.000	0.0234	1.0000	0.0000	6.8000
E	997.853	90.000	44.6241	359.0577	0.2344	0.1318	0.0000	6.8000
dPolE	997.853	90.000	38.0204	1.0000	0.0000	6.8000
uR	997.853	90.000	0.0217	1.0000	0.0000	6.8000
E	999.434	90.000	45.1863	358.4840	0.2662	0.1499	0.0000	6.8000
dPolE	999.434	90.000	45.5698	1.0000	0.0000	6.8000
uR	999.434	90.000	0.0219	1.0000	0.0000	6.8000
