
FM-removed
XY-Scan
nm
E	210.379	90.000	77.1346	300.1809	0.2524	1.1790	0.0000	6.8000
dPolE	210.379	90.000	99.9365	1.0000	0.0000	6.8000
uR	210.379	90.000	0.0254	1.0000	0.0000	6.8000
E	211.990	90.000	44.8232	80.5095	0.2704	0.5402	0.0000	6.8000
dPolE	211.990	90.000	99.9480	1.0000	0.0000	6.8000
uR	211.990	90.000	0.0187	1.0000	0.0000	6.8000
E	213.602	90.000	19.5374	166.1918	0.2600	0.7767	0.0000	6.8000
dPolE	213.602	90.000	99.9967	1.0000	0.0000	6.8000
uR	213.602	90.000	0.0114	1.0000	0.0000	6.8000
E	215.214	90.000	6.9278	115.9539	0.2252	1.9820	0.0000	6.8000
dPolE	215.214	90.000	99.9922	1.0000	0.0000	6.8000
uR	215.214	90.000	0.0092	1.0000	0.0000	6.8000
E	216.826	90.000	59.9219	63.3174	0.2676	0.6167	0.0000	6.8000
dPolE	216.826	90.000	99.9856	1.0000	0.0000	6.8000
uR	216.826	90.000	0.0046	1.0000	0.0000	6.8000
E	218.438	90.000	81.1189	338.2686	0.2736	1.5944	0.0000	6.8000
dPolE	218.438	90.000	99.9580	1.0000	0.0000	6.8000
uR	218.438	90.000	0.0055	1.0000	0.0000	6.8000
E	220.050	90.000	53.3778	268.9345	0.2706	0.5729	0.0000	6.8000
dPolE	220.050	90.000	99.9919	1.0000	0.0000	6.8000
uR	220.050	90.000	0.0048	1.0000	0.0000	6.8000
E	221.662	90.000	36.2250	172.5575	0.2539	0.4232	0.0000	6.8000
dPolE	221.662	90.000	99.9979	1.0000	0.0000	6.8000
uR	221.662	90.000	0.0031	1.0000	0.0000	6.8000
E	223.274	90.000	12.9851	329.3328	0.2670	1.0599	0.0000	6.8000
dPolE	223.274	90.000	99.9999	1.0000	0.0000	6.8000
uR	223.274	90.000	0.0048	1.0000	0.0000	6.8000
E	224.886	90.000	55.3313	249.3403	0.2904	0.6185	0.0000	6.8000
dPolE	224.886	90.000	99.9869	1.0000	0.0000	6.8000
uR	224.886	90.000	0.0021	1.0000	0.0000	6.8000
E	226.498	90.000	24.9152	202.2510	0.2828	0.5681	0.0000	6.8000
dPolE	226.498	90.000	99.9671	1.0000	0.0000	6.8000
uR	226.498	90.000	0.0049	1.0000	0.0000	6.8000
E	228.111	90.000	31.1053	56.8611	0.2534	0.5480	0.0000	6.8000
dPolE	228.111	90.000	99.9376	1.0000	0.0000	6.8000
uR	228.111	90.000	0.0035	1.0000	0.0000	6.8000
E	229.723	90.000	51.4928	207.8401	0.2859	0.4398	0.0000	6.8000
dPolE	229.723	90.000	99.8855	1.0000	0.0000	6.8000
uR	229.723	90.000	0.0033	1.0000	0.0000	6.8000
E	231.335	90.000	50.3099	274.6365	0.2811	0.5766	0.0000	6.8000
dPolE	231.335	90.000	99.9560	1.0000	0.0000	6.8000
uR	231.335	90.000	0.0023	1.0000	0.0000	6.8000
E	232.948	90.000	44.0359	176.3078	0.2685	0.3342	0.0000	6.8000
dPolE	232.948	90.000	99.9815	1.0000	0.0000	6.8000
uR	232.948	90.000	0.0014	1.0000	0.0000	6.8000
E	234.560	90.000	70.2380	22.6330	0.2747	0.6017	0.0000	6.8000
dPolE	234.560	90.000	99.9573	1.0000	0.0000	6.8000
uR	234.560	90.000	0.0017	1.0000	0.0000	6.8000
E	236.173	90.000	16.3101	19.9063	0.3111	0.7702	0.0000	6.8000
dPolE	236.173	90.000	99.9999	1.0000	0.0000	6.8000
uR	236.173	90.000	0.0024	1.0000	0.0000	6.8000
E	237.786	90.000	17.1678	248.0196	0.2413	1.0457	0.0000	6.8000
dPolE	237.786	90.000	99.9236	1.0000	0.0000	6.8000
uR	237.786	90.000	0.0019	1.0000	0.0000	6.8000
E	239.398	90.000	21.1407	290.6595	0.2558	0.8877	0.0000	6.8000
dPolE	239.398	90.000	99.9939	1.0000	0.0000	6.8000
uR	239.398	90.000	0.0010	1.0000	0.0000	6.8000
E	241.011	90.000	55.5093	299.0867	0.3050	0.6188	0.0000	6.8000
dPolE	241.011	90.000	99.9835	1.0000	0.0000	6.8000
uR	241.011	90.000	0.0018	1.0000	0.0000	6.8000
E	242.624	90.000	14.5014	172.5799	0.3178	0.7252	0.0000	6.8000
dPolE	242.624	90.000	99.9537	1.0000	0.0000	6.8000
uR	242.624	90.000	0.0015	1.0000	0.0000	6.8000
E	244.237	90.000	46.0718	73.4255	0.3143	0.6107	0.0000	6.8000
dPolE	244.237	90.000	99.9813	1.0000	0.0000	6.8000
uR	244.237	90.000	0.0018	1.0000	0.0000	6.8000
E	245.850	90.000	54.4417	295.3334	0.3185	0.6474	0.0000	6.8000
dPolE	245.850	90.000	99.9667	1.0000	0.0000	6.8000
uR	245.850	90.000	0.0008	1.0000	0.0000	6.8000
E	247.463	90.000	58.1683	215.8537	0.2906	0.4796	0.0000	6.8000
dPolE	247.463	90.000	99.9684	1.0000	0.0000	6.8000
uR	247.463	90.000	0.0009	1.0000	0.0000	6.8000
E	249.076	90.000	44.0306	320.2373	0.3137	0.4721	0.0000	6.8000
dPolE	249.076	90.000	99.9846	1.0000	0.0000	6.8000
uR	249.076	90.000	0.0008	1.0000	0.0000	6.8000
E	250.689	90.000	32.0089	150.5654	0.3266	0.4900	0.0000	6.8000
dPolE	250.689	90.000	99.9793	1.0000	0.0000	6.8000
uR	250.689	90.000	0.0013	1.0000	0.0000	6.8000
E	252.302	90.000	66.9605	358.2345	0.3467	0.4892	0.0000	6.8000
dPolE	252.302	90.000	99.9852	1.0000	0.0000	6.8000
uR	252.302	90.000	0.0005	1.0000	0.0000	6.8000
E	253.916	90.000	63.3509	22.5335	0.2892	0.4442	0.0000	6.8000
dPolE	253.916	90.000	99.9228	1.0000	0.0000	6.8000
uR	253.916	90.000	0.0011	1.0000	0.0000	6.8000
E	255.529	90.000	16.7779	36.0356	0.2736	0.7815	0.0000	6.8000
dPolE	255.529	90.000	99.9828	1.0000	0.0000	6.8000
uR	255.529	90.000	0.0006	1.0000	0.0000	6.8000
E	257.142	90.000	58.8750	319.3706	0.3080	0.5443	0.0000	6.8000
dPolE	257.142	90.000	99.9713	1.0000	0.0000	6.8000
uR	257.142	90.000	0.0006	1.0000	0.0000	6.8000
E	258.756	90.000	16.6394	11.5776	0.2959	0.5784	0.0000	6.8000
dPolE	258.756	90.000	99.9914	1.0000	0.0000	6.8000
uR	258.756	90.000	0.0010	1.0000	0.0000	6.8000
E	260.369	90.000	12.7902	300.6371	0.2277	1.2775	0.0000	6.8000
dPolE	260.369	90.000	99.9806	1.0000	0.0000	6.8000
uR	260.369	90.000	0.0007	1.0000	0.0000	6.8000
E	261.983	90.000	33.0596	153.1503	0.2820	0.3975	0.0000	6.8000
dPolE	261.983	90.000	99.9753	1.0000	0.0000	6.8000
uR	261.983	90.000	0.0006	1.0000	0.0000	6.8000
E	263.596	90.000	16.6615	279.4441	0.2103	1.0801	0.0000	6.8000
dPolE	263.596	90.000	99.9710	1.0000	0.0000	6.8000
uR	263.596	90.000	0.0007	1.0000	0.0000	6.8000
E	265.210	90.000	43.8801	182.9114	0.2898	0.2943	0.0000	6.8000
dPolE	265.210	90.000	99.9314	1.0000	0.0000	6.8000
uR	265.210	90.000	0.0008	1.0000	0.0000	6.8000
E	266.823	90.000	39.0574	138.2731	0.2945	0.4642	0.0000	6.8000
dPolE	266.823	90.000	99.9924	1.0000	0.0000	6.8000
uR	266.823	90.000	0.0006	1.0000	0.0000	6.8000
E	268.437	90.000	89.9900	0.5659	0.3097	907.0390	0.0000	6.8000
dPolE	268.437	90.000	99.9891	1.0000	0.0000	6.8000
uR	268.437	90.000	0.0007	1.0000	0.0000	6.8000
E	270.051	90.000	8.1339	120.0248	0.1847	1.6985	0.0000	6.8000
dPolE	270.051	90.000	99.9999	1.0000	0.0000	6.8000
uR	270.051	90.000	0.0003	1.0000	0.0000	6.8000
E	271.665	90.000	89.9900	0.5104	0.2816	836.5682	0.0000	6.8000
dPolE	271.665	90.000	99.9809	1.0000	0.0000	6.8000
uR	271.665	90.000	0.0006	1.0000	0.0000	6.8000
E	273.279	90.000	20.1397	173.7720	0.2814	0.4630	0.0000	6.8000
dPolE	273.279	90.000	99.9902	1.0000	0.0000	6.8000
uR	273.279	90.000	0.0006	1.0000	0.0000	6.8000
E	274.892	90.000	32.8080	158.3584	0.2883	0.3917	0.0000	6.8000
dPolE	274.892	90.000	99.9815	1.0000	0.0000	6.8000
uR	274.892	90.000	0.0005	1.0000	0.0000	6.8000
E	276.506	90.000	9.7778	266.9323	0.1656	1.6363	0.0000	6.8000
dPolE	276.506	90.000	99.9991	1.0000	0.0000	6.8000
uR	276.506	90.000	0.0007	1.0000	0.0000	6.8000
E	278.120	90.000	28.2670	100.8960	0.2313	0.6156	0.0000	6.8000
dPolE	278.120	90.000	99.9997	1.0000	0.0000	6.8000
uR	278.120	90.000	0.0009	1.0000	0.0000	6.8000
E	279.734	90.000	25.9370	210.2112	0.2631	0.4766	0.0000	6.8000
dPolE	279.734	90.000	99.9806	1.0000	0.0000	6.8000
uR	279.734	90.000	0.0005	1.0000	0.0000	6.8000
E	281.349	90.000	18.9164	189.6906	0.2648	0.4919	0.0000	6.8000
dPolE	281.349	90.000	99.9445	1.0000	0.0000	6.8000
uR	281.349	90.000	0.0007	1.0000	0.0000	6.8000
E	282.963	90.000	33.0317	192.8625	0.2621	0.3366	0.0000	6.8000
dPolE	282.963	90.000	99.9997	1.0000	0.0000	6.8000
uR	282.963	90.000	0.0007	1.0000	0.0000	6.8000
E	284.577	90.000	54.4453	308.6864	0.2511	0.4645	0.0000	6.8000
dPolE	284.577	90.000	99.9829	1.0000	0.0000	6.8000
uR	284.577	90.000	0.0004	1.0000	0.0000	6.8000
E	286.191	90.000	13.8917	189.9279	0.2389	0.6028	0.0000	6.8000
dPolE	286.191	90.000	99.9886	1.0000	0.0000	6.8000
uR	286.191	90.000	0.0004	1.0000	0.0000	6.8000
E	287.805	90.000	5.2268	355.5869	0.2403	1.5271	0.0000	6.8000
dPolE	287.805	90.000	99.9692	1.0000	0.0000	6.8000
uR	287.805	90.000	0.0005	1.0000	0.0000	6.8000
E	289.420	90.000	33.9339	13.9564	0.2386	0.3155	0.0000	6.8000
dPolE	289.420	90.000	99.9717	1.0000	0.0000	6.8000
uR	289.420	90.000	0.0005	1.0000	0.0000	6.8000
E	291.034	90.000	49.6334	341.0322	0.2418	0.3145	0.0000	6.8000
dPolE	291.034	90.000	99.9430	1.0000	0.0000	6.8000
uR	291.034	90.000	0.0006	1.0000	0.0000	6.8000
E	292.649	90.000	61.8965	0.9523	0.2193	0.3127	0.0000	6.8000
dPolE	292.649	90.000	99.9615	1.0000	0.0000	6.8000
uR	292.649	90.000	0.0005	1.0000	0.0000	6.8000
E	294.263	90.000	9.1821	342.3684	0.2261	0.9535	0.0000	6.8000
dPolE	294.263	90.000	99.9793	1.0000	0.0000	6.8000
uR	294.263	90.000	0.0004	1.0000	0.0000	6.8000
E	295.877	90.000	44.0923	251.2707	0.2361	0.4569	0.0000	6.8000
dPolE	295.877	90.000	99.9908	1.0000	0.0000	6.8000
uR	295.877	90.000	0.0003	1.0000	0.0000	6.8000
E	297.492	90.000	32.9747	85.3298	0.2058	0.4749	0.0000	6.8000
dPolE	297.492	90.000	99.9685	1.0000	0.0000	6.8000
uR	297.492	90.000	0.0005	1.0000	0.0000	6.8000
E	299.107	90.000	72.9398	189.9541	0.1961	0.4479	0.0000	6.8000
dPolE	299.107	90.000	99.9782	1.0000	0.0000	6.8000
uR	299.107	90.000	0.0005	1.0000	0.0000	6.8000
E	300.721	90.000	30.5950	3.8509	0.2184	0.3161	0.0000	6.8000
dPolE	300.721	90.000	99.9112	1.0000	0.0000	6.8000
uR	300.721	90.000	0.0006	1.0000	0.0000	6.8000
E	302.336	90.000	20.4391	355.7351	0.2086	0.4090	0.0000	6.8000
dPolE	302.336	90.000	99.9866	1.0000	0.0000	6.8000
uR	302.336	90.000	0.0005	1.0000	0.0000	6.8000
E	303.950	90.000	42.0209	0.1162	0.1992	0.2591	0.0000	6.8000
dPolE	303.950	90.000	99.9754	1.0000	0.0000	6.8000
uR	303.950	90.000	0.0005	1.0000	0.0000	6.8000
E	305.565	90.000	71.8987	10.5968	0.2128	0.4868	0.0000	6.8000
dPolE	305.565	90.000	99.9728	1.0000	0.0000	6.8000
uR	305.565	90.000	0.0005	1.0000	0.0000	6.8000
E	307.180	90.000	52.5476	87.7229	0.1908	0.4027	0.0000	6.8000
dPolE	307.180	90.000	99.9943	1.0000	0.0000	6.8000
uR	307.180	90.000	0.0004	1.0000	0.0000	6.8000
E	308.795	90.000	69.8937	198.1374	0.1845	0.4124	0.0000	6.8000
dPolE	308.795	90.000	99.9689	1.0000	0.0000	6.8000
uR	308.795	90.000	0.0005	1.0000	0.0000	6.8000
E	310.410	90.000	31.7435	329.0115	0.1800	0.3181	0.0000	6.8000
dPolE	310.410	90.000	99.9999	1.0000	0.0000	6.8000
uR	310.410	90.000	0.0003	1.0000	0.0000	6.8000
E	312.024	90.000	40.0371	116.7806	0.1931	0.3728	0.0000	6.8000
dPolE	312.024	90.000	99.9700	1.0000	0.0000	6.8000
uR	312.024	90.000	0.0004	1.0000	0.0000	6.8000
E	313.639	90.000	4.9316	175.8150	0.1934	1.5785	0.0000	6.8000
dPolE	313.639	90.000	99.9955	1.0000	0.0000	6.8000
uR	313.639	90.000	0.0004	1.0000	0.0000	6.8000
E	315.254	90.000	22.7654	245.8154	0.1746	0.5250	0.0000	6.8000
dPolE	315.254	90.000	99.9974	1.0000	0.0000	6.8000
uR	315.254	90.000	0.0004	1.0000	0.0000	6.8000
E	316.869	90.000	64.6410	208.0943	0.1849	0.3839	0.0000	6.8000
dPolE	316.869	90.000	99.9648	1.0000	0.0000	6.8000
uR	316.869	90.000	0.0006	1.0000	0.0000	6.8000
E	318.484	90.000	75.4513	241.5884	0.1397	0.6413	0.0000	6.8000
dPolE	318.484	90.000	99.9959	1.0000	0.0000	6.8000
uR	318.484	90.000	0.0002	1.0000	0.0000	6.8000
E	320.099	90.000	65.4571	234.7173	0.1522	0.3976	0.0000	6.8000
dPolE	320.099	90.000	99.9903	1.0000	0.0000	6.8000
uR	320.099	90.000	0.0003	1.0000	0.0000	6.8000
E	321.714	90.000	28.9100	164.7135	0.1767	0.3189	0.0000	6.8000
dPolE	321.714	90.000	99.9983	1.0000	0.0000	6.8000
uR	321.714	90.000	0.0004	1.0000	0.0000	6.8000
E	323.330	90.000	24.7122	23.9252	0.1610	0.3406	0.0000	6.8000
dPolE	323.330	90.000	99.9866	1.0000	0.0000	6.8000
uR	323.330	90.000	0.0004	1.0000	0.0000	6.8000
E	324.945	90.000	51.1063	27.7765	0.1741	0.2906	0.0000	6.8000
dPolE	324.945	90.000	99.9965	1.0000	0.0000	6.8000
uR	324.945	90.000	0.0003	1.0000	0.0000	6.8000
E	326.560	90.000	29.2061	172.8860	0.1706	0.3086	0.0000	6.8000
dPolE	326.560	90.000	99.9940	1.0000	0.0000	6.8000
uR	326.560	90.000	0.0002	1.0000	0.0000	6.8000
E	328.175	90.000	27.0466	8.9963	0.1690	0.3241	0.0000	6.8000
dPolE	328.175	90.000	99.9991	1.0000	0.0000	6.8000
uR	328.175	90.000	0.0003	1.0000	0.0000	6.8000
E	329.790	90.000	5.5580	238.2837	0.1387	1.5967	0.0000	6.8000
dPolE	329.790	90.000	99.9781	1.0000	0.0000	6.8000
uR	329.790	90.000	0.0004	1.0000	0.0000	6.8000
E	331.406	90.000	66.4650	308.6489	0.1502	0.4009	0.0000	6.8000
dPolE	331.406	90.000	99.9550	1.0000	0.0000	6.8000
uR	331.406	90.000	0.0005	1.0000	0.0000	6.8000
E	333.021	90.000	20.0418	205.8917	0.1650	0.4393	0.0000	6.8000
dPolE	333.021	90.000	99.9901	1.0000	0.0000	6.8000
uR	333.021	90.000	0.0005	1.0000	0.0000	6.8000
E	334.636	90.000	57.9832	226.6371	0.1333	0.2751	0.0000	6.8000
dPolE	334.636	90.000	99.9982	1.0000	0.0000	6.8000
uR	334.636	90.000	0.0005	1.0000	0.0000	6.8000
E	336.251	90.000	89.9900	1.0330	0.1508	697.3987	0.0000	6.8000
dPolE	336.251	90.000	99.9764	1.0000	0.0000	6.8000
uR	336.251	90.000	0.0005	1.0000	0.0000	6.8000
E	337.867	90.000	48.8253	232.5534	0.1481	0.2808	0.0000	6.8000
dPolE	337.867	90.000	99.9820	1.0000	0.0000	6.8000
uR	337.867	90.000	0.0004	1.0000	0.0000	6.8000
E	339.482	90.000	14.5694	330.1872	0.1520	0.5622	0.0000	6.8000
dPolE	339.482	90.000	99.9999	1.0000	0.0000	6.8000
uR	339.482	90.000	0.0003	1.0000	0.0000	6.8000
E	341.098	90.000	43.6314	355.3193	0.1490	0.2476	0.0000	6.8000
dPolE	341.098	90.000	99.9959	1.0000	0.0000	6.8000
uR	341.098	90.000	0.0002	1.0000	0.0000	6.8000
E	342.713	90.000	61.5577	50.1917	0.1533	0.3523	0.0000	6.8000
dPolE	342.713	90.000	99.9795	1.0000	0.0000	6.8000
uR	342.713	90.000	0.0004	1.0000	0.0000	6.8000
E	344.329	90.000	39.4334	44.4015	0.1543	0.2919	0.0000	6.8000
dPolE	344.329	90.000	99.9897	1.0000	0.0000	6.8000
uR	344.329	90.000	0.0004	1.0000	0.0000	6.8000
E	345.944	90.000	27.6126	101.9729	0.1365	0.3452	0.0000	6.8000
dPolE	345.944	90.000	99.9860	1.0000	0.0000	6.8000
uR	345.944	90.000	0.0003	1.0000	0.0000	6.8000
E	347.560	90.000	33.5200	21.4781	0.1436	0.2740	0.0000	6.8000
dPolE	347.560	90.000	99.9799	1.0000	0.0000	6.8000
uR	347.560	90.000	0.0005	1.0000	0.0000	6.8000
E	349.175	90.000	53.4968	160.3019	0.1477	0.2716	0.0000	6.8000
dPolE	349.175	90.000	99.9931	1.0000	0.0000	6.8000
uR	349.175	90.000	0.0003	1.0000	0.0000	6.8000
E	350.791	90.000	54.2996	100.5786	0.1434	0.3050	0.0000	6.8000
dPolE	350.791	90.000	99.9999	1.0000	0.0000	6.8000
uR	350.791	90.000	0.0003	1.0000	0.0000	6.8000
E	352.406	90.000	64.3637	44.5764	0.1439	0.3554	0.0000	6.8000
dPolE	352.406	90.000	99.9751	1.0000	0.0000	6.8000
uR	352.406	90.000	0.0004	1.0000	0.0000	6.8000
E	354.022	90.000	44.0150	196.6729	0.1452	0.2600	0.0000	6.8000
dPolE	354.022	90.000	99.9648	1.0000	0.0000	6.8000
uR	354.022	90.000	0.0004	1.0000	0.0000	6.8000
E	355.638	90.000	28.8084	331.1501	0.1421	0.3102	0.0000	6.8000
dPolE	355.638	90.000	99.9924	1.0000	0.0000	6.8000
uR	355.638	90.000	0.0004	1.0000	0.0000	6.8000
E	357.253	90.000	51.0693	9.6353	0.1443	0.2664	0.0000	6.8000
dPolE	357.253	90.000	99.9638	1.0000	0.0000	6.8000
uR	357.253	90.000	0.0005	1.0000	0.0000	6.8000
E	358.869	90.000	34.9473	82.3744	0.1416	0.3042	0.0000	6.8000
dPolE	358.869	90.000	99.9954	1.0000	0.0000	6.8000
uR	358.869	90.000	0.0003	1.0000	0.0000	6.8000
E	360.485	90.000	52.9960	92.7535	0.1407	0.2947	0.0000	6.8000
dPolE	360.485	90.000	99.9945	1.0000	0.0000	6.8000
uR	360.485	90.000	0.0002	1.0000	0.0000	6.8000
E	362.100	90.000	44.3833	310.5907	0.1399	0.2693	0.0000	6.8000
dPolE	362.100	90.000	99.9999	1.0000	0.0000	6.8000
uR	362.100	90.000	0.0006	1.0000	0.0000	6.8000
E	363.716	90.000	39.0769	147.6080	0.1450	0.2777	0.0000	6.8000
dPolE	363.716	90.000	99.9796	1.0000	0.0000	6.8000
uR	363.716	90.000	0.0004	1.0000	0.0000	6.8000
E	365.332	90.000	53.6112	41.5219	0.1422	0.2851	0.0000	6.8000
dPolE	365.332	90.000	99.9962	1.0000	0.0000	6.8000
uR	365.332	90.000	0.0004	1.0000	0.0000	6.8000
E	366.948	90.000	47.3690	107.7577	0.1278	0.2548	0.0000	6.8000
dPolE	366.948	90.000	99.9972	1.0000	0.0000	6.8000
uR	366.948	90.000	0.0003	1.0000	0.0000	6.8000
E	368.563	90.000	55.7767	347.7758	0.1359	0.2702	0.0000	6.8000
dPolE	368.563	90.000	99.9871	1.0000	0.0000	6.8000
uR	368.563	90.000	0.0004	1.0000	0.0000	6.8000
E	370.179	90.000	29.5016	322.4172	0.1348	0.3006	0.0000	6.8000
dPolE	370.179	90.000	99.9869	1.0000	0.0000	6.8000
uR	370.179	90.000	0.0003	1.0000	0.0000	6.8000
E	371.795	90.000	63.4174	205.7171	0.1333	0.3127	0.0000	6.8000
dPolE	371.795	90.000	99.9842	1.0000	0.0000	6.8000
uR	371.795	90.000	0.0004	1.0000	0.0000	6.8000
E	373.411	90.000	25.7321	350.2492	0.1206	0.2868	0.0000	6.8000
dPolE	373.411	90.000	99.9958	1.0000	0.0000	6.8000
uR	373.411	90.000	0.0002	1.0000	0.0000	6.8000
E	375.027	90.000	11.8048	186.9599	0.1273	0.5989	0.0000	6.8000
dPolE	375.027	90.000	99.9987	1.0000	0.0000	6.8000
uR	375.027	90.000	0.0005	1.0000	0.0000	6.8000
E	376.643	90.000	45.1056	314.0077	0.1352	0.2628	0.0000	6.8000
dPolE	376.643	90.000	99.9852	1.0000	0.0000	6.8000
uR	376.643	90.000	0.0004	1.0000	0.0000	6.8000
E	378.258	90.000	58.5051	94.0762	0.1255	0.2854	0.0000	6.8000
dPolE	378.258	90.000	99.9930	1.0000	0.0000	6.8000
uR	378.258	90.000	0.0003	1.0000	0.0000	6.8000
E	379.874	90.000	78.2819	83.1551	0.1261	0.6695	0.0000	6.8000
dPolE	379.874	90.000	99.9708	1.0000	0.0000	6.8000
uR	379.874	90.000	0.0004	1.0000	0.0000	6.8000
E	381.490	90.000	40.7981	90.5221	0.1213	0.2455	0.0000	6.8000
dPolE	381.490	90.000	99.9933	1.0000	0.0000	6.8000
uR	381.490	90.000	0.0005	1.0000	0.0000	6.8000
E	383.106	90.000	20.7887	137.2832	0.1285	0.3816	0.0000	6.8000
dPolE	383.106	90.000	99.9962	1.0000	0.0000	6.8000
uR	383.106	90.000	0.0002	1.0000	0.0000	6.8000
E	384.722	90.000	28.5935	355.2469	0.1225	0.2770	0.0000	6.8000
dPolE	384.722	90.000	99.9997	1.0000	0.0000	6.8000
uR	384.722	90.000	0.0005	1.0000	0.0000	6.8000
E	386.338	90.000	6.2716	218.5135	0.1213	1.1018	0.0000	6.8000
dPolE	386.338	90.000	99.9908	1.0000	0.0000	6.8000
uR	386.338	90.000	0.0003	1.0000	0.0000	6.8000
E	387.954	90.000	61.9280	115.3927	0.1234	0.2984	0.0000	6.8000
dPolE	387.954	90.000	99.9967	1.0000	0.0000	6.8000
uR	387.954	90.000	0.0002	1.0000	0.0000	6.8000
E	389.570	90.000	47.8368	335.9077	0.1165	0.2226	0.0000	6.8000
dPolE	389.570	90.000	99.9919	1.0000	0.0000	6.8000
uR	389.570	90.000	0.0003	1.0000	0.0000	6.8000
E	391.186	90.000	31.7958	326.6235	0.1195	0.2580	0.0000	6.8000
dPolE	391.186	90.000	99.9950	1.0000	0.0000	6.8000
uR	391.186	90.000	0.0002	1.0000	0.0000	6.8000
E	392.802	90.000	60.4739	11.0552	0.1230	0.2739	0.0000	6.8000
dPolE	392.802	90.000	99.9964	1.0000	0.0000	6.8000
uR	392.802	90.000	0.0002	1.0000	0.0000	6.8000
E	394.418	90.000	26.8333	238.4234	0.1249	0.3097	0.0000	6.8000
dPolE	394.418	90.000	99.9818	1.0000	0.0000	6.8000
uR	394.418	90.000	0.0003	1.0000	0.0000	6.8000
E	396.034	90.000	65.3600	41.1931	0.1248	0.3221	0.0000	6.8000
dPolE	396.034	90.000	99.9955	1.0000	0.0000	6.8000
uR	396.034	90.000	0.0002	1.0000	0.0000	6.8000
E	397.650	90.000	44.6429	8.4314	0.1160	0.2178	0.0000	6.8000
dPolE	397.650	90.000	99.9633	1.0000	0.0000	6.8000
uR	397.650	90.000	0.0004	1.0000	0.0000	6.8000
E	399.266	90.000	40.5473	14.1480	0.1273	0.2429	0.0000	6.8000
dPolE	399.266	90.000	99.9715	1.0000	0.0000	6.8000
uR	399.266	90.000	0.0003	1.0000	0.0000	6.8000
E	400.882	90.000	56.7330	351.8795	0.1105	0.2283	0.0000	6.8000
dPolE	400.882	90.000	99.9606	1.0000	0.0000	6.8000
uR	400.882	90.000	0.0004	1.0000	0.0000	6.8000
E	402.498	90.000	33.0722	9.4346	0.1202	0.2503	0.0000	6.8000
dPolE	402.498	90.000	99.8663	1.0000	0.0000	6.8000
uR	402.498	90.000	0.0007	1.0000	0.0000	6.8000
E	404.114	90.000	37.3009	14.3980	0.1199	0.2366	0.0000	6.8000
dPolE	404.114	90.000	99.9323	1.0000	0.0000	6.8000
uR	404.114	90.000	0.0005	1.0000	0.0000	6.8000
E	405.730	90.000	49.7541	7.5392	0.1155	0.2201	0.0000	6.8000
dPolE	405.730	90.000	99.8685	1.0000	0.0000	6.8000
uR	405.730	90.000	0.0008	1.0000	0.0000	6.8000
E	407.346	90.000	44.8866	7.2584	0.1170	0.2185	0.0000	6.8000
dPolE	407.346	90.000	99.6475	1.0000	0.0000	6.8000
uR	407.346	90.000	0.0012	1.0000	0.0000	6.8000
E	408.962	90.000	41.3695	9.8394	0.1163	0.2189	0.0000	6.8000
dPolE	408.962	90.000	99.6571	1.0000	0.0000	6.8000
uR	408.962	90.000	0.0012	1.0000	0.0000	6.8000
E	410.578	90.000	45.1893	9.0158	0.1227	0.2302	0.0000	6.8000
dPolE	410.578	90.000	99.4789	1.0000	0.0000	6.8000
uR	410.578	90.000	0.0014	1.0000	0.0000	6.8000
E	412.194	90.000	45.1380	3.1859	0.1112	0.2096	0.0000	6.8000
dPolE	412.194	90.000	99.3015	1.0000	0.0000	6.8000
uR	412.194	90.000	0.0017	1.0000	0.0000	6.8000
E	413.810	90.000	43.7403	5.4099	0.1122	0.2115	0.0000	6.8000
dPolE	413.810	90.000	98.9872	1.0000	0.0000	6.8000
uR	413.810	90.000	0.0020	1.0000	0.0000	6.8000
E	415.426	90.000	45.4776	7.0396	0.1075	0.2008	0.0000	6.8000
dPolE	415.426	90.000	98.6382	1.0000	0.0000	6.8000
uR	415.426	90.000	0.0023	1.0000	0.0000	6.8000
E	417.042	90.000	45.2806	6.3788	0.1094	0.2019	0.0000	6.8000
dPolE	417.042	90.000	98.2209	1.0000	0.0000	6.8000
uR	417.042	90.000	0.0026	1.0000	0.0000	6.8000
E	418.658	90.000	44.5936	5.4032	0.1094	0.2008	0.0000	6.8000
dPolE	418.658	90.000	97.8469	1.0000	0.0000	6.8000
uR	418.658	90.000	0.0029	1.0000	0.0000	6.8000
E	420.274	90.000	46.2753	5.4909	0.1129	0.2077	0.0000	6.8000
dPolE	420.274	90.000	97.1995	1.0000	0.0000	6.8000
uR	420.274	90.000	0.0033	1.0000	0.0000	6.8000
E	421.890	90.000	45.4089	9.6387	0.1055	0.1952	0.0000	6.8000
dPolE	421.890	90.000	97.0150	1.0000	0.0000	6.8000
uR	421.890	90.000	0.0036	1.0000	0.0000	6.8000
E	423.506	90.000	45.4174	8.6503	0.0966	0.1792	0.0000	6.8000
dPolE	423.506	90.000	96.5462	1.0000	0.0000	6.8000
uR	423.506	90.000	0.0041	1.0000	0.0000	6.8000
E	425.122	90.000	44.2054	4.9995	0.0997	0.1840	0.0000	6.8000
dPolE	425.122	90.000	96.4569	1.0000	0.0000	6.8000
uR	425.122	90.000	0.0043	1.0000	0.0000	6.8000
E	426.738	90.000	44.5353	6.0304	0.1001	0.1830	0.0000	6.8000
dPolE	426.738	90.000	95.2995	1.0000	0.0000	6.8000
uR	426.738	90.000	0.0048	1.0000	0.0000	6.8000
E	428.355	90.000	44.3936	5.6052	0.1017	0.1836	0.0000	6.8000
dPolE	428.355	90.000	95.0331	1.0000	0.0000	6.8000
uR	428.355	90.000	0.0053	1.0000	0.0000	6.8000
E	429.971	90.000	45.5094	5.5089	0.1018	0.1823	0.0000	6.8000
dPolE	429.971	90.000	94.3175	1.0000	0.0000	6.8000
uR	429.971	90.000	0.0055	1.0000	0.0000	6.8000
E	431.587	90.000	44.6582	5.3617	0.0990	0.1774	0.0000	6.8000
dPolE	431.587	90.000	93.7625	1.0000	0.0000	6.8000
uR	431.587	90.000	0.0058	1.0000	0.0000	6.8000
E	433.203	90.000	44.7389	4.2358	0.0927	0.1668	0.0000	6.8000
dPolE	433.203	90.000	93.7844	1.0000	0.0000	6.8000
uR	433.203	90.000	0.0062	1.0000	0.0000	6.8000
E	434.819	90.000	45.2173	4.4941	0.0931	0.1681	0.0000	6.8000
dPolE	434.819	90.000	92.5382	1.0000	0.0000	6.8000
uR	434.819	90.000	0.0068	1.0000	0.0000	6.8000
E	436.435	90.000	45.3140	4.2656	0.0934	0.1680	0.0000	6.8000
dPolE	436.435	90.000	91.9163	1.0000	0.0000	6.8000
uR	436.435	90.000	0.0069	1.0000	0.0000	6.8000
E	438.051	90.000	44.9916	5.2798	0.0990	0.1764	0.0000	6.8000
dPolE	438.051	90.000	89.8378	1.0000	0.0000	6.8000
uR	438.051	90.000	0.0077	1.0000	0.0000	6.8000
E	439.667	90.000	45.0560	4.5556	0.0949	0.1671	0.0000	6.8000
dPolE	439.667	90.000	89.0415	1.0000	0.0000	6.8000
uR	439.667	90.000	0.0079	1.0000	0.0000	6.8000
E	441.283	90.000	44.9745	3.8454	0.0949	0.1654	0.0000	6.8000
dPolE	441.283	90.000	87.8091	1.0000	0.0000	6.8000
uR	441.283	90.000	0.0084	1.0000	0.0000	6.8000
E	442.899	90.000	44.7865	3.9744	0.0923	0.1603	0.0000	6.8000
dPolE	442.899	90.000	87.3945	1.0000	0.0000	6.8000
uR	442.899	90.000	0.0088	1.0000	0.0000	6.8000
E	444.515	90.000	44.8892	4.3428	0.0921	0.1601	0.0000	6.8000
dPolE	444.515	90.000	86.8461	1.0000	0.0000	6.8000
uR	444.515	90.000	0.0091	1.0000	0.0000	6.8000
E	446.131	90.000	45.5432	3.9227	0.0899	0.1569	0.0000	6.8000
dPolE	446.131	90.000	87.3181	1.0000	0.0000	6.8000
uR	446.131	90.000	0.0093	1.0000	0.0000	6.8000
E	447.747	90.000	45.0240	3.7257	0.0878	0.1532	0.0000	6.8000
dPolE	447.747	90.000	85.8149	1.0000	0.0000	6.8000
uR	447.747	90.000	0.0097	1.0000	0.0000	6.8000
E	449.363	90.000	44.9544	2.9406	0.0822	0.1426	0.0000	6.8000
dPolE	449.363	90.000	84.0673	1.0000	0.0000	6.8000
uR	449.363	90.000	0.0102	1.0000	0.0000	6.8000
E	450.979	90.000	45.1782	3.3768	0.0845	0.1451	0.0000	6.8000
dPolE	450.979	90.000	81.1885	1.0000	0.0000	6.8000
uR	450.979	90.000	0.0106	1.0000	0.0000	6.8000
E	452.594	90.000	44.8913	3.2220	0.0875	0.1484	0.0000	6.8000
dPolE	452.594	90.000	79.3408	1.0000	0.0000	6.8000
uR	452.594	90.000	0.0111	1.0000	0.0000	6.8000
E	454.210	90.000	45.2043	3.6229	0.0805	0.1352	0.0000	6.8000
dPolE	454.210	90.000	80.5440	1.0000	0.0000	6.8000
uR	454.210	90.000	0.0116	1.0000	0.0000	6.8000
E	455.826	90.000	44.4012	2.5157	0.0871	0.1455	0.0000	6.8000
dPolE	455.826	90.000	78.7968	1.0000	0.0000	6.8000
uR	455.826	90.000	0.0121	1.0000	0.0000	6.8000
E	457.442	90.000	45.0598	2.9381	0.0877	0.1469	0.0000	6.8000
dPolE	457.442	90.000	78.1539	1.0000	0.0000	6.8000
uR	457.442	90.000	0.0123	1.0000	0.0000	6.8000
E	459.058	90.000	44.8633	2.7157	0.0815	0.1368	0.0000	6.8000
dPolE	459.058	90.000	76.4450	1.0000	0.0000	6.8000
uR	459.058	90.000	0.0126	1.0000	0.0000	6.8000
E	460.674	90.000	44.8476	3.2004	0.0791	0.1329	0.0000	6.8000
dPolE	460.674	90.000	74.9129	1.0000	0.0000	6.8000
uR	460.674	90.000	0.0130	1.0000	0.0000	6.8000
E	462.290	90.000	44.9667	2.7077	0.0790	0.1322	0.0000	6.8000
dPolE	462.290	90.000	72.9071	1.0000	0.0000	6.8000
uR	462.290	90.000	0.0133	1.0000	0.0000	6.8000
E	463.906	90.000	44.6962	2.6644	0.0764	0.1266	0.0000	6.8000
dPolE	463.906	90.000	70.4791	1.0000	0.0000	6.8000
uR	463.906	90.000	0.0138	1.0000	0.0000	6.8000
E	465.521	90.000	44.9937	2.5562	0.0765	0.1253	0.0000	6.8000
dPolE	465.521	90.000	67.9617	1.0000	0.0000	6.8000
uR	465.521	90.000	0.0142	1.0000	0.0000	6.8000
E	467.137	90.000	44.6812	2.2423	0.0749	0.1211	0.0000	6.8000
dPolE	467.137	90.000	66.2998	1.0000	0.0000	6.8000
uR	467.137	90.000	0.0142	1.0000	0.0000	6.8000
E	468.753	90.000	44.8953	2.1504	0.0718	0.1153	0.0000	6.8000
dPolE	468.753	90.000	62.1270	1.0000	0.0000	6.8000
uR	468.753	90.000	0.0144	1.0000	0.0000	6.8000
E	470.369	90.000	44.7164	2.2862	0.0713	0.1143	0.0000	6.8000
dPolE	470.369	90.000	63.0237	1.0000	0.0000	6.8000
uR	470.369	90.000	0.0150	1.0000	0.0000	6.8000
E	471.985	90.000	45.0853	2.6107	0.0696	0.1117	0.0000	6.8000
dPolE	471.985	90.000	65.2816	1.0000	0.0000	6.8000
uR	471.985	90.000	0.0153	1.0000	0.0000	6.8000
E	473.600	90.000	44.7044	2.5550	0.0736	0.1185	0.0000	6.8000
dPolE	473.600	90.000	65.3505	1.0000	0.0000	6.8000
uR	473.600	90.000	0.0156	1.0000	0.0000	6.8000
E	475.216	90.000	44.7133	2.4201	0.0764	0.1230	0.0000	6.8000
dPolE	475.216	90.000	67.8066	1.0000	0.0000	6.8000
uR	475.216	90.000	0.0159	1.0000	0.0000	6.8000
E	476.832	90.000	44.6311	2.2552	0.0764	0.1223	0.0000	6.8000
dPolE	476.832	90.000	69.1076	1.0000	0.0000	6.8000
uR	476.832	90.000	0.0164	1.0000	0.0000	6.8000
E	478.448	90.000	44.9695	2.4095	0.0800	0.1268	0.0000	6.8000
dPolE	478.448	90.000	68.5196	1.0000	0.0000	6.8000
uR	478.448	90.000	0.0167	1.0000	0.0000	6.8000
E	480.063	90.000	44.7552	2.2453	0.0782	0.1226	0.0000	6.8000
dPolE	480.063	90.000	67.3122	1.0000	0.0000	6.8000
uR	480.063	90.000	0.0168	1.0000	0.0000	6.8000
E	481.679	90.000	44.7129	2.2651	0.0723	0.1120	0.0000	6.8000
dPolE	481.679	90.000	67.4532	1.0000	0.0000	6.8000
uR	481.679	90.000	0.0170	1.0000	0.0000	6.8000
E	483.294	90.000	44.7256	2.0593	0.0743	0.1142	0.0000	6.8000
dPolE	483.294	90.000	63.3807	1.0000	0.0000	6.8000
uR	483.294	90.000	0.0173	1.0000	0.0000	6.8000
E	484.910	90.000	44.7898	2.0285	0.0730	0.1117	0.0000	6.8000
dPolE	484.910	90.000	65.3528	1.0000	0.0000	6.8000
uR	484.910	90.000	0.0176	1.0000	0.0000	6.8000
E	486.526	90.000	44.9011	1.9270	0.0721	0.1105	0.0000	6.8000
dPolE	486.526	90.000	67.9040	1.0000	0.0000	6.8000
uR	486.526	90.000	0.0177	1.0000	0.0000	6.8000
E	488.141	90.000	44.9817	2.0218	0.0755	0.1161	0.0000	6.8000
dPolE	488.141	90.000	65.8782	1.0000	0.0000	6.8000
uR	488.141	90.000	0.0182	1.0000	0.0000	6.8000
E	489.757	90.000	44.9310	1.7535	0.0786	0.1207	0.0000	6.8000
dPolE	489.757	90.000	65.4907	1.0000	0.0000	6.8000
uR	489.757	90.000	0.0183	1.0000	0.0000	6.8000
E	491.372	90.000	44.7107	1.9196	0.0721	0.1104	0.0000	6.8000
dPolE	491.372	90.000	63.2944	1.0000	0.0000	6.8000
uR	491.372	90.000	0.0185	1.0000	0.0000	6.8000
E	492.988	90.000	44.8109	1.8285	0.0732	0.1114	0.0000	6.8000
dPolE	492.988	90.000	62.0238	1.0000	0.0000	6.8000
uR	492.988	90.000	0.0188	1.0000	0.0000	6.8000
E	494.603	90.000	44.9388	1.6133	0.0754	0.1137	0.0000	6.8000
dPolE	494.603	90.000	62.9916	1.0000	0.0000	6.8000
uR	494.603	90.000	0.0189	1.0000	0.0000	6.8000
E	496.219	90.000	45.0422	2.2461	0.0784	0.1168	0.0000	6.8000
dPolE	496.219	90.000	62.9331	1.0000	0.0000	6.8000
uR	496.219	90.000	0.0195	1.0000	0.0000	6.8000
E	497.834	90.000	44.9533	1.6090	0.0780	0.1149	0.0000	6.8000
dPolE	497.834	90.000	62.9310	1.0000	0.0000	6.8000
uR	497.834	90.000	0.0196	1.0000	0.0000	6.8000
E	499.450	90.000	44.7888	1.5418	0.0751	0.1098	0.0000	6.8000
dPolE	499.450	90.000	63.5590	1.0000	0.0000	6.8000
uR	499.450	90.000	0.0197	1.0000	0.0000	6.8000
E	501.065	90.000	44.8565	1.5461	0.0752	0.1097	0.0000	6.8000
dPolE	501.065	90.000	64.2262	1.0000	0.0000	6.8000
uR	501.065	90.000	0.0198	1.0000	0.0000	6.8000
E	502.680	90.000	44.7939	1.8855	0.0760	0.1108	0.0000	6.8000
dPolE	502.680	90.000	63.6235	1.0000	0.0000	6.8000
uR	502.680	90.000	0.0200	1.0000	0.0000	6.8000
E	504.296	90.000	45.0076	1.9288	0.0755	0.1102	0.0000	6.8000
dPolE	504.296	90.000	63.6773	1.0000	0.0000	6.8000
uR	504.296	90.000	0.0200	1.0000	0.0000	6.8000
E	505.911	90.000	44.7266	1.6923	0.0712	0.1040	0.0000	6.8000
dPolE	505.911	90.000	63.0374	1.0000	0.0000	6.8000
uR	505.911	90.000	0.0204	1.0000	0.0000	6.8000
E	507.526	90.000	45.1392	1.6602	0.0720	0.1051	0.0000	6.8000
dPolE	507.526	90.000	60.9945	1.0000	0.0000	6.8000
uR	507.526	90.000	0.0208	1.0000	0.0000	6.8000
E	509.141	90.000	45.1227	1.4110	0.0763	0.1106	0.0000	6.8000
dPolE	509.141	90.000	60.0455	1.0000	0.0000	6.8000
uR	509.141	90.000	0.0209	1.0000	0.0000	6.8000
E	510.756	90.000	44.8030	1.7914	0.0783	0.1126	0.0000	6.8000
dPolE	510.756	90.000	60.3124	1.0000	0.0000	6.8000
uR	510.756	90.000	0.0212	1.0000	0.0000	6.8000
E	512.372	90.000	44.9705	1.8874	0.0757	0.1077	0.0000	6.8000
dPolE	512.372	90.000	61.3257	1.0000	0.0000	6.8000
uR	512.372	90.000	0.0216	1.0000	0.0000	6.8000
E	513.987	90.000	44.7889	1.3436	0.0778	0.1095	0.0000	6.8000
dPolE	513.987	90.000	61.2586	1.0000	0.0000	6.8000
uR	513.987	90.000	0.0228	1.0000	0.0000	6.8000
E	515.602	90.000	45.0471	1.5657	0.0784	0.1094	0.0000	6.8000
dPolE	515.602	90.000	61.3865	1.0000	0.0000	6.8000
uR	515.602	90.000	0.0237	1.0000	0.0000	6.8000
E	517.217	90.000	44.9415	1.3395	0.0822	0.1141	0.0000	6.8000
dPolE	517.217	90.000	62.4254	1.0000	0.0000	6.8000
uR	517.217	90.000	0.0233	1.0000	0.0000	6.8000
E	518.832	90.000	44.7511	1.0509	0.0836	0.1157	0.0000	6.8000
dPolE	518.832	90.000	63.9389	1.0000	0.0000	6.8000
uR	518.832	90.000	0.0223	1.0000	0.0000	6.8000
E	520.447	90.000	45.0748	1.5096	0.0830	0.1147	0.0000	6.8000
dPolE	520.447	90.000	65.4624	1.0000	0.0000	6.8000
uR	520.447	90.000	0.0211	1.0000	0.0000	6.8000
E	522.062	90.000	44.7892	0.8769	0.0832	0.1152	0.0000	6.8000
dPolE	522.062	90.000	63.2406	1.0000	0.0000	6.8000
uR	522.062	90.000	0.0206	1.0000	0.0000	6.8000
E	523.677	90.000	44.9514	1.5494	0.0763	0.1056	0.0000	6.8000
dPolE	523.677	90.000	61.2665	1.0000	0.0000	6.8000
uR	523.677	90.000	0.0213	1.0000	0.0000	6.8000
E	525.292	90.000	44.9678	1.1492	0.0769	0.1063	0.0000	6.8000
dPolE	525.292	90.000	59.3941	1.0000	0.0000	6.8000
uR	525.292	90.000	0.0220	1.0000	0.0000	6.8000
E	526.907	90.000	45.1624	1.0624	0.0768	0.1056	0.0000	6.8000
dPolE	526.907	90.000	57.8165	1.0000	0.0000	6.8000
uR	526.907	90.000	0.0223	1.0000	0.0000	6.8000
E	528.521	90.000	44.9923	1.2639	0.0771	0.1052	0.0000	6.8000
dPolE	528.521	90.000	58.7099	1.0000	0.0000	6.8000
uR	528.521	90.000	0.0225	1.0000	0.0000	6.8000
E	530.136	90.000	45.1182	1.1219	0.0833	0.1125	0.0000	6.8000
dPolE	530.136	90.000	56.8346	1.0000	0.0000	6.8000
uR	530.136	90.000	0.0224	1.0000	0.0000	6.8000
E	531.751	90.000	44.8253	1.0349	0.0798	0.1068	0.0000	6.8000
dPolE	531.751	90.000	58.6255	1.0000	0.0000	6.8000
uR	531.751	90.000	0.0226	1.0000	0.0000	6.8000
E	533.366	90.000	44.8131	1.2497	0.0793	0.1052	0.0000	6.8000
dPolE	533.366	90.000	59.0372	1.0000	0.0000	6.8000
uR	533.366	90.000	0.0225	1.0000	0.0000	6.8000
E	534.980	90.000	44.9079	0.9089	0.0768	0.1011	0.0000	6.8000
dPolE	534.980	90.000	56.6335	1.0000	0.0000	6.8000
uR	534.980	90.000	0.0229	1.0000	0.0000	6.8000
E	536.595	90.000	44.8862	1.3335	0.0777	0.1019	0.0000	6.8000
dPolE	536.595	90.000	57.5580	1.0000	0.0000	6.8000
uR	536.595	90.000	0.0229	1.0000	0.0000	6.8000
E	538.210	90.000	44.7625	1.2994	0.0792	0.1037	0.0000	6.8000
dPolE	538.210	90.000	59.0529	1.0000	0.0000	6.8000
uR	538.210	90.000	0.0231	1.0000	0.0000	6.8000
E	539.824	90.000	44.7283	1.0165	0.0800	0.1048	0.0000	6.8000
dPolE	539.824	90.000	56.7781	1.0000	0.0000	6.8000
uR	539.824	90.000	0.0229	1.0000	0.0000	6.8000
E	541.439	90.000	45.0674	0.9492	0.0759	0.0996	0.0000	6.8000
dPolE	541.439	90.000	56.8303	1.0000	0.0000	6.8000
uR	541.439	90.000	0.0228	1.0000	0.0000	6.8000
E	543.053	90.000	44.8704	0.6993	0.0782	0.1025	0.0000	6.8000
dPolE	543.053	90.000	57.9419	1.0000	0.0000	6.8000
uR	543.053	90.000	0.0231	1.0000	0.0000	6.8000
E	544.668	90.000	45.1535	1.1400	0.0783	0.1025	0.0000	6.8000
dPolE	544.668	90.000	55.6013	1.0000	0.0000	6.8000
uR	544.668	90.000	0.0230	1.0000	0.0000	6.8000
E	546.282	90.000	44.8020	1.0237	0.0806	0.1049	0.0000	6.8000
dPolE	546.282	90.000	58.7162	1.0000	0.0000	6.8000
uR	546.282	90.000	0.0230	1.0000	0.0000	6.8000
E	547.896	90.000	44.9817	1.0300	0.0854	0.1103	0.0000	6.8000
dPolE	547.896	90.000	55.1908	1.0000	0.0000	6.8000
uR	547.896	90.000	0.0234	1.0000	0.0000	6.8000
E	549.511	90.000	44.9024	0.8762	0.0785	0.1005	0.0000	6.8000
dPolE	549.511	90.000	56.0365	1.0000	0.0000	6.8000
uR	549.511	90.000	0.0235	1.0000	0.0000	6.8000
E	551.125	90.000	44.7646	0.7822	0.0801	0.1015	0.0000	6.8000
dPolE	551.125	90.000	55.2628	1.0000	0.0000	6.8000
uR	551.125	90.000	0.0234	1.0000	0.0000	6.8000
E	552.739	90.000	45.0661	0.5822	0.0818	0.1027	0.0000	6.8000
dPolE	552.739	90.000	56.0159	1.0000	0.0000	6.8000
uR	552.739	90.000	0.0230	1.0000	0.0000	6.8000
E	554.353	90.000	44.9251	0.5789	0.0832	0.1039	0.0000	6.8000
dPolE	554.353	90.000	57.0859	1.0000	0.0000	6.8000
uR	554.353	90.000	0.0230	1.0000	0.0000	6.8000
E	555.968	90.000	44.8378	0.9102	0.0823	0.1022	0.0000	6.8000
dPolE	555.968	90.000	54.2746	1.0000	0.0000	6.8000
uR	555.968	90.000	0.0234	1.0000	0.0000	6.8000
E	557.582	90.000	44.6863	0.6463	0.0807	0.0999	0.0000	6.8000
dPolE	557.582	90.000	53.0747	1.0000	0.0000	6.8000
uR	557.582	90.000	0.0236	1.0000	0.0000	6.8000
E	559.196	90.000	44.8983	0.5333	0.0849	0.1049	0.0000	6.8000
dPolE	559.196	90.000	53.5856	1.0000	0.0000	6.8000
uR	559.196	90.000	0.0238	1.0000	0.0000	6.8000
E	560.810	90.000	44.8517	0.6152	0.0825	0.1021	0.0000	6.8000
dPolE	560.810	90.000	55.3091	1.0000	0.0000	6.8000
uR	560.810	90.000	0.0236	1.0000	0.0000	6.8000
E	562.424	90.000	44.8728	0.4582	0.0790	0.0978	0.0000	6.8000
dPolE	562.424	90.000	52.6753	1.0000	0.0000	6.8000
uR	562.424	90.000	0.0236	1.0000	0.0000	6.8000
E	564.038	90.000	44.7758	0.7999	0.0822	0.1018	0.0000	6.8000
dPolE	564.038	90.000	51.5375	1.0000	0.0000	6.8000
uR	564.038	90.000	0.0240	1.0000	0.0000	6.8000
E	565.651	90.000	45.0194	0.7036	0.0826	0.1020	0.0000	6.8000
dPolE	565.651	90.000	55.3314	1.0000	0.0000	6.8000
uR	565.651	90.000	0.0237	1.0000	0.0000	6.8000
E	567.265	90.000	44.6406	0.6758	0.0801	0.0985	0.0000	6.8000
dPolE	567.265	90.000	50.8907	1.0000	0.0000	6.8000
uR	567.265	90.000	0.0240	1.0000	0.0000	6.8000
E	568.879	90.000	45.0158	0.7762	0.0818	0.0998	0.0000	6.8000
dPolE	568.879	90.000	51.7587	1.0000	0.0000	6.8000
uR	568.879	90.000	0.0240	1.0000	0.0000	6.8000
E	570.493	90.000	44.8600	0.8196	0.0844	0.1021	0.0000	6.8000
dPolE	570.493	90.000	51.0170	1.0000	0.0000	6.8000
uR	570.493	90.000	0.0239	1.0000	0.0000	6.8000
E	572.106	90.000	45.1075	0.6059	0.0810	0.0973	0.0000	6.8000
dPolE	572.106	90.000	49.2646	1.0000	0.0000	6.8000
uR	572.106	90.000	0.0238	1.0000	0.0000	6.8000
E	573.720	90.000	44.6686	0.5484	0.0854	0.1016	0.0000	6.8000
dPolE	573.720	90.000	49.9486	1.0000	0.0000	6.8000
uR	573.720	90.000	0.0236	1.0000	0.0000	6.8000
E	575.333	90.000	45.0822	0.5811	0.0831	0.0981	0.0000	6.8000
dPolE	575.333	90.000	50.7212	1.0000	0.0000	6.8000
uR	575.333	90.000	0.0236	1.0000	0.0000	6.8000
E	576.947	90.000	44.9327	0.7194	0.0829	0.0973	0.0000	6.8000
dPolE	576.947	90.000	52.4254	1.0000	0.0000	6.8000
uR	576.947	90.000	0.0240	1.0000	0.0000	6.8000
E	578.560	90.000	45.0781	0.5451	0.0841	0.0982	0.0000	6.8000
dPolE	578.560	90.000	50.8283	1.0000	0.0000	6.8000
uR	578.560	90.000	0.0242	1.0000	0.0000	6.8000
E	580.174	90.000	44.6539	0.3670	0.0857	0.0998	0.0000	6.8000
dPolE	580.174	90.000	50.9121	1.0000	0.0000	6.8000
uR	580.174	90.000	0.0238	1.0000	0.0000	6.8000
E	581.787	90.000	44.6171	0.2334	0.0867	0.1010	0.0000	6.8000
dPolE	581.787	90.000	51.5667	1.0000	0.0000	6.8000
uR	581.787	90.000	0.0238	1.0000	0.0000	6.8000
E	583.400	90.000	44.8701	0.6037	0.0878	0.1021	0.0000	6.8000
dPolE	583.400	90.000	50.3021	1.0000	0.0000	6.8000
uR	583.400	90.000	0.0241	1.0000	0.0000	6.8000
E	585.014	90.000	44.5605	0.6120	0.0844	0.0983	0.0000	6.8000
dPolE	585.014	90.000	49.9164	1.0000	0.0000	6.8000
uR	585.014	90.000	0.0240	1.0000	0.0000	6.8000
E	586.627	90.000	44.7677	0.8623	0.0789	0.0918	0.0000	6.8000
dPolE	586.627	90.000	49.8848	1.0000	0.0000	6.8000
uR	586.627	90.000	0.0240	1.0000	0.0000	6.8000
E	588.240	90.000	44.7691	0.4403	0.0817	0.0948	0.0000	6.8000
dPolE	588.240	90.000	50.5951	1.0000	0.0000	6.8000
uR	588.240	90.000	0.0241	1.0000	0.0000	6.8000
E	589.853	90.000	44.9093	0.3166	0.0806	0.0932	0.0000	6.8000
dPolE	589.853	90.000	50.1028	1.0000	0.0000	6.8000
uR	589.853	90.000	0.0239	1.0000	0.0000	6.8000
E	591.466	90.000	44.8657	0.4698	0.0826	0.0950	0.0000	6.8000
dPolE	591.466	90.000	49.9065	1.0000	0.0000	6.8000
uR	591.466	90.000	0.0241	1.0000	0.0000	6.8000
E	593.079	90.000	45.0759	0.5521	0.0834	0.0954	0.0000	6.8000
dPolE	593.079	90.000	48.0804	1.0000	0.0000	6.8000
uR	593.079	90.000	0.0243	1.0000	0.0000	6.8000
E	594.692	90.000	44.9444	0.3901	0.0843	0.0955	0.0000	6.8000
dPolE	594.692	90.000	49.4358	1.0000	0.0000	6.8000
uR	594.692	90.000	0.0242	1.0000	0.0000	6.8000
E	596.305	90.000	44.9860	0.7026	0.0859	0.0965	0.0000	6.8000
dPolE	596.305	90.000	49.1539	1.0000	0.0000	6.8000
uR	596.305	90.000	0.0243	1.0000	0.0000	6.8000
E	597.918	90.000	45.0270	0.3016	0.0851	0.0949	0.0000	6.8000
dPolE	597.918	90.000	51.4324	1.0000	0.0000	6.8000
uR	597.918	90.000	0.0244	1.0000	0.0000	6.8000
E	599.530	90.000	44.7555	0.2681	0.0875	0.0970	0.0000	6.8000
dPolE	599.530	90.000	49.2533	1.0000	0.0000	6.8000
uR	599.530	90.000	0.0244	1.0000	0.0000	6.8000
E	601.143	90.000	45.0462	0.0973	0.0930	0.1025	0.0000	6.8000
dPolE	601.143	90.000	48.2038	1.0000	0.0000	6.8000
uR	601.143	90.000	0.0244	1.0000	0.0000	6.8000
E	602.755	90.000	45.0851	0.3594	0.0887	0.0974	0.0000	6.8000
dPolE	602.755	90.000	47.3777	1.0000	0.0000	6.8000
uR	602.755	90.000	0.0245	1.0000	0.0000	6.8000
E	604.368	90.000	44.8665	0.0501	0.0902	0.0987	0.0000	6.8000
dPolE	604.368	90.000	48.5614	1.0000	0.0000	6.8000
uR	604.368	90.000	0.0246	1.0000	0.0000	6.8000
E	605.981	90.000	44.9856	0.2120	0.0894	0.0978	0.0000	6.8000
dPolE	605.981	90.000	49.3644	1.0000	0.0000	6.8000
uR	605.981	90.000	0.0246	1.0000	0.0000	6.8000
E	607.593	90.000	44.8745	0.5035	0.0879	0.0963	0.0000	6.8000
dPolE	607.593	90.000	49.0376	1.0000	0.0000	6.8000
uR	607.593	90.000	0.0245	1.0000	0.0000	6.8000
E	609.205	90.000	44.8671	0.4432	0.0923	0.1009	0.0000	6.8000
dPolE	609.205	90.000	47.0487	1.0000	0.0000	6.8000
uR	609.205	90.000	0.0245	1.0000	0.0000	6.8000
E	610.818	90.000	44.9138	0.0679	0.0889	0.0972	0.0000	6.8000
dPolE	610.818	90.000	52.1868	1.0000	0.0000	6.8000
uR	610.818	90.000	0.0241	1.0000	0.0000	6.8000
E	612.430	90.000	44.6482	0.0200	0.0906	0.0990	0.0000	6.8000
dPolE	612.430	90.000	47.3997	1.0000	0.0000	6.8000
uR	612.430	90.000	0.0247	1.0000	0.0000	6.8000
E	614.042	90.000	45.0414	0.1880	0.0886	0.0965	0.0000	6.8000
dPolE	614.042	90.000	49.7981	1.0000	0.0000	6.8000
uR	614.042	90.000	0.0244	1.0000	0.0000	6.8000
E	615.654	90.000	44.9905	0.4234	0.0906	0.0982	0.0000	6.8000
dPolE	615.654	90.000	44.7649	1.0000	0.0000	6.8000
uR	615.654	90.000	0.0244	1.0000	0.0000	6.8000
E	617.266	90.000	44.9066	359.9102	0.0858	0.0925	0.0000	6.8000
dPolE	617.266	90.000	47.5880	1.0000	0.0000	6.8000
uR	617.266	90.000	0.0247	1.0000	0.0000	6.8000
E	618.878	90.000	44.7229	0.2874	0.0873	0.0935	0.0000	6.8000
dPolE	618.878	90.000	46.4247	1.0000	0.0000	6.8000
uR	618.878	90.000	0.0250	1.0000	0.0000	6.8000
E	620.490	90.000	45.0089	0.4080	0.0920	0.0978	0.0000	6.8000
dPolE	620.490	90.000	45.0129	1.0000	0.0000	6.8000
uR	620.490	90.000	0.0244	1.0000	0.0000	6.8000
E	622.102	90.000	45.0236	0.1388	0.0912	0.0963	0.0000	6.8000
dPolE	622.102	90.000	46.0486	1.0000	0.0000	6.8000
uR	622.102	90.000	0.0241	1.0000	0.0000	6.8000
E	623.714	90.000	44.9227	0.2775	0.0945	0.0989	0.0000	6.8000
dPolE	623.714	90.000	44.8689	1.0000	0.0000	6.8000
uR	623.714	90.000	0.0244	1.0000	0.0000	6.8000
E	625.325	90.000	44.7856	0.3944	0.0916	0.0953	0.0000	6.8000
dPolE	625.325	90.000	47.9529	1.0000	0.0000	6.8000
uR	625.325	90.000	0.0244	1.0000	0.0000	6.8000
E	626.937	90.000	44.9816	0.1685	0.0924	0.0956	0.0000	6.8000
dPolE	626.937	90.000	45.1387	1.0000	0.0000	6.8000
uR	626.937	90.000	0.0244	1.0000	0.0000	6.8000
E	628.548	90.000	44.8033	0.0130	0.0973	0.1003	0.0000	6.8000
dPolE	628.548	90.000	45.0134	1.0000	0.0000	6.8000
uR	628.548	90.000	0.0245	1.0000	0.0000	6.8000
E	630.160	90.000	44.9311	0.0461	0.0963	0.0989	0.0000	6.8000
dPolE	630.160	90.000	45.3926	1.0000	0.0000	6.8000
uR	630.160	90.000	0.0242	1.0000	0.0000	6.8000
E	631.771	90.000	44.7452	0.2503	0.0972	0.0998	0.0000	6.8000
dPolE	631.771	90.000	43.5022	1.0000	0.0000	6.8000
uR	631.771	90.000	0.0249	1.0000	0.0000	6.8000
E	633.383	90.000	44.7321	0.2486	0.0920	0.0944	0.0000	6.8000
dPolE	633.383	90.000	46.6828	1.0000	0.0000	6.8000
uR	633.383	90.000	0.0246	1.0000	0.0000	6.8000
E	634.994	90.000	44.9726	0.0858	0.0921	0.0944	0.0000	6.8000
dPolE	634.994	90.000	41.8152	1.0000	0.0000	6.8000
uR	634.994	90.000	0.0247	1.0000	0.0000	6.8000
E	636.605	90.000	44.7176	0.1692	0.0995	0.1020	0.0000	6.8000
dPolE	636.605	90.000	46.1514	1.0000	0.0000	6.8000
uR	636.605	90.000	0.0246	1.0000	0.0000	6.8000
E	638.216	90.000	44.9178	0.0515	0.0941	0.0964	0.0000	6.8000
dPolE	638.216	90.000	46.2902	1.0000	0.0000	6.8000
uR	638.216	90.000	0.0248	1.0000	0.0000	6.8000
E	639.827	90.000	44.8042	0.1208	0.0962	0.0984	0.0000	6.8000
dPolE	639.827	90.000	45.0152	1.0000	0.0000	6.8000
uR	639.827	90.000	0.0249	1.0000	0.0000	6.8000
E	641.438	90.000	44.8093	0.0708	0.0962	0.0980	0.0000	6.8000
dPolE	641.438	90.000	47.8529	1.0000	0.0000	6.8000
uR	641.438	90.000	0.0246	1.0000	0.0000	6.8000
E	643.049	90.000	45.2189	0.1678	0.0991	0.1007	0.0000	6.8000
dPolE	643.049	90.000	42.8491	1.0000	0.0000	6.8000
uR	643.049	90.000	0.0247	1.0000	0.0000	6.8000
E	644.660	90.000	45.1170	0.3677	0.0994	0.1006	0.0000	6.8000
dPolE	644.660	90.000	43.4504	1.0000	0.0000	6.8000
uR	644.660	90.000	0.0245	1.0000	0.0000	6.8000
E	646.271	90.000	44.9091	0.2835	0.0977	0.0982	0.0000	6.8000
dPolE	646.271	90.000	46.5613	1.0000	0.0000	6.8000
uR	646.271	90.000	0.0244	1.0000	0.0000	6.8000
E	647.881	90.000	45.1497	359.8911	0.0990	0.0989	0.0000	6.8000
dPolE	647.881	90.000	43.1933	1.0000	0.0000	6.8000
uR	647.881	90.000	0.0246	1.0000	0.0000	6.8000
E	649.492	90.000	45.0054	359.9987	0.1026	0.1017	0.0000	6.8000
dPolE	649.492	90.000	41.3448	1.0000	0.0000	6.8000
uR	649.492	90.000	0.0248	1.0000	0.0000	6.8000
E	651.103	90.000	45.1077	0.0828	0.0985	0.0970	0.0000	6.8000
dPolE	651.103	90.000	43.8090	1.0000	0.0000	6.8000
uR	651.103	90.000	0.0243	1.0000	0.0000	6.8000
E	652.713	90.000	45.1659	0.2409	0.1015	0.0993	0.0000	6.8000
dPolE	652.713	90.000	44.1002	1.0000	0.0000	6.8000
uR	652.713	90.000	0.0254	1.0000	0.0000	6.8000
E	654.323	90.000	45.0257	359.7679	0.1039	0.1010	0.0000	6.8000
dPolE	654.323	90.000	44.9578	1.0000	0.0000	6.8000
uR	654.323	90.000	0.0254	1.0000	0.0000	6.8000
E	655.934	90.000	44.8561	359.7753	0.1015	0.0984	0.0000	6.8000
dPolE	655.934	90.000	44.2057	1.0000	0.0000	6.8000
uR	655.934	90.000	0.0254	1.0000	0.0000	6.8000
E	657.544	90.000	45.0842	0.3107	0.1116	0.1077	0.0000	6.8000
dPolE	657.544	90.000	44.1333	1.0000	0.0000	6.8000
uR	657.544	90.000	0.0249	1.0000	0.0000	6.8000
E	659.154	90.000	45.0955	359.8295	0.1089	0.1049	0.0000	6.8000
dPolE	659.154	90.000	43.1665	1.0000	0.0000	6.8000
uR	659.154	90.000	0.0252	1.0000	0.0000	6.8000
E	660.764	90.000	44.6671	0.1045	0.1072	0.1030	0.0000	6.8000
dPolE	660.764	90.000	44.3954	1.0000	0.0000	6.8000
uR	660.764	90.000	0.0251	1.0000	0.0000	6.8000
E	662.374	90.000	45.1826	0.0330	0.1063	0.1022	0.0000	6.8000
dPolE	662.374	90.000	44.4141	1.0000	0.0000	6.8000
uR	662.374	90.000	0.0249	1.0000	0.0000	6.8000
E	663.984	90.000	45.2017	359.8330	0.1097	0.1053	0.0000	6.8000
dPolE	663.984	90.000	44.3602	1.0000	0.0000	6.8000
uR	663.984	90.000	0.0250	1.0000	0.0000	6.8000
E	665.594	90.000	44.6707	359.8640	0.0993	0.0953	0.0000	6.8000
dPolE	665.594	90.000	48.1579	1.0000	0.0000	6.8000
uR	665.594	90.000	0.0247	1.0000	0.0000	6.8000
E	667.204	90.000	44.9154	359.4682	0.1030	0.0989	0.0000	6.8000
dPolE	667.204	90.000	46.5932	1.0000	0.0000	6.8000
uR	667.204	90.000	0.0244	1.0000	0.0000	6.8000
E	668.813	90.000	44.9304	0.0057	0.1088	0.1043	0.0000	6.8000
dPolE	668.813	90.000	41.9320	1.0000	0.0000	6.8000
uR	668.813	90.000	0.0246	1.0000	0.0000	6.8000
E	670.423	90.000	44.8178	359.9429	0.1047	0.1000	0.0000	6.8000
dPolE	670.423	90.000	42.1047	1.0000	0.0000	6.8000
uR	670.423	90.000	0.0249	1.0000	0.0000	6.8000
E	672.032	90.000	44.7291	359.9350	0.1085	0.1034	0.0000	6.8000
dPolE	672.032	90.000	42.4652	1.0000	0.0000	6.8000
uR	672.032	90.000	0.0248	1.0000	0.0000	6.8000
E	673.642	90.000	45.1103	359.9731	0.1106	0.1052	0.0000	6.8000
dPolE	673.642	90.000	38.8983	1.0000	0.0000	6.8000
uR	673.642	90.000	0.0251	1.0000	0.0000	6.8000
E	675.251	90.000	44.7847	359.9926	0.1046	0.0990	0.0000	6.8000
dPolE	675.251	90.000	44.6350	1.0000	0.0000	6.8000
uR	675.251	90.000	0.0250	1.0000	0.0000	6.8000
E	676.860	90.000	45.0244	0.0075	0.1069	0.1006	0.0000	6.8000
dPolE	676.860	90.000	42.5469	1.0000	0.0000	6.8000
uR	676.860	90.000	0.0249	1.0000	0.0000	6.8000
E	678.469	90.000	45.0464	359.7215	0.1091	0.1020	0.0000	6.8000
dPolE	678.469	90.000	41.9177	1.0000	0.0000	6.8000
uR	678.469	90.000	0.0247	1.0000	0.0000	6.8000
E	680.079	90.000	44.8678	359.6847	0.1090	0.1014	0.0000	6.8000
dPolE	680.079	90.000	41.1843	1.0000	0.0000	6.8000
uR	680.079	90.000	0.0247	1.0000	0.0000	6.8000
E	681.688	90.000	44.8346	359.9614	0.1054	0.0973	0.0000	6.8000
dPolE	681.688	90.000	41.5534	1.0000	0.0000	6.8000
uR	681.688	90.000	0.0254	1.0000	0.0000	6.8000
E	683.296	90.000	44.8758	359.8395	0.1010	0.0926	0.0000	6.8000
dPolE	683.296	90.000	38.0292	1.0000	0.0000	6.8000
uR	683.296	90.000	0.0254	1.0000	0.0000	6.8000
E	684.905	90.000	44.8662	359.8995	0.1010	0.0921	0.0000	6.8000
dPolE	684.905	90.000	35.7256	1.0000	0.0000	6.8000
uR	684.905	90.000	0.0252	1.0000	0.0000	6.8000
E	686.514	90.000	44.7853	359.8601	0.1102	0.1000	0.0000	6.8000
dPolE	686.514	90.000	37.3918	1.0000	0.0000	6.8000
uR	686.514	90.000	0.0245	1.0000	0.0000	6.8000
E	688.123	90.000	44.9524	359.8155	0.1031	0.0931	0.0000	6.8000
dPolE	688.123	90.000	40.0353	1.0000	0.0000	6.8000
uR	688.123	90.000	0.0242	1.0000	0.0000	6.8000
E	689.731	90.000	44.9645	359.8643	0.1056	0.0951	0.0000	6.8000
dPolE	689.731	90.000	36.7706	1.0000	0.0000	6.8000
uR	689.731	90.000	0.0241	1.0000	0.0000	6.8000
E	691.340	90.000	44.7116	359.7436	0.0987	0.0886	0.0000	6.8000
dPolE	691.340	90.000	40.2785	1.0000	0.0000	6.8000
uR	691.340	90.000	0.0247	1.0000	0.0000	6.8000
E	692.948	90.000	44.6966	359.9143	0.1108	0.0993	0.0000	6.8000
dPolE	692.948	90.000	40.0172	1.0000	0.0000	6.8000
uR	692.948	90.000	0.0247	1.0000	0.0000	6.8000
E	694.556	90.000	45.1045	359.7144	0.1123	0.1006	0.0000	6.8000
dPolE	694.556	90.000	41.5719	1.0000	0.0000	6.8000
uR	694.556	90.000	0.0248	1.0000	0.0000	6.8000
E	696.164	90.000	44.8543	359.8860	0.1216	0.1090	0.0000	6.8000
dPolE	696.164	90.000	41.2639	1.0000	0.0000	6.8000
uR	696.164	90.000	0.0248	1.0000	0.0000	6.8000
E	697.772	90.000	45.1123	359.4888	0.1191	0.1067	0.0000	6.8000
dPolE	697.772	90.000	42.3272	1.0000	0.0000	6.8000
uR	697.772	90.000	0.0245	1.0000	0.0000	6.8000
E	699.380	90.000	45.0039	0.1177	0.1202	0.1076	0.0000	6.8000
dPolE	699.380	90.000	43.0742	1.0000	0.0000	6.8000
uR	699.380	90.000	0.0241	1.0000	0.0000	6.8000
E	700.988	90.000	44.8997	359.7076	0.1172	0.1048	0.0000	6.8000
dPolE	700.988	90.000	43.7632	1.0000	0.0000	6.8000
uR	700.988	90.000	0.0242	1.0000	0.0000	6.8000
E	702.596	90.000	45.0105	359.8932	0.1218	0.1087	0.0000	6.8000
dPolE	702.596	90.000	42.1118	1.0000	0.0000	6.8000
uR	702.596	90.000	0.0249	1.0000	0.0000	6.8000
E	704.204	90.000	44.8045	359.6618	0.1262	0.1125	0.0000	6.8000
dPolE	704.204	90.000	42.2823	1.0000	0.0000	6.8000
uR	704.204	90.000	0.0247	1.0000	0.0000	6.8000
E	705.811	90.000	44.6064	359.8987	0.1287	0.1140	0.0000	6.8000
dPolE	705.811	90.000	44.8641	1.0000	0.0000	6.8000
uR	705.811	90.000	0.0245	1.0000	0.0000	6.8000
E	707.419	90.000	45.1928	0.0052	0.1253	0.1109	0.0000	6.8000
dPolE	707.419	90.000	42.9560	1.0000	0.0000	6.8000
uR	707.419	90.000	0.0249	1.0000	0.0000	6.8000
E	709.026	90.000	45.0803	359.9884	0.1190	0.1049	0.0000	6.8000
dPolE	709.026	90.000	38.7973	1.0000	0.0000	6.8000
uR	709.026	90.000	0.0251	1.0000	0.0000	6.8000
E	710.634	90.000	44.6944	359.6502	0.1130	0.0992	0.0000	6.8000
dPolE	710.634	90.000	40.9630	1.0000	0.0000	6.8000
uR	710.634	90.000	0.0259	1.0000	0.0000	6.8000
E	712.241	90.000	45.0354	359.8748	0.1241	0.1084	0.0000	6.8000
dPolE	712.241	90.000	41.7453	1.0000	0.0000	6.8000
uR	712.241	90.000	0.0276	1.0000	0.0000	6.8000
E	713.848	90.000	44.5999	359.9660	0.1310	0.1137	0.0000	6.8000
dPolE	713.848	90.000	42.7866	1.0000	0.0000	6.8000
uR	713.848	90.000	0.0275	1.0000	0.0000	6.8000
E	715.455	90.000	45.0683	359.6145	0.1454	0.1254	0.0000	6.8000
dPolE	715.455	90.000	45.8849	1.0000	0.0000	6.8000
uR	715.455	90.000	0.0240	1.0000	0.0000	6.8000
E	717.062	90.000	45.0998	359.7785	0.1380	0.1185	0.0000	6.8000
dPolE	717.062	90.000	45.7138	1.0000	0.0000	6.8000
uR	717.062	90.000	0.0225	1.0000	0.0000	6.8000
E	718.669	90.000	44.8492	359.5675	0.1257	0.1074	0.0000	6.8000
dPolE	718.669	90.000	42.2405	1.0000	0.0000	6.8000
uR	718.669	90.000	0.0239	1.0000	0.0000	6.8000
E	720.276	90.000	44.8859	359.4428	0.1259	0.1071	0.0000	6.8000
dPolE	720.276	90.000	44.1275	1.0000	0.0000	6.8000
uR	720.276	90.000	0.0256	1.0000	0.0000	6.8000
E	721.882	90.000	44.9946	359.4841	0.1333	0.1128	0.0000	6.8000
dPolE	721.882	90.000	45.2627	1.0000	0.0000	6.8000
uR	721.882	90.000	0.0258	1.0000	0.0000	6.8000
E	723.489	90.000	45.2432	0.0740	0.1429	0.1204	0.0000	6.8000
dPolE	723.489	90.000	39.8226	1.0000	0.0000	6.8000
uR	723.489	90.000	0.0253	1.0000	0.0000	6.8000
E	725.095	90.000	45.2600	359.4920	0.1395	0.1173	0.0000	6.8000
dPolE	725.095	90.000	42.0677	1.0000	0.0000	6.8000
uR	725.095	90.000	0.0258	1.0000	0.0000	6.8000
E	726.701	90.000	44.8520	359.6866	0.1421	0.1192	0.0000	6.8000
dPolE	726.701	90.000	41.8063	1.0000	0.0000	6.8000
uR	726.701	90.000	0.0260	1.0000	0.0000	6.8000
E	728.308	90.000	44.9836	359.9184	0.1337	0.1119	0.0000	6.8000
dPolE	728.308	90.000	42.8857	1.0000	0.0000	6.8000
uR	728.308	90.000	0.0253	1.0000	0.0000	6.8000
E	729.914	90.000	44.7799	359.7115	0.1292	0.1078	0.0000	6.8000
dPolE	729.914	90.000	39.8076	1.0000	0.0000	6.8000
uR	729.914	90.000	0.0253	1.0000	0.0000	6.8000
E	731.520	90.000	45.3401	359.8327	0.1254	0.1047	0.0000	6.8000
dPolE	731.520	90.000	37.6829	1.0000	0.0000	6.8000
uR	731.520	90.000	0.0254	1.0000	0.0000	6.8000
E	733.126	90.000	44.6435	359.5813	0.1217	0.1017	0.0000	6.8000
dPolE	733.126	90.000	39.7884	1.0000	0.0000	6.8000
uR	733.126	90.000	0.0253	1.0000	0.0000	6.8000
E	734.732	90.000	44.8065	359.9241	0.1299	0.1085	0.0000	6.8000
dPolE	734.732	90.000	37.6625	1.0000	0.0000	6.8000
uR	734.732	90.000	0.0255	1.0000	0.0000	6.8000
E	736.337	90.000	45.0391	359.9161	0.1283	0.1071	0.0000	6.8000
dPolE	736.337	90.000	41.6072	1.0000	0.0000	6.8000
uR	736.337	90.000	0.0260	1.0000	0.0000	6.8000
E	737.943	90.000	45.0965	359.6633	0.1312	0.1094	0.0000	6.8000
dPolE	737.943	90.000	42.1949	1.0000	0.0000	6.8000
uR	737.943	90.000	0.0254	1.0000	0.0000	6.8000
E	739.548	90.000	45.0620	359.5498	0.1366	0.1135	0.0000	6.8000
dPolE	739.548	90.000	38.4780	1.0000	0.0000	6.8000
uR	739.548	90.000	0.0252	1.0000	0.0000	6.8000
E	741.154	90.000	44.9810	359.6877	0.1298	0.1079	0.0000	6.8000
dPolE	741.154	90.000	37.6331	1.0000	0.0000	6.8000
uR	741.154	90.000	0.0255	1.0000	0.0000	6.8000
E	742.759	90.000	44.5757	359.6752	0.1244	0.1031	0.0000	6.8000
dPolE	742.759	90.000	38.2454	1.0000	0.0000	6.8000
uR	742.759	90.000	0.0250	1.0000	0.0000	6.8000
E	744.364	90.000	44.8738	0.0477	0.1422	0.1172	0.0000	6.8000
dPolE	744.364	90.000	37.6793	1.0000	0.0000	6.8000
uR	744.364	90.000	0.0250	1.0000	0.0000	6.8000
E	745.969	90.000	45.4532	359.7510	0.1365	0.1121	0.0000	6.8000
dPolE	745.969	90.000	40.1610	1.0000	0.0000	6.8000
uR	745.969	90.000	0.0253	1.0000	0.0000	6.8000
E	747.574	90.000	44.9676	359.5878	0.1415	0.1158	0.0000	6.8000
dPolE	747.574	90.000	40.1487	1.0000	0.0000	6.8000
uR	747.574	90.000	0.0254	1.0000	0.0000	6.8000
E	749.179	90.000	45.3440	359.7653	0.1364	0.1111	0.0000	6.8000
dPolE	749.179	90.000	41.6726	1.0000	0.0000	6.8000
uR	749.179	90.000	0.0255	1.0000	0.0000	6.8000
E	750.784	90.000	44.7469	359.6096	0.1456	0.1181	0.0000	6.8000
dPolE	750.784	90.000	39.2180	1.0000	0.0000	6.8000
uR	750.784	90.000	0.0249	1.0000	0.0000	6.8000
E	752.388	90.000	44.9421	0.2634	0.1458	0.1176	0.0000	6.8000
dPolE	752.388	90.000	40.5917	1.0000	0.0000	6.8000
uR	752.388	90.000	0.0244	1.0000	0.0000	6.8000
E	753.993	90.000	44.9373	359.4274	0.1509	0.1211	0.0000	6.8000
dPolE	753.993	90.000	43.1274	1.0000	0.0000	6.8000
uR	753.993	90.000	0.0247	1.0000	0.0000	6.8000
E	755.597	90.000	44.5712	359.6266	0.1441	0.1150	0.0000	6.8000
dPolE	755.597	90.000	40.7438	1.0000	0.0000	6.8000
uR	755.597	90.000	0.0249	1.0000	0.0000	6.8000
E	757.202	90.000	44.8345	359.6555	0.1509	0.1202	0.0000	6.8000
dPolE	757.202	90.000	42.0823	1.0000	0.0000	6.8000
uR	757.202	90.000	0.0246	1.0000	0.0000	6.8000
E	758.806	90.000	44.9949	359.7929	0.1480	0.1170	0.0000	6.8000
dPolE	758.806	90.000	43.0329	1.0000	0.0000	6.8000
uR	758.806	90.000	0.0240	1.0000	0.0000	6.8000
E	760.410	90.000	45.2848	359.9138	0.1430	0.1128	0.0000	6.8000
dPolE	760.410	90.000	37.9526	1.0000	0.0000	6.8000
uR	760.410	90.000	0.0236	1.0000	0.0000	6.8000
E	762.014	90.000	44.9102	359.5882	0.1358	0.1064	0.0000	6.8000
dPolE	762.014	90.000	37.3004	1.0000	0.0000	6.8000
uR	762.014	90.000	0.0241	1.0000	0.0000	6.8000
E	763.618	90.000	45.0605	359.7093	0.1213	0.0949	0.0000	6.8000
dPolE	763.618	90.000	28.1860	1.0000	0.0000	6.8000
uR	763.618	90.000	0.0252	1.0000	0.0000	6.8000
E	765.221	90.000	45.0382	359.5457	0.1049	0.0819	0.0000	6.8000
dPolE	765.221	90.000	29.2913	1.0000	0.0000	6.8000
uR	765.221	90.000	0.0251	1.0000	0.0000	6.8000
E	766.825	90.000	44.9521	359.5500	0.1152	0.0898	0.0000	6.8000
dPolE	766.825	90.000	30.8792	1.0000	0.0000	6.8000
uR	766.825	90.000	0.0249	1.0000	0.0000	6.8000
E	768.429	90.000	45.3453	359.6694	0.1412	0.1099	0.0000	6.8000
dPolE	768.429	90.000	37.1152	1.0000	0.0000	6.8000
uR	768.429	90.000	0.0243	1.0000	0.0000	6.8000
E	770.032	90.000	44.7994	359.6464	0.1499	0.1165	0.0000	6.8000
dPolE	770.032	90.000	42.9905	1.0000	0.0000	6.8000
uR	770.032	90.000	0.0249	1.0000	0.0000	6.8000
E	771.635	90.000	44.8450	359.3888	0.1621	0.1259	0.0000	6.8000
dPolE	771.635	90.000	41.6361	1.0000	0.0000	6.8000
uR	771.635	90.000	0.0255	1.0000	0.0000	6.8000
E	773.238	90.000	45.0732	359.6725	0.1635	0.1269	0.0000	6.8000
dPolE	773.238	90.000	39.3284	1.0000	0.0000	6.8000
uR	773.238	90.000	0.0263	1.0000	0.0000	6.8000
E	774.841	90.000	44.5295	359.1649	0.1833	0.1423	0.0000	6.8000
dPolE	774.841	90.000	43.6961	1.0000	0.0000	6.8000
uR	774.841	90.000	0.0260	1.0000	0.0000	6.8000
E	776.444	90.000	45.2201	359.6060	0.1876	0.1454	0.0000	6.8000
dPolE	776.444	90.000	44.1966	1.0000	0.0000	6.8000
uR	776.444	90.000	0.0268	1.0000	0.0000	6.8000
E	778.047	90.000	44.6181	359.6388	0.1845	0.1425	0.0000	6.8000
dPolE	778.047	90.000	45.8719	1.0000	0.0000	6.8000
uR	778.047	90.000	0.0266	1.0000	0.0000	6.8000
E	779.650	90.000	45.2374	0.1464	0.1863	0.1438	0.0000	6.8000
dPolE	779.650	90.000	49.5019	1.0000	0.0000	6.8000
uR	779.650	90.000	0.0264	1.0000	0.0000	6.8000
E	781.252	90.000	44.8601	359.5605	0.1851	0.1431	0.0000	6.8000
dPolE	781.252	90.000	42.5386	1.0000	0.0000	6.8000
uR	781.252	90.000	0.0281	1.0000	0.0000	6.8000
E	782.855	90.000	45.0651	359.3997	0.1691	0.1303	0.0000	6.8000
dPolE	782.855	90.000	48.2292	1.0000	0.0000	6.8000
uR	782.855	90.000	0.0289	1.0000	0.0000	6.8000
E	784.457	90.000	44.6552	359.4702	0.1829	0.1409	0.0000	6.8000
dPolE	784.457	90.000	43.4167	1.0000	0.0000	6.8000
uR	784.457	90.000	0.0290	1.0000	0.0000	6.8000
E	786.059	90.000	45.1535	359.6980	0.1784	0.1369	0.0000	6.8000
dPolE	786.059	90.000	43.0035	1.0000	0.0000	6.8000
uR	786.059	90.000	0.0284	1.0000	0.0000	6.8000
E	787.661	90.000	44.7136	359.3097	0.1784	0.1359	0.0000	6.8000
dPolE	787.661	90.000	42.1171	1.0000	0.0000	6.8000
uR	787.661	90.000	0.0267	1.0000	0.0000	6.8000
E	789.263	90.000	45.0809	359.6325	0.1603	0.1221	0.0000	6.8000
dPolE	789.263	90.000	45.1730	1.0000	0.0000	6.8000
uR	789.263	90.000	0.0254	1.0000	0.0000	6.8000
E	790.865	90.000	44.5788	359.4583	0.1628	0.1234	0.0000	6.8000
dPolE	790.865	90.000	44.6250	1.0000	0.0000	6.8000
uR	790.865	90.000	0.0246	1.0000	0.0000	6.8000
E	792.467	90.000	44.5176	359.8401	0.1675	0.1266	0.0000	6.8000
dPolE	792.467	90.000	40.1887	1.0000	0.0000	6.8000
uR	792.467	90.000	0.0254	1.0000	0.0000	6.8000
E	794.068	90.000	45.1231	359.6826	0.1795	0.1348	0.0000	6.8000
dPolE	794.068	90.000	41.1042	1.0000	0.0000	6.8000
uR	794.068	90.000	0.0261	1.0000	0.0000	6.8000
E	795.670	90.000	45.2204	359.5803	0.1716	0.1284	0.0000	6.8000
dPolE	795.670	90.000	41.9340	1.0000	0.0000	6.8000
uR	795.670	90.000	0.0261	1.0000	0.0000	6.8000
E	797.271	90.000	44.8314	359.2551	0.1716	0.1280	0.0000	6.8000
dPolE	797.271	90.000	42.5408	1.0000	0.0000	6.8000
uR	797.271	90.000	0.0262	1.0000	0.0000	6.8000
E	798.872	90.000	45.4273	359.5775	0.1616	0.1199	0.0000	6.8000
dPolE	798.872	90.000	36.6269	1.0000	0.0000	6.8000
uR	798.872	90.000	0.0266	1.0000	0.0000	6.8000
E	800.473	90.000	44.7462	359.3148	0.1690	0.1251	0.0000	6.8000
dPolE	800.473	90.000	40.5689	1.0000	0.0000	6.8000
uR	800.473	90.000	0.0269	1.0000	0.0000	6.8000
E	802.074	90.000	45.1731	359.3058	0.1811	0.1334	0.0000	6.8000
dPolE	802.074	90.000	41.2994	1.0000	0.0000	6.8000
uR	802.074	90.000	0.0263	1.0000	0.0000	6.8000
E	803.675	90.000	44.5636	359.5028	0.1791	0.1310	0.0000	6.8000
dPolE	803.675	90.000	47.5215	1.0000	0.0000	6.8000
uR	803.675	90.000	0.0265	1.0000	0.0000	6.8000
E	805.276	90.000	45.6644	359.3459	0.1779	0.1298	0.0000	6.8000
dPolE	805.276	90.000	44.3046	1.0000	0.0000	6.8000
uR	805.276	90.000	0.0259	1.0000	0.0000	6.8000
E	806.876	90.000	44.8487	359.3322	0.1821	0.1328	0.0000	6.8000
dPolE	806.876	90.000	44.0209	1.0000	0.0000	6.8000
uR	806.876	90.000	0.0258	1.0000	0.0000	6.8000
E	808.477	90.000	44.8807	359.4972	0.1814	0.1319	0.0000	6.8000
dPolE	808.477	90.000	44.2163	1.0000	0.0000	6.8000
uR	808.477	90.000	0.0249	1.0000	0.0000	6.8000
E	810.077	90.000	44.2813	359.1890	0.1778	0.1289	0.0000	6.8000
dPolE	810.077	90.000	42.6966	1.0000	0.0000	6.8000
uR	810.077	90.000	0.0258	1.0000	0.0000	6.8000
E	811.677	90.000	44.6120	359.3663	0.1711	0.1237	0.0000	6.8000
dPolE	811.677	90.000	41.7192	1.0000	0.0000	6.8000
uR	811.677	90.000	0.0274	1.0000	0.0000	6.8000
E	813.277	90.000	45.3210	359.1903	0.1811	0.1311	0.0000	6.8000
dPolE	813.277	90.000	41.0098	1.0000	0.0000	6.8000
uR	813.277	90.000	0.0257	1.0000	0.0000	6.8000
E	814.877	90.000	44.9249	359.4318	0.1757	0.1268	0.0000	6.8000
dPolE	814.877	90.000	42.5757	1.0000	0.0000	6.8000
uR	814.877	90.000	0.0245	1.0000	0.0000	6.8000
E	816.477	90.000	44.7114	359.7086	0.1645	0.1185	0.0000	6.8000
dPolE	816.477	90.000	34.0133	1.0000	0.0000	6.8000
uR	816.477	90.000	0.0260	1.0000	0.0000	6.8000
E	818.077	90.000	44.7155	359.2780	0.1489	0.1075	0.0000	6.8000
dPolE	818.077	90.000	33.9404	1.0000	0.0000	6.8000
uR	818.077	90.000	0.0236	1.0000	0.0000	6.8000
E	819.676	90.000	44.8052	359.5638	0.1134	0.0817	0.0000	6.8000
dPolE	819.676	90.000	24.8090	1.0000	0.0000	6.8000
uR	819.676	90.000	0.0208	1.0000	0.0000	6.8000
E	821.276	90.000	44.9700	359.5347	0.0727	0.0523	0.0000	6.8000
dPolE	821.276	90.000	12.0624	1.0000	0.0000	6.8000
uR	821.276	90.000	0.0214	1.0000	0.0000	6.8000
E	822.875	90.000	45.1141	359.5085	0.0524	0.0376	0.0000	6.8000
dPolE	822.875	90.000	6.4611	1.0000	0.0000	6.8000
uR	822.875	90.000	0.0238	1.0000	0.0000	6.8000
E	824.474	90.000	44.9911	359.4858	0.0457	0.0328	0.0000	6.8000
dPolE	824.474	90.000	3.8006	1.0000	0.0000	6.8000
uR	824.474	90.000	0.0254	1.0000	0.0000	6.8000
E	826.073	90.000	44.9148	359.5150	0.0486	0.0349	0.0000	6.8000
dPolE	826.073	90.000	4.0687	1.0000	0.0000	6.8000
uR	826.073	90.000	0.0249	1.0000	0.0000	6.8000
E	827.672	90.000	44.9263	359.4813	0.0561	0.0402	0.0000	6.8000
dPolE	827.672	90.000	7.4026	1.0000	0.0000	6.8000
uR	827.672	90.000	0.0241	1.0000	0.0000	6.8000
E	829.271	90.000	44.9900	359.5565	0.0651	0.0465	0.0000	6.8000
dPolE	829.271	90.000	9.3412	1.0000	0.0000	6.8000
uR	829.271	90.000	0.0256	1.0000	0.0000	6.8000
E	830.869	90.000	44.9265	359.4132	0.0774	0.0552	0.0000	6.8000
dPolE	830.869	90.000	16.8002	1.0000	0.0000	6.8000
uR	830.869	90.000	0.0238	1.0000	0.0000	6.8000
E	832.468	90.000	44.7916	359.6890	0.0982	0.0699	0.0000	6.8000
dPolE	832.468	90.000	27.8303	1.0000	0.0000	6.8000
uR	832.468	90.000	0.0221	1.0000	0.0000	6.8000
E	834.066	90.000	45.0200	359.4586	0.0947	0.0672	0.0000	6.8000
dPolE	834.066	90.000	21.9962	1.0000	0.0000	6.8000
uR	834.066	90.000	0.0230	1.0000	0.0000	6.8000
E	835.664	90.000	45.1195	359.4737	0.0946	0.0670	0.0000	6.8000
dPolE	835.664	90.000	20.1010	1.0000	0.0000	6.8000
uR	835.664	90.000	0.0241	1.0000	0.0000	6.8000
E	837.262	90.000	44.7482	359.4234	0.1032	0.0728	0.0000	6.8000
dPolE	837.262	90.000	25.0841	1.0000	0.0000	6.8000
uR	837.262	90.000	0.0244	1.0000	0.0000	6.8000
E	838.860	90.000	44.8792	359.4270	0.1282	0.0900	0.0000	6.8000
dPolE	838.860	90.000	30.3944	1.0000	0.0000	6.8000
uR	838.860	90.000	0.0243	1.0000	0.0000	6.8000
E	840.458	90.000	45.0318	359.7293	0.1346	0.0940	0.0000	6.8000
dPolE	840.458	90.000	40.0335	1.0000	0.0000	6.8000
uR	840.458	90.000	0.0249	1.0000	0.0000	6.8000
E	842.055	90.000	45.0990	359.5372	0.1328	0.0927	0.0000	6.8000
dPolE	842.055	90.000	40.3272	1.0000	0.0000	6.8000
uR	842.055	90.000	0.0267	1.0000	0.0000	6.8000
E	843.653	90.000	44.8442	359.6541	0.1549	0.1077	0.0000	6.8000
dPolE	843.653	90.000	43.3199	1.0000	0.0000	6.8000
uR	843.653	90.000	0.0256	1.0000	0.0000	6.8000
E	845.250	90.000	45.3038	359.2983	0.1955	0.1351	0.0000	6.8000
dPolE	845.250	90.000	54.0593	1.0000	0.0000	6.8000
uR	845.250	90.000	0.0245	1.0000	0.0000	6.8000
E	846.847	90.000	45.3197	359.6516	0.2270	0.1562	0.0000	6.8000
dPolE	846.847	90.000	49.1931	1.0000	0.0000	6.8000
uR	846.847	90.000	0.0260	1.0000	0.0000	6.8000
E	848.444	90.000	45.1372	359.3525	0.2507	0.1719	0.0000	6.8000
dPolE	848.444	90.000	56.5339	1.0000	0.0000	6.8000
uR	848.444	90.000	0.0266	1.0000	0.0000	6.8000
E	850.041	90.000	44.4678	359.0942	0.2534	0.1732	0.0000	6.8000
dPolE	850.041	90.000	62.7974	1.0000	0.0000	6.8000
uR	850.041	90.000	0.0269	1.0000	0.0000	6.8000
E	851.638	90.000	44.3127	359.2832	0.2580	0.1756	0.0000	6.8000
dPolE	851.638	90.000	58.8252	1.0000	0.0000	6.8000
uR	851.638	90.000	0.0272	1.0000	0.0000	6.8000
E	853.234	90.000	44.7540	359.5128	0.2783	0.1886	0.0000	6.8000
dPolE	853.234	90.000	62.7708	1.0000	0.0000	6.8000
uR	853.234	90.000	0.0253	1.0000	0.0000	6.8000
E	854.831	90.000	45.2700	359.8149	0.2718	0.1831	0.0000	6.8000
dPolE	854.831	90.000	58.5408	1.0000	0.0000	6.8000
uR	854.831	90.000	0.0246	1.0000	0.0000	6.8000
E	856.427	90.000	44.9801	359.4975	0.2787	0.1880	0.0000	6.8000
dPolE	856.427	90.000	62.4557	1.0000	0.0000	6.8000
uR	856.427	90.000	0.0241	1.0000	0.0000	6.8000
E	858.023	90.000	44.5916	359.5818	0.2627	0.1767	0.0000	6.8000
dPolE	858.023	90.000	59.1799	1.0000	0.0000	6.8000
uR	858.023	90.000	0.0248	1.0000	0.0000	6.8000
E	859.619	90.000	45.6013	359.6824	0.2715	0.1818	0.0000	6.8000
dPolE	859.619	90.000	52.9530	1.0000	0.0000	6.8000
uR	859.619	90.000	0.0248	1.0000	0.0000	6.8000
E	861.215	90.000	44.6937	359.3444	0.2610	0.1747	0.0000	6.8000
dPolE	861.215	90.000	54.7124	1.0000	0.0000	6.8000
uR	861.215	90.000	0.0247	1.0000	0.0000	6.8000
E	862.811	90.000	45.6766	359.1711	0.2553	0.1709	0.0000	6.8000
dPolE	862.811	90.000	46.9542	1.0000	0.0000	6.8000
uR	862.811	90.000	0.0261	1.0000	0.0000	6.8000
E	864.407	90.000	44.8790	358.9404	0.2383	0.1592	0.0000	6.8000
dPolE	864.407	90.000	53.1247	1.0000	0.0000	6.8000
uR	864.407	90.000	0.0257	1.0000	0.0000	6.8000
E	866.002	90.000	45.2027	359.3617	0.2242	0.1496	0.0000	6.8000
dPolE	866.002	90.000	40.5407	1.0000	0.0000	6.8000
uR	866.002	90.000	0.0275	1.0000	0.0000	6.8000
E	867.597	90.000	44.9057	359.8082	0.2204	0.1470	0.0000	6.8000
dPolE	867.597	90.000	40.2572	1.0000	0.0000	6.8000
uR	867.597	90.000	0.0262	1.0000	0.0000	6.8000
E	869.192	90.000	44.9742	359.5379	0.2142	0.1427	0.0000	6.8000
dPolE	869.192	90.000	38.2069	1.0000	0.0000	6.8000
uR	869.192	90.000	0.0258	1.0000	0.0000	6.8000
E	870.787	90.000	45.1829	359.5734	0.1995	0.1329	0.0000	6.8000
dPolE	870.787	90.000	35.9029	1.0000	0.0000	6.8000
uR	870.787	90.000	0.0257	1.0000	0.0000	6.8000
E	872.382	90.000	44.7050	359.5749	0.1856	0.1234	0.0000	6.8000
dPolE	872.382	90.000	33.4067	1.0000	0.0000	6.8000
uR	872.382	90.000	0.0250	1.0000	0.0000	6.8000
E	873.977	90.000	44.7739	359.5069	0.1700	0.1132	0.0000	6.8000
dPolE	873.977	90.000	29.7511	1.0000	0.0000	6.8000
uR	873.977	90.000	0.0251	1.0000	0.0000	6.8000
E	875.571	90.000	44.7539	359.5352	0.1610	0.1072	0.0000	6.8000
dPolE	875.571	90.000	33.8667	1.0000	0.0000	6.8000
uR	875.571	90.000	0.0236	1.0000	0.0000	6.8000
E	877.166	90.000	44.9215	359.4378	0.1304	0.0867	0.0000	6.8000
dPolE	877.166	90.000	29.6573	1.0000	0.0000	6.8000
uR	877.166	90.000	0.0220	1.0000	0.0000	6.8000
E	878.760	90.000	45.0736	359.4958	0.0951	0.0632	0.0000	6.8000
dPolE	878.760	90.000	15.9197	1.0000	0.0000	6.8000
uR	878.760	90.000	0.0216	1.0000	0.0000	6.8000
E	880.354	90.000	44.9338	359.6296	0.0640	0.0424	0.0000	6.8000
dPolE	880.354	90.000	8.0636	1.0000	0.0000	6.8000
uR	880.354	90.000	0.0228	1.0000	0.0000	6.8000
E	881.948	90.000	44.9815	359.4964	0.0514	0.0339	0.0000	6.8000
dPolE	881.948	90.000	3.8013	1.0000	0.0000	6.8000
uR	881.948	90.000	0.0253	1.0000	0.0000	6.8000
E	883.542	90.000	44.8471	359.4713	0.0512	0.0338	0.0000	6.8000
dPolE	883.542	90.000	4.3795	1.0000	0.0000	6.8000
uR	883.542	90.000	0.0263	1.0000	0.0000	6.8000
E	885.135	90.000	44.9844	359.4860	0.0571	0.0376	0.0000	6.8000
dPolE	885.135	90.000	3.5754	1.0000	0.0000	6.8000
uR	885.135	90.000	0.0247	1.0000	0.0000	6.8000
E	886.729	90.000	44.7389	359.5873	0.0754	0.0495	0.0000	6.8000
dPolE	886.729	90.000	11.2242	1.0000	0.0000	6.8000
uR	886.729	90.000	0.0230	1.0000	0.0000	6.8000
E	888.322	90.000	44.7188	359.3626	0.0965	0.0633	0.0000	6.8000
dPolE	888.322	90.000	21.7536	1.0000	0.0000	6.8000
uR	888.322	90.000	0.0229	1.0000	0.0000	6.8000
E	889.915	90.000	44.8043	359.3748	0.1151	0.0752	0.0000	6.8000
dPolE	889.915	90.000	24.3655	1.0000	0.0000	6.8000
uR	889.915	90.000	0.0224	1.0000	0.0000	6.8000
E	891.508	90.000	44.9790	359.4965	0.1151	0.0749	0.0000	6.8000
dPolE	891.508	90.000	21.2960	1.0000	0.0000	6.8000
uR	891.508	90.000	0.0238	1.0000	0.0000	6.8000
E	893.101	90.000	44.9985	359.4126	0.1035	0.0671	0.0000	6.8000
dPolE	893.101	90.000	18.5672	1.0000	0.0000	6.8000
uR	893.101	90.000	0.0236	1.0000	0.0000	6.8000
E	894.694	90.000	44.8299	359.4976	0.0894	0.0577	0.0000	6.8000
dPolE	894.694	90.000	15.9050	1.0000	0.0000	6.8000
uR	894.694	90.000	0.0251	1.0000	0.0000	6.8000
E	896.286	90.000	44.9028	359.3581	0.0894	0.0575	0.0000	6.8000
dPolE	896.286	90.000	16.0372	1.0000	0.0000	6.8000
uR	896.286	90.000	0.0253	1.0000	0.0000	6.8000
E	897.879	90.000	44.7315	359.4513	0.0958	0.0614	0.0000	6.8000
dPolE	897.879	90.000	16.6104	1.0000	0.0000	6.8000
uR	897.879	90.000	0.0248	1.0000	0.0000	6.8000
E	899.471	90.000	44.8202	359.4832	0.1033	0.0660	0.0000	6.8000
dPolE	899.471	90.000	23.2797	1.0000	0.0000	6.8000
uR	899.471	90.000	0.0238	1.0000	0.0000	6.8000
E	901.063	90.000	44.8731	359.2730	0.1150	0.0731	0.0000	6.8000
dPolE	901.063	90.000	20.0336	1.0000	0.0000	6.8000
uR	901.063	90.000	0.0234	1.0000	0.0000	6.8000
E	902.655	90.000	44.7780	359.4576	0.1051	0.0667	0.0000	6.8000
dPolE	902.655	90.000	15.1472	1.0000	0.0000	6.8000
uR	902.655	90.000	0.0248	1.0000	0.0000	6.8000
E	904.247	90.000	44.9985	359.4545	0.0922	0.0582	0.0000	6.8000
dPolE	904.247	90.000	13.9296	1.0000	0.0000	6.8000
uR	904.247	90.000	0.0258	1.0000	0.0000	6.8000
E	905.838	90.000	45.0282	359.4090	0.0935	0.0589	0.0000	6.8000
dPolE	905.838	90.000	17.3056	1.0000	0.0000	6.8000
uR	905.838	90.000	0.0248	1.0000	0.0000	6.8000
E	907.429	90.000	44.9838	359.5221	0.1091	0.0686	0.0000	6.8000
dPolE	907.429	90.000	22.6701	1.0000	0.0000	6.8000
uR	907.429	90.000	0.0234	1.0000	0.0000	6.8000
E	909.021	90.000	44.5328	359.5130	0.1297	0.0815	0.0000	6.8000
dPolE	909.021	90.000	28.6858	1.0000	0.0000	6.8000
uR	909.021	90.000	0.0219	1.0000	0.0000	6.8000
E	910.612	90.000	45.1889	359.5098	0.1488	0.0928	0.0000	6.8000
dPolE	910.612	90.000	26.9047	1.0000	0.0000	6.8000
uR	910.612	90.000	0.0221	1.0000	0.0000	6.8000
E	912.203	90.000	44.8909	359.5418	0.1399	0.0872	0.0000	6.8000
dPolE	912.203	90.000	30.5578	1.0000	0.0000	6.8000
uR	912.203	90.000	0.0211	1.0000	0.0000	6.8000
E	913.793	90.000	44.8987	359.5356	0.1128	0.0700	0.0000	6.8000
dPolE	913.793	90.000	18.8821	1.0000	0.0000	6.8000
uR	913.793	90.000	0.0225	1.0000	0.0000	6.8000
E	915.384	90.000	44.7330	359.3790	0.0901	0.0559	0.0000	6.8000
dPolE	915.384	90.000	11.9184	1.0000	0.0000	6.8000
uR	915.384	90.000	0.0236	1.0000	0.0000	6.8000
E	916.974	90.000	44.8248	359.5156	0.0831	0.0514	0.0000	6.8000
dPolE	916.974	90.000	12.4648	1.0000	0.0000	6.8000
uR	916.974	90.000	0.0243	1.0000	0.0000	6.8000
E	918.565	90.000	44.9102	359.4455	0.0874	0.0541	0.0000	6.8000
dPolE	918.565	90.000	14.3509	1.0000	0.0000	6.8000
uR	918.565	90.000	0.0244	1.0000	0.0000	6.8000
E	920.155	90.000	44.8599	359.5751	0.1071	0.0661	0.0000	6.8000
dPolE	920.155	90.000	20.2575	1.0000	0.0000	6.8000
uR	920.155	90.000	0.0231	1.0000	0.0000	6.8000
E	921.745	90.000	44.8537	359.4049	0.1311	0.0808	0.0000	6.8000
dPolE	921.745	90.000	24.7775	1.0000	0.0000	6.8000
uR	921.745	90.000	0.0235	1.0000	0.0000	6.8000
E	923.334	90.000	44.9824	359.3058	0.1531	0.0944	0.0000	6.8000
dPolE	923.334	90.000	29.0297	1.0000	0.0000	6.8000
uR	923.334	90.000	0.0243	1.0000	0.0000	6.8000
E	924.924	90.000	44.5698	359.2821	0.1780	0.1095	0.0000	6.8000
dPolE	924.924	90.000	38.1003	1.0000	0.0000	6.8000
uR	924.924	90.000	0.0232	1.0000	0.0000	6.8000
E	926.513	90.000	45.0428	359.1808	0.2024	0.1244	0.0000	6.8000
dPolE	926.513	90.000	47.5881	1.0000	0.0000	6.8000
uR	926.513	90.000	0.0232	1.0000	0.0000	6.8000
E	928.103	90.000	44.9728	359.5217	0.2269	0.1393	0.0000	6.8000
dPolE	928.103	90.000	40.7689	1.0000	0.0000	6.8000
uR	928.103	90.000	0.0240	1.0000	0.0000	6.8000
E	929.692	90.000	45.5474	359.2976	0.2264	0.1387	0.0000	6.8000
dPolE	929.692	90.000	42.8016	1.0000	0.0000	6.8000
uR	929.692	90.000	0.0249	1.0000	0.0000	6.8000
E	931.280	90.000	45.2565	359.4032	0.2529	0.1553	0.0000	6.8000
dPolE	931.280	90.000	40.4190	1.0000	0.0000	6.8000
uR	931.280	90.000	0.0253	1.0000	0.0000	6.8000
E	932.869	90.000	44.9711	359.4177	0.2422	0.1485	0.0000	6.8000
dPolE	932.869	90.000	39.9201	1.0000	0.0000	6.8000
uR	932.869	90.000	0.0251	1.0000	0.0000	6.8000
E	934.458	90.000	44.1753	359.3486	0.2402	0.1467	0.0000	6.8000
dPolE	934.458	90.000	44.8544	1.0000	0.0000	6.8000
uR	934.458	90.000	0.0256	1.0000	0.0000	6.8000
E	936.046	90.000	44.7770	359.5696	0.2356	0.1440	0.0000	6.8000
dPolE	936.046	90.000	42.7803	1.0000	0.0000	6.8000
uR	936.046	90.000	0.0251	1.0000	0.0000	6.8000
E	937.634	90.000	44.8501	359.5168	0.2226	0.1359	0.0000	6.8000
dPolE	937.634	90.000	36.4950	1.0000	0.0000	6.8000
uR	937.634	90.000	0.0247	1.0000	0.0000	6.8000
E	939.222	90.000	44.7779	359.6909	0.2179	0.1329	0.0000	6.8000
dPolE	939.222	90.000	39.7860	1.0000	0.0000	6.8000
uR	939.222	90.000	0.0251	1.0000	0.0000	6.8000
E	940.810	90.000	44.8608	359.2437	0.2179	0.1319	0.0000	6.8000
dPolE	940.810	90.000	42.5736	1.0000	0.0000	6.8000
uR	940.810	90.000	0.0247	1.0000	0.0000	6.8000
E	942.398	90.000	45.5072	359.4550	0.2371	0.1431	0.0000	6.8000
dPolE	942.398	90.000	46.5628	1.0000	0.0000	6.8000
uR	942.398	90.000	0.0233	1.0000	0.0000	6.8000
E	943.985	90.000	45.1039	359.8036	0.2531	0.1535	0.0000	6.8000
dPolE	943.985	90.000	37.5017	1.0000	0.0000	6.8000
uR	943.985	90.000	0.0248	1.0000	0.0000	6.8000
E	945.573	90.000	44.6554	359.4231	0.2373	0.1437	0.0000	6.8000
dPolE	945.573	90.000	43.6785	1.0000	0.0000	6.8000
uR	945.573	90.000	0.0255	1.0000	0.0000	6.8000
E	947.160	90.000	44.9112	359.5156	0.2552	0.1543	0.0000	6.8000
dPolE	947.160	90.000	37.4301	1.0000	0.0000	6.8000
uR	947.160	90.000	0.0242	1.0000	0.0000	6.8000
E	948.747	90.000	45.2702	359.1669	0.2501	0.1505	0.0000	6.8000
dPolE	948.747	90.000	36.2082	1.0000	0.0000	6.8000
uR	948.747	90.000	0.0252	1.0000	0.0000	6.8000
E	950.334	90.000	45.4527	359.4760	0.2314	0.1392	0.0000	6.8000
dPolE	950.334	90.000	35.3901	1.0000	0.0000	6.8000
uR	950.334	90.000	0.0254	1.0000	0.0000	6.8000
E	951.920	90.000	44.9629	359.7546	0.2318	0.1386	0.0000	6.8000
dPolE	951.920	90.000	31.4744	1.0000	0.0000	6.8000
uR	951.920	90.000	0.0264	1.0000	0.0000	6.8000
E	953.507	90.000	44.6994	359.4813	0.2406	0.1436	0.0000	6.8000
dPolE	953.507	90.000	40.5055	1.0000	0.0000	6.8000
uR	953.507	90.000	0.0252	1.0000	0.0000	6.8000
E	955.093	90.000	45.0018	359.6262	0.2599	0.1541	0.0000	6.8000
dPolE	955.093	90.000	40.2055	1.0000	0.0000	6.8000
uR	955.093	90.000	0.0246	1.0000	0.0000	6.8000
E	956.679	90.000	44.6376	359.1118	0.2851	0.1698	0.0000	6.8000
dPolE	956.679	90.000	44.4076	1.0000	0.0000	6.8000
uR	956.679	90.000	0.0248	1.0000	0.0000	6.8000
E	958.265	90.000	45.1216	359.3771	0.3240	0.1919	0.0000	6.8000
dPolE	958.265	90.000	50.3867	1.0000	0.0000	6.8000
uR	958.265	90.000	0.0247	1.0000	0.0000	6.8000
E	959.851	90.000	45.0618	359.3601	0.3373	0.1987	0.0000	6.8000
dPolE	959.851	90.000	57.3749	1.0000	0.0000	6.8000
uR	959.851	90.000	0.0237	1.0000	0.0000	6.8000
E	961.436	90.000	44.1276	359.3474	0.3333	0.1959	0.0000	6.8000
dPolE	961.436	90.000	61.9588	1.0000	0.0000	6.8000
uR	961.436	90.000	0.0242	1.0000	0.0000	6.8000
E	963.022	90.000	44.7673	359.0417	0.3221	0.1893	0.0000	6.8000
dPolE	963.022	90.000	62.8324	1.0000	0.0000	6.8000
uR	963.022	90.000	0.0233	1.0000	0.0000	6.8000
E	964.607	90.000	44.8321	359.1509	0.3280	0.1919	0.0000	6.8000
dPolE	964.607	90.000	51.9482	1.0000	0.0000	6.8000
uR	964.607	90.000	0.0250	1.0000	0.0000	6.8000
E	966.192	90.000	44.5192	359.5735	0.3315	0.1932	0.0000	6.8000
dPolE	966.192	90.000	54.8905	1.0000	0.0000	6.8000
uR	966.192	90.000	0.0242	1.0000	0.0000	6.8000
E	967.777	90.000	45.6254	359.1776	0.2993	0.1736	0.0000	6.8000
dPolE	967.777	90.000	51.8545	1.0000	0.0000	6.8000
uR	967.777	90.000	0.0231	1.0000	0.0000	6.8000
E	969.361	90.000	44.5788	359.2200	0.2918	0.1690	0.0000	6.8000
dPolE	969.361	90.000	40.0412	1.0000	0.0000	6.8000
uR	969.361	90.000	0.0252	1.0000	0.0000	6.8000
E	970.946	90.000	45.2868	359.2307	0.2571	0.1483	0.0000	6.8000
dPolE	970.946	90.000	33.9839	1.0000	0.0000	6.8000
uR	970.946	90.000	0.0260	1.0000	0.0000	6.8000
E	972.530	90.000	45.2826	359.9893	0.2263	0.1304	0.0000	6.8000
dPolE	972.530	90.000	36.9447	1.0000	0.0000	6.8000
uR	972.530	90.000	0.0251	1.0000	0.0000	6.8000
E	974.114	90.000	44.4709	359.4023	0.2282	0.1314	0.0000	6.8000
dPolE	974.114	90.000	36.3843	1.0000	0.0000	6.8000
uR	974.114	90.000	0.0233	1.0000	0.0000	6.8000
E	975.698	90.000	44.7436	359.4186	0.2008	0.1151	0.0000	6.8000
dPolE	975.698	90.000	30.5704	1.0000	0.0000	6.8000
uR	975.698	90.000	0.0229	1.0000	0.0000	6.8000
E	977.282	90.000	44.8447	359.0767	0.1654	0.0946	0.0000	6.8000
dPolE	977.282	90.000	26.5570	1.0000	0.0000	6.8000
uR	977.282	90.000	0.0239	1.0000	0.0000	6.8000
E	978.865	90.000	45.0135	359.2796	0.1448	0.0824	0.0000	6.8000
dPolE	978.865	90.000	18.9486	1.0000	0.0000	6.8000
uR	978.865	90.000	0.0237	1.0000	0.0000	6.8000
E	980.449	90.000	44.8231	359.2247	0.1458	0.0830	0.0000	6.8000
dPolE	980.449	90.000	21.6909	1.0000	0.0000	6.8000
uR	980.449	90.000	0.0230	1.0000	0.0000	6.8000
E	982.032	90.000	44.9584	359.2839	0.1638	0.0934	0.0000	6.8000
dPolE	982.032	90.000	26.2866	1.0000	0.0000	6.8000
uR	982.032	90.000	0.0234	1.0000	0.0000	6.8000
E	983.615	90.000	44.9766	359.5115	0.1900	0.1081	0.0000	6.8000
dPolE	983.615	90.000	25.6074	1.0000	0.0000	6.8000
uR	983.615	90.000	0.0222	1.0000	0.0000	6.8000
E	985.198	90.000	44.8248	359.3343	0.2203	0.1251	0.0000	6.8000
dPolE	985.198	90.000	36.7617	1.0000	0.0000	6.8000
uR	985.198	90.000	0.0213	1.0000	0.0000	6.8000
E	986.780	90.000	44.8769	359.3973	0.2244	0.1276	0.0000	6.8000
dPolE	986.780	90.000	39.4570	1.0000	0.0000	6.8000
uR	986.780	90.000	0.0209	1.0000	0.0000	6.8000
E	988.363	90.000	44.7798	359.3287	0.2030	0.1151	0.0000	6.8000
dPolE	988.363	90.000	37.2832	1.0000	0.0000	6.8000
uR	988.363	90.000	0.0222	1.0000	0.0000	6.8000
E	989.945	90.000	45.3142	359.5541	0.1800	0.1019	0.0000	6.8000
dPolE	989.945	90.000	28.4342	1.0000	0.0000	6.8000
uR	989.945	90.000	0.0224	1.0000	0.0000	6.8000
E	991.527	90.000	44.5486	359.3370	0.1602	0.0904	0.0000	6.8000
dPolE	991.527	90.000	28.8055	1.0000	0.0000	6.8000
uR	991.527	90.000	0.0240	1.0000	0.0000	6.8000
E	993.109	90.000	44.6186	359.1790	0.1632	0.0923	0.0000	6.8000
dPolE	993.109	90.000	24.1694	1.0000	0.0000	6.8000
uR	993.109	90.000	0.0237	1.0000	0.0000	6.8000
E	994.690	90.000	44.8074	359.4708	0.1648	0.0929	0.0000	6.8000
dPolE	994.690	90.000	23.6911	1.0000	0.0000	6.8000
uR	994.690	90.000	0.0236	1.0000	0.0000	6.8000
E	996.272	90.000	45.0833	359.4481	0.1902	0.1072	0.0000	6.8000
dPolE	996.272	90.000	29.0708	1.0000	0.0000	6.8000
uR	996.272	90.000	0.0234	1.0000	0.0000	6.8000
E	997.853	90.000	45.1426	359.3588	0.2239	0.1257	0.0000	6.8000
dPolE	997.853	90.000	38.3389	1.0000	0.0000	6.8000
uR	997.853	90.000	0.0216	1.0000	0.0000	6.8000
E	999.434	90.000	44.3319	359.1034	0.2669	0.1499	0.0000	6.8000
dPolE	999.434	90.000	50.2610	1.0000	0.0000	6.8000
uR	999.434	90.000	0.0216	1.0000	0.0000	6.8000
