
FM-removed
XY-Scan
nm
E	210.379	90.000	35.7586	265.3123	0.2600	0.5502	0.0000	6.8000
dPolE	210.379	90.000	99.9126	1.0000	0.0000	6.8000
uR	210.379	90.000	0.0339	1.0000	0.0000	6.8000
E	211.990	90.000	77.4422	147.2708	0.2647	1.2215	0.0000	6.8000
dPolE	211.990	90.000	99.9703	1.0000	0.0000	6.8000
uR	211.990	90.000	0.0115	1.0000	0.0000	6.8000
E	213.602	90.000	33.6533	134.1241	0.2591	0.5471	0.0000	6.8000
dPolE	213.602	90.000	99.9401	1.0000	0.0000	6.8000
uR	213.602	90.000	0.0141	1.0000	0.0000	6.8000
E	215.214	90.000	80.1766	93.7435	0.2145	1.3825	0.0000	6.8000
dPolE	215.214	90.000	99.9602	1.0000	0.0000	6.8000
uR	215.214	90.000	0.0105	1.0000	0.0000	6.8000
E	216.826	90.000	42.4992	203.1387	0.2724	0.4931	0.0000	6.8000
dPolE	216.826	90.000	99.9287	1.0000	0.0000	6.8000
uR	216.826	90.000	0.0079	1.0000	0.0000	6.8000
E	218.438	90.000	72.3306	88.9694	0.2619	1.0019	0.0000	6.8000
dPolE	218.438	90.000	99.9768	1.0000	0.0000	6.8000
uR	218.438	90.000	0.0057	1.0000	0.0000	6.8000
E	220.050	90.000	31.0014	215.9091	0.2680	0.5451	0.0000	6.8000
dPolE	220.050	90.000	99.9845	1.0000	0.0000	6.8000
uR	220.050	90.000	0.0043	1.0000	0.0000	6.8000
E	221.662	90.000	46.5394	34.0319	0.2468	0.4260	0.0000	6.8000
dPolE	221.662	90.000	99.9864	1.0000	0.0000	6.8000
uR	221.662	90.000	0.0031	1.0000	0.0000	6.8000
E	223.274	90.000	13.4260	258.4400	0.2283	1.2169	0.0000	6.8000
dPolE	223.274	90.000	99.9601	1.0000	0.0000	6.8000
uR	223.274	90.000	0.0051	1.0000	0.0000	6.8000
E	224.886	90.000	66.9039	149.7480	0.2825	0.6527	0.0000	6.8000
dPolE	224.886	90.000	99.9999	1.0000	0.0000	6.8000
uR	224.886	90.000	0.0024	1.0000	0.0000	6.8000
E	226.498	90.000	32.2551	156.7623	0.3035	0.5148	0.0000	6.8000
dPolE	226.498	90.000	99.9862	1.0000	0.0000	6.8000
uR	226.498	90.000	0.0030	1.0000	0.0000	6.8000
E	228.111	90.000	63.9103	354.2281	0.2616	0.4550	0.0000	6.8000
dPolE	228.111	90.000	99.9671	1.0000	0.0000	6.8000
uR	228.111	90.000	0.0028	1.0000	0.0000	6.8000
E	229.723	90.000	22.8650	202.6387	0.2928	0.6012	0.0000	6.8000
dPolE	229.723	90.000	99.9992	1.0000	0.0000	6.8000
uR	229.723	90.000	0.0020	1.0000	0.0000	6.8000
E	231.335	90.000	71.7828	320.4187	0.2773	0.8181	0.0000	6.8000
dPolE	231.335	90.000	99.9902	1.0000	0.0000	6.8000
uR	231.335	90.000	0.0018	1.0000	0.0000	6.8000
E	232.948	90.000	27.2447	355.3410	0.2882	0.4416	0.0000	6.8000
dPolE	232.948	90.000	99.9623	1.0000	0.0000	6.8000
uR	232.948	90.000	0.0024	1.0000	0.0000	6.8000
E	234.560	90.000	49.2668	169.9830	0.2762	0.3460	0.0000	6.8000
dPolE	234.560	90.000	99.9772	1.0000	0.0000	6.8000
uR	234.560	90.000	0.0029	1.0000	0.0000	6.8000
E	236.173	90.000	71.0294	183.0798	0.3064	0.5878	0.0000	6.8000
dPolE	236.173	90.000	99.9558	1.0000	0.0000	6.8000
uR	236.173	90.000	0.0016	1.0000	0.0000	6.8000
E	237.786	90.000	29.9842	327.1577	0.3036	0.5219	0.0000	6.8000
dPolE	237.786	90.000	99.9999	1.0000	0.0000	6.8000
uR	237.786	90.000	0.0020	1.0000	0.0000	6.8000
E	239.398	90.000	6.5478	261.9856	0.1828	2.6627	0.0000	6.8000
dPolE	239.398	90.000	99.9446	1.0000	0.0000	6.8000
uR	239.398	90.000	0.0018	1.0000	0.0000	6.8000
E	241.011	90.000	25.6195	203.2817	0.3134	0.5266	0.0000	6.8000
dPolE	241.011	90.000	99.9566	1.0000	0.0000	6.8000
uR	241.011	90.000	0.0014	1.0000	0.0000	6.8000
E	242.624	90.000	76.2857	37.4642	0.2751	0.9977	0.0000	6.8000
dPolE	242.624	90.000	99.9394	1.0000	0.0000	6.8000
uR	242.624	90.000	0.0014	1.0000	0.0000	6.8000
E	244.237	90.000	40.2050	164.0639	0.3226	0.3801	0.0000	6.8000
dPolE	244.237	90.000	99.8872	1.0000	0.0000	6.8000
uR	244.237	90.000	0.0020	1.0000	0.0000	6.8000
E	245.850	90.000	14.5214	32.8152	0.2738	0.8614	0.0000	6.8000
dPolE	245.850	90.000	99.9687	1.0000	0.0000	6.8000
uR	245.850	90.000	0.0010	1.0000	0.0000	6.8000
E	247.463	90.000	34.3470	359.5420	0.3006	0.3348	0.0000	6.8000
dPolE	247.463	90.000	99.9822	1.0000	0.0000	6.8000
uR	247.463	90.000	0.0006	1.0000	0.0000	6.8000
E	249.076	90.000	81.7427	146.3040	0.2910	1.6120	0.0000	6.8000
dPolE	249.076	90.000	99.9999	1.0000	0.0000	6.8000
uR	249.076	90.000	0.0012	1.0000	0.0000	6.8000
E	250.689	90.000	62.2395	117.7687	0.2874	0.7078	0.0000	6.8000
dPolE	250.689	90.000	99.9770	1.0000	0.0000	6.8000
uR	250.689	90.000	0.0007	1.0000	0.0000	6.8000
E	252.302	90.000	45.1530	28.7801	0.3455	0.4529	0.0000	6.8000
dPolE	252.302	90.000	99.9735	1.0000	0.0000	6.8000
uR	252.302	90.000	0.0009	1.0000	0.0000	6.8000
E	253.916	90.000	78.5120	332.5589	0.2615	0.9254	0.0000	6.8000
dPolE	253.916	90.000	99.9957	1.0000	0.0000	6.8000
uR	253.916	90.000	0.0007	1.0000	0.0000	6.8000
E	255.529	90.000	46.6767	34.5034	0.3061	0.4307	0.0000	6.8000
dPolE	255.529	90.000	99.9876	1.0000	0.0000	6.8000
uR	255.529	90.000	0.0007	1.0000	0.0000	6.8000
E	257.142	90.000	76.1401	147.3592	0.2926	0.9467	0.0000	6.8000
dPolE	257.142	90.000	99.9603	1.0000	0.0000	6.8000
uR	257.142	90.000	0.0007	1.0000	0.0000	6.8000
E	258.756	90.000	40.3528	290.8779	0.2986	0.5806	0.0000	6.8000
dPolE	258.756	90.000	99.9900	1.0000	0.0000	6.8000
uR	258.756	90.000	0.0011	1.0000	0.0000	6.8000
E	260.369	90.000	9.4605	208.0702	0.2784	1.2020	0.0000	6.8000
dPolE	260.369	90.000	99.9536	1.0000	0.0000	6.8000
uR	260.369	90.000	0.0008	1.0000	0.0000	6.8000
E	261.983	90.000	46.2914	20.3779	0.2905	0.3406	0.0000	6.8000
dPolE	261.983	90.000	99.8622	1.0000	0.0000	6.8000
uR	261.983	90.000	0.0011	1.0000	0.0000	6.8000
E	263.596	90.000	22.6862	17.7624	0.2940	0.4773	0.0000	6.8000
dPolE	263.596	90.000	99.8505	1.0000	0.0000	6.8000
uR	263.596	90.000	0.0011	1.0000	0.0000	6.8000
E	265.210	90.000	46.9887	7.6678	0.2983	0.3100	0.0000	6.8000
dPolE	265.210	90.000	99.9911	1.0000	0.0000	6.8000
uR	265.210	90.000	0.0004	1.0000	0.0000	6.8000
E	266.823	90.000	85.5595	261.5273	0.1585	3.7766	0.0000	6.8000
dPolE	266.823	90.000	99.9898	1.0000	0.0000	6.8000
uR	266.823	90.000	0.0004	1.0000	0.0000	6.8000
E	268.437	90.000	35.1635	186.3267	0.2831	0.3128	0.0000	6.8000
dPolE	268.437	90.000	99.9249	1.0000	0.0000	6.8000
uR	268.437	90.000	0.0008	1.0000	0.0000	6.8000
E	270.051	90.000	41.6844	264.7711	0.2716	0.5478	0.0000	6.8000
dPolE	270.051	90.000	99.9831	1.0000	0.0000	6.8000
uR	270.051	90.000	0.0004	1.0000	0.0000	6.8000
E	271.665	90.000	41.6785	158.6278	0.2779	0.3388	0.0000	6.8000
dPolE	271.665	90.000	99.9874	1.0000	0.0000	6.8000
uR	271.665	90.000	0.0004	1.0000	0.0000	6.8000
E	273.279	90.000	31.3801	195.2544	0.2772	0.3564	0.0000	6.8000
dPolE	273.279	90.000	99.9845	1.0000	0.0000	6.8000
uR	273.279	90.000	0.0005	1.0000	0.0000	6.8000
E	274.892	90.000	69.5059	77.2047	0.2224	0.8537	0.0000	6.8000
dPolE	274.892	90.000	99.9744	1.0000	0.0000	6.8000
uR	274.892	90.000	0.0008	1.0000	0.0000	6.8000
E	276.506	90.000	63.3154	201.9373	0.2460	0.3862	0.0000	6.8000
dPolE	276.506	90.000	99.9430	1.0000	0.0000	6.8000
uR	276.506	90.000	0.0008	1.0000	0.0000	6.8000
E	278.120	90.000	68.9852	199.2404	0.2484	0.4582	0.0000	6.8000
dPolE	278.120	90.000	99.9563	1.0000	0.0000	6.8000
uR	278.120	90.000	0.0007	1.0000	0.0000	6.8000
E	279.734	90.000	52.3632	85.7902	0.2637	0.5571	0.0000	6.8000
dPolE	279.734	90.000	99.9995	1.0000	0.0000	6.8000
uR	279.734	90.000	0.0005	1.0000	0.0000	6.8000
E	281.349	90.000	80.7024	89.6722	0.1604	1.6495	0.0000	6.8000
dPolE	281.349	90.000	99.9525	1.0000	0.0000	6.8000
uR	281.349	90.000	0.0006	1.0000	0.0000	6.8000
E	282.963	90.000	14.4943	139.9000	0.2195	0.7910	0.0000	6.8000
dPolE	282.963	90.000	99.9836	1.0000	0.0000	6.8000
uR	282.963	90.000	0.0005	1.0000	0.0000	6.8000
E	284.577	90.000	47.8703	198.7196	0.2489	0.3106	0.0000	6.8000
dPolE	284.577	90.000	99.9748	1.0000	0.0000	6.8000
uR	284.577	90.000	0.0004	1.0000	0.0000	6.8000
E	286.191	90.000	14.5649	34.4366	0.2251	0.7426	0.0000	6.8000
dPolE	286.191	90.000	99.9324	1.0000	0.0000	6.8000
uR	286.191	90.000	0.0010	1.0000	0.0000	6.8000
E	287.805	90.000	51.0504	196.5744	0.2502	0.3167	0.0000	6.8000
dPolE	287.805	90.000	99.9753	1.0000	0.0000	6.8000
uR	287.805	90.000	0.0006	1.0000	0.0000	6.8000
E	289.420	90.000	45.5168	41.3880	0.2298	0.3635	0.0000	6.8000
dPolE	289.420	90.000	99.9793	1.0000	0.0000	6.8000
uR	289.420	90.000	0.0005	1.0000	0.0000	6.8000
E	291.034	90.000	67.8385	68.2323	0.1925	0.6238	0.0000	6.8000
dPolE	291.034	90.000	99.9858	1.0000	0.0000	6.8000
uR	291.034	90.000	0.0004	1.0000	0.0000	6.8000
E	292.649	90.000	15.0302	31.9345	0.2111	0.6618	0.0000	6.8000
dPolE	292.649	90.000	99.9958	1.0000	0.0000	6.8000
uR	292.649	90.000	0.0003	1.0000	0.0000	6.8000
E	294.263	90.000	60.6547	60.9253	0.2152	0.4981	0.0000	6.8000
dPolE	294.263	90.000	99.9784	1.0000	0.0000	6.8000
uR	294.263	90.000	0.0004	1.0000	0.0000	6.8000
E	295.877	90.000	76.1985	115.7894	0.1830	0.9584	0.0000	6.8000
dPolE	295.877	90.000	99.9277	1.0000	0.0000	6.8000
uR	295.877	90.000	0.0008	1.0000	0.0000	6.8000
E	297.492	90.000	35.9938	10.6106	0.2148	0.2856	0.0000	6.8000
dPolE	297.492	90.000	99.9986	1.0000	0.0000	6.8000
uR	297.492	90.000	0.0003	1.0000	0.0000	6.8000
E	299.107	90.000	5.0597	137.6324	0.1708	1.8558	0.0000	6.8000
dPolE	299.107	90.000	99.9947	1.0000	0.0000	6.8000
uR	299.107	90.000	0.0004	1.0000	0.0000	6.8000
E	300.721	90.000	47.7263	76.5547	0.2237	0.4432	0.0000	6.8000
dPolE	300.721	90.000	99.9976	1.0000	0.0000	6.8000
uR	300.721	90.000	0.0002	1.0000	0.0000	6.8000
E	302.336	90.000	51.5579	340.7656	0.2067	0.2920	0.0000	6.8000
dPolE	302.336	90.000	99.9575	1.0000	0.0000	6.8000
uR	302.336	90.000	0.0005	1.0000	0.0000	6.8000
E	303.950	90.000	54.2630	0.8815	0.1922	0.2622	0.0000	6.8000
dPolE	303.950	90.000	99.9839	1.0000	0.0000	6.8000
uR	303.950	90.000	0.0004	1.0000	0.0000	6.8000
E	305.565	90.000	70.1115	163.0938	0.2031	0.4460	0.0000	6.8000
dPolE	305.565	90.000	99.9968	1.0000	0.0000	6.8000
uR	305.565	90.000	0.0002	1.0000	0.0000	6.8000
E	307.180	90.000	34.7811	248.1898	0.1867	0.3946	0.0000	6.8000
dPolE	307.180	90.000	99.9945	1.0000	0.0000	6.8000
uR	307.180	90.000	0.0002	1.0000	0.0000	6.8000
E	308.795	90.000	9.0290	2.7535	0.1942	0.8433	0.0000	6.8000
dPolE	308.795	90.000	99.9518	1.0000	0.0000	6.8000
uR	308.795	90.000	0.0005	1.0000	0.0000	6.8000
E	310.410	90.000	50.2304	201.8405	0.1826	0.2732	0.0000	6.8000
dPolE	310.410	90.000	99.9946	1.0000	0.0000	6.8000
uR	310.410	90.000	0.0004	1.0000	0.0000	6.8000
E	312.024	90.000	37.3420	154.7452	0.1880	0.2950	0.0000	6.8000
dPolE	312.024	90.000	99.9999	1.0000	0.0000	6.8000
uR	312.024	90.000	0.0003	1.0000	0.0000	6.8000
E	313.639	90.000	14.1253	163.9663	0.1837	0.5706	0.0000	6.8000
dPolE	313.639	90.000	99.9917	1.0000	0.0000	6.8000
uR	313.639	90.000	0.0003	1.0000	0.0000	6.8000
E	315.254	90.000	55.2719	207.5983	0.1830	0.3068	0.0000	6.8000
dPolE	315.254	90.000	99.9901	1.0000	0.0000	6.8000
uR	315.254	90.000	0.0003	1.0000	0.0000	6.8000
E	316.869	90.000	67.8136	35.5932	0.1874	0.4603	0.0000	6.8000
dPolE	316.869	90.000	99.9839	1.0000	0.0000	6.8000
uR	316.869	90.000	0.0005	1.0000	0.0000	6.8000
E	318.484	90.000	82.5544	99.9468	0.1306	1.3450	0.0000	6.8000
dPolE	318.484	90.000	99.9914	1.0000	0.0000	6.8000
uR	318.484	90.000	0.0003	1.0000	0.0000	6.8000
E	320.099	90.000	15.8227	145.5241	0.1564	0.5220	0.0000	6.8000
dPolE	320.099	90.000	99.9843	1.0000	0.0000	6.8000
uR	320.099	90.000	0.0004	1.0000	0.0000	6.8000
E	321.714	90.000	21.9637	330.8196	0.1670	0.4008	0.0000	6.8000
dPolE	321.714	90.000	99.9745	1.0000	0.0000	6.8000
uR	321.714	90.000	0.0004	1.0000	0.0000	6.8000
E	323.330	90.000	63.3784	63.9489	0.1499	0.3834	0.0000	6.8000
dPolE	323.330	90.000	99.9991	1.0000	0.0000	6.8000
uR	323.330	90.000	0.0002	1.0000	0.0000	6.8000
E	324.945	90.000	51.8673	261.9074	0.1667	0.3459	0.0000	6.8000
dPolE	324.945	90.000	99.9911	1.0000	0.0000	6.8000
uR	324.945	90.000	0.0003	1.0000	0.0000	6.8000
E	326.560	90.000	80.0469	240.1218	0.1495	0.9773	0.0000	6.8000
dPolE	326.560	90.000	99.9898	1.0000	0.0000	6.8000
uR	326.560	90.000	0.0006	1.0000	0.0000	6.8000
E	328.175	90.000	54.1487	353.5557	0.1687	0.2745	0.0000	6.8000
dPolE	328.175	90.000	99.9942	1.0000	0.0000	6.8000
uR	328.175	90.000	0.0003	1.0000	0.0000	6.8000
E	329.790	90.000	59.9821	75.2996	0.1509	0.3610	0.0000	6.8000
dPolE	329.790	90.000	99.9964	1.0000	0.0000	6.8000
uR	329.790	90.000	0.0003	1.0000	0.0000	6.8000
E	331.406	90.000	15.6118	232.6708	0.1449	0.5711	0.0000	6.8000
dPolE	331.406	90.000	99.9883	1.0000	0.0000	6.8000
uR	331.406	90.000	0.0003	1.0000	0.0000	6.8000
E	333.021	90.000	45.4325	16.9186	0.1620	0.2645	0.0000	6.8000
dPolE	333.021	90.000	99.9892	1.0000	0.0000	6.8000
uR	333.021	90.000	0.0003	1.0000	0.0000	6.8000
E	334.636	90.000	32.8470	201.5741	0.1378	0.2519	0.0000	6.8000
dPolE	334.636	90.000	99.9816	1.0000	0.0000	6.8000
uR	334.636	90.000	0.0004	1.0000	0.0000	6.8000
E	336.251	90.000	13.7676	187.4330	0.1496	0.5261	0.0000	6.8000
dPolE	336.251	90.000	99.9933	1.0000	0.0000	6.8000
uR	336.251	90.000	0.0003	1.0000	0.0000	6.8000
E	337.867	90.000	79.0705	111.7603	0.1415	0.8535	0.0000	6.8000
dPolE	337.867	90.000	99.9804	1.0000	0.0000	6.8000
uR	337.867	90.000	0.0004	1.0000	0.0000	6.8000
E	339.482	90.000	45.1848	169.1373	0.1565	0.2610	0.0000	6.8000
dPolE	339.482	90.000	99.9994	1.0000	0.0000	6.8000
uR	339.482	90.000	0.0003	1.0000	0.0000	6.8000
E	341.098	90.000	33.2154	2.9770	0.1521	0.2752	0.0000	6.8000
dPolE	341.098	90.000	99.9861	1.0000	0.0000	6.8000
uR	341.098	90.000	0.0004	1.0000	0.0000	6.8000
E	342.713	90.000	35.1093	185.2392	0.1597	0.2842	0.0000	6.8000
dPolE	342.713	90.000	99.9811	1.0000	0.0000	6.8000
uR	342.713	90.000	0.0004	1.0000	0.0000	6.8000
E	344.329	90.000	10.0075	69.0549	0.1381	0.8943	0.0000	6.8000
dPolE	344.329	90.000	99.9820	1.0000	0.0000	6.8000
uR	344.329	90.000	0.0004	1.0000	0.0000	6.8000
E	345.944	90.000	67.4847	310.3221	0.1430	0.3965	0.0000	6.8000
dPolE	345.944	90.000	99.9943	1.0000	0.0000	6.8000
uR	345.944	90.000	0.0003	1.0000	0.0000	6.8000
E	347.560	90.000	41.1577	289.0276	0.1450	0.2891	0.0000	6.8000
dPolE	347.560	90.000	99.9885	1.0000	0.0000	6.8000
uR	347.560	90.000	0.0004	1.0000	0.0000	6.8000
E	349.175	90.000	42.5276	71.6447	0.1463	0.2903	0.0000	6.8000
dPolE	349.175	90.000	99.9886	1.0000	0.0000	6.8000
uR	349.175	90.000	0.0003	1.0000	0.0000	6.8000
E	350.791	90.000	29.0899	257.7626	0.1443	0.3489	0.0000	6.8000
dPolE	350.791	90.000	99.9932	1.0000	0.0000	6.8000
uR	350.791	90.000	0.0003	1.0000	0.0000	6.8000
E	352.406	90.000	8.7570	21.2260	0.1448	0.8775	0.0000	6.8000
dPolE	352.406	90.000	99.9681	1.0000	0.0000	6.8000
uR	352.406	90.000	0.0004	1.0000	0.0000	6.8000
E	354.022	90.000	43.4950	334.6790	0.1428	0.2593	0.0000	6.8000
dPolE	354.022	90.000	99.9998	1.0000	0.0000	6.8000
uR	354.022	90.000	0.0003	1.0000	0.0000	6.8000
E	355.638	90.000	52.7718	327.5641	0.1456	0.2791	0.0000	6.8000
dPolE	355.638	90.000	99.9929	1.0000	0.0000	6.8000
uR	355.638	90.000	0.0003	1.0000	0.0000	6.8000
E	357.253	90.000	53.3776	305.4777	0.1421	0.2886	0.0000	6.8000
dPolE	357.253	90.000	99.9795	1.0000	0.0000	6.8000
uR	357.253	90.000	0.0004	1.0000	0.0000	6.8000
E	358.869	90.000	43.7931	295.5646	0.1421	0.2799	0.0000	6.8000
dPolE	358.869	90.000	99.9979	1.0000	0.0000	6.8000
uR	358.869	90.000	0.0002	1.0000	0.0000	6.8000
E	360.485	90.000	48.0938	77.0841	0.1521	0.3050	0.0000	6.8000
dPolE	360.485	90.000	99.9999	1.0000	0.0000	6.8000
uR	360.485	90.000	0.0003	1.0000	0.0000	6.8000
E	362.100	90.000	28.1119	171.7952	0.1374	0.3007	0.0000	6.8000
dPolE	362.100	90.000	99.9875	1.0000	0.0000	6.8000
uR	362.100	90.000	0.0004	1.0000	0.0000	6.8000
E	363.716	90.000	52.9243	283.6259	0.1348	0.2807	0.0000	6.8000
dPolE	363.716	90.000	99.9997	1.0000	0.0000	6.8000
uR	363.716	90.000	0.0004	1.0000	0.0000	6.8000
E	365.332	90.000	54.6454	238.4787	0.1361	0.2838	0.0000	6.8000
dPolE	365.332	90.000	99.9999	1.0000	0.0000	6.8000
uR	365.332	90.000	0.0007	1.0000	0.0000	6.8000
E	366.948	90.000	62.7426	309.2962	0.1249	0.3021	0.0000	6.8000
dPolE	366.948	90.000	99.9946	1.0000	0.0000	6.8000
uR	366.948	90.000	0.0003	1.0000	0.0000	6.8000
E	368.563	90.000	29.3855	152.6406	0.1400	0.3085	0.0000	6.8000
dPolE	368.563	90.000	99.9997	1.0000	0.0000	6.8000
uR	368.563	90.000	0.0003	1.0000	0.0000	6.8000
E	370.179	90.000	27.8479	122.7885	0.1339	0.3224	0.0000	6.8000
dPolE	370.179	90.000	99.9991	1.0000	0.0000	6.8000
uR	370.179	90.000	0.0003	1.0000	0.0000	6.8000
E	371.795	90.000	50.5919	67.0625	0.1308	0.2642	0.0000	6.8000
dPolE	371.795	90.000	99.9999	1.0000	0.0000	6.8000
uR	371.795	90.000	0.0003	1.0000	0.0000	6.8000
E	373.411	90.000	4.8219	35.9892	0.1263	1.4721	0.0000	6.8000
dPolE	373.411	90.000	99.9908	1.0000	0.0000	6.8000
uR	373.411	90.000	0.0005	1.0000	0.0000	6.8000
E	375.027	90.000	31.6072	190.8042	0.1251	0.2643	0.0000	6.8000
dPolE	375.027	90.000	99.9902	1.0000	0.0000	6.8000
uR	375.027	90.000	0.0006	1.0000	0.0000	6.8000
E	376.643	90.000	73.7192	290.0767	0.1269	0.4863	0.0000	6.8000
dPolE	376.643	90.000	99.9666	1.0000	0.0000	6.8000
uR	376.643	90.000	0.0005	1.0000	0.0000	6.8000
E	378.258	90.000	23.9055	28.7896	0.1275	0.3291	0.0000	6.8000
dPolE	378.258	90.000	99.9943	1.0000	0.0000	6.8000
uR	378.258	90.000	0.0003	1.0000	0.0000	6.8000
E	379.874	90.000	58.5810	64.8384	0.1293	0.2905	0.0000	6.8000
dPolE	379.874	90.000	99.9798	1.0000	0.0000	6.8000
uR	379.874	90.000	0.0005	1.0000	0.0000	6.8000
E	381.490	90.000	29.2823	111.0247	0.1194	0.2817	0.0000	6.8000
dPolE	381.490	90.000	99.9999	1.0000	0.0000	6.8000
uR	381.490	90.000	0.0002	1.0000	0.0000	6.8000
E	383.106	90.000	70.2543	122.1074	0.1270	0.4024	0.0000	6.8000
dPolE	383.106	90.000	99.9903	1.0000	0.0000	6.8000
uR	383.106	90.000	0.0003	1.0000	0.0000	6.8000
E	384.722	90.000	48.8647	244.5540	0.1281	0.2565	0.0000	6.8000
dPolE	384.722	90.000	99.9963	1.0000	0.0000	6.8000
uR	384.722	90.000	0.0001	1.0000	0.0000	6.8000
E	386.338	90.000	62.9301	26.6016	0.1264	0.2991	0.0000	6.8000
dPolE	386.338	90.000	99.9981	1.0000	0.0000	6.8000
uR	386.338	90.000	0.0002	1.0000	0.0000	6.8000
E	387.954	90.000	37.3239	319.1112	0.1244	0.2494	0.0000	6.8000
dPolE	387.954	90.000	99.9981	1.0000	0.0000	6.8000
uR	387.954	90.000	0.0001	1.0000	0.0000	6.8000
E	389.570	90.000	60.7546	271.0538	0.1194	0.2846	0.0000	6.8000
dPolE	389.570	90.000	99.9963	1.0000	0.0000	6.8000
uR	389.570	90.000	0.0002	1.0000	0.0000	6.8000
E	391.186	90.000	67.2572	133.5204	0.1165	0.3231	0.0000	6.8000
dPolE	391.186	90.000	99.9983	1.0000	0.0000	6.8000
uR	391.186	90.000	0.0003	1.0000	0.0000	6.8000
E	392.802	90.000	59.2730	22.0427	0.1237	0.2706	0.0000	6.8000
dPolE	392.802	90.000	99.9952	1.0000	0.0000	6.8000
uR	392.802	90.000	0.0002	1.0000	0.0000	6.8000
E	394.418	90.000	32.0805	355.4613	0.1230	0.2599	0.0000	6.8000
dPolE	394.418	90.000	99.9817	1.0000	0.0000	6.8000
uR	394.418	90.000	0.0003	1.0000	0.0000	6.8000
E	396.034	90.000	59.6158	97.6707	0.1223	0.2837	0.0000	6.8000
dPolE	396.034	90.000	99.9956	1.0000	0.0000	6.8000
uR	396.034	90.000	0.0002	1.0000	0.0000	6.8000
E	397.650	90.000	51.3912	352.2452	0.1172	0.2257	0.0000	6.8000
dPolE	397.650	90.000	99.9772	1.0000	0.0000	6.8000
uR	397.650	90.000	0.0004	1.0000	0.0000	6.8000
E	399.266	90.000	42.9735	355.5406	0.1189	0.2240	0.0000	6.8000
dPolE	399.266	90.000	99.9146	1.0000	0.0000	6.8000
uR	399.266	90.000	0.0006	1.0000	0.0000	6.8000
E	400.882	90.000	51.8918	10.3633	0.1157	0.2260	0.0000	6.8000
dPolE	400.882	90.000	99.9493	1.0000	0.0000	6.8000
uR	400.882	90.000	0.0004	1.0000	0.0000	6.8000
E	402.498	90.000	53.2223	13.2665	0.1209	0.2405	0.0000	6.8000
dPolE	402.498	90.000	99.9355	1.0000	0.0000	6.8000
uR	402.498	90.000	0.0005	1.0000	0.0000	6.8000
E	404.114	90.000	46.8978	15.2490	0.1198	0.2286	0.0000	6.8000
dPolE	404.114	90.000	99.8537	1.0000	0.0000	6.8000
uR	404.114	90.000	0.0007	1.0000	0.0000	6.8000
E	405.730	90.000	45.5145	7.9091	0.1132	0.2127	0.0000	6.8000
dPolE	405.730	90.000	99.7804	1.0000	0.0000	6.8000
uR	405.730	90.000	0.0009	1.0000	0.0000	6.8000
E	407.346	90.000	43.7868	0.5828	0.1211	0.2261	0.0000	6.8000
dPolE	407.346	90.000	99.8083	1.0000	0.0000	6.8000
uR	407.346	90.000	0.0009	1.0000	0.0000	6.8000
E	408.962	90.000	49.0561	12.7907	0.1111	0.2099	0.0000	6.8000
dPolE	408.962	90.000	99.6971	1.0000	0.0000	6.8000
uR	408.962	90.000	0.0011	1.0000	0.0000	6.8000
E	410.578	90.000	43.5014	7.9041	0.1126	0.2114	0.0000	6.8000
dPolE	410.578	90.000	99.4041	1.0000	0.0000	6.8000
uR	410.578	90.000	0.0015	1.0000	0.0000	6.8000
E	412.194	90.000	46.8938	16.5996	0.1095	0.2078	0.0000	6.8000
dPolE	412.194	90.000	99.3739	1.0000	0.0000	6.8000
uR	412.194	90.000	0.0016	1.0000	0.0000	6.8000
E	413.810	90.000	44.1808	7.7625	0.1149	0.2165	0.0000	6.8000
dPolE	413.810	90.000	99.2211	1.0000	0.0000	6.8000
uR	413.810	90.000	0.0018	1.0000	0.0000	6.8000
E	415.426	90.000	45.0881	10.7496	0.1158	0.2165	0.0000	6.8000
dPolE	415.426	90.000	98.6209	1.0000	0.0000	6.8000
uR	415.426	90.000	0.0023	1.0000	0.0000	6.8000
E	417.042	90.000	44.6467	7.7465	0.1110	0.2050	0.0000	6.8000
dPolE	417.042	90.000	97.9311	1.0000	0.0000	6.8000
uR	417.042	90.000	0.0028	1.0000	0.0000	6.8000
E	418.658	90.000	44.2274	6.2580	0.1105	0.2030	0.0000	6.8000
dPolE	418.658	90.000	97.5285	1.0000	0.0000	6.8000
uR	418.658	90.000	0.0031	1.0000	0.0000	6.8000
E	420.274	90.000	42.8091	8.4163	0.1109	0.2046	0.0000	6.8000
dPolE	420.274	90.000	97.2047	1.0000	0.0000	6.8000
uR	420.274	90.000	0.0033	1.0000	0.0000	6.8000
E	421.890	90.000	45.9713	7.4235	0.1031	0.1906	0.0000	6.8000
dPolE	421.890	90.000	97.1337	1.0000	0.0000	6.8000
uR	421.890	90.000	0.0036	1.0000	0.0000	6.8000
E	423.506	90.000	45.1210	9.9146	0.1020	0.1892	0.0000	6.8000
dPolE	423.506	90.000	96.5552	1.0000	0.0000	6.8000
uR	423.506	90.000	0.0041	1.0000	0.0000	6.8000
E	425.122	90.000	45.5736	8.1034	0.0971	0.1793	0.0000	6.8000
dPolE	425.122	90.000	95.9802	1.0000	0.0000	6.8000
uR	425.122	90.000	0.0046	1.0000	0.0000	6.8000
E	426.738	90.000	45.9093	9.0964	0.1052	0.1925	0.0000	6.8000
dPolE	426.738	90.000	95.5218	1.0000	0.0000	6.8000
uR	426.738	90.000	0.0047	1.0000	0.0000	6.8000
E	428.355	90.000	44.2026	6.8205	0.0992	0.1791	0.0000	6.8000
dPolE	428.355	90.000	94.9291	1.0000	0.0000	6.8000
uR	428.355	90.000	0.0053	1.0000	0.0000	6.8000
E	429.971	90.000	45.6878	9.4468	0.1004	0.1803	0.0000	6.8000
dPolE	429.971	90.000	94.7173	1.0000	0.0000	6.8000
uR	429.971	90.000	0.0054	1.0000	0.0000	6.8000
E	431.587	90.000	44.7306	7.5585	0.1009	0.1811	0.0000	6.8000
dPolE	431.587	90.000	93.4810	1.0000	0.0000	6.8000
uR	431.587	90.000	0.0060	1.0000	0.0000	6.8000
E	433.203	90.000	44.8413	8.7288	0.0968	0.1745	0.0000	6.8000
dPolE	433.203	90.000	93.3007	1.0000	0.0000	6.8000
uR	433.203	90.000	0.0064	1.0000	0.0000	6.8000
E	434.819	90.000	44.6636	8.0495	0.0929	0.1680	0.0000	6.8000
dPolE	434.819	90.000	92.6243	1.0000	0.0000	6.8000
uR	434.819	90.000	0.0068	1.0000	0.0000	6.8000
E	436.435	90.000	45.1915	7.7712	0.0929	0.1674	0.0000	6.8000
dPolE	436.435	90.000	91.6449	1.0000	0.0000	6.8000
uR	436.435	90.000	0.0071	1.0000	0.0000	6.8000
E	438.051	90.000	44.2907	8.1769	0.0927	0.1655	0.0000	6.8000
dPolE	438.051	90.000	90.1504	1.0000	0.0000	6.8000
uR	438.051	90.000	0.0075	1.0000	0.0000	6.8000
E	439.667	90.000	44.9732	6.7609	0.0975	0.1717	0.0000	6.8000
dPolE	439.667	90.000	88.5284	1.0000	0.0000	6.8000
uR	439.667	90.000	0.0081	1.0000	0.0000	6.8000
E	441.283	90.000	45.1575	6.8925	0.0922	0.1611	0.0000	6.8000
dPolE	441.283	90.000	87.9639	1.0000	0.0000	6.8000
uR	441.283	90.000	0.0083	1.0000	0.0000	6.8000
E	442.899	90.000	44.9173	7.6454	0.0948	0.1649	0.0000	6.8000
dPolE	442.899	90.000	87.6083	1.0000	0.0000	6.8000
uR	442.899	90.000	0.0087	1.0000	0.0000	6.8000
E	444.515	90.000	44.6990	7.6431	0.0923	0.1607	0.0000	6.8000
dPolE	444.515	90.000	86.2505	1.0000	0.0000	6.8000
uR	444.515	90.000	0.0093	1.0000	0.0000	6.8000
E	446.131	90.000	44.8264	6.8044	0.0867	0.1515	0.0000	6.8000
dPolE	446.131	90.000	87.3683	1.0000	0.0000	6.8000
uR	446.131	90.000	0.0093	1.0000	0.0000	6.8000
E	447.747	90.000	44.8720	8.0316	0.0916	0.1602	0.0000	6.8000
dPolE	447.747	90.000	86.1658	1.0000	0.0000	6.8000
uR	447.747	90.000	0.0098	1.0000	0.0000	6.8000
E	449.363	90.000	44.8929	7.2529	0.0847	0.1474	0.0000	6.8000
dPolE	449.363	90.000	83.9697	1.0000	0.0000	6.8000
uR	449.363	90.000	0.0102	1.0000	0.0000	6.8000
E	450.979	90.000	44.7420	6.6198	0.0865	0.1488	0.0000	6.8000
dPolE	450.979	90.000	80.4526	1.0000	0.0000	6.8000
uR	450.979	90.000	0.0108	1.0000	0.0000	6.8000
E	452.594	90.000	44.4909	5.9693	0.0839	0.1426	0.0000	6.8000
dPolE	452.594	90.000	79.0352	1.0000	0.0000	6.8000
uR	452.594	90.000	0.0113	1.0000	0.0000	6.8000
E	454.210	90.000	44.9482	6.8105	0.0866	0.1457	0.0000	6.8000
dPolE	454.210	90.000	80.6045	1.0000	0.0000	6.8000
uR	454.210	90.000	0.0116	1.0000	0.0000	6.8000
E	455.826	90.000	44.8490	6.3725	0.0859	0.1439	0.0000	6.8000
dPolE	455.826	90.000	79.1048	1.0000	0.0000	6.8000
uR	455.826	90.000	0.0121	1.0000	0.0000	6.8000
E	457.442	90.000	44.7790	6.2154	0.0805	0.1350	0.0000	6.8000
dPolE	457.442	90.000	77.8909	1.0000	0.0000	6.8000
uR	457.442	90.000	0.0124	1.0000	0.0000	6.8000
E	459.058	90.000	44.5829	6.3171	0.0819	0.1378	0.0000	6.8000
dPolE	459.058	90.000	76.3600	1.0000	0.0000	6.8000
uR	459.058	90.000	0.0126	1.0000	0.0000	6.8000
E	460.674	90.000	44.9714	5.8654	0.0793	0.1335	0.0000	6.8000
dPolE	460.674	90.000	75.1771	1.0000	0.0000	6.8000
uR	460.674	90.000	0.0130	1.0000	0.0000	6.8000
E	462.290	90.000	44.8092	6.0676	0.0771	0.1293	0.0000	6.8000
dPolE	462.290	90.000	72.4333	1.0000	0.0000	6.8000
uR	462.290	90.000	0.0135	1.0000	0.0000	6.8000
E	463.906	90.000	44.8876	5.8952	0.0786	0.1305	0.0000	6.8000
dPolE	463.906	90.000	70.6627	1.0000	0.0000	6.8000
uR	463.906	90.000	0.0137	1.0000	0.0000	6.8000
E	465.521	90.000	45.0368	5.8854	0.0751	0.1232	0.0000	6.8000
dPolE	465.521	90.000	68.1770	1.0000	0.0000	6.8000
uR	465.521	90.000	0.0141	1.0000	0.0000	6.8000
E	467.137	90.000	45.0270	5.6586	0.0750	0.1215	0.0000	6.8000
dPolE	467.137	90.000	66.8088	1.0000	0.0000	6.8000
uR	467.137	90.000	0.0141	1.0000	0.0000	6.8000
E	468.753	90.000	44.8684	5.4323	0.0706	0.1136	0.0000	6.8000
dPolE	468.753	90.000	62.7013	1.0000	0.0000	6.8000
uR	468.753	90.000	0.0143	1.0000	0.0000	6.8000
E	470.369	90.000	44.9531	5.5461	0.0721	0.1159	0.0000	6.8000
dPolE	470.369	90.000	63.7046	1.0000	0.0000	6.8000
uR	470.369	90.000	0.0148	1.0000	0.0000	6.8000
E	471.985	90.000	45.0152	5.2216	0.0755	0.1215	0.0000	6.8000
dPolE	471.985	90.000	65.6850	1.0000	0.0000	6.8000
uR	471.985	90.000	0.0153	1.0000	0.0000	6.8000
E	473.600	90.000	45.2434	5.3761	0.0744	0.1200	0.0000	6.8000
dPolE	473.600	90.000	65.0110	1.0000	0.0000	6.8000
uR	473.600	90.000	0.0157	1.0000	0.0000	6.8000
E	475.216	90.000	44.7945	5.1460	0.0737	0.1188	0.0000	6.8000
dPolE	475.216	90.000	68.0961	1.0000	0.0000	6.8000
uR	475.216	90.000	0.0159	1.0000	0.0000	6.8000
E	476.832	90.000	44.9837	4.7009	0.0752	0.1206	0.0000	6.8000
dPolE	476.832	90.000	69.3316	1.0000	0.0000	6.8000
uR	476.832	90.000	0.0164	1.0000	0.0000	6.8000
E	478.448	90.000	44.3518	4.7377	0.0811	0.1288	0.0000	6.8000
dPolE	478.448	90.000	68.5665	1.0000	0.0000	6.8000
uR	478.448	90.000	0.0167	1.0000	0.0000	6.8000
E	480.063	90.000	44.8502	4.6234	0.0793	0.1245	0.0000	6.8000
dPolE	480.063	90.000	66.7638	1.0000	0.0000	6.8000
uR	480.063	90.000	0.0170	1.0000	0.0000	6.8000
E	481.679	90.000	44.9083	4.8785	0.0705	0.1093	0.0000	6.8000
dPolE	481.679	90.000	67.5365	1.0000	0.0000	6.8000
uR	481.679	90.000	0.0171	1.0000	0.0000	6.8000
E	483.294	90.000	44.9869	4.8262	0.0726	0.1118	0.0000	6.8000
dPolE	483.294	90.000	63.6842	1.0000	0.0000	6.8000
uR	483.294	90.000	0.0171	1.0000	0.0000	6.8000
E	484.910	90.000	44.6849	4.2284	0.0752	0.1153	0.0000	6.8000
dPolE	484.910	90.000	65.1592	1.0000	0.0000	6.8000
uR	484.910	90.000	0.0176	1.0000	0.0000	6.8000
E	486.526	90.000	44.9113	4.5422	0.0761	0.1168	0.0000	6.8000
dPolE	486.526	90.000	67.6300	1.0000	0.0000	6.8000
uR	486.526	90.000	0.0179	1.0000	0.0000	6.8000
E	488.141	90.000	44.9228	4.6556	0.0755	0.1162	0.0000	6.8000
dPolE	488.141	90.000	65.3347	1.0000	0.0000	6.8000
uR	488.141	90.000	0.0184	1.0000	0.0000	6.8000
E	489.757	90.000	45.0784	4.5200	0.0770	0.1184	0.0000	6.8000
dPolE	489.757	90.000	64.2429	1.0000	0.0000	6.8000
uR	489.757	90.000	0.0186	1.0000	0.0000	6.8000
E	491.372	90.000	44.9541	4.2302	0.0733	0.1123	0.0000	6.8000
dPolE	491.372	90.000	63.9989	1.0000	0.0000	6.8000
uR	491.372	90.000	0.0184	1.0000	0.0000	6.8000
E	492.988	90.000	44.8349	4.3173	0.0693	0.1056	0.0000	6.8000
dPolE	492.988	90.000	61.7083	1.0000	0.0000	6.8000
uR	492.988	90.000	0.0188	1.0000	0.0000	6.8000
E	494.603	90.000	45.1109	4.6318	0.0729	0.1101	0.0000	6.8000
dPolE	494.603	90.000	62.0983	1.0000	0.0000	6.8000
uR	494.603	90.000	0.0191	1.0000	0.0000	6.8000
E	496.219	90.000	44.8651	4.0714	0.0770	0.1149	0.0000	6.8000
dPolE	496.219	90.000	63.3122	1.0000	0.0000	6.8000
uR	496.219	90.000	0.0195	1.0000	0.0000	6.8000
E	497.834	90.000	44.6766	4.2322	0.0735	0.1086	0.0000	6.8000
dPolE	497.834	90.000	63.0114	1.0000	0.0000	6.8000
uR	497.834	90.000	0.0197	1.0000	0.0000	6.8000
E	499.450	90.000	45.2937	4.0644	0.0753	0.1103	0.0000	6.8000
dPolE	499.450	90.000	63.2843	1.0000	0.0000	6.8000
uR	499.450	90.000	0.0198	1.0000	0.0000	6.8000
E	501.065	90.000	45.0586	4.2147	0.0737	0.1077	0.0000	6.8000
dPolE	501.065	90.000	63.8192	1.0000	0.0000	6.8000
uR	501.065	90.000	0.0200	1.0000	0.0000	6.8000
E	502.680	90.000	45.1157	3.8181	0.0783	0.1142	0.0000	6.8000
dPolE	502.680	90.000	64.3588	1.0000	0.0000	6.8000
uR	502.680	90.000	0.0198	1.0000	0.0000	6.8000
E	504.296	90.000	44.8169	4.0883	0.0762	0.1115	0.0000	6.8000
dPolE	504.296	90.000	63.9369	1.0000	0.0000	6.8000
uR	504.296	90.000	0.0200	1.0000	0.0000	6.8000
E	505.911	90.000	44.8680	3.8029	0.0729	0.1067	0.0000	6.8000
dPolE	505.911	90.000	63.3485	1.0000	0.0000	6.8000
uR	505.911	90.000	0.0203	1.0000	0.0000	6.8000
E	507.526	90.000	44.9210	3.6457	0.0748	0.1092	0.0000	6.8000
dPolE	507.526	90.000	61.2731	1.0000	0.0000	6.8000
uR	507.526	90.000	0.0206	1.0000	0.0000	6.8000
E	509.141	90.000	44.8053	3.9833	0.0758	0.1101	0.0000	6.8000
dPolE	509.141	90.000	60.6928	1.0000	0.0000	6.8000
uR	509.141	90.000	0.0208	1.0000	0.0000	6.8000
E	510.756	90.000	44.7662	3.7620	0.0755	0.1088	0.0000	6.8000
dPolE	510.756	90.000	60.1648	1.0000	0.0000	6.8000
uR	510.756	90.000	0.0213	1.0000	0.0000	6.8000
E	512.372	90.000	44.9887	3.4891	0.0717	0.1021	0.0000	6.8000
dPolE	512.372	90.000	61.0463	1.0000	0.0000	6.8000
uR	512.372	90.000	0.0218	1.0000	0.0000	6.8000
E	513.987	90.000	44.9172	3.1401	0.0706	0.0995	0.0000	6.8000
dPolE	513.987	90.000	60.8225	1.0000	0.0000	6.8000
uR	513.987	90.000	0.0230	1.0000	0.0000	6.8000
E	515.602	90.000	45.1750	3.3049	0.0781	0.1091	0.0000	6.8000
dPolE	515.602	90.000	61.1464	1.0000	0.0000	6.8000
uR	515.602	90.000	0.0238	1.0000	0.0000	6.8000
E	517.217	90.000	45.0051	3.7063	0.0835	0.1161	0.0000	6.8000
dPolE	517.217	90.000	62.1492	1.0000	0.0000	6.8000
uR	517.217	90.000	0.0234	1.0000	0.0000	6.8000
E	518.832	90.000	44.9979	2.9944	0.0837	0.1160	0.0000	6.8000
dPolE	518.832	90.000	63.4426	1.0000	0.0000	6.8000
uR	518.832	90.000	0.0224	1.0000	0.0000	6.8000
E	520.447	90.000	44.9949	3.4523	0.0886	0.1227	0.0000	6.8000
dPolE	520.447	90.000	65.3211	1.0000	0.0000	6.8000
uR	520.447	90.000	0.0213	1.0000	0.0000	6.8000
E	522.062	90.000	44.9019	3.0105	0.0830	0.1152	0.0000	6.8000
dPolE	522.062	90.000	63.4624	1.0000	0.0000	6.8000
uR	522.062	90.000	0.0207	1.0000	0.0000	6.8000
E	523.677	90.000	44.9968	3.1699	0.0760	0.1054	0.0000	6.8000
dPolE	523.677	90.000	60.2440	1.0000	0.0000	6.8000
uR	523.677	90.000	0.0214	1.0000	0.0000	6.8000
E	525.292	90.000	45.0781	3.0874	0.0826	0.1142	0.0000	6.8000
dPolE	525.292	90.000	58.7576	1.0000	0.0000	6.8000
uR	525.292	90.000	0.0223	1.0000	0.0000	6.8000
E	526.907	90.000	44.8597	3.4239	0.0807	0.1112	0.0000	6.8000
dPolE	526.907	90.000	58.2684	1.0000	0.0000	6.8000
uR	526.907	90.000	0.0222	1.0000	0.0000	6.8000
E	528.521	90.000	44.7662	2.9261	0.0768	0.1051	0.0000	6.8000
dPolE	528.521	90.000	59.2375	1.0000	0.0000	6.8000
uR	528.521	90.000	0.0227	1.0000	0.0000	6.8000
E	530.136	90.000	44.9976	3.0675	0.0779	0.1055	0.0000	6.8000
dPolE	530.136	90.000	57.0852	1.0000	0.0000	6.8000
uR	530.136	90.000	0.0225	1.0000	0.0000	6.8000
E	531.751	90.000	44.8878	2.9605	0.0763	0.1022	0.0000	6.8000
dPolE	531.751	90.000	59.4843	1.0000	0.0000	6.8000
uR	531.751	90.000	0.0224	1.0000	0.0000	6.8000
E	533.366	90.000	45.0282	2.7230	0.0777	0.1032	0.0000	6.8000
dPolE	533.366	90.000	58.0816	1.0000	0.0000	6.8000
uR	533.366	90.000	0.0229	1.0000	0.0000	6.8000
E	534.980	90.000	44.8472	2.6810	0.0827	0.1090	0.0000	6.8000
dPolE	534.980	90.000	56.0575	1.0000	0.0000	6.8000
uR	534.980	90.000	0.0232	1.0000	0.0000	6.8000
E	536.595	90.000	44.7669	3.0086	0.0782	0.1027	0.0000	6.8000
dPolE	536.595	90.000	57.0702	1.0000	0.0000	6.8000
uR	536.595	90.000	0.0231	1.0000	0.0000	6.8000
E	538.210	90.000	45.1707	2.7351	0.0793	0.1039	0.0000	6.8000
dPolE	538.210	90.000	58.4652	1.0000	0.0000	6.8000
uR	538.210	90.000	0.0232	1.0000	0.0000	6.8000
E	539.824	90.000	44.7274	2.6722	0.0774	0.1015	0.0000	6.8000
dPolE	539.824	90.000	55.8609	1.0000	0.0000	6.8000
uR	539.824	90.000	0.0234	1.0000	0.0000	6.8000
E	541.439	90.000	44.9206	2.6975	0.0775	0.1018	0.0000	6.8000
dPolE	541.439	90.000	56.4147	1.0000	0.0000	6.8000
uR	541.439	90.000	0.0233	1.0000	0.0000	6.8000
E	543.053	90.000	45.0709	2.8752	0.0781	0.1025	0.0000	6.8000
dPolE	543.053	90.000	57.6585	1.0000	0.0000	6.8000
uR	543.053	90.000	0.0232	1.0000	0.0000	6.8000
E	544.668	90.000	44.7729	2.6322	0.0773	0.1013	0.0000	6.8000
dPolE	544.668	90.000	55.8223	1.0000	0.0000	6.8000
uR	544.668	90.000	0.0232	1.0000	0.0000	6.8000
E	546.282	90.000	45.0169	2.2874	0.0783	0.1021	0.0000	6.8000
dPolE	546.282	90.000	57.8783	1.0000	0.0000	6.8000
uR	546.282	90.000	0.0232	1.0000	0.0000	6.8000
E	547.896	90.000	44.9892	2.7364	0.0820	0.1060	0.0000	6.8000
dPolE	547.896	90.000	55.1020	1.0000	0.0000	6.8000
uR	547.896	90.000	0.0235	1.0000	0.0000	6.8000
E	549.511	90.000	45.1180	2.5886	0.0778	0.0998	0.0000	6.8000
dPolE	549.511	90.000	55.9750	1.0000	0.0000	6.8000
uR	549.511	90.000	0.0236	1.0000	0.0000	6.8000
E	551.125	90.000	44.9806	2.4824	0.0826	0.1048	0.0000	6.8000
dPolE	551.125	90.000	56.2996	1.0000	0.0000	6.8000
uR	551.125	90.000	0.0234	1.0000	0.0000	6.8000
E	552.739	90.000	44.8346	2.2687	0.0783	0.0985	0.0000	6.8000
dPolE	552.739	90.000	54.7625	1.0000	0.0000	6.8000
uR	552.739	90.000	0.0234	1.0000	0.0000	6.8000
E	554.353	90.000	44.8085	2.4521	0.0801	0.1001	0.0000	6.8000
dPolE	554.353	90.000	56.1726	1.0000	0.0000	6.8000
uR	554.353	90.000	0.0234	1.0000	0.0000	6.8000
E	555.968	90.000	44.7517	2.2224	0.0834	0.1037	0.0000	6.8000
dPolE	555.968	90.000	54.4764	1.0000	0.0000	6.8000
uR	555.968	90.000	0.0236	1.0000	0.0000	6.8000
E	557.582	90.000	45.0149	2.0463	0.0808	0.1001	0.0000	6.8000
dPolE	557.582	90.000	53.6965	1.0000	0.0000	6.8000
uR	557.582	90.000	0.0235	1.0000	0.0000	6.8000
E	559.196	90.000	44.8945	2.2472	0.0829	0.1027	0.0000	6.8000
dPolE	559.196	90.000	54.2183	1.0000	0.0000	6.8000
uR	559.196	90.000	0.0238	1.0000	0.0000	6.8000
E	560.810	90.000	44.9651	2.5286	0.0810	0.1003	0.0000	6.8000
dPolE	560.810	90.000	55.4397	1.0000	0.0000	6.8000
uR	560.810	90.000	0.0237	1.0000	0.0000	6.8000
E	562.424	90.000	45.0088	2.1214	0.0791	0.0980	0.0000	6.8000
dPolE	562.424	90.000	53.4890	1.0000	0.0000	6.8000
uR	562.424	90.000	0.0236	1.0000	0.0000	6.8000
E	564.038	90.000	44.9753	1.9517	0.0812	0.1005	0.0000	6.8000
dPolE	564.038	90.000	51.0537	1.0000	0.0000	6.8000
uR	564.038	90.000	0.0241	1.0000	0.0000	6.8000
E	565.651	90.000	44.9300	2.0974	0.0803	0.0992	0.0000	6.8000
dPolE	565.651	90.000	54.5375	1.0000	0.0000	6.8000
uR	565.651	90.000	0.0241	1.0000	0.0000	6.8000
E	567.265	90.000	44.9052	2.2288	0.0803	0.0988	0.0000	6.8000
dPolE	567.265	90.000	51.2727	1.0000	0.0000	6.8000
uR	567.265	90.000	0.0240	1.0000	0.0000	6.8000
E	568.879	90.000	44.9860	1.9039	0.0815	0.0996	0.0000	6.8000
dPolE	568.879	90.000	51.5739	1.0000	0.0000	6.8000
uR	568.879	90.000	0.0241	1.0000	0.0000	6.8000
E	570.493	90.000	44.9072	2.1469	0.0829	0.1005	0.0000	6.8000
dPolE	570.493	90.000	51.1109	1.0000	0.0000	6.8000
uR	570.493	90.000	0.0240	1.0000	0.0000	6.8000
E	572.106	90.000	45.0213	2.4341	0.0838	0.1007	0.0000	6.8000
dPolE	572.106	90.000	49.0461	1.0000	0.0000	6.8000
uR	572.106	90.000	0.0239	1.0000	0.0000	6.8000
E	573.720	90.000	44.9939	2.0368	0.0845	0.1007	0.0000	6.8000
dPolE	573.720	90.000	49.9630	1.0000	0.0000	6.8000
uR	573.720	90.000	0.0237	1.0000	0.0000	6.8000
E	575.333	90.000	44.8075	2.3575	0.0819	0.0968	0.0000	6.8000
dPolE	575.333	90.000	51.7165	1.0000	0.0000	6.8000
uR	575.333	90.000	0.0237	1.0000	0.0000	6.8000
E	576.947	90.000	44.9018	2.1309	0.0819	0.0961	0.0000	6.8000
dPolE	576.947	90.000	52.0466	1.0000	0.0000	6.8000
uR	576.947	90.000	0.0240	1.0000	0.0000	6.8000
E	578.560	90.000	44.8569	1.9043	0.0843	0.0986	0.0000	6.8000
dPolE	578.560	90.000	51.0839	1.0000	0.0000	6.8000
uR	578.560	90.000	0.0242	1.0000	0.0000	6.8000
E	580.174	90.000	44.8653	1.9202	0.0813	0.0947	0.0000	6.8000
dPolE	580.174	90.000	50.1121	1.0000	0.0000	6.8000
uR	580.174	90.000	0.0242	1.0000	0.0000	6.8000
E	581.787	90.000	44.6145	1.9526	0.0814	0.0949	0.0000	6.8000
dPolE	581.787	90.000	50.5801	1.0000	0.0000	6.8000
uR	581.787	90.000	0.0242	1.0000	0.0000	6.8000
E	583.400	90.000	44.8662	1.9410	0.0798	0.0929	0.0000	6.8000
dPolE	583.400	90.000	49.7136	1.0000	0.0000	6.8000
uR	583.400	90.000	0.0243	1.0000	0.0000	6.8000
E	585.014	90.000	44.8732	1.8749	0.0836	0.0975	0.0000	6.8000
dPolE	585.014	90.000	50.5661	1.0000	0.0000	6.8000
uR	585.014	90.000	0.0240	1.0000	0.0000	6.8000
E	586.627	90.000	44.9409	1.8358	0.0809	0.0942	0.0000	6.8000
dPolE	586.627	90.000	49.3174	1.0000	0.0000	6.8000
uR	586.627	90.000	0.0242	1.0000	0.0000	6.8000
E	588.240	90.000	44.7340	1.7871	0.0807	0.0937	0.0000	6.8000
dPolE	588.240	90.000	50.7177	1.0000	0.0000	6.8000
uR	588.240	90.000	0.0242	1.0000	0.0000	6.8000
E	589.853	90.000	44.7852	1.6320	0.0826	0.0956	0.0000	6.8000
dPolE	589.853	90.000	50.0686	1.0000	0.0000	6.8000
uR	589.853	90.000	0.0240	1.0000	0.0000	6.8000
E	591.466	90.000	45.0940	1.5990	0.0811	0.0933	0.0000	6.8000
dPolE	591.466	90.000	49.8071	1.0000	0.0000	6.8000
uR	591.466	90.000	0.0241	1.0000	0.0000	6.8000
E	593.079	90.000	45.0312	2.1851	0.0851	0.0974	0.0000	6.8000
dPolE	593.079	90.000	49.1848	1.0000	0.0000	6.8000
uR	593.079	90.000	0.0241	1.0000	0.0000	6.8000
E	594.692	90.000	44.8002	1.6210	0.0857	0.0971	0.0000	6.8000
dPolE	594.692	90.000	48.3675	1.0000	0.0000	6.8000
uR	594.692	90.000	0.0245	1.0000	0.0000	6.8000
E	596.305	90.000	44.8620	1.8041	0.0873	0.0982	0.0000	6.8000
dPolE	596.305	90.000	48.2218	1.0000	0.0000	6.8000
uR	596.305	90.000	0.0246	1.0000	0.0000	6.8000
E	597.918	90.000	44.8502	1.7630	0.0898	0.1003	0.0000	6.8000
dPolE	597.918	90.000	51.9249	1.0000	0.0000	6.8000
uR	597.918	90.000	0.0243	1.0000	0.0000	6.8000
E	599.530	90.000	44.9779	1.8026	0.0890	0.0987	0.0000	6.8000
dPolE	599.530	90.000	49.8349	1.0000	0.0000	6.8000
uR	599.530	90.000	0.0243	1.0000	0.0000	6.8000
E	601.143	90.000	44.7678	1.5051	0.0909	0.1003	0.0000	6.8000
dPolE	601.143	90.000	48.4022	1.0000	0.0000	6.8000
uR	601.143	90.000	0.0245	1.0000	0.0000	6.8000
E	602.755	90.000	44.7257	1.5338	0.0913	0.1003	0.0000	6.8000
dPolE	602.755	90.000	47.9124	1.0000	0.0000	6.8000
uR	602.755	90.000	0.0245	1.0000	0.0000	6.8000
E	604.368	90.000	44.9129	1.6399	0.0898	0.0983	0.0000	6.8000
dPolE	604.368	90.000	48.9313	1.0000	0.0000	6.8000
uR	604.368	90.000	0.0247	1.0000	0.0000	6.8000
E	605.981	90.000	44.7633	1.4017	0.0841	0.0921	0.0000	6.8000
dPolE	605.981	90.000	48.1900	1.0000	0.0000	6.8000
uR	605.981	90.000	0.0251	1.0000	0.0000	6.8000
E	607.593	90.000	45.0077	1.4402	0.0914	0.1001	0.0000	6.8000
dPolE	607.593	90.000	48.8255	1.0000	0.0000	6.8000
uR	607.593	90.000	0.0247	1.0000	0.0000	6.8000
E	609.205	90.000	44.7737	1.7373	0.0938	0.1027	0.0000	6.8000
dPolE	609.205	90.000	47.2581	1.0000	0.0000	6.8000
uR	609.205	90.000	0.0245	1.0000	0.0000	6.8000
E	610.818	90.000	44.9100	1.6261	0.0882	0.0966	0.0000	6.8000
dPolE	610.818	90.000	50.2863	1.0000	0.0000	6.8000
uR	610.818	90.000	0.0248	1.0000	0.0000	6.8000
E	612.430	90.000	44.8385	1.1782	0.0897	0.0979	0.0000	6.8000
dPolE	612.430	90.000	48.1831	1.0000	0.0000	6.8000
uR	612.430	90.000	0.0246	1.0000	0.0000	6.8000
E	614.042	90.000	44.7424	1.3370	0.0887	0.0967	0.0000	6.8000
dPolE	614.042	90.000	48.6423	1.0000	0.0000	6.8000
uR	614.042	90.000	0.0249	1.0000	0.0000	6.8000
E	615.654	90.000	45.0499	1.7322	0.0895	0.0971	0.0000	6.8000
dPolE	615.654	90.000	44.9340	1.0000	0.0000	6.8000
uR	615.654	90.000	0.0245	1.0000	0.0000	6.8000
E	617.266	90.000	44.8798	1.2405	0.0878	0.0947	0.0000	6.8000
dPolE	617.266	90.000	47.1793	1.0000	0.0000	6.8000
uR	617.266	90.000	0.0248	1.0000	0.0000	6.8000
E	618.878	90.000	44.4886	1.4770	0.0872	0.0935	0.0000	6.8000
dPolE	618.878	90.000	46.6237	1.0000	0.0000	6.8000
uR	618.878	90.000	0.0251	1.0000	0.0000	6.8000
E	620.490	90.000	45.0281	1.3991	0.0875	0.0931	0.0000	6.8000
dPolE	620.490	90.000	45.2817	1.0000	0.0000	6.8000
uR	620.490	90.000	0.0245	1.0000	0.0000	6.8000
E	622.102	90.000	44.7110	1.2300	0.0896	0.0946	0.0000	6.8000
dPolE	622.102	90.000	46.3475	1.0000	0.0000	6.8000
uR	622.102	90.000	0.0242	1.0000	0.0000	6.8000
E	623.714	90.000	45.0223	1.3563	0.0902	0.0945	0.0000	6.8000
dPolE	623.714	90.000	45.2355	1.0000	0.0000	6.8000
uR	623.714	90.000	0.0243	1.0000	0.0000	6.8000
E	625.325	90.000	44.9599	1.2017	0.0918	0.0955	0.0000	6.8000
dPolE	625.325	90.000	47.6745	1.0000	0.0000	6.8000
uR	625.325	90.000	0.0244	1.0000	0.0000	6.8000
E	626.937	90.000	44.8500	1.2251	0.0949	0.0983	0.0000	6.8000
dPolE	626.937	90.000	44.5231	1.0000	0.0000	6.8000
uR	626.937	90.000	0.0246	1.0000	0.0000	6.8000
E	628.548	90.000	45.0341	1.0069	0.0981	0.1011	0.0000	6.8000
dPolE	628.548	90.000	45.3648	1.0000	0.0000	6.8000
uR	628.548	90.000	0.0245	1.0000	0.0000	6.8000
E	630.160	90.000	44.9341	1.1959	0.0947	0.0973	0.0000	6.8000
dPolE	630.160	90.000	44.4798	1.0000	0.0000	6.8000
uR	630.160	90.000	0.0246	1.0000	0.0000	6.8000
E	631.771	90.000	45.0178	1.2871	0.0961	0.0988	0.0000	6.8000
dPolE	631.771	90.000	43.8611	1.0000	0.0000	6.8000
uR	631.771	90.000	0.0248	1.0000	0.0000	6.8000
E	633.383	90.000	44.7241	1.1996	0.0937	0.0963	0.0000	6.8000
dPolE	633.383	90.000	46.1505	1.0000	0.0000	6.8000
uR	633.383	90.000	0.0248	1.0000	0.0000	6.8000
E	634.994	90.000	44.9293	1.1756	0.0964	0.0989	0.0000	6.8000
dPolE	634.994	90.000	42.1861	1.0000	0.0000	6.8000
uR	634.994	90.000	0.0247	1.0000	0.0000	6.8000
E	636.605	90.000	44.6934	1.1869	0.0917	0.0940	0.0000	6.8000
dPolE	636.605	90.000	45.8912	1.0000	0.0000	6.8000
uR	636.605	90.000	0.0248	1.0000	0.0000	6.8000
E	638.216	90.000	44.9762	1.0067	0.0968	0.0992	0.0000	6.8000
dPolE	638.216	90.000	45.2126	1.0000	0.0000	6.8000
uR	638.216	90.000	0.0252	1.0000	0.0000	6.8000
E	639.827	90.000	45.2866	1.0498	0.0974	0.0997	0.0000	6.8000
dPolE	639.827	90.000	44.9332	1.0000	0.0000	6.8000
uR	639.827	90.000	0.0250	1.0000	0.0000	6.8000
E	641.438	90.000	44.8315	0.9542	0.0983	0.1002	0.0000	6.8000
dPolE	641.438	90.000	48.3172	1.0000	0.0000	6.8000
uR	641.438	90.000	0.0246	1.0000	0.0000	6.8000
E	643.049	90.000	44.5439	1.2708	0.1012	0.1029	0.0000	6.8000
dPolE	643.049	90.000	43.6961	1.0000	0.0000	6.8000
uR	643.049	90.000	0.0249	1.0000	0.0000	6.8000
E	644.660	90.000	45.1365	0.9279	0.0995	0.1007	0.0000	6.8000
dPolE	644.660	90.000	44.2254	1.0000	0.0000	6.8000
uR	644.660	90.000	0.0245	1.0000	0.0000	6.8000
E	646.271	90.000	45.0842	1.0433	0.0971	0.0976	0.0000	6.8000
dPolE	646.271	90.000	45.0228	1.0000	0.0000	6.8000
uR	646.271	90.000	0.0248	1.0000	0.0000	6.8000
E	647.881	90.000	45.0762	1.0666	0.0946	0.0946	0.0000	6.8000
dPolE	647.881	90.000	41.0252	1.0000	0.0000	6.8000
uR	647.881	90.000	0.0251	1.0000	0.0000	6.8000
E	649.492	90.000	44.6739	1.1576	0.0984	0.0977	0.0000	6.8000
dPolE	649.492	90.000	42.9227	1.0000	0.0000	6.8000
uR	649.492	90.000	0.0246	1.0000	0.0000	6.8000
E	651.103	90.000	44.8865	1.0149	0.1024	0.1008	0.0000	6.8000
dPolE	651.103	90.000	42.9567	1.0000	0.0000	6.8000
uR	651.103	90.000	0.0248	1.0000	0.0000	6.8000
E	652.713	90.000	45.1114	0.9573	0.1020	0.0999	0.0000	6.8000
dPolE	652.713	90.000	43.9418	1.0000	0.0000	6.8000
uR	652.713	90.000	0.0256	1.0000	0.0000	6.8000
E	654.323	90.000	44.9313	1.2097	0.1008	0.0980	0.0000	6.8000
dPolE	654.323	90.000	44.1373	1.0000	0.0000	6.8000
uR	654.323	90.000	0.0255	1.0000	0.0000	6.8000
E	655.934	90.000	44.8471	0.8606	0.1073	0.1040	0.0000	6.8000
dPolE	655.934	90.000	44.6684	1.0000	0.0000	6.8000
uR	655.934	90.000	0.0253	1.0000	0.0000	6.8000
E	657.544	90.000	45.2416	1.0315	0.1035	0.0999	0.0000	6.8000
dPolE	657.544	90.000	44.7740	1.0000	0.0000	6.8000
uR	657.544	90.000	0.0249	1.0000	0.0000	6.8000
E	659.154	90.000	45.1306	0.9840	0.1108	0.1069	0.0000	6.8000
dPolE	659.154	90.000	43.9214	1.0000	0.0000	6.8000
uR	659.154	90.000	0.0252	1.0000	0.0000	6.8000
E	660.764	90.000	44.7261	0.9852	0.1034	0.0994	0.0000	6.8000
dPolE	660.764	90.000	44.6520	1.0000	0.0000	6.8000
uR	660.764	90.000	0.0252	1.0000	0.0000	6.8000
E	662.374	90.000	45.1442	0.8421	0.1073	0.1031	0.0000	6.8000
dPolE	662.374	90.000	43.8631	1.0000	0.0000	6.8000
uR	662.374	90.000	0.0254	1.0000	0.0000	6.8000
E	663.984	90.000	44.9934	0.8251	0.1021	0.0981	0.0000	6.8000
dPolE	663.984	90.000	44.6504	1.0000	0.0000	6.8000
uR	663.984	90.000	0.0252	1.0000	0.0000	6.8000
E	665.594	90.000	45.0988	1.0267	0.1008	0.0968	0.0000	6.8000
dPolE	665.594	90.000	45.8683	1.0000	0.0000	6.8000
uR	665.594	90.000	0.0252	1.0000	0.0000	6.8000
E	667.204	90.000	44.7762	1.2157	0.1060	0.1018	0.0000	6.8000
dPolE	667.204	90.000	45.7289	1.0000	0.0000	6.8000
uR	667.204	90.000	0.0246	1.0000	0.0000	6.8000
E	668.813	90.000	44.7708	0.6888	0.1003	0.0961	0.0000	6.8000
dPolE	668.813	90.000	41.9765	1.0000	0.0000	6.8000
uR	668.813	90.000	0.0247	1.0000	0.0000	6.8000
E	670.423	90.000	44.8827	0.8431	0.1053	0.1006	0.0000	6.8000
dPolE	670.423	90.000	41.9311	1.0000	0.0000	6.8000
uR	670.423	90.000	0.0247	1.0000	0.0000	6.8000
E	672.032	90.000	45.1461	0.8486	0.1010	0.0964	0.0000	6.8000
dPolE	672.032	90.000	41.8989	1.0000	0.0000	6.8000
uR	672.032	90.000	0.0249	1.0000	0.0000	6.8000
E	673.642	90.000	44.9578	0.7643	0.1099	0.1045	0.0000	6.8000
dPolE	673.642	90.000	40.4226	1.0000	0.0000	6.8000
uR	673.642	90.000	0.0249	1.0000	0.0000	6.8000
E	675.251	90.000	45.1189	0.9130	0.1023	0.0969	0.0000	6.8000
dPolE	675.251	90.000	44.2667	1.0000	0.0000	6.8000
uR	675.251	90.000	0.0251	1.0000	0.0000	6.8000
E	676.860	90.000	44.8407	0.6903	0.1062	0.1000	0.0000	6.8000
dPolE	676.860	90.000	42.2620	1.0000	0.0000	6.8000
uR	676.860	90.000	0.0252	1.0000	0.0000	6.8000
E	678.469	90.000	44.9150	0.6891	0.1073	0.1004	0.0000	6.8000
dPolE	678.469	90.000	41.4173	1.0000	0.0000	6.8000
uR	678.469	90.000	0.0248	1.0000	0.0000	6.8000
E	680.079	90.000	44.8987	0.8222	0.1090	0.1014	0.0000	6.8000
dPolE	680.079	90.000	41.3751	1.0000	0.0000	6.8000
uR	680.079	90.000	0.0248	1.0000	0.0000	6.8000
E	681.688	90.000	45.0195	1.0567	0.0960	0.0887	0.0000	6.8000
dPolE	681.688	90.000	41.5968	1.0000	0.0000	6.8000
uR	681.688	90.000	0.0256	1.0000	0.0000	6.8000
E	683.296	90.000	44.9049	0.7206	0.1085	0.0996	0.0000	6.8000
dPolE	683.296	90.000	37.4248	1.0000	0.0000	6.8000
uR	683.296	90.000	0.0255	1.0000	0.0000	6.8000
E	684.905	90.000	44.9533	0.9008	0.1052	0.0960	0.0000	6.8000
dPolE	684.905	90.000	36.7671	1.0000	0.0000	6.8000
uR	684.905	90.000	0.0249	1.0000	0.0000	6.8000
E	686.514	90.000	45.1460	0.7281	0.1034	0.0938	0.0000	6.8000
dPolE	686.514	90.000	36.9833	1.0000	0.0000	6.8000
uR	686.514	90.000	0.0247	1.0000	0.0000	6.8000
E	688.123	90.000	45.0814	0.6970	0.0990	0.0895	0.0000	6.8000
dPolE	688.123	90.000	40.1813	1.0000	0.0000	6.8000
uR	688.123	90.000	0.0242	1.0000	0.0000	6.8000
E	689.731	90.000	44.9182	0.6626	0.1029	0.0927	0.0000	6.8000
dPolE	689.731	90.000	36.5164	1.0000	0.0000	6.8000
uR	689.731	90.000	0.0245	1.0000	0.0000	6.8000
E	691.340	90.000	44.8846	0.5201	0.1019	0.0915	0.0000	6.8000
dPolE	691.340	90.000	41.0675	1.0000	0.0000	6.8000
uR	691.340	90.000	0.0244	1.0000	0.0000	6.8000
E	692.948	90.000	44.7429	0.8236	0.1089	0.0977	0.0000	6.8000
dPolE	692.948	90.000	39.6128	1.0000	0.0000	6.8000
uR	692.948	90.000	0.0248	1.0000	0.0000	6.8000
E	694.556	90.000	44.9850	0.7757	0.1130	0.1013	0.0000	6.8000
dPolE	694.556	90.000	42.0007	1.0000	0.0000	6.8000
uR	694.556	90.000	0.0248	1.0000	0.0000	6.8000
E	696.164	90.000	44.8894	0.4903	0.1165	0.1044	0.0000	6.8000
dPolE	696.164	90.000	41.7965	1.0000	0.0000	6.8000
uR	696.164	90.000	0.0248	1.0000	0.0000	6.8000
E	697.772	90.000	45.1463	0.7989	0.1170	0.1049	0.0000	6.8000
dPolE	697.772	90.000	41.5670	1.0000	0.0000	6.8000
uR	697.772	90.000	0.0246	1.0000	0.0000	6.8000
E	699.380	90.000	44.9793	1.1607	0.1201	0.1077	0.0000	6.8000
dPolE	699.380	90.000	43.2800	1.0000	0.0000	6.8000
uR	699.380	90.000	0.0243	1.0000	0.0000	6.8000
E	700.988	90.000	45.2107	0.7359	0.1211	0.1083	0.0000	6.8000
dPolE	700.988	90.000	43.7687	1.0000	0.0000	6.8000
uR	700.988	90.000	0.0241	1.0000	0.0000	6.8000
E	702.596	90.000	45.1097	0.6719	0.1191	0.1063	0.0000	6.8000
dPolE	702.596	90.000	42.7270	1.0000	0.0000	6.8000
uR	702.596	90.000	0.0248	1.0000	0.0000	6.8000
E	704.204	90.000	45.0297	0.7044	0.1244	0.1109	0.0000	6.8000
dPolE	704.204	90.000	41.7114	1.0000	0.0000	6.8000
uR	704.204	90.000	0.0248	1.0000	0.0000	6.8000
E	705.811	90.000	45.2710	0.3876	0.1215	0.1077	0.0000	6.8000
dPolE	705.811	90.000	42.7912	1.0000	0.0000	6.8000
uR	705.811	90.000	0.0248	1.0000	0.0000	6.8000
E	707.419	90.000	45.1149	0.5182	0.1246	0.1103	0.0000	6.8000
dPolE	707.419	90.000	43.0306	1.0000	0.0000	6.8000
uR	707.419	90.000	0.0248	1.0000	0.0000	6.8000
E	709.026	90.000	44.8598	0.3510	0.1224	0.1079	0.0000	6.8000
dPolE	709.026	90.000	39.3275	1.0000	0.0000	6.8000
uR	709.026	90.000	0.0251	1.0000	0.0000	6.8000
E	710.634	90.000	44.8507	0.5120	0.1140	0.1001	0.0000	6.8000
dPolE	710.634	90.000	41.0147	1.0000	0.0000	6.8000
uR	710.634	90.000	0.0260	1.0000	0.0000	6.8000
E	712.241	90.000	44.9094	0.4943	0.1187	0.1036	0.0000	6.8000
dPolE	712.241	90.000	40.9350	1.0000	0.0000	6.8000
uR	712.241	90.000	0.0281	1.0000	0.0000	6.8000
E	713.848	90.000	44.7003	0.8919	0.1322	0.1148	0.0000	6.8000
dPolE	713.848	90.000	41.5143	1.0000	0.0000	6.8000
uR	713.848	90.000	0.0279	1.0000	0.0000	6.8000
E	715.455	90.000	45.0033	0.1825	0.1519	0.1310	0.0000	6.8000
dPolE	715.455	90.000	44.7389	1.0000	0.0000	6.8000
uR	715.455	90.000	0.0243	1.0000	0.0000	6.8000
E	717.062	90.000	45.1089	0.3715	0.1349	0.1158	0.0000	6.8000
dPolE	717.062	90.000	45.2367	1.0000	0.0000	6.8000
uR	717.062	90.000	0.0227	1.0000	0.0000	6.8000
E	718.669	90.000	45.1071	0.6473	0.1258	0.1075	0.0000	6.8000
dPolE	718.669	90.000	42.0940	1.0000	0.0000	6.8000
uR	718.669	90.000	0.0238	1.0000	0.0000	6.8000
E	720.276	90.000	45.2066	0.6070	0.1232	0.1048	0.0000	6.8000
dPolE	720.276	90.000	44.9016	1.0000	0.0000	6.8000
uR	720.276	90.000	0.0254	1.0000	0.0000	6.8000
E	721.882	90.000	44.9812	0.8229	0.1325	0.1122	0.0000	6.8000
dPolE	721.882	90.000	46.4583	1.0000	0.0000	6.8000
uR	721.882	90.000	0.0258	1.0000	0.0000	6.8000
E	723.489	90.000	45.2079	0.6964	0.1398	0.1179	0.0000	6.8000
dPolE	723.489	90.000	40.0246	1.0000	0.0000	6.8000
uR	723.489	90.000	0.0255	1.0000	0.0000	6.8000
E	725.095	90.000	44.5949	0.2784	0.1388	0.1167	0.0000	6.8000
dPolE	725.095	90.000	40.8965	1.0000	0.0000	6.8000
uR	725.095	90.000	0.0263	1.0000	0.0000	6.8000
E	726.701	90.000	45.1905	0.2072	0.1348	0.1130	0.0000	6.8000
dPolE	726.701	90.000	40.4114	1.0000	0.0000	6.8000
uR	726.701	90.000	0.0260	1.0000	0.0000	6.8000
E	728.308	90.000	44.6407	0.4884	0.1303	0.1091	0.0000	6.8000
dPolE	728.308	90.000	40.9157	1.0000	0.0000	6.8000
uR	728.308	90.000	0.0260	1.0000	0.0000	6.8000
E	729.914	90.000	45.0850	0.7875	0.1297	0.1083	0.0000	6.8000
dPolE	729.914	90.000	39.8078	1.0000	0.0000	6.8000
uR	729.914	90.000	0.0254	1.0000	0.0000	6.8000
E	731.520	90.000	44.5965	0.3570	0.1259	0.1052	0.0000	6.8000
dPolE	731.520	90.000	39.6575	1.0000	0.0000	6.8000
uR	731.520	90.000	0.0254	1.0000	0.0000	6.8000
E	733.126	90.000	45.1285	0.3687	0.1177	0.0983	0.0000	6.8000
dPolE	733.126	90.000	36.7170	1.0000	0.0000	6.8000
uR	733.126	90.000	0.0261	1.0000	0.0000	6.8000
E	734.732	90.000	44.9305	0.3795	0.1266	0.1057	0.0000	6.8000
dPolE	734.732	90.000	36.1587	1.0000	0.0000	6.8000
uR	734.732	90.000	0.0260	1.0000	0.0000	6.8000
E	736.337	90.000	45.1703	0.3890	0.1276	0.1065	0.0000	6.8000
dPolE	736.337	90.000	40.2236	1.0000	0.0000	6.8000
uR	736.337	90.000	0.0261	1.0000	0.0000	6.8000
E	737.943	90.000	44.9818	0.0946	0.1318	0.1099	0.0000	6.8000
dPolE	737.943	90.000	42.0509	1.0000	0.0000	6.8000
uR	737.943	90.000	0.0256	1.0000	0.0000	6.8000
E	739.548	90.000	44.9439	0.4491	0.1303	0.1083	0.0000	6.8000
dPolE	739.548	90.000	37.1690	1.0000	0.0000	6.8000
uR	739.548	90.000	0.0257	1.0000	0.0000	6.8000
E	741.154	90.000	45.1683	0.4044	0.1249	0.1038	0.0000	6.8000
dPolE	741.154	90.000	38.0491	1.0000	0.0000	6.8000
uR	741.154	90.000	0.0254	1.0000	0.0000	6.8000
E	742.759	90.000	45.1838	0.3442	0.1271	0.1053	0.0000	6.8000
dPolE	742.759	90.000	36.3070	1.0000	0.0000	6.8000
uR	742.759	90.000	0.0253	1.0000	0.0000	6.8000
E	744.364	90.000	44.7311	0.4603	0.1338	0.1104	0.0000	6.8000
dPolE	744.364	90.000	38.4887	1.0000	0.0000	6.8000
uR	744.364	90.000	0.0252	1.0000	0.0000	6.8000
E	745.969	90.000	45.4182	0.4023	0.1377	0.1131	0.0000	6.8000
dPolE	745.969	90.000	41.1091	1.0000	0.0000	6.8000
uR	745.969	90.000	0.0254	1.0000	0.0000	6.8000
E	747.574	90.000	45.0551	0.4312	0.1371	0.1122	0.0000	6.8000
dPolE	747.574	90.000	39.6593	1.0000	0.0000	6.8000
uR	747.574	90.000	0.0256	1.0000	0.0000	6.8000
E	749.179	90.000	44.9493	0.4099	0.1448	0.1180	0.0000	6.8000
dPolE	749.179	90.000	43.3453	1.0000	0.0000	6.8000
uR	749.179	90.000	0.0253	1.0000	0.0000	6.8000
E	750.784	90.000	45.1005	0.5557	0.1441	0.1169	0.0000	6.8000
dPolE	750.784	90.000	38.2058	1.0000	0.0000	6.8000
uR	750.784	90.000	0.0251	1.0000	0.0000	6.8000
E	752.388	90.000	45.0668	0.2178	0.1492	0.1203	0.0000	6.8000
dPolE	752.388	90.000	39.8435	1.0000	0.0000	6.8000
uR	752.388	90.000	0.0249	1.0000	0.0000	6.8000
E	753.993	90.000	45.3150	0.6615	0.1413	0.1134	0.0000	6.8000
dPolE	753.993	90.000	40.6227	1.0000	0.0000	6.8000
uR	753.993	90.000	0.0253	1.0000	0.0000	6.8000
E	755.597	90.000	44.6310	0.0575	0.1472	0.1175	0.0000	6.8000
dPolE	755.597	90.000	40.3709	1.0000	0.0000	6.8000
uR	755.597	90.000	0.0249	1.0000	0.0000	6.8000
E	757.202	90.000	45.1368	0.4270	0.1442	0.1149	0.0000	6.8000
dPolE	757.202	90.000	39.4598	1.0000	0.0000	6.8000
uR	757.202	90.000	0.0249	1.0000	0.0000	6.8000
E	758.806	90.000	45.3652	0.4850	0.1470	0.1163	0.0000	6.8000
dPolE	758.806	90.000	42.1149	1.0000	0.0000	6.8000
uR	758.806	90.000	0.0240	1.0000	0.0000	6.8000
E	760.410	90.000	45.0549	0.0664	0.1489	0.1174	0.0000	6.8000
dPolE	760.410	90.000	37.0547	1.0000	0.0000	6.8000
uR	760.410	90.000	0.0241	1.0000	0.0000	6.8000
E	762.014	90.000	44.9918	0.3074	0.1320	0.1034	0.0000	6.8000
dPolE	762.014	90.000	38.6594	1.0000	0.0000	6.8000
uR	762.014	90.000	0.0240	1.0000	0.0000	6.8000
E	763.618	90.000	44.4194	0.3520	0.1136	0.0889	0.0000	6.8000
dPolE	763.618	90.000	31.2129	1.0000	0.0000	6.8000
uR	763.618	90.000	0.0250	1.0000	0.0000	6.8000
E	765.221	90.000	44.9080	0.1577	0.1060	0.0828	0.0000	6.8000
dPolE	765.221	90.000	30.3230	1.0000	0.0000	6.8000
uR	765.221	90.000	0.0252	1.0000	0.0000	6.8000
E	766.825	90.000	44.8986	0.3507	0.1142	0.0890	0.0000	6.8000
dPolE	766.825	90.000	31.6392	1.0000	0.0000	6.8000
uR	766.825	90.000	0.0249	1.0000	0.0000	6.8000
E	768.429	90.000	44.9784	0.3058	0.1342	0.1043	0.0000	6.8000
dPolE	768.429	90.000	38.2669	1.0000	0.0000	6.8000
uR	768.429	90.000	0.0244	1.0000	0.0000	6.8000
E	770.032	90.000	44.7390	0.1552	0.1518	0.1179	0.0000	6.8000
dPolE	770.032	90.000	42.5662	1.0000	0.0000	6.8000
uR	770.032	90.000	0.0253	1.0000	0.0000	6.8000
E	771.635	90.000	44.8144	0.1614	0.1577	0.1225	0.0000	6.8000
dPolE	771.635	90.000	39.9994	1.0000	0.0000	6.8000
uR	771.635	90.000	0.0261	1.0000	0.0000	6.8000
E	773.238	90.000	44.9273	0.5053	0.1721	0.1336	0.0000	6.8000
dPolE	773.238	90.000	40.9036	1.0000	0.0000	6.8000
uR	773.238	90.000	0.0262	1.0000	0.0000	6.8000
E	774.841	90.000	45.1091	0.1209	0.1742	0.1352	0.0000	6.8000
dPolE	774.841	90.000	42.2923	1.0000	0.0000	6.8000
uR	774.841	90.000	0.0263	1.0000	0.0000	6.8000
E	776.444	90.000	45.1575	0.1222	0.1798	0.1394	0.0000	6.8000
dPolE	776.444	90.000	45.7465	1.0000	0.0000	6.8000
uR	776.444	90.000	0.0266	1.0000	0.0000	6.8000
E	778.047	90.000	45.6086	0.3891	0.1818	0.1404	0.0000	6.8000
dPolE	778.047	90.000	42.8025	1.0000	0.0000	6.8000
uR	778.047	90.000	0.0272	1.0000	0.0000	6.8000
E	779.650	90.000	45.2096	0.2824	0.1749	0.1350	0.0000	6.8000
dPolE	779.650	90.000	44.8521	1.0000	0.0000	6.8000
uR	779.650	90.000	0.0276	1.0000	0.0000	6.8000
E	781.252	90.000	44.8093	0.0330	0.1799	0.1391	0.0000	6.8000
dPolE	781.252	90.000	44.0132	1.0000	0.0000	6.8000
uR	781.252	90.000	0.0279	1.0000	0.0000	6.8000
E	782.855	90.000	44.8682	0.6178	0.1785	0.1376	0.0000	6.8000
dPolE	782.855	90.000	47.3446	1.0000	0.0000	6.8000
uR	782.855	90.000	0.0294	1.0000	0.0000	6.8000
E	784.457	90.000	44.7854	0.1736	0.1753	0.1349	0.0000	6.8000
dPolE	784.457	90.000	45.6086	1.0000	0.0000	6.8000
uR	784.457	90.000	0.0287	1.0000	0.0000	6.8000
E	786.059	90.000	45.1149	0.4736	0.1783	0.1368	0.0000	6.8000
dPolE	786.059	90.000	44.9304	1.0000	0.0000	6.8000
uR	786.059	90.000	0.0279	1.0000	0.0000	6.8000
E	787.661	90.000	45.0177	0.2952	0.1785	0.1359	0.0000	6.8000
dPolE	787.661	90.000	42.1033	1.0000	0.0000	6.8000
uR	787.661	90.000	0.0268	1.0000	0.0000	6.8000
E	789.263	90.000	44.7427	0.1318	0.1573	0.1198	0.0000	6.8000
dPolE	789.263	90.000	43.1079	1.0000	0.0000	6.8000
uR	789.263	90.000	0.0264	1.0000	0.0000	6.8000
E	790.865	90.000	44.9516	0.3516	0.1633	0.1237	0.0000	6.8000
dPolE	790.865	90.000	41.6906	1.0000	0.0000	6.8000
uR	790.865	90.000	0.0256	1.0000	0.0000	6.8000
E	792.467	90.000	44.5882	0.2655	0.1711	0.1294	0.0000	6.8000
dPolE	792.467	90.000	37.8535	1.0000	0.0000	6.8000
uR	792.467	90.000	0.0259	1.0000	0.0000	6.8000
E	794.068	90.000	44.7348	0.3163	0.1827	0.1372	0.0000	6.8000
dPolE	794.068	90.000	44.7336	1.0000	0.0000	6.8000
uR	794.068	90.000	0.0254	1.0000	0.0000	6.8000
E	795.670	90.000	44.6725	359.9887	0.1778	0.1330	0.0000	6.8000
dPolE	795.670	90.000	41.2195	1.0000	0.0000	6.8000
uR	795.670	90.000	0.0266	1.0000	0.0000	6.8000
E	797.271	90.000	45.0782	359.9070	0.1643	0.1226	0.0000	6.8000
dPolE	797.271	90.000	43.7108	1.0000	0.0000	6.8000
uR	797.271	90.000	0.0261	1.0000	0.0000	6.8000
E	798.872	90.000	44.7849	0.1913	0.1731	0.1285	0.0000	6.8000
dPolE	798.872	90.000	36.3516	1.0000	0.0000	6.8000
uR	798.872	90.000	0.0271	1.0000	0.0000	6.8000
E	800.473	90.000	45.1130	359.8755	0.1678	0.1242	0.0000	6.8000
dPolE	800.473	90.000	40.0657	1.0000	0.0000	6.8000
uR	800.473	90.000	0.0271	1.0000	0.0000	6.8000
E	802.074	90.000	45.2701	0.1996	0.1816	0.1337	0.0000	6.8000
dPolE	802.074	90.000	39.0766	1.0000	0.0000	6.8000
uR	802.074	90.000	0.0269	1.0000	0.0000	6.8000
E	803.675	90.000	45.0468	0.0675	0.1819	0.1330	0.0000	6.8000
dPolE	803.675	90.000	43.5632	1.0000	0.0000	6.8000
uR	803.675	90.000	0.0273	1.0000	0.0000	6.8000
E	805.276	90.000	45.6515	359.8463	0.1813	0.1323	0.0000	6.8000
dPolE	805.276	90.000	42.9383	1.0000	0.0000	6.8000
uR	805.276	90.000	0.0264	1.0000	0.0000	6.8000
E	806.876	90.000	44.8150	359.8499	0.1816	0.1324	0.0000	6.8000
dPolE	806.876	90.000	43.5883	1.0000	0.0000	6.8000
uR	806.876	90.000	0.0260	1.0000	0.0000	6.8000
E	808.477	90.000	44.8766	359.9262	0.1881	0.1367	0.0000	6.8000
dPolE	808.477	90.000	43.7784	1.0000	0.0000	6.8000
uR	808.477	90.000	0.0251	1.0000	0.0000	6.8000
E	810.077	90.000	44.9449	0.0105	0.1929	0.1398	0.0000	6.8000
dPolE	810.077	90.000	42.6892	1.0000	0.0000	6.8000
uR	810.077	90.000	0.0255	1.0000	0.0000	6.8000
E	811.677	90.000	44.9530	0.1392	0.1800	0.1301	0.0000	6.8000
dPolE	811.677	90.000	41.5153	1.0000	0.0000	6.8000
uR	811.677	90.000	0.0273	1.0000	0.0000	6.8000
E	813.277	90.000	45.2168	0.0884	0.1813	0.1311	0.0000	6.8000
dPolE	813.277	90.000	42.6152	1.0000	0.0000	6.8000
uR	813.277	90.000	0.0253	1.0000	0.0000	6.8000
E	814.877	90.000	44.9660	359.7295	0.1792	0.1293	0.0000	6.8000
dPolE	814.877	90.000	42.5461	1.0000	0.0000	6.8000
uR	814.877	90.000	0.0248	1.0000	0.0000	6.8000
E	816.477	90.000	44.8130	359.9794	0.1685	0.1213	0.0000	6.8000
dPolE	816.477	90.000	35.5522	1.0000	0.0000	6.8000
uR	816.477	90.000	0.0257	1.0000	0.0000	6.8000
E	818.077	90.000	44.9440	0.2826	0.1498	0.1080	0.0000	6.8000
dPolE	818.077	90.000	31.5160	1.0000	0.0000	6.8000
uR	818.077	90.000	0.0239	1.0000	0.0000	6.8000
E	819.676	90.000	44.9767	0.0937	0.1139	0.0820	0.0000	6.8000
dPolE	819.676	90.000	24.5843	1.0000	0.0000	6.8000
uR	819.676	90.000	0.0209	1.0000	0.0000	6.8000
E	821.276	90.000	44.7723	0.1456	0.0730	0.0525	0.0000	6.8000
dPolE	821.276	90.000	13.9437	1.0000	0.0000	6.8000
uR	821.276	90.000	0.0214	1.0000	0.0000	6.8000
E	822.875	90.000	44.9337	0.0880	0.0534	0.0384	0.0000	6.8000
dPolE	822.875	90.000	7.6626	1.0000	0.0000	6.8000
uR	822.875	90.000	0.0239	1.0000	0.0000	6.8000
E	824.474	90.000	45.0158	0.1106	0.0456	0.0327	0.0000	6.8000
dPolE	824.474	90.000	3.0684	1.0000	0.0000	6.8000
uR	824.474	90.000	0.0255	1.0000	0.0000	6.8000
E	826.073	90.000	44.9190	0.0741	0.0474	0.0340	0.0000	6.8000
dPolE	826.073	90.000	4.1915	1.0000	0.0000	6.8000
uR	826.073	90.000	0.0249	1.0000	0.0000	6.8000
E	827.672	90.000	44.9346	0.0967	0.0571	0.0409	0.0000	6.8000
dPolE	827.672	90.000	7.6667	1.0000	0.0000	6.8000
uR	827.672	90.000	0.0242	1.0000	0.0000	6.8000
E	829.271	90.000	44.8958	0.0985	0.0664	0.0474	0.0000	6.8000
dPolE	829.271	90.000	7.9037	1.0000	0.0000	6.8000
uR	829.271	90.000	0.0258	1.0000	0.0000	6.8000
E	830.869	90.000	44.7210	0.0421	0.0787	0.0561	0.0000	6.8000
dPolE	830.869	90.000	17.3493	1.0000	0.0000	6.8000
uR	830.869	90.000	0.0241	1.0000	0.0000	6.8000
E	832.468	90.000	44.6406	0.1272	0.0934	0.0665	0.0000	6.8000
dPolE	832.468	90.000	28.2882	1.0000	0.0000	6.8000
uR	832.468	90.000	0.0220	1.0000	0.0000	6.8000
E	834.066	90.000	44.9594	0.1472	0.0938	0.0666	0.0000	6.8000
dPolE	834.066	90.000	21.5257	1.0000	0.0000	6.8000
uR	834.066	90.000	0.0233	1.0000	0.0000	6.8000
E	835.664	90.000	44.7386	0.2370	0.0942	0.0667	0.0000	6.8000
dPolE	835.664	90.000	21.2856	1.0000	0.0000	6.8000
uR	835.664	90.000	0.0243	1.0000	0.0000	6.8000
E	837.262	90.000	44.9760	359.8576	0.1036	0.0731	0.0000	6.8000
dPolE	837.262	90.000	24.2297	1.0000	0.0000	6.8000
uR	837.262	90.000	0.0246	1.0000	0.0000	6.8000
E	838.860	90.000	44.9044	0.2453	0.1265	0.0888	0.0000	6.8000
dPolE	838.860	90.000	30.7998	1.0000	0.0000	6.8000
uR	838.860	90.000	0.0242	1.0000	0.0000	6.8000
E	840.458	90.000	45.0453	0.1589	0.1277	0.0892	0.0000	6.8000
dPolE	840.458	90.000	40.1028	1.0000	0.0000	6.8000
uR	840.458	90.000	0.0250	1.0000	0.0000	6.8000
E	842.055	90.000	45.4391	0.0094	0.1333	0.0930	0.0000	6.8000
dPolE	842.055	90.000	39.1904	1.0000	0.0000	6.8000
uR	842.055	90.000	0.0269	1.0000	0.0000	6.8000
E	843.653	90.000	45.0004	0.0829	0.1545	0.1075	0.0000	6.8000
dPolE	843.653	90.000	44.7003	1.0000	0.0000	6.8000
uR	843.653	90.000	0.0253	1.0000	0.0000	6.8000
E	845.250	90.000	45.4290	0.5356	0.1936	0.1338	0.0000	6.8000
dPolE	845.250	90.000	55.5003	1.0000	0.0000	6.8000
uR	845.250	90.000	0.0242	1.0000	0.0000	6.8000
E	846.847	90.000	44.6361	359.7735	0.2319	0.1596	0.0000	6.8000
dPolE	846.847	90.000	51.9641	1.0000	0.0000	6.8000
uR	846.847	90.000	0.0258	1.0000	0.0000	6.8000
E	848.444	90.000	45.0075	359.7634	0.2424	0.1662	0.0000	6.8000
dPolE	848.444	90.000	55.6422	1.0000	0.0000	6.8000
uR	848.444	90.000	0.0268	1.0000	0.0000	6.8000
E	850.041	90.000	44.4261	0.0103	0.2602	0.1776	0.0000	6.8000
dPolE	850.041	90.000	62.1844	1.0000	0.0000	6.8000
uR	850.041	90.000	0.0271	1.0000	0.0000	6.8000
E	851.638	90.000	44.3602	0.1491	0.2630	0.1789	0.0000	6.8000
dPolE	851.638	90.000	61.1363	1.0000	0.0000	6.8000
uR	851.638	90.000	0.0267	1.0000	0.0000	6.8000
E	853.234	90.000	45.3404	359.8521	0.2746	0.1861	0.0000	6.8000
dPolE	853.234	90.000	59.0171	1.0000	0.0000	6.8000
uR	853.234	90.000	0.0263	1.0000	0.0000	6.8000
E	854.831	90.000	44.9429	0.2186	0.2842	0.1915	0.0000	6.8000
dPolE	854.831	90.000	58.6271	1.0000	0.0000	6.8000
uR	854.831	90.000	0.0250	1.0000	0.0000	6.8000
E	856.427	90.000	44.6291	0.4211	0.2603	0.1756	0.0000	6.8000
dPolE	856.427	90.000	61.8464	1.0000	0.0000	6.8000
uR	856.427	90.000	0.0242	1.0000	0.0000	6.8000
E	858.023	90.000	45.1381	0.0349	0.2673	0.1798	0.0000	6.8000
dPolE	858.023	90.000	53.4724	1.0000	0.0000	6.8000
uR	858.023	90.000	0.0262	1.0000	0.0000	6.8000
E	859.619	90.000	44.5552	0.5056	0.2665	0.1785	0.0000	6.8000
dPolE	859.619	90.000	57.0150	1.0000	0.0000	6.8000
uR	859.619	90.000	0.0245	1.0000	0.0000	6.8000
E	861.215	90.000	45.6048	359.9780	0.2616	0.1751	0.0000	6.8000
dPolE	861.215	90.000	50.9709	1.0000	0.0000	6.8000
uR	861.215	90.000	0.0252	1.0000	0.0000	6.8000
E	862.811	90.000	44.9772	359.5513	0.2513	0.1681	0.0000	6.8000
dPolE	862.811	90.000	51.6854	1.0000	0.0000	6.8000
uR	862.811	90.000	0.0254	1.0000	0.0000	6.8000
E	864.407	90.000	44.5346	359.7838	0.2402	0.1603	0.0000	6.8000
dPolE	864.407	90.000	52.0874	1.0000	0.0000	6.8000
uR	864.407	90.000	0.0258	1.0000	0.0000	6.8000
E	866.002	90.000	44.8908	0.0437	0.2293	0.1529	0.0000	6.8000
dPolE	866.002	90.000	44.8549	1.0000	0.0000	6.8000
uR	866.002	90.000	0.0267	1.0000	0.0000	6.8000
E	867.597	90.000	44.8907	359.9354	0.2181	0.1455	0.0000	6.8000
dPolE	867.597	90.000	38.6118	1.0000	0.0000	6.8000
uR	867.597	90.000	0.0265	1.0000	0.0000	6.8000
E	869.192	90.000	45.0251	0.2084	0.2135	0.1422	0.0000	6.8000
dPolE	869.192	90.000	38.7407	1.0000	0.0000	6.8000
uR	869.192	90.000	0.0258	1.0000	0.0000	6.8000
E	870.787	90.000	44.9529	0.1641	0.1980	0.1319	0.0000	6.8000
dPolE	870.787	90.000	37.0464	1.0000	0.0000	6.8000
uR	870.787	90.000	0.0256	1.0000	0.0000	6.8000
E	872.382	90.000	44.8776	359.9580	0.1937	0.1287	0.0000	6.8000
dPolE	872.382	90.000	34.3602	1.0000	0.0000	6.8000
uR	872.382	90.000	0.0245	1.0000	0.0000	6.8000
E	873.977	90.000	44.8757	0.1281	0.1661	0.1106	0.0000	6.8000
dPolE	873.977	90.000	32.2297	1.0000	0.0000	6.8000
uR	873.977	90.000	0.0245	1.0000	0.0000	6.8000
E	875.571	90.000	44.9187	0.1477	0.1503	0.1000	0.0000	6.8000
dPolE	875.571	90.000	33.5201	1.0000	0.0000	6.8000
uR	875.571	90.000	0.0236	1.0000	0.0000	6.8000
E	877.166	90.000	44.8614	0.0797	0.1262	0.0838	0.0000	6.8000
dPolE	877.166	90.000	30.5909	1.0000	0.0000	6.8000
uR	877.166	90.000	0.0221	1.0000	0.0000	6.8000
E	878.760	90.000	44.9954	0.0425	0.0966	0.0642	0.0000	6.8000
dPolE	878.760	90.000	15.1090	1.0000	0.0000	6.8000
uR	878.760	90.000	0.0218	1.0000	0.0000	6.8000
E	880.354	90.000	44.8020	0.0061	0.0665	0.0441	0.0000	6.8000
dPolE	880.354	90.000	8.5729	1.0000	0.0000	6.8000
uR	880.354	90.000	0.0228	1.0000	0.0000	6.8000
E	881.948	90.000	44.9770	359.9662	0.0546	0.0361	0.0000	6.8000
dPolE	881.948	90.000	4.3126	1.0000	0.0000	6.8000
uR	881.948	90.000	0.0253	1.0000	0.0000	6.8000
E	883.542	90.000	44.9397	359.9642	0.0493	0.0325	0.0000	6.8000
dPolE	883.542	90.000	3.9007	1.0000	0.0000	6.8000
uR	883.542	90.000	0.0264	1.0000	0.0000	6.8000
E	885.135	90.000	44.8791	359.9872	0.0592	0.0390	0.0000	6.8000
dPolE	885.135	90.000	4.6308	1.0000	0.0000	6.8000
uR	885.135	90.000	0.0247	1.0000	0.0000	6.8000
E	886.729	90.000	44.9937	359.9941	0.0760	0.0499	0.0000	6.8000
dPolE	886.729	90.000	10.6928	1.0000	0.0000	6.8000
uR	886.729	90.000	0.0231	1.0000	0.0000	6.8000
E	888.322	90.000	45.0113	359.8427	0.0941	0.0617	0.0000	6.8000
dPolE	888.322	90.000	21.0170	1.0000	0.0000	6.8000
uR	888.322	90.000	0.0230	1.0000	0.0000	6.8000
E	889.915	90.000	44.5003	359.8590	0.1148	0.0750	0.0000	6.8000
dPolE	889.915	90.000	24.6811	1.0000	0.0000	6.8000
uR	889.915	90.000	0.0226	1.0000	0.0000	6.8000
E	891.508	90.000	45.1908	359.9685	0.1154	0.0750	0.0000	6.8000
dPolE	891.508	90.000	20.5620	1.0000	0.0000	6.8000
uR	891.508	90.000	0.0239	1.0000	0.0000	6.8000
E	893.101	90.000	45.0568	359.8504	0.1032	0.0669	0.0000	6.8000
dPolE	893.101	90.000	18.1909	1.0000	0.0000	6.8000
uR	893.101	90.000	0.0236	1.0000	0.0000	6.8000
E	894.694	90.000	44.7748	359.8695	0.0903	0.0583	0.0000	6.8000
dPolE	894.694	90.000	15.0619	1.0000	0.0000	6.8000
uR	894.694	90.000	0.0253	1.0000	0.0000	6.8000
E	896.286	90.000	44.9249	359.9641	0.0846	0.0544	0.0000	6.8000
dPolE	896.286	90.000	16.3643	1.0000	0.0000	6.8000
uR	896.286	90.000	0.0253	1.0000	0.0000	6.8000
E	897.879	90.000	44.8636	359.9953	0.0922	0.0591	0.0000	6.8000
dPolE	897.879	90.000	17.9101	1.0000	0.0000	6.8000
uR	897.879	90.000	0.0248	1.0000	0.0000	6.8000
E	899.471	90.000	44.9891	0.0130	0.1044	0.0667	0.0000	6.8000
dPolE	899.471	90.000	21.9254	1.0000	0.0000	6.8000
uR	899.471	90.000	0.0240	1.0000	0.0000	6.8000
E	901.063	90.000	44.8027	0.1524	0.1199	0.0761	0.0000	6.8000
dPolE	901.063	90.000	21.0246	1.0000	0.0000	6.8000
uR	901.063	90.000	0.0234	1.0000	0.0000	6.8000
E	902.655	90.000	44.9592	359.8219	0.1083	0.0686	0.0000	6.8000
dPolE	902.655	90.000	14.5174	1.0000	0.0000	6.8000
uR	902.655	90.000	0.0250	1.0000	0.0000	6.8000
E	904.247	90.000	45.1780	359.8829	0.0941	0.0594	0.0000	6.8000
dPolE	904.247	90.000	13.8104	1.0000	0.0000	6.8000
uR	904.247	90.000	0.0260	1.0000	0.0000	6.8000
E	905.838	90.000	44.8810	359.9370	0.0950	0.0599	0.0000	6.8000
dPolE	905.838	90.000	16.9526	1.0000	0.0000	6.8000
uR	905.838	90.000	0.0251	1.0000	0.0000	6.8000
E	907.429	90.000	44.6117	359.9410	0.1044	0.0656	0.0000	6.8000
dPolE	907.429	90.000	22.3475	1.0000	0.0000	6.8000
uR	907.429	90.000	0.0238	1.0000	0.0000	6.8000
E	909.021	90.000	44.8193	359.8650	0.1303	0.0818	0.0000	6.8000
dPolE	909.021	90.000	26.4752	1.0000	0.0000	6.8000
uR	909.021	90.000	0.0222	1.0000	0.0000	6.8000
E	910.612	90.000	44.4509	359.7343	0.1479	0.0923	0.0000	6.8000
dPolE	910.612	90.000	30.3928	1.0000	0.0000	6.8000
uR	910.612	90.000	0.0220	1.0000	0.0000	6.8000
E	912.203	90.000	44.9427	359.9269	0.1394	0.0869	0.0000	6.8000
dPolE	912.203	90.000	28.8515	1.0000	0.0000	6.8000
uR	912.203	90.000	0.0215	1.0000	0.0000	6.8000
E	913.793	90.000	45.1279	359.8925	0.1178	0.0731	0.0000	6.8000
dPolE	913.793	90.000	18.1455	1.0000	0.0000	6.8000
uR	913.793	90.000	0.0225	1.0000	0.0000	6.8000
E	915.384	90.000	44.9296	359.8535	0.0871	0.0540	0.0000	6.8000
dPolE	915.384	90.000	14.1108	1.0000	0.0000	6.8000
uR	915.384	90.000	0.0232	1.0000	0.0000	6.8000
E	916.974	90.000	44.8805	359.8659	0.0794	0.0492	0.0000	6.8000
dPolE	916.974	90.000	12.6083	1.0000	0.0000	6.8000
uR	916.974	90.000	0.0242	1.0000	0.0000	6.8000
E	918.565	90.000	45.0784	359.8986	0.0850	0.0525	0.0000	6.8000
dPolE	918.565	90.000	14.1669	1.0000	0.0000	6.8000
uR	918.565	90.000	0.0244	1.0000	0.0000	6.8000
E	920.155	90.000	45.0027	0.0430	0.1033	0.0638	0.0000	6.8000
dPolE	920.155	90.000	20.2637	1.0000	0.0000	6.8000
uR	920.155	90.000	0.0231	1.0000	0.0000	6.8000
E	921.745	90.000	44.8542	0.0031	0.1298	0.0799	0.0000	6.8000
dPolE	921.745	90.000	22.8592	1.0000	0.0000	6.8000
uR	921.745	90.000	0.0239	1.0000	0.0000	6.8000
E	923.334	90.000	44.9701	359.8179	0.1525	0.0939	0.0000	6.8000
dPolE	923.334	90.000	28.1458	1.0000	0.0000	6.8000
uR	923.334	90.000	0.0246	1.0000	0.0000	6.8000
E	924.924	90.000	44.5921	359.9081	0.1816	0.1116	0.0000	6.8000
dPolE	924.924	90.000	38.7643	1.0000	0.0000	6.8000
uR	924.924	90.000	0.0233	1.0000	0.0000	6.8000
E	926.513	90.000	45.4719	359.8840	0.2068	0.1270	0.0000	6.8000
dPolE	926.513	90.000	45.4851	1.0000	0.0000	6.8000
uR	926.513	90.000	0.0236	1.0000	0.0000	6.8000
E	928.103	90.000	45.1235	0.0329	0.2297	0.1410	0.0000	6.8000
dPolE	928.103	90.000	43.1151	1.0000	0.0000	6.8000
uR	928.103	90.000	0.0238	1.0000	0.0000	6.8000
E	929.692	90.000	44.8943	359.5315	0.2267	0.1388	0.0000	6.8000
dPolE	929.692	90.000	45.5770	1.0000	0.0000	6.8000
uR	929.692	90.000	0.0249	1.0000	0.0000	6.8000
E	931.280	90.000	44.0134	359.8221	0.2385	0.1465	0.0000	6.8000
dPolE	931.280	90.000	43.6594	1.0000	0.0000	6.8000
uR	931.280	90.000	0.0254	1.0000	0.0000	6.8000
E	932.869	90.000	44.9955	0.3082	0.2322	0.1423	0.0000	6.8000
dPolE	932.869	90.000	36.2607	1.0000	0.0000	6.8000
uR	932.869	90.000	0.0263	1.0000	0.0000	6.8000
E	934.458	90.000	45.1089	359.9238	0.2301	0.1404	0.0000	6.8000
dPolE	934.458	90.000	39.2377	1.0000	0.0000	6.8000
uR	934.458	90.000	0.0264	1.0000	0.0000	6.8000
E	936.046	90.000	44.6190	0.0320	0.2236	0.1366	0.0000	6.8000
dPolE	936.046	90.000	42.1093	1.0000	0.0000	6.8000
uR	936.046	90.000	0.0254	1.0000	0.0000	6.8000
E	937.634	90.000	44.6948	359.7661	0.2207	0.1347	0.0000	6.8000
dPolE	937.634	90.000	37.7161	1.0000	0.0000	6.8000
uR	937.634	90.000	0.0246	1.0000	0.0000	6.8000
E	939.222	90.000	44.7898	359.9239	0.2124	0.1296	0.0000	6.8000
dPolE	939.222	90.000	40.0685	1.0000	0.0000	6.8000
uR	939.222	90.000	0.0250	1.0000	0.0000	6.8000
E	940.810	90.000	44.4800	359.7806	0.2216	0.1341	0.0000	6.8000
dPolE	940.810	90.000	43.1678	1.0000	0.0000	6.8000
uR	940.810	90.000	0.0246	1.0000	0.0000	6.8000
E	942.398	90.000	45.0426	359.8213	0.2377	0.1434	0.0000	6.8000
dPolE	942.398	90.000	42.6027	1.0000	0.0000	6.8000
uR	942.398	90.000	0.0245	1.0000	0.0000	6.8000
E	943.985	90.000	44.1266	359.4403	0.2485	0.1509	0.0000	6.8000
dPolE	943.985	90.000	39.0634	1.0000	0.0000	6.8000
uR	943.985	90.000	0.0251	1.0000	0.0000	6.8000
E	945.573	90.000	45.9428	359.5697	0.2532	0.1534	0.0000	6.8000
dPolE	945.573	90.000	40.3713	1.0000	0.0000	6.8000
uR	945.573	90.000	0.0255	1.0000	0.0000	6.8000
E	947.160	90.000	44.3852	359.8748	0.2505	0.1514	0.0000	6.8000
dPolE	947.160	90.000	34.9321	1.0000	0.0000	6.8000
uR	947.160	90.000	0.0251	1.0000	0.0000	6.8000
E	948.747	90.000	44.8074	359.7200	0.2417	0.1454	0.0000	6.8000
dPolE	948.747	90.000	38.4716	1.0000	0.0000	6.8000
uR	948.747	90.000	0.0253	1.0000	0.0000	6.8000
E	950.334	90.000	45.2258	359.8872	0.2336	0.1404	0.0000	6.8000
dPolE	950.334	90.000	37.3541	1.0000	0.0000	6.8000
uR	950.334	90.000	0.0256	1.0000	0.0000	6.8000
E	951.920	90.000	44.8121	359.7528	0.2275	0.1360	0.0000	6.8000
dPolE	951.920	90.000	37.0305	1.0000	0.0000	6.8000
uR	951.920	90.000	0.0255	1.0000	0.0000	6.8000
E	953.507	90.000	45.3333	359.9604	0.2337	0.1394	0.0000	6.8000
dPolE	953.507	90.000	39.3085	1.0000	0.0000	6.8000
uR	953.507	90.000	0.0254	1.0000	0.0000	6.8000
E	955.093	90.000	44.6558	359.4921	0.2606	0.1546	0.0000	6.8000
dPolE	955.093	90.000	41.4127	1.0000	0.0000	6.8000
uR	955.093	90.000	0.0244	1.0000	0.0000	6.8000
E	956.679	90.000	45.2672	359.5888	0.2859	0.1701	0.0000	6.8000
dPolE	956.679	90.000	45.3078	1.0000	0.0000	6.8000
uR	956.679	90.000	0.0242	1.0000	0.0000	6.8000
E	958.265	90.000	45.0346	359.8526	0.3069	0.1817	0.0000	6.8000
dPolE	958.265	90.000	52.4889	1.0000	0.0000	6.8000
uR	958.265	90.000	0.0249	1.0000	0.0000	6.8000
E	959.851	90.000	45.3790	359.8615	0.3314	0.1952	0.0000	6.8000
dPolE	959.851	90.000	54.4647	1.0000	0.0000	6.8000
uR	959.851	90.000	0.0245	1.0000	0.0000	6.8000
E	961.436	90.000	44.8613	359.9273	0.3341	0.1962	0.0000	6.8000
dPolE	961.436	90.000	64.0095	1.0000	0.0000	6.8000
uR	961.436	90.000	0.0235	1.0000	0.0000	6.8000
E	963.022	90.000	45.8298	359.4778	0.3426	0.2012	0.0000	6.8000
dPolE	963.022	90.000	57.8360	1.0000	0.0000	6.8000
uR	963.022	90.000	0.0246	1.0000	0.0000	6.8000
E	964.607	90.000	43.8191	359.1232	0.3388	0.1984	0.0000	6.8000
dPolE	964.607	90.000	58.8163	1.0000	0.0000	6.8000
uR	964.607	90.000	0.0237	1.0000	0.0000	6.8000
E	966.192	90.000	44.5042	359.9561	0.3121	0.1819	0.0000	6.8000
dPolE	966.192	90.000	55.2316	1.0000	0.0000	6.8000
uR	966.192	90.000	0.0245	1.0000	0.0000	6.8000
E	967.777	90.000	45.4307	359.8542	0.2978	0.1725	0.0000	6.8000
dPolE	967.777	90.000	50.2701	1.0000	0.0000	6.8000
uR	967.777	90.000	0.0237	1.0000	0.0000	6.8000
E	969.361	90.000	44.8778	359.8120	0.2911	0.1684	0.0000	6.8000
dPolE	969.361	90.000	41.9484	1.0000	0.0000	6.8000
uR	969.361	90.000	0.0246	1.0000	0.0000	6.8000
E	970.946	90.000	45.4262	359.7228	0.2526	0.1455	0.0000	6.8000
dPolE	970.946	90.000	35.1998	1.0000	0.0000	6.8000
uR	970.946	90.000	0.0256	1.0000	0.0000	6.8000
E	972.530	90.000	45.2413	359.9311	0.2228	0.1284	0.0000	6.8000
dPolE	972.530	90.000	39.8051	1.0000	0.0000	6.8000
uR	972.530	90.000	0.0246	1.0000	0.0000	6.8000
E	974.114	90.000	44.8219	359.6563	0.2310	0.1329	0.0000	6.8000
dPolE	974.114	90.000	37.2448	1.0000	0.0000	6.8000
uR	974.114	90.000	0.0233	1.0000	0.0000	6.8000
E	975.698	90.000	45.3160	359.6967	0.1956	0.1121	0.0000	6.8000
dPolE	975.698	90.000	31.9169	1.0000	0.0000	6.8000
uR	975.698	90.000	0.0225	1.0000	0.0000	6.8000
E	977.282	90.000	44.6864	359.8212	0.1611	0.0920	0.0000	6.8000
dPolE	977.282	90.000	28.6806	1.0000	0.0000	6.8000
uR	977.282	90.000	0.0238	1.0000	0.0000	6.8000
E	978.865	90.000	45.0599	359.7820	0.1457	0.0828	0.0000	6.8000
dPolE	978.865	90.000	16.9343	1.0000	0.0000	6.8000
uR	978.865	90.000	0.0241	1.0000	0.0000	6.8000
E	980.449	90.000	44.8516	0.0404	0.1466	0.0833	0.0000	6.8000
dPolE	980.449	90.000	20.9522	1.0000	0.0000	6.8000
uR	980.449	90.000	0.0235	1.0000	0.0000	6.8000
E	982.032	90.000	45.1479	0.1005	0.1635	0.0932	0.0000	6.8000
dPolE	982.032	90.000	25.4135	1.0000	0.0000	6.8000
uR	982.032	90.000	0.0236	1.0000	0.0000	6.8000
E	983.615	90.000	44.5249	359.7430	0.1891	0.1076	0.0000	6.8000
dPolE	983.615	90.000	27.9652	1.0000	0.0000	6.8000
uR	983.615	90.000	0.0222	1.0000	0.0000	6.8000
E	985.198	90.000	45.0844	359.9180	0.2199	0.1248	0.0000	6.8000
dPolE	985.198	90.000	37.7764	1.0000	0.0000	6.8000
uR	985.198	90.000	0.0213	1.0000	0.0000	6.8000
E	986.780	90.000	44.4935	0.1394	0.2171	0.1234	0.0000	6.8000
dPolE	986.780	90.000	39.2969	1.0000	0.0000	6.8000
uR	986.780	90.000	0.0211	1.0000	0.0000	6.8000
E	988.363	90.000	45.3302	359.7991	0.2009	0.1139	0.0000	6.8000
dPolE	988.363	90.000	34.0746	1.0000	0.0000	6.8000
uR	988.363	90.000	0.0226	1.0000	0.0000	6.8000
E	989.945	90.000	45.1680	359.8565	0.1806	0.1022	0.0000	6.8000
dPolE	989.945	90.000	27.1656	1.0000	0.0000	6.8000
uR	989.945	90.000	0.0228	1.0000	0.0000	6.8000
E	991.527	90.000	45.2138	359.8565	0.1627	0.0917	0.0000	6.8000
dPolE	991.527	90.000	24.7141	1.0000	0.0000	6.8000
uR	991.527	90.000	0.0246	1.0000	0.0000	6.8000
E	993.109	90.000	44.3581	359.7798	0.1627	0.0919	0.0000	6.8000
dPolE	993.109	90.000	22.3681	1.0000	0.0000	6.8000
uR	993.109	90.000	0.0241	1.0000	0.0000	6.8000
E	994.690	90.000	44.8679	359.9243	0.1606	0.0904	0.0000	6.8000
dPolE	994.690	90.000	23.5265	1.0000	0.0000	6.8000
uR	994.690	90.000	0.0236	1.0000	0.0000	6.8000
E	996.272	90.000	44.9494	359.5636	0.1977	0.1114	0.0000	6.8000
dPolE	996.272	90.000	27.9992	1.0000	0.0000	6.8000
uR	996.272	90.000	0.0238	1.0000	0.0000	6.8000
E	997.853	90.000	44.9799	359.8138	0.2160	0.1212	0.0000	6.8000
dPolE	997.853	90.000	36.3232	1.0000	0.0000	6.8000
uR	997.853	90.000	0.0221	1.0000	0.0000	6.8000
E	999.434	90.000	45.3462	359.6903	0.2647	0.1484	0.0000	6.8000
dPolE	999.434	90.000	42.8078	1.0000	0.0000	6.8000
uR	999.434	90.000	0.0226	1.0000	0.0000	6.8000
