
FM-removed
XY-Scan
nm
E	210.379	90.000	7.4995	187.8004	0.2528	1.8799	0.0000	6.8000
dPolE	210.379	90.000	99.9999	1.0000	0.0000	6.8000
uR	210.379	90.000	0.0280	1.0000	0.0000	6.8000
E	211.990	90.000	33.7352	3.1462	0.2735	0.5662	0.0000	6.8000
dPolE	211.990	90.000	99.9859	1.0000	0.0000	6.8000
uR	211.990	90.000	0.0229	1.0000	0.0000	6.8000
E	213.602	90.000	42.7965	320.5346	0.2514	0.4853	0.0000	6.8000
dPolE	213.602	90.000	99.9683	1.0000	0.0000	6.8000
uR	213.602	90.000	0.0092	1.0000	0.0000	6.8000
E	215.214	90.000	53.5698	247.2471	0.2370	0.4927	0.0000	6.8000
dPolE	215.214	90.000	99.9920	1.0000	0.0000	6.8000
uR	215.214	90.000	0.0124	1.0000	0.0000	6.8000
E	216.826	90.000	81.2729	48.4150	0.2507	1.6862	0.0000	6.8000
dPolE	216.826	90.000	99.8912	1.0000	0.0000	6.8000
uR	216.826	90.000	0.0113	1.0000	0.0000	6.8000
E	218.438	90.000	5.4565	58.1700	0.2513	2.8371	0.0000	6.8000
dPolE	218.438	90.000	99.9950	1.0000	0.0000	6.8000
uR	218.438	90.000	0.0059	1.0000	0.0000	6.8000
E	220.050	90.000	47.9403	185.6545	0.2747	0.4547	0.0000	6.8000
dPolE	220.050	90.000	99.9980	1.0000	0.0000	6.8000
uR	220.050	90.000	0.0044	1.0000	0.0000	6.8000
E	221.662	90.000	47.0368	349.8335	0.2497	0.3993	0.0000	6.8000
dPolE	221.662	90.000	99.9689	1.0000	0.0000	6.8000
uR	221.662	90.000	0.0056	1.0000	0.0000	6.8000
E	223.274	90.000	36.9490	191.5387	0.2772	0.4458	0.0000	6.8000
dPolE	223.274	90.000	99.9581	1.0000	0.0000	6.8000
uR	223.274	90.000	0.0047	1.0000	0.0000	6.8000
E	224.886	90.000	36.4889	5.6994	0.2833	0.4370	0.0000	6.8000
dPolE	224.886	90.000	99.9716	1.0000	0.0000	6.8000
uR	224.886	90.000	0.0050	1.0000	0.0000	6.8000
E	226.498	90.000	53.9907	32.9648	0.2923	0.4982	0.0000	6.8000
dPolE	226.498	90.000	99.9757	1.0000	0.0000	6.8000
uR	226.498	90.000	0.0030	1.0000	0.0000	6.8000
E	228.111	90.000	11.5972	264.1409	0.1831	1.2470	0.0000	6.8000
dPolE	228.111	90.000	99.9906	1.0000	0.0000	6.8000
uR	228.111	90.000	0.0026	1.0000	0.0000	6.8000
E	229.723	90.000	25.0809	146.9084	0.2694	0.5650	0.0000	6.8000
dPolE	229.723	90.000	99.9645	1.0000	0.0000	6.8000
uR	229.723	90.000	0.0031	1.0000	0.0000	6.8000
E	231.335	90.000	32.4835	316.1455	0.2804	0.5285	0.0000	6.8000
dPolE	231.335	90.000	99.9846	1.0000	0.0000	6.8000
uR	231.335	90.000	0.0020	1.0000	0.0000	6.8000
E	232.948	90.000	45.6209	123.9277	0.2696	0.4849	0.0000	6.8000
dPolE	232.948	90.000	99.9581	1.0000	0.0000	6.8000
uR	232.948	90.000	0.0018	1.0000	0.0000	6.8000
E	234.560	90.000	53.8803	338.9876	0.2752	0.3875	0.0000	6.8000
dPolE	234.560	90.000	99.9607	1.0000	0.0000	6.8000
uR	234.560	90.000	0.0018	1.0000	0.0000	6.8000
E	236.173	90.000	10.0525	165.2747	0.3044	1.1242	0.0000	6.8000
dPolE	236.173	90.000	99.8843	1.0000	0.0000	6.8000
uR	236.173	90.000	0.0023	1.0000	0.0000	6.8000
E	237.786	90.000	73.7270	103.9183	0.2397	1.1770	0.0000	6.8000
dPolE	237.786	90.000	99.9660	1.0000	0.0000	6.8000
uR	237.786	90.000	0.0021	1.0000	0.0000	6.8000
E	239.398	90.000	48.8962	135.9869	0.3150	0.5124	0.0000	6.8000
dPolE	239.398	90.000	99.9832	1.0000	0.0000	6.8000
uR	239.398	90.000	0.0013	1.0000	0.0000	6.8000
E	241.011	90.000	70.7421	62.6781	0.2544	0.9271	0.0000	6.8000
dPolE	241.011	90.000	99.9519	1.0000	0.0000	6.8000
uR	241.011	90.000	0.0012	1.0000	0.0000	6.8000
E	242.624	90.000	8.0028	295.2568	0.2140	2.1254	0.0000	6.8000
dPolE	242.624	90.000	99.8846	1.0000	0.0000	6.8000
uR	242.624	90.000	0.0018	1.0000	0.0000	6.8000
E	244.237	90.000	74.1302	11.2796	0.3127	0.6688	0.0000	6.8000
dPolE	244.237	90.000	99.9090	1.0000	0.0000	6.8000
uR	244.237	90.000	0.0013	1.0000	0.0000	6.8000
E	245.850	90.000	31.1374	167.4823	0.3128	0.3946	0.0000	6.8000
dPolE	245.850	90.000	99.9330	1.0000	0.0000	6.8000
uR	245.850	90.000	0.0012	1.0000	0.0000	6.8000
E	247.463	90.000	60.1819	261.1985	0.2792	0.7095	0.0000	6.8000
dPolE	247.463	90.000	99.9910	1.0000	0.0000	6.8000
uR	247.463	90.000	0.0011	1.0000	0.0000	6.8000
E	249.076	90.000	10.0119	109.3128	0.2153	1.8564	0.0000	6.8000
dPolE	249.076	90.000	99.9623	1.0000	0.0000	6.8000
uR	249.076	90.000	0.0008	1.0000	0.0000	6.8000
E	250.689	90.000	46.2920	142.9537	0.3252	0.4737	0.0000	6.8000
dPolE	250.689	90.000	99.9985	1.0000	0.0000	6.8000
uR	250.689	90.000	0.0006	1.0000	0.0000	6.8000
E	252.302	90.000	31.4634	115.4916	0.3201	0.7140	0.0000	6.8000
dPolE	252.302	90.000	99.9778	1.0000	0.0000	6.8000
uR	252.302	90.000	0.0008	1.0000	0.0000	6.8000
E	253.916	90.000	45.4966	166.0811	0.2812	0.3070	0.0000	6.8000
dPolE	253.916	90.000	99.9428	1.0000	0.0000	6.8000
uR	253.916	90.000	0.0010	1.0000	0.0000	6.8000
E	255.529	90.000	9.7038	159.5481	0.2908	1.0713	0.0000	6.8000
dPolE	255.529	90.000	99.9872	1.0000	0.0000	6.8000
uR	255.529	90.000	0.0006	1.0000	0.0000	6.8000
E	257.142	90.000	55.3350	165.7918	0.3293	0.3849	0.0000	6.8000
dPolE	257.142	90.000	99.9225	1.0000	0.0000	6.8000
uR	257.142	90.000	0.0009	1.0000	0.0000	6.8000
E	258.756	90.000	18.2942	185.4862	0.3042	0.5197	0.0000	6.8000
dPolE	258.756	90.000	99.9369	1.0000	0.0000	6.8000
uR	258.756	90.000	0.0008	1.0000	0.0000	6.8000
E	260.369	90.000	9.3467	307.6801	0.2366	1.6465	0.0000	6.8000
dPolE	260.369	90.000	99.9821	1.0000	0.0000	6.8000
uR	260.369	90.000	0.0005	1.0000	0.0000	6.8000
E	261.983	90.000	56.4003	190.4424	0.2969	0.3395	0.0000	6.8000
dPolE	261.983	90.000	99.8084	1.0000	0.0000	6.8000
uR	261.983	90.000	0.0013	1.0000	0.0000	6.8000
E	263.596	90.000	22.3617	17.3640	0.2950	0.4820	0.0000	6.8000
dPolE	263.596	90.000	99.9482	1.0000	0.0000	6.8000
uR	263.596	90.000	0.0011	1.0000	0.0000	6.8000
E	265.210	90.000	24.4380	227.6909	0.2762	0.6577	0.0000	6.8000
dPolE	265.210	90.000	99.9786	1.0000	0.0000	6.8000
uR	265.210	90.000	0.0009	1.0000	0.0000	6.8000
E	266.823	90.000	24.4640	351.3524	0.3018	0.4206	0.0000	6.8000
dPolE	266.823	90.000	99.9722	1.0000	0.0000	6.8000
uR	266.823	90.000	0.0008	1.0000	0.0000	6.8000
E	268.437	90.000	34.7910	341.7244	0.3091	0.3829	0.0000	6.8000
dPolE	268.437	90.000	99.9343	1.0000	0.0000	6.8000
uR	268.437	90.000	0.0009	1.0000	0.0000	6.8000
E	270.051	90.000	62.0364	188.4231	0.2690	0.3446	0.0000	6.8000
dPolE	270.051	90.000	99.9670	1.0000	0.0000	6.8000
uR	270.051	90.000	0.0006	1.0000	0.0000	6.8000
E	271.665	90.000	21.4310	306.7384	0.2314	0.6760	0.0000	6.8000
dPolE	271.665	90.000	99.9847	1.0000	0.0000	6.8000
uR	271.665	90.000	0.0007	1.0000	0.0000	6.8000
E	273.279	90.000	21.6667	149.7981	0.2656	0.5507	0.0000	6.8000
dPolE	273.279	90.000	99.9703	1.0000	0.0000	6.8000
uR	273.279	90.000	0.0006	1.0000	0.0000	6.8000
E	274.892	90.000	34.9829	46.6061	0.2737	0.4841	0.0000	6.8000
dPolE	274.892	90.000	99.9971	1.0000	0.0000	6.8000
uR	274.892	90.000	0.0004	1.0000	0.0000	6.8000
E	276.506	90.000	18.8776	123.5854	0.2092	0.7274	0.0000	6.8000
dPolE	276.506	90.000	99.9845	1.0000	0.0000	6.8000
uR	276.506	90.000	0.0006	1.0000	0.0000	6.8000
E	278.120	90.000	51.7648	234.7246	0.2532	0.4609	0.0000	6.8000
dPolE	278.120	90.000	99.9925	1.0000	0.0000	6.8000
uR	278.120	90.000	0.0006	1.0000	0.0000	6.8000
E	279.734	90.000	28.0496	309.5926	0.2441	0.5327	0.0000	6.8000
dPolE	279.734	90.000	99.9957	1.0000	0.0000	6.8000
uR	279.734	90.000	0.0002	1.0000	0.0000	6.8000
E	281.349	90.000	34.8185	135.8214	0.2576	0.4490	0.0000	6.8000
dPolE	281.349	90.000	99.9888	1.0000	0.0000	6.8000
uR	281.349	90.000	0.0006	1.0000	0.0000	6.8000
E	282.963	90.000	54.9662	153.3329	0.2678	0.3842	0.0000	6.8000
dPolE	282.963	90.000	99.9881	1.0000	0.0000	6.8000
uR	282.963	90.000	0.0004	1.0000	0.0000	6.8000
E	284.577	90.000	18.4949	94.4770	0.1963	0.8659	0.0000	6.8000
dPolE	284.577	90.000	99.9944	1.0000	0.0000	6.8000
uR	284.577	90.000	0.0003	1.0000	0.0000	6.8000
E	286.191	90.000	34.3893	165.7923	0.2394	0.3095	0.0000	6.8000
dPolE	286.191	90.000	99.9989	1.0000	0.0000	6.8000
uR	286.191	90.000	0.0006	1.0000	0.0000	6.8000
E	287.805	90.000	49.0232	166.7078	0.2420	0.2945	0.0000	6.8000
dPolE	287.805	90.000	99.9725	1.0000	0.0000	6.8000
uR	287.805	90.000	0.0005	1.0000	0.0000	6.8000
E	289.420	90.000	34.1388	321.9133	0.2279	0.3827	0.0000	6.8000
dPolE	289.420	90.000	99.9993	1.0000	0.0000	6.8000
uR	289.420	90.000	0.0004	1.0000	0.0000	6.8000
E	291.034	90.000	60.5854	25.9979	0.2289	0.3726	0.0000	6.8000
dPolE	291.034	90.000	99.9662	1.0000	0.0000	6.8000
uR	291.034	90.000	0.0005	1.0000	0.0000	6.8000
E	292.649	90.000	27.7804	120.7297	0.2084	0.5006	0.0000	6.8000
dPolE	292.649	90.000	99.9974	1.0000	0.0000	6.8000
uR	292.649	90.000	0.0002	1.0000	0.0000	6.8000
E	294.263	90.000	54.5366	203.7109	0.2120	0.3068	0.0000	6.8000
dPolE	294.263	90.000	99.9942	1.0000	0.0000	6.8000
uR	294.263	90.000	0.0003	1.0000	0.0000	6.8000
E	295.877	90.000	41.9445	12.6958	0.2256	0.2869	0.0000	6.8000
dPolE	295.877	90.000	99.9909	1.0000	0.0000	6.8000
uR	295.877	90.000	0.0004	1.0000	0.0000	6.8000
E	297.492	90.000	63.1856	356.7120	0.2230	0.3415	0.0000	6.8000
dPolE	297.492	90.000	99.9855	1.0000	0.0000	6.8000
uR	297.492	90.000	0.0004	1.0000	0.0000	6.8000
E	299.107	90.000	76.2686	72.7523	0.1467	0.8272	0.0000	6.8000
dPolE	299.107	90.000	99.9964	1.0000	0.0000	6.8000
uR	299.107	90.000	0.0003	1.0000	0.0000	6.8000
E	300.721	90.000	62.2089	4.8916	0.2177	0.3354	0.0000	6.8000
dPolE	300.721	90.000	99.9808	1.0000	0.0000	6.8000
uR	300.721	90.000	0.0006	1.0000	0.0000	6.8000
E	302.336	90.000	19.9272	24.0592	0.1980	0.4530	0.0000	6.8000
dPolE	302.336	90.000	99.9573	1.0000	0.0000	6.8000
uR	302.336	90.000	0.0007	1.0000	0.0000	6.8000
E	303.950	90.000	71.1229	80.9182	0.1559	0.6293	0.0000	6.8000
dPolE	303.950	90.000	99.9722	1.0000	0.0000	6.8000
uR	303.950	90.000	0.0006	1.0000	0.0000	6.8000
E	305.565	90.000	73.5830	264.3209	0.1723	0.8164	0.0000	6.8000
dPolE	305.565	90.000	99.9655	1.0000	0.0000	6.8000
uR	305.565	90.000	0.0005	1.0000	0.0000	6.8000
E	307.180	90.000	34.8147	9.5726	0.1975	0.2845	0.0000	6.8000
dPolE	307.180	90.000	99.9979	1.0000	0.0000	6.8000
uR	307.180	90.000	0.0003	1.0000	0.0000	6.8000
E	308.795	90.000	52.5802	355.0235	0.1917	0.2681	0.0000	6.8000
dPolE	308.795	90.000	99.9934	1.0000	0.0000	6.8000
uR	308.795	90.000	0.0004	1.0000	0.0000	6.8000
E	310.410	90.000	24.2243	230.0163	0.1745	0.4433	0.0000	6.8000
dPolE	310.410	90.000	99.9862	1.0000	0.0000	6.8000
uR	310.410	90.000	0.0004	1.0000	0.0000	6.8000
E	312.024	90.000	31.8776	10.8751	0.2055	0.3219	0.0000	6.8000
dPolE	312.024	90.000	99.9853	1.0000	0.0000	6.8000
uR	312.024	90.000	0.0004	1.0000	0.0000	6.8000
E	313.639	90.000	73.6742	321.1408	0.1690	0.5615	0.0000	6.8000
dPolE	313.639	90.000	99.9968	1.0000	0.0000	6.8000
uR	313.639	90.000	0.0003	1.0000	0.0000	6.8000
E	315.254	90.000	49.1386	345.8674	0.1940	0.2857	0.0000	6.8000
dPolE	315.254	90.000	99.9836	1.0000	0.0000	6.8000
uR	315.254	90.000	0.0004	1.0000	0.0000	6.8000
E	316.869	90.000	5.3071	6.9133	0.1851	1.4480	0.0000	6.8000
dPolE	316.869	90.000	99.9809	1.0000	0.0000	6.8000
uR	316.869	90.000	0.0004	1.0000	0.0000	6.8000
E	318.484	90.000	41.8398	158.5008	0.1658	0.2548	0.0000	6.8000
dPolE	318.484	90.000	99.9877	1.0000	0.0000	6.8000
uR	318.484	90.000	0.0003	1.0000	0.0000	6.8000
E	320.099	90.000	13.8588	1.3162	0.1702	0.5358	0.0000	6.8000
dPolE	320.099	90.000	99.9999	1.0000	0.0000	6.8000
uR	320.099	90.000	0.0002	1.0000	0.0000	6.8000
E	321.714	90.000	77.7286	329.4348	0.1683	0.6949	0.0000	6.8000
dPolE	321.714	90.000	99.9737	1.0000	0.0000	6.8000
uR	321.714	90.000	0.0005	1.0000	0.0000	6.8000
E	323.330	90.000	43.5649	14.2675	0.1783	0.2717	0.0000	6.8000
dPolE	323.330	90.000	99.9971	1.0000	0.0000	6.8000
uR	323.330	90.000	0.0003	1.0000	0.0000	6.8000
E	324.945	90.000	43.7687	332.2764	0.1730	0.2820	0.0000	6.8000
dPolE	324.945	90.000	99.9766	1.0000	0.0000	6.8000
uR	324.945	90.000	0.0004	1.0000	0.0000	6.8000
E	326.560	90.000	37.6776	144.9141	0.1654	0.2919	0.0000	6.8000
dPolE	326.560	90.000	99.9997	1.0000	0.0000	6.8000
uR	326.560	90.000	0.0003	1.0000	0.0000	6.8000
E	328.175	90.000	32.7401	154.5528	0.1683	0.3041	0.0000	6.8000
dPolE	328.175	90.000	99.9889	1.0000	0.0000	6.8000
uR	328.175	90.000	0.0003	1.0000	0.0000	6.8000
E	329.790	90.000	41.7994	281.4022	0.1595	0.3193	0.0000	6.8000
dPolE	329.790	90.000	99.9927	1.0000	0.0000	6.8000
uR	329.790	90.000	0.0004	1.0000	0.0000	6.8000
E	331.406	90.000	55.8477	156.8267	0.1594	0.2844	0.0000	6.8000
dPolE	331.406	90.000	99.9751	1.0000	0.0000	6.8000
uR	331.406	90.000	0.0004	1.0000	0.0000	6.8000
E	333.021	90.000	62.0577	195.3130	0.1604	0.3163	0.0000	6.8000
dPolE	333.021	90.000	99.9975	1.0000	0.0000	6.8000
uR	333.021	90.000	0.0003	1.0000	0.0000	6.8000
E	334.636	90.000	67.9124	115.4728	0.1252	0.3766	0.0000	6.8000
dPolE	334.636	90.000	99.9992	1.0000	0.0000	6.8000
uR	334.636	90.000	0.0002	1.0000	0.0000	6.8000
E	336.251	90.000	29.3142	251.2023	0.1432	0.3442	0.0000	6.8000
dPolE	336.251	90.000	99.9860	1.0000	0.0000	6.8000
uR	336.251	90.000	0.0003	1.0000	0.0000	6.8000
E	337.867	90.000	45.5411	336.0112	0.1532	0.2614	0.0000	6.8000
dPolE	337.867	90.000	99.9874	1.0000	0.0000	6.8000
uR	337.867	90.000	0.0004	1.0000	0.0000	6.8000
E	339.482	90.000	10.4379	256.9364	0.1320	0.8551	0.0000	6.8000
dPolE	339.482	90.000	99.9719	1.0000	0.0000	6.8000
uR	339.482	90.000	0.0004	1.0000	0.0000	6.8000
E	341.098	90.000	29.8316	163.1026	0.1441	0.2830	0.0000	6.8000
dPolE	341.098	90.000	99.9987	1.0000	0.0000	6.8000
uR	341.098	90.000	0.0003	1.0000	0.0000	6.8000
E	342.713	90.000	34.9685	141.3185	0.1558	0.3018	0.0000	6.8000
dPolE	342.713	90.000	99.9985	1.0000	0.0000	6.8000
uR	342.713	90.000	0.0004	1.0000	0.0000	6.8000
E	344.329	90.000	11.9824	105.8611	0.1390	0.7649	0.0000	6.8000
dPolE	344.329	90.000	99.9846	1.0000	0.0000	6.8000
uR	344.329	90.000	0.0004	1.0000	0.0000	6.8000
E	345.944	90.000	14.3782	264.2391	0.1317	0.6130	0.0000	6.8000
dPolE	345.944	90.000	99.9869	1.0000	0.0000	6.8000
uR	345.944	90.000	0.0003	1.0000	0.0000	6.8000
E	347.560	90.000	31.3357	236.3088	0.1434	0.3154	0.0000	6.8000
dPolE	347.560	90.000	99.9889	1.0000	0.0000	6.8000
uR	347.560	90.000	0.0003	1.0000	0.0000	6.8000
E	349.175	90.000	20.6468	247.1391	0.1388	0.4405	0.0000	6.8000
dPolE	349.175	90.000	99.9939	1.0000	0.0000	6.8000
uR	349.175	90.000	0.0003	1.0000	0.0000	6.8000
E	350.791	90.000	62.3203	247.7182	0.1445	0.3570	0.0000	6.8000
dPolE	350.791	90.000	99.9883	1.0000	0.0000	6.8000
uR	350.791	90.000	0.0003	1.0000	0.0000	6.8000
E	352.406	90.000	33.4707	348.1266	0.1521	0.2942	0.0000	6.8000
dPolE	352.406	90.000	99.9996	1.0000	0.0000	6.8000
uR	352.406	90.000	0.0002	1.0000	0.0000	6.8000
E	354.022	90.000	38.2120	174.8768	0.1455	0.2651	0.0000	6.8000
dPolE	354.022	90.000	99.9977	1.0000	0.0000	6.8000
uR	354.022	90.000	0.0003	1.0000	0.0000	6.8000
E	355.638	90.000	31.0196	29.6122	0.1449	0.3024	0.0000	6.8000
dPolE	355.638	90.000	99.9959	1.0000	0.0000	6.8000
uR	355.638	90.000	0.0002	1.0000	0.0000	6.8000
E	357.253	90.000	25.4806	213.3888	0.1421	0.3446	0.0000	6.8000
dPolE	357.253	90.000	99.9956	1.0000	0.0000	6.8000
uR	357.253	90.000	0.0003	1.0000	0.0000	6.8000
E	358.869	90.000	35.7624	353.7773	0.1344	0.2582	0.0000	6.8000
dPolE	358.869	90.000	99.9893	1.0000	0.0000	6.8000
uR	358.869	90.000	0.0003	1.0000	0.0000	6.8000
E	360.485	90.000	38.2157	96.5933	0.1405	0.2902	0.0000	6.8000
dPolE	360.485	90.000	99.9939	1.0000	0.0000	6.8000
uR	360.485	90.000	0.0003	1.0000	0.0000	6.8000
E	362.100	90.000	47.4195	227.4777	0.1369	0.2635	0.0000	6.8000
dPolE	362.100	90.000	99.9987	1.0000	0.0000	6.8000
uR	362.100	90.000	0.0003	1.0000	0.0000	6.8000
E	363.716	90.000	69.0658	199.0371	0.1355	0.3750	0.0000	6.8000
dPolE	363.716	90.000	99.9766	1.0000	0.0000	6.8000
uR	363.716	90.000	0.0003	1.0000	0.0000	6.8000
E	365.332	90.000	31.5566	350.4934	0.1376	0.2839	0.0000	6.8000
dPolE	365.332	90.000	99.9988	1.0000	0.0000	6.8000
uR	365.332	90.000	0.0002	1.0000	0.0000	6.8000
E	366.948	90.000	42.5847	306.5724	0.1229	0.2402	0.0000	6.8000
dPolE	366.948	90.000	99.9985	1.0000	0.0000	6.8000
uR	366.948	90.000	0.0005	1.0000	0.0000	6.8000
E	368.563	90.000	39.4108	192.3584	0.1343	0.2531	0.0000	6.8000
dPolE	368.563	90.000	99.9850	1.0000	0.0000	6.8000
uR	368.563	90.000	0.0003	1.0000	0.0000	6.8000
E	370.179	90.000	24.8327	269.7737	0.1263	0.3433	0.0000	6.8000
dPolE	370.179	90.000	99.9989	1.0000	0.0000	6.8000
uR	370.179	90.000	0.0004	1.0000	0.0000	6.8000
E	371.795	90.000	24.2750	125.7868	0.1349	0.3583	0.0000	6.8000
dPolE	371.795	90.000	99.9965	1.0000	0.0000	6.8000
uR	371.795	90.000	0.0003	1.0000	0.0000	6.8000
E	373.411	90.000	61.7563	79.4923	0.1193	0.2916	0.0000	6.8000
dPolE	373.411	90.000	99.9831	1.0000	0.0000	6.8000
uR	373.411	90.000	0.0004	1.0000	0.0000	6.8000
E	375.027	90.000	64.6678	155.5452	0.1269	0.3133	0.0000	6.8000
dPolE	375.027	90.000	99.9967	1.0000	0.0000	6.8000
uR	375.027	90.000	0.0003	1.0000	0.0000	6.8000
E	376.643	90.000	19.5048	247.5839	0.1249	0.4057	0.0000	6.8000
dPolE	376.643	90.000	99.9743	1.0000	0.0000	6.8000
uR	376.643	90.000	0.0005	1.0000	0.0000	6.8000
E	378.258	90.000	41.0209	101.2452	0.1289	0.2600	0.0000	6.8000
dPolE	378.258	90.000	99.9999	1.0000	0.0000	6.8000
uR	378.258	90.000	0.0004	1.0000	0.0000	6.8000
E	379.874	90.000	40.7846	301.4314	0.1301	0.2587	0.0000	6.8000
dPolE	379.874	90.000	99.9991	1.0000	0.0000	6.8000
uR	379.874	90.000	0.0003	1.0000	0.0000	6.8000
E	381.490	90.000	15.9839	109.1564	0.1197	0.4666	0.0000	6.8000
dPolE	381.490	90.000	99.9989	1.0000	0.0000	6.8000
uR	381.490	90.000	0.0004	1.0000	0.0000	6.8000
E	383.106	90.000	36.9468	111.3854	0.1299	0.2695	0.0000	6.8000
dPolE	383.106	90.000	99.9831	1.0000	0.0000	6.8000
uR	383.106	90.000	0.0004	1.0000	0.0000	6.8000
E	384.722	90.000	75.8137	19.9782	0.1260	0.5094	0.0000	6.8000
dPolE	384.722	90.000	99.9723	1.0000	0.0000	6.8000
uR	384.722	90.000	0.0004	1.0000	0.0000	6.8000
E	386.338	90.000	34.7150	278.7540	0.1198	0.2573	0.0000	6.8000
dPolE	386.338	90.000	99.9991	1.0000	0.0000	6.8000
uR	386.338	90.000	0.0003	1.0000	0.0000	6.8000
E	387.954	90.000	18.9060	122.6779	0.1253	0.4128	0.0000	6.8000
dPolE	387.954	90.000	99.9972	1.0000	0.0000	6.8000
uR	387.954	90.000	0.0002	1.0000	0.0000	6.8000
E	389.570	90.000	39.7537	15.9708	0.1133	0.2179	0.0000	6.8000
dPolE	389.570	90.000	99.9897	1.0000	0.0000	6.8000
uR	389.570	90.000	0.0003	1.0000	0.0000	6.8000
E	391.186	90.000	22.7148	201.6938	0.1222	0.3287	0.0000	6.8000
dPolE	391.186	90.000	99.9937	1.0000	0.0000	6.8000
uR	391.186	90.000	0.0003	1.0000	0.0000	6.8000
E	392.802	90.000	32.2115	328.2817	0.1199	0.2575	0.0000	6.8000
dPolE	392.802	90.000	99.9947	1.0000	0.0000	6.8000
uR	392.802	90.000	0.0004	1.0000	0.0000	6.8000
E	394.418	90.000	5.7477	156.7467	0.1249	1.2093	0.0000	6.8000
dPolE	394.418	90.000	99.9928	1.0000	0.0000	6.8000
uR	394.418	90.000	0.0001	1.0000	0.0000	6.8000
E	396.034	90.000	40.0855	34.4715	0.1275	0.2487	0.0000	6.8000
dPolE	396.034	90.000	99.9682	1.0000	0.0000	6.8000
uR	396.034	90.000	0.0003	1.0000	0.0000	6.8000
E	397.650	90.000	34.5917	328.1419	0.1189	0.2435	0.0000	6.8000
dPolE	397.650	90.000	99.9912	1.0000	0.0000	6.8000
uR	397.650	90.000	0.0002	1.0000	0.0000	6.8000
E	399.266	90.000	34.9185	352.4560	0.1192	0.2388	0.0000	6.8000
dPolE	399.266	90.000	99.9540	1.0000	0.0000	6.8000
uR	399.266	90.000	0.0004	1.0000	0.0000	6.8000
E	400.882	90.000	49.8515	4.2119	0.1157	0.2223	0.0000	6.8000
dPolE	400.882	90.000	99.9275	1.0000	0.0000	6.8000
uR	400.882	90.000	0.0005	1.0000	0.0000	6.8000
E	402.498	90.000	47.0754	8.5055	0.1202	0.2293	0.0000	6.8000
dPolE	402.498	90.000	99.9147	1.0000	0.0000	6.8000
uR	402.498	90.000	0.0006	1.0000	0.0000	6.8000
E	404.114	90.000	45.7534	11.7425	0.1151	0.2188	0.0000	6.8000
dPolE	404.114	90.000	99.8285	1.0000	0.0000	6.8000
uR	404.114	90.000	0.0008	1.0000	0.0000	6.8000
E	405.730	90.000	47.3917	4.5815	0.1132	0.2132	0.0000	6.8000
dPolE	405.730	90.000	99.7942	1.0000	0.0000	6.8000
uR	405.730	90.000	0.0009	1.0000	0.0000	6.8000
E	407.346	90.000	44.5655	17.7099	0.1160	0.2178	0.0000	6.8000
dPolE	407.346	90.000	99.7507	1.0000	0.0000	6.8000
uR	407.346	90.000	0.0010	1.0000	0.0000	6.8000
E	408.962	90.000	42.6420	11.8531	0.1157	0.2170	0.0000	6.8000
dPolE	408.962	90.000	99.5238	1.0000	0.0000	6.8000
uR	408.962	90.000	0.0014	1.0000	0.0000	6.8000
E	410.578	90.000	40.2188	9.0805	0.1205	0.2292	0.0000	6.8000
dPolE	410.578	90.000	99.3929	1.0000	0.0000	6.8000
uR	410.578	90.000	0.0015	1.0000	0.0000	6.8000
E	412.194	90.000	46.0112	9.5003	0.1128	0.2131	0.0000	6.8000
dPolE	412.194	90.000	99.2894	1.0000	0.0000	6.8000
uR	412.194	90.000	0.0017	1.0000	0.0000	6.8000
E	413.810	90.000	45.2850	16.5747	0.1105	0.2090	0.0000	6.8000
dPolE	413.810	90.000	98.9575	1.0000	0.0000	6.8000
uR	413.810	90.000	0.0021	1.0000	0.0000	6.8000
E	415.426	90.000	44.8232	13.2401	0.1113	0.2084	0.0000	6.8000
dPolE	415.426	90.000	98.7236	1.0000	0.0000	6.8000
uR	415.426	90.000	0.0022	1.0000	0.0000	6.8000
E	417.042	90.000	44.8470	12.8886	0.1114	0.2064	0.0000	6.8000
dPolE	417.042	90.000	98.2200	1.0000	0.0000	6.8000
uR	417.042	90.000	0.0026	1.0000	0.0000	6.8000
E	418.658	90.000	44.5799	14.2240	0.1130	0.2084	0.0000	6.8000
dPolE	418.658	90.000	98.0130	1.0000	0.0000	6.8000
uR	418.658	90.000	0.0028	1.0000	0.0000	6.8000
E	420.274	90.000	44.1765	11.2297	0.1108	0.2042	0.0000	6.8000
dPolE	420.274	90.000	97.2694	1.0000	0.0000	6.8000
uR	420.274	90.000	0.0033	1.0000	0.0000	6.8000
E	421.890	90.000	44.3474	13.6968	0.1066	0.1978	0.0000	6.8000
dPolE	421.890	90.000	96.8710	1.0000	0.0000	6.8000
uR	421.890	90.000	0.0038	1.0000	0.0000	6.8000
E	423.506	90.000	43.4625	12.4625	0.1025	0.1908	0.0000	6.8000
dPolE	423.506	90.000	96.2595	1.0000	0.0000	6.8000
uR	423.506	90.000	0.0042	1.0000	0.0000	6.8000
E	425.122	90.000	44.9874	10.3096	0.0958	0.1770	0.0000	6.8000
dPolE	425.122	90.000	96.1533	1.0000	0.0000	6.8000
uR	425.122	90.000	0.0045	1.0000	0.0000	6.8000
E	426.738	90.000	44.5978	12.3396	0.0967	0.1774	0.0000	6.8000
dPolE	426.738	90.000	95.4899	1.0000	0.0000	6.8000
uR	426.738	90.000	0.0047	1.0000	0.0000	6.8000
E	428.355	90.000	45.5145	12.1316	0.1004	0.1819	0.0000	6.8000
dPolE	428.355	90.000	95.0914	1.0000	0.0000	6.8000
uR	428.355	90.000	0.0052	1.0000	0.0000	6.8000
E	429.971	90.000	44.3117	10.9624	0.0969	0.1742	0.0000	6.8000
dPolE	429.971	90.000	94.3128	1.0000	0.0000	6.8000
uR	429.971	90.000	0.0056	1.0000	0.0000	6.8000
E	431.587	90.000	44.7750	10.5004	0.1010	0.1815	0.0000	6.8000
dPolE	431.587	90.000	93.2346	1.0000	0.0000	6.8000
uR	431.587	90.000	0.0061	1.0000	0.0000	6.8000
E	433.203	90.000	45.2577	10.5368	0.0966	0.1744	0.0000	6.8000
dPolE	433.203	90.000	93.4226	1.0000	0.0000	6.8000
uR	433.203	90.000	0.0064	1.0000	0.0000	6.8000
E	434.819	90.000	45.1113	10.1350	0.0975	0.1765	0.0000	6.8000
dPolE	434.819	90.000	92.4515	1.0000	0.0000	6.8000
uR	434.819	90.000	0.0069	1.0000	0.0000	6.8000
E	436.435	90.000	44.3632	10.9273	0.0904	0.1632	0.0000	6.8000
dPolE	436.435	90.000	91.3623	1.0000	0.0000	6.8000
uR	436.435	90.000	0.0072	1.0000	0.0000	6.8000
E	438.051	90.000	45.0923	11.0827	0.0964	0.1725	0.0000	6.8000
dPolE	438.051	90.000	90.2059	1.0000	0.0000	6.8000
uR	438.051	90.000	0.0076	1.0000	0.0000	6.8000
E	439.667	90.000	44.5253	10.1034	0.0900	0.1590	0.0000	6.8000
dPolE	439.667	90.000	88.7919	1.0000	0.0000	6.8000
uR	439.667	90.000	0.0080	1.0000	0.0000	6.8000
E	441.283	90.000	44.7005	11.0476	0.0913	0.1600	0.0000	6.8000
dPolE	441.283	90.000	88.2738	1.0000	0.0000	6.8000
uR	441.283	90.000	0.0082	1.0000	0.0000	6.8000
E	442.899	90.000	45.1306	9.6569	0.0919	0.1601	0.0000	6.8000
dPolE	442.899	90.000	87.4067	1.0000	0.0000	6.8000
uR	442.899	90.000	0.0088	1.0000	0.0000	6.8000
E	444.515	90.000	44.7999	10.1358	0.0939	0.1638	0.0000	6.8000
dPolE	444.515	90.000	86.6245	1.0000	0.0000	6.8000
uR	444.515	90.000	0.0092	1.0000	0.0000	6.8000
E	446.131	90.000	44.5398	9.7617	0.0910	0.1593	0.0000	6.8000
dPolE	446.131	90.000	87.3893	1.0000	0.0000	6.8000
uR	446.131	90.000	0.0094	1.0000	0.0000	6.8000
E	447.747	90.000	44.4607	9.3204	0.0927	0.1623	0.0000	6.8000
dPolE	447.747	90.000	85.5501	1.0000	0.0000	6.8000
uR	447.747	90.000	0.0100	1.0000	0.0000	6.8000
E	449.363	90.000	44.5999	8.9944	0.0832	0.1449	0.0000	6.8000
dPolE	449.363	90.000	83.5947	1.0000	0.0000	6.8000
uR	449.363	90.000	0.0104	1.0000	0.0000	6.8000
E	450.979	90.000	44.8028	8.9389	0.0849	0.1463	0.0000	6.8000
dPolE	450.979	90.000	80.3864	1.0000	0.0000	6.8000
uR	450.979	90.000	0.0109	1.0000	0.0000	6.8000
E	452.594	90.000	45.2149	9.4924	0.0895	0.1525	0.0000	6.8000
dPolE	452.594	90.000	79.0588	1.0000	0.0000	6.8000
uR	452.594	90.000	0.0113	1.0000	0.0000	6.8000
E	454.210	90.000	44.0521	9.2827	0.0858	0.1448	0.0000	6.8000
dPolE	454.210	90.000	80.6296	1.0000	0.0000	6.8000
uR	454.210	90.000	0.0116	1.0000	0.0000	6.8000
E	455.826	90.000	45.0134	9.2587	0.0860	0.1445	0.0000	6.8000
dPolE	455.826	90.000	78.9347	1.0000	0.0000	6.8000
uR	455.826	90.000	0.0121	1.0000	0.0000	6.8000
E	457.442	90.000	44.3966	8.3520	0.0806	0.1354	0.0000	6.8000
dPolE	457.442	90.000	78.2221	1.0000	0.0000	6.8000
uR	457.442	90.000	0.0123	1.0000	0.0000	6.8000
E	459.058	90.000	44.6517	8.6773	0.0797	0.1344	0.0000	6.8000
dPolE	459.058	90.000	76.7030	1.0000	0.0000	6.8000
uR	459.058	90.000	0.0126	1.0000	0.0000	6.8000
E	460.674	90.000	44.7951	8.5311	0.0848	0.1431	0.0000	6.8000
dPolE	460.674	90.000	74.7957	1.0000	0.0000	6.8000
uR	460.674	90.000	0.0131	1.0000	0.0000	6.8000
E	462.290	90.000	44.7111	8.2752	0.0773	0.1298	0.0000	6.8000
dPolE	462.290	90.000	72.6081	1.0000	0.0000	6.8000
uR	462.290	90.000	0.0135	1.0000	0.0000	6.8000
E	463.906	90.000	44.7622	8.4919	0.0765	0.1274	0.0000	6.8000
dPolE	463.906	90.000	70.4626	1.0000	0.0000	6.8000
uR	463.906	90.000	0.0139	1.0000	0.0000	6.8000
E	465.521	90.000	45.0199	8.3401	0.0751	0.1235	0.0000	6.8000
dPolE	465.521	90.000	68.4546	1.0000	0.0000	6.8000
uR	465.521	90.000	0.0141	1.0000	0.0000	6.8000
E	467.137	90.000	44.6885	8.0238	0.0727	0.1181	0.0000	6.8000
dPolE	467.137	90.000	66.2424	1.0000	0.0000	6.8000
uR	467.137	90.000	0.0143	1.0000	0.0000	6.8000
E	468.753	90.000	44.8676	7.7126	0.0724	0.1168	0.0000	6.8000
dPolE	468.753	90.000	62.2046	1.0000	0.0000	6.8000
uR	468.753	90.000	0.0145	1.0000	0.0000	6.8000
E	470.369	90.000	45.1413	7.4101	0.0726	0.1168	0.0000	6.8000
dPolE	470.369	90.000	63.4394	1.0000	0.0000	6.8000
uR	470.369	90.000	0.0150	1.0000	0.0000	6.8000
E	471.985	90.000	44.8328	7.2746	0.0748	0.1206	0.0000	6.8000
dPolE	471.985	90.000	64.4366	1.0000	0.0000	6.8000
uR	471.985	90.000	0.0156	1.0000	0.0000	6.8000
E	473.600	90.000	44.6867	6.8262	0.0725	0.1171	0.0000	6.8000
dPolE	473.600	90.000	64.8815	1.0000	0.0000	6.8000
uR	473.600	90.000	0.0157	1.0000	0.0000	6.8000
E	475.216	90.000	44.9383	6.6067	0.0731	0.1180	0.0000	6.8000
dPolE	475.216	90.000	67.1752	1.0000	0.0000	6.8000
uR	475.216	90.000	0.0162	1.0000	0.0000	6.8000
E	476.832	90.000	45.1223	6.8582	0.0730	0.1174	0.0000	6.8000
dPolE	476.832	90.000	69.2973	1.0000	0.0000	6.8000
uR	476.832	90.000	0.0165	1.0000	0.0000	6.8000
E	478.448	90.000	44.9831	6.7588	0.0795	0.1266	0.0000	6.8000
dPolE	478.448	90.000	68.0690	1.0000	0.0000	6.8000
uR	478.448	90.000	0.0169	1.0000	0.0000	6.8000
E	480.063	90.000	44.9032	6.8840	0.0747	0.1176	0.0000	6.8000
dPolE	480.063	90.000	66.3521	1.0000	0.0000	6.8000
uR	480.063	90.000	0.0171	1.0000	0.0000	6.8000
E	481.679	90.000	44.6923	6.8686	0.0738	0.1147	0.0000	6.8000
dPolE	481.679	90.000	67.0755	1.0000	0.0000	6.8000
uR	481.679	90.000	0.0173	1.0000	0.0000	6.8000
E	483.294	90.000	44.7864	6.8491	0.0717	0.1106	0.0000	6.8000
dPolE	483.294	90.000	63.1178	1.0000	0.0000	6.8000
uR	483.294	90.000	0.0174	1.0000	0.0000	6.8000
E	484.910	90.000	44.8346	6.3803	0.0733	0.1127	0.0000	6.8000
dPolE	484.910	90.000	65.3303	1.0000	0.0000	6.8000
uR	484.910	90.000	0.0177	1.0000	0.0000	6.8000
E	486.526	90.000	45.0634	6.2037	0.0722	0.1111	0.0000	6.8000
dPolE	486.526	90.000	67.2271	1.0000	0.0000	6.8000
uR	486.526	90.000	0.0181	1.0000	0.0000	6.8000
E	488.141	90.000	44.5421	6.2499	0.0768	0.1184	0.0000	6.8000
dPolE	488.141	90.000	65.5772	1.0000	0.0000	6.8000
uR	488.141	90.000	0.0184	1.0000	0.0000	6.8000
E	489.757	90.000	44.8805	6.2277	0.0759	0.1170	0.0000	6.8000
dPolE	489.757	90.000	64.6770	1.0000	0.0000	6.8000
uR	489.757	90.000	0.0188	1.0000	0.0000	6.8000
E	491.372	90.000	44.8568	5.8879	0.0720	0.1106	0.0000	6.8000
dPolE	491.372	90.000	63.1760	1.0000	0.0000	6.8000
uR	491.372	90.000	0.0187	1.0000	0.0000	6.8000
E	492.988	90.000	44.8307	5.8227	0.0683	0.1042	0.0000	6.8000
dPolE	492.988	90.000	61.4752	1.0000	0.0000	6.8000
uR	492.988	90.000	0.0192	1.0000	0.0000	6.8000
E	494.603	90.000	45.1065	6.1513	0.0738	0.1117	0.0000	6.8000
dPolE	494.603	90.000	62.6064	1.0000	0.0000	6.8000
uR	494.603	90.000	0.0193	1.0000	0.0000	6.8000
E	496.219	90.000	44.9791	6.1506	0.0771	0.1153	0.0000	6.8000
dPolE	496.219	90.000	63.2390	1.0000	0.0000	6.8000
uR	496.219	90.000	0.0196	1.0000	0.0000	6.8000
E	497.834	90.000	44.9012	5.8218	0.0811	0.1199	0.0000	6.8000
dPolE	497.834	90.000	62.6358	1.0000	0.0000	6.8000
uR	497.834	90.000	0.0199	1.0000	0.0000	6.8000
E	499.450	90.000	44.7449	5.3872	0.0770	0.1130	0.0000	6.8000
dPolE	499.450	90.000	62.9583	1.0000	0.0000	6.8000
uR	499.450	90.000	0.0200	1.0000	0.0000	6.8000
E	501.065	90.000	45.0555	5.5918	0.0747	0.1093	0.0000	6.8000
dPolE	501.065	90.000	64.0633	1.0000	0.0000	6.8000
uR	501.065	90.000	0.0200	1.0000	0.0000	6.8000
E	502.680	90.000	45.0510	5.8469	0.0747	0.1093	0.0000	6.8000
dPolE	502.680	90.000	63.0908	1.0000	0.0000	6.8000
uR	502.680	90.000	0.0202	1.0000	0.0000	6.8000
E	504.296	90.000	44.9227	5.6067	0.0757	0.1110	0.0000	6.8000
dPolE	504.296	90.000	63.0329	1.0000	0.0000	6.8000
uR	504.296	90.000	0.0204	1.0000	0.0000	6.8000
E	505.911	90.000	45.0563	5.6809	0.0759	0.1113	0.0000	6.8000
dPolE	505.911	90.000	63.2381	1.0000	0.0000	6.8000
uR	505.911	90.000	0.0205	1.0000	0.0000	6.8000
E	507.526	90.000	44.9397	5.5519	0.0723	0.1059	0.0000	6.8000
dPolE	507.526	90.000	61.2404	1.0000	0.0000	6.8000
uR	507.526	90.000	0.0208	1.0000	0.0000	6.8000
E	509.141	90.000	44.8652	5.4594	0.0760	0.1107	0.0000	6.8000
dPolE	509.141	90.000	59.5198	1.0000	0.0000	6.8000
uR	509.141	90.000	0.0210	1.0000	0.0000	6.8000
E	510.756	90.000	44.9591	5.1736	0.0769	0.1110	0.0000	6.8000
dPolE	510.756	90.000	60.1419	1.0000	0.0000	6.8000
uR	510.756	90.000	0.0215	1.0000	0.0000	6.8000
E	512.372	90.000	44.7832	5.1881	0.0762	0.1087	0.0000	6.8000
dPolE	512.372	90.000	62.2059	1.0000	0.0000	6.8000
uR	512.372	90.000	0.0216	1.0000	0.0000	6.8000
E	513.987	90.000	45.2869	5.4333	0.0774	0.1094	0.0000	6.8000
dPolE	513.987	90.000	60.6489	1.0000	0.0000	6.8000
uR	513.987	90.000	0.0230	1.0000	0.0000	6.8000
E	515.602	90.000	44.7225	4.8271	0.0761	0.1066	0.0000	6.8000
dPolE	515.602	90.000	61.4590	1.0000	0.0000	6.8000
uR	515.602	90.000	0.0239	1.0000	0.0000	6.8000
E	517.217	90.000	44.8068	4.4301	0.0839	0.1168	0.0000	6.8000
dPolE	517.217	90.000	62.4604	1.0000	0.0000	6.8000
uR	517.217	90.000	0.0235	1.0000	0.0000	6.8000
E	518.832	90.000	45.1284	4.8590	0.0842	0.1170	0.0000	6.8000
dPolE	518.832	90.000	63.2587	1.0000	0.0000	6.8000
uR	518.832	90.000	0.0226	1.0000	0.0000	6.8000
E	520.447	90.000	44.8170	4.7568	0.0843	0.1170	0.0000	6.8000
dPolE	520.447	90.000	64.5552	1.0000	0.0000	6.8000
uR	520.447	90.000	0.0216	1.0000	0.0000	6.8000
E	522.062	90.000	44.9173	4.8207	0.0803	0.1117	0.0000	6.8000
dPolE	522.062	90.000	62.7189	1.0000	0.0000	6.8000
uR	522.062	90.000	0.0210	1.0000	0.0000	6.8000
E	523.677	90.000	44.9104	4.5984	0.0773	0.1074	0.0000	6.8000
dPolE	523.677	90.000	60.1077	1.0000	0.0000	6.8000
uR	523.677	90.000	0.0217	1.0000	0.0000	6.8000
E	525.292	90.000	44.6882	4.6077	0.0764	0.1059	0.0000	6.8000
dPolE	525.292	90.000	59.2598	1.0000	0.0000	6.8000
uR	525.292	90.000	0.0224	1.0000	0.0000	6.8000
E	526.907	90.000	44.7429	4.4725	0.0794	0.1096	0.0000	6.8000
dPolE	526.907	90.000	58.0075	1.0000	0.0000	6.8000
uR	526.907	90.000	0.0223	1.0000	0.0000	6.8000
E	528.521	90.000	44.9512	4.3552	0.0800	0.1096	0.0000	6.8000
dPolE	528.521	90.000	58.6009	1.0000	0.0000	6.8000
uR	528.521	90.000	0.0229	1.0000	0.0000	6.8000
E	530.136	90.000	44.8140	4.4457	0.0780	0.1058	0.0000	6.8000
dPolE	530.136	90.000	56.3393	1.0000	0.0000	6.8000
uR	530.136	90.000	0.0228	1.0000	0.0000	6.8000
E	531.751	90.000	44.9967	4.6848	0.0772	0.1037	0.0000	6.8000
dPolE	531.751	90.000	58.1448	1.0000	0.0000	6.8000
uR	531.751	90.000	0.0229	1.0000	0.0000	6.8000
E	533.366	90.000	45.2150	4.3692	0.0795	0.1058	0.0000	6.8000
dPolE	533.366	90.000	57.3193	1.0000	0.0000	6.8000
uR	533.366	90.000	0.0232	1.0000	0.0000	6.8000
E	534.980	90.000	44.6563	4.1269	0.0774	0.1022	0.0000	6.8000
dPolE	534.980	90.000	56.6213	1.0000	0.0000	6.8000
uR	534.980	90.000	0.0231	1.0000	0.0000	6.8000
E	536.595	90.000	44.8593	4.4755	0.0809	0.1065	0.0000	6.8000
dPolE	536.595	90.000	57.2421	1.0000	0.0000	6.8000
uR	536.595	90.000	0.0231	1.0000	0.0000	6.8000
E	538.210	90.000	44.7386	4.0902	0.0762	0.1001	0.0000	6.8000
dPolE	538.210	90.000	58.8564	1.0000	0.0000	6.8000
uR	538.210	90.000	0.0235	1.0000	0.0000	6.8000
E	539.824	90.000	45.0481	4.1042	0.0757	0.0995	0.0000	6.8000
dPolE	539.824	90.000	56.1777	1.0000	0.0000	6.8000
uR	539.824	90.000	0.0234	1.0000	0.0000	6.8000
E	541.439	90.000	45.0103	4.3404	0.0777	0.1023	0.0000	6.8000
dPolE	541.439	90.000	56.0603	1.0000	0.0000	6.8000
uR	541.439	90.000	0.0234	1.0000	0.0000	6.8000
E	543.053	90.000	44.7887	4.2680	0.0761	0.1002	0.0000	6.8000
dPolE	543.053	90.000	57.6859	1.0000	0.0000	6.8000
uR	543.053	90.000	0.0234	1.0000	0.0000	6.8000
E	544.668	90.000	44.7525	3.7568	0.0833	0.1093	0.0000	6.8000
dPolE	544.668	90.000	56.0008	1.0000	0.0000	6.8000
uR	544.668	90.000	0.0232	1.0000	0.0000	6.8000
E	546.282	90.000	45.0027	3.7547	0.0820	0.1070	0.0000	6.8000
dPolE	546.282	90.000	57.3469	1.0000	0.0000	6.8000
uR	546.282	90.000	0.0235	1.0000	0.0000	6.8000
E	547.896	90.000	44.8447	3.8468	0.0822	0.1065	0.0000	6.8000
dPolE	547.896	90.000	55.7002	1.0000	0.0000	6.8000
uR	547.896	90.000	0.0236	1.0000	0.0000	6.8000
E	549.511	90.000	44.9052	3.8659	0.0781	0.1004	0.0000	6.8000
dPolE	549.511	90.000	55.8772	1.0000	0.0000	6.8000
uR	549.511	90.000	0.0238	1.0000	0.0000	6.8000
E	551.125	90.000	44.8883	3.6841	0.0803	0.1020	0.0000	6.8000
dPolE	551.125	90.000	55.8895	1.0000	0.0000	6.8000
uR	551.125	90.000	0.0236	1.0000	0.0000	6.8000
E	552.739	90.000	44.5808	3.7191	0.0810	0.1021	0.0000	6.8000
dPolE	552.739	90.000	55.2278	1.0000	0.0000	6.8000
uR	552.739	90.000	0.0235	1.0000	0.0000	6.8000
E	554.353	90.000	44.6817	3.6286	0.0781	0.0978	0.0000	6.8000
dPolE	554.353	90.000	55.8842	1.0000	0.0000	6.8000
uR	554.353	90.000	0.0236	1.0000	0.0000	6.8000
E	555.968	90.000	44.7730	3.4354	0.0787	0.0980	0.0000	6.8000
dPolE	555.968	90.000	54.0304	1.0000	0.0000	6.8000
uR	555.968	90.000	0.0238	1.0000	0.0000	6.8000
E	557.582	90.000	44.7333	3.3813	0.0775	0.0962	0.0000	6.8000
dPolE	557.582	90.000	52.8990	1.0000	0.0000	6.8000
uR	557.582	90.000	0.0240	1.0000	0.0000	6.8000
E	559.196	90.000	45.0262	3.4980	0.0817	0.1013	0.0000	6.8000
dPolE	559.196	90.000	53.5910	1.0000	0.0000	6.8000
uR	559.196	90.000	0.0238	1.0000	0.0000	6.8000
E	560.810	90.000	44.8622	3.6242	0.0794	0.0985	0.0000	6.8000
dPolE	560.810	90.000	55.5553	1.0000	0.0000	6.8000
uR	560.810	90.000	0.0239	1.0000	0.0000	6.8000
E	562.424	90.000	44.8490	3.4832	0.0788	0.0978	0.0000	6.8000
dPolE	562.424	90.000	52.9348	1.0000	0.0000	6.8000
uR	562.424	90.000	0.0240	1.0000	0.0000	6.8000
E	564.038	90.000	44.9541	3.6386	0.0796	0.0988	0.0000	6.8000
dPolE	564.038	90.000	51.0571	1.0000	0.0000	6.8000
uR	564.038	90.000	0.0241	1.0000	0.0000	6.8000
E	565.651	90.000	44.8450	3.2151	0.0839	0.1038	0.0000	6.8000
dPolE	565.651	90.000	55.0547	1.0000	0.0000	6.8000
uR	565.651	90.000	0.0241	1.0000	0.0000	6.8000
E	567.265	90.000	45.0729	3.4293	0.0798	0.0984	0.0000	6.8000
dPolE	567.265	90.000	51.5795	1.0000	0.0000	6.8000
uR	567.265	90.000	0.0240	1.0000	0.0000	6.8000
E	568.879	90.000	45.1981	3.2896	0.0796	0.0974	0.0000	6.8000
dPolE	568.879	90.000	51.9714	1.0000	0.0000	6.8000
uR	568.879	90.000	0.0241	1.0000	0.0000	6.8000
E	570.493	90.000	44.7012	3.4350	0.0821	0.0997	0.0000	6.8000
dPolE	570.493	90.000	50.5698	1.0000	0.0000	6.8000
uR	570.493	90.000	0.0244	1.0000	0.0000	6.8000
E	572.106	90.000	44.7679	3.1374	0.0830	0.0999	0.0000	6.8000
dPolE	572.106	90.000	50.0844	1.0000	0.0000	6.8000
uR	572.106	90.000	0.0240	1.0000	0.0000	6.8000
E	573.720	90.000	45.0118	2.9997	0.0849	0.1013	0.0000	6.8000
dPolE	573.720	90.000	49.2082	1.0000	0.0000	6.8000
uR	573.720	90.000	0.0241	1.0000	0.0000	6.8000
E	575.333	90.000	44.8166	3.1167	0.0808	0.0956	0.0000	6.8000
dPolE	575.333	90.000	50.2285	1.0000	0.0000	6.8000
uR	575.333	90.000	0.0240	1.0000	0.0000	6.8000
E	576.947	90.000	45.0896	3.0666	0.0792	0.0932	0.0000	6.8000
dPolE	576.947	90.000	51.5813	1.0000	0.0000	6.8000
uR	576.947	90.000	0.0242	1.0000	0.0000	6.8000
E	578.560	90.000	44.9453	3.1516	0.0842	0.0986	0.0000	6.8000
dPolE	578.560	90.000	51.0800	1.0000	0.0000	6.8000
uR	578.560	90.000	0.0242	1.0000	0.0000	6.8000
E	580.174	90.000	44.7696	3.1918	0.0821	0.0958	0.0000	6.8000
dPolE	580.174	90.000	49.8669	1.0000	0.0000	6.8000
uR	580.174	90.000	0.0245	1.0000	0.0000	6.8000
E	581.787	90.000	45.2412	3.0817	0.0787	0.0919	0.0000	6.8000
dPolE	581.787	90.000	49.4733	1.0000	0.0000	6.8000
uR	581.787	90.000	0.0244	1.0000	0.0000	6.8000
E	583.400	90.000	44.7134	2.9147	0.0820	0.0957	0.0000	6.8000
dPolE	583.400	90.000	50.1572	1.0000	0.0000	6.8000
uR	583.400	90.000	0.0242	1.0000	0.0000	6.8000
E	585.014	90.000	45.0430	3.2827	0.0824	0.0963	0.0000	6.8000
dPolE	585.014	90.000	49.5673	1.0000	0.0000	6.8000
uR	585.014	90.000	0.0242	1.0000	0.0000	6.8000
E	586.627	90.000	44.9650	2.9120	0.0798	0.0931	0.0000	6.8000
dPolE	586.627	90.000	49.6811	1.0000	0.0000	6.8000
uR	586.627	90.000	0.0242	1.0000	0.0000	6.8000
E	588.240	90.000	44.9366	2.7975	0.0855	0.0995	0.0000	6.8000
dPolE	588.240	90.000	50.4144	1.0000	0.0000	6.8000
uR	588.240	90.000	0.0244	1.0000	0.0000	6.8000
E	589.853	90.000	44.8419	2.6090	0.0829	0.0961	0.0000	6.8000
dPolE	589.853	90.000	50.3289	1.0000	0.0000	6.8000
uR	589.853	90.000	0.0241	1.0000	0.0000	6.8000
E	591.466	90.000	44.9971	3.1287	0.0812	0.0936	0.0000	6.8000
dPolE	591.466	90.000	49.8457	1.0000	0.0000	6.8000
uR	591.466	90.000	0.0243	1.0000	0.0000	6.8000
E	593.079	90.000	44.7700	2.7602	0.0840	0.0962	0.0000	6.8000
dPolE	593.079	90.000	48.4623	1.0000	0.0000	6.8000
uR	593.079	90.000	0.0244	1.0000	0.0000	6.8000
E	594.692	90.000	45.0915	2.8185	0.0861	0.0977	0.0000	6.8000
dPolE	594.692	90.000	47.6917	1.0000	0.0000	6.8000
uR	594.692	90.000	0.0247	1.0000	0.0000	6.8000
E	596.305	90.000	44.7673	2.4145	0.0854	0.0961	0.0000	6.8000
dPolE	596.305	90.000	48.6149	1.0000	0.0000	6.8000
uR	596.305	90.000	0.0248	1.0000	0.0000	6.8000
E	597.918	90.000	44.9489	2.5923	0.0867	0.0970	0.0000	6.8000
dPolE	597.918	90.000	51.9179	1.0000	0.0000	6.8000
uR	597.918	90.000	0.0245	1.0000	0.0000	6.8000
E	599.530	90.000	44.6585	2.8779	0.0859	0.0955	0.0000	6.8000
dPolE	599.530	90.000	48.3376	1.0000	0.0000	6.8000
uR	599.530	90.000	0.0248	1.0000	0.0000	6.8000
E	601.143	90.000	45.2410	2.9019	0.0901	0.0997	0.0000	6.8000
dPolE	601.143	90.000	46.7561	1.0000	0.0000	6.8000
uR	601.143	90.000	0.0247	1.0000	0.0000	6.8000
E	602.755	90.000	44.7173	2.7045	0.0862	0.0949	0.0000	6.8000
dPolE	602.755	90.000	48.4744	1.0000	0.0000	6.8000
uR	602.755	90.000	0.0245	1.0000	0.0000	6.8000
E	604.368	90.000	44.9306	2.4283	0.0878	0.0962	0.0000	6.8000
dPolE	604.368	90.000	48.7698	1.0000	0.0000	6.8000
uR	604.368	90.000	0.0250	1.0000	0.0000	6.8000
E	605.981	90.000	44.8195	2.4828	0.0895	0.0982	0.0000	6.8000
dPolE	605.981	90.000	49.5386	1.0000	0.0000	6.8000
uR	605.981	90.000	0.0249	1.0000	0.0000	6.8000
E	607.593	90.000	44.5796	2.2673	0.0919	0.1008	0.0000	6.8000
dPolE	607.593	90.000	49.0177	1.0000	0.0000	6.8000
uR	607.593	90.000	0.0248	1.0000	0.0000	6.8000
E	609.205	90.000	44.9433	2.2219	0.0909	0.0996	0.0000	6.8000
dPolE	609.205	90.000	46.6480	1.0000	0.0000	6.8000
uR	609.205	90.000	0.0246	1.0000	0.0000	6.8000
E	610.818	90.000	45.1771	2.2472	0.0851	0.0933	0.0000	6.8000
dPolE	610.818	90.000	49.6108	1.0000	0.0000	6.8000
uR	610.818	90.000	0.0249	1.0000	0.0000	6.8000
E	612.430	90.000	45.0014	2.1093	0.0871	0.0952	0.0000	6.8000
dPolE	612.430	90.000	47.3501	1.0000	0.0000	6.8000
uR	612.430	90.000	0.0248	1.0000	0.0000	6.8000
E	614.042	90.000	44.7797	2.3278	0.0873	0.0953	0.0000	6.8000
dPolE	614.042	90.000	49.2389	1.0000	0.0000	6.8000
uR	614.042	90.000	0.0248	1.0000	0.0000	6.8000
E	615.654	90.000	45.1948	2.3771	0.0872	0.0947	0.0000	6.8000
dPolE	615.654	90.000	43.7219	1.0000	0.0000	6.8000
uR	615.654	90.000	0.0249	1.0000	0.0000	6.8000
E	617.266	90.000	44.7911	2.3155	0.0855	0.0923	0.0000	6.8000
dPolE	617.266	90.000	47.4015	1.0000	0.0000	6.8000
uR	617.266	90.000	0.0250	1.0000	0.0000	6.8000
E	618.878	90.000	44.9283	2.2343	0.0852	0.0915	0.0000	6.8000
dPolE	618.878	90.000	45.8717	1.0000	0.0000	6.8000
uR	618.878	90.000	0.0253	1.0000	0.0000	6.8000
E	620.490	90.000	45.1604	2.0949	0.0879	0.0936	0.0000	6.8000
dPolE	620.490	90.000	43.9781	1.0000	0.0000	6.8000
uR	620.490	90.000	0.0249	1.0000	0.0000	6.8000
E	622.102	90.000	44.7384	2.4922	0.0910	0.0963	0.0000	6.8000
dPolE	622.102	90.000	45.4793	1.0000	0.0000	6.8000
uR	622.102	90.000	0.0245	1.0000	0.0000	6.8000
E	623.714	90.000	44.6083	2.0713	0.0892	0.0936	0.0000	6.8000
dPolE	623.714	90.000	45.7254	1.0000	0.0000	6.8000
uR	623.714	90.000	0.0244	1.0000	0.0000	6.8000
E	625.325	90.000	44.8243	2.2274	0.0891	0.0929	0.0000	6.8000
dPolE	625.325	90.000	46.9919	1.0000	0.0000	6.8000
uR	625.325	90.000	0.0248	1.0000	0.0000	6.8000
E	626.937	90.000	44.7148	2.0841	0.0969	0.1005	0.0000	6.8000
dPolE	626.937	90.000	45.4357	1.0000	0.0000	6.8000
uR	626.937	90.000	0.0245	1.0000	0.0000	6.8000
E	628.548	90.000	44.8957	2.1714	0.0917	0.0947	0.0000	6.8000
dPolE	628.548	90.000	44.9077	1.0000	0.0000	6.8000
uR	628.548	90.000	0.0247	1.0000	0.0000	6.8000
E	630.160	90.000	44.9311	2.1437	0.0963	0.0991	0.0000	6.8000
dPolE	630.160	90.000	44.7364	1.0000	0.0000	6.8000
uR	630.160	90.000	0.0245	1.0000	0.0000	6.8000
E	631.771	90.000	44.8599	1.9477	0.1003	0.1032	0.0000	6.8000
dPolE	631.771	90.000	45.7470	1.0000	0.0000	6.8000
uR	631.771	90.000	0.0246	1.0000	0.0000	6.8000
E	633.383	90.000	45.0650	2.1460	0.0932	0.0959	0.0000	6.8000
dPolE	633.383	90.000	45.6570	1.0000	0.0000	6.8000
uR	633.383	90.000	0.0248	1.0000	0.0000	6.8000
E	634.994	90.000	45.1990	2.0898	0.0940	0.0965	0.0000	6.8000
dPolE	634.994	90.000	41.7714	1.0000	0.0000	6.8000
uR	634.994	90.000	0.0249	1.0000	0.0000	6.8000
E	636.605	90.000	44.8767	2.0817	0.0958	0.0984	0.0000	6.8000
dPolE	636.605	90.000	44.9695	1.0000	0.0000	6.8000
uR	636.605	90.000	0.0251	1.0000	0.0000	6.8000
E	638.216	90.000	44.8456	1.9290	0.0950	0.0975	0.0000	6.8000
dPolE	638.216	90.000	46.6797	1.0000	0.0000	6.8000
uR	638.216	90.000	0.0251	1.0000	0.0000	6.8000
E	639.827	90.000	44.9964	1.9459	0.0955	0.0978	0.0000	6.8000
dPolE	639.827	90.000	44.9486	1.0000	0.0000	6.8000
uR	639.827	90.000	0.0252	1.0000	0.0000	6.8000
E	641.438	90.000	45.0359	2.0675	0.0975	0.0996	0.0000	6.8000
dPolE	641.438	90.000	47.4195	1.0000	0.0000	6.8000
uR	641.438	90.000	0.0248	1.0000	0.0000	6.8000
E	643.049	90.000	44.9333	1.8677	0.1014	0.1032	0.0000	6.8000
dPolE	643.049	90.000	44.0786	1.0000	0.0000	6.8000
uR	643.049	90.000	0.0248	1.0000	0.0000	6.8000
E	644.660	90.000	45.0300	1.8001	0.0997	0.1010	0.0000	6.8000
dPolE	644.660	90.000	43.2129	1.0000	0.0000	6.8000
uR	644.660	90.000	0.0251	1.0000	0.0000	6.8000
E	646.271	90.000	44.9912	1.9386	0.0981	0.0988	0.0000	6.8000
dPolE	646.271	90.000	45.5657	1.0000	0.0000	6.8000
uR	646.271	90.000	0.0248	1.0000	0.0000	6.8000
E	647.881	90.000	44.9734	1.6988	0.0972	0.0972	0.0000	6.8000
dPolE	647.881	90.000	41.7368	1.0000	0.0000	6.8000
uR	647.881	90.000	0.0252	1.0000	0.0000	6.8000
E	649.492	90.000	45.1363	1.6362	0.0952	0.0945	0.0000	6.8000
dPolE	649.492	90.000	40.8306	1.0000	0.0000	6.8000
uR	649.492	90.000	0.0250	1.0000	0.0000	6.8000
E	651.103	90.000	44.9656	1.7461	0.0999	0.0985	0.0000	6.8000
dPolE	651.103	90.000	40.6079	1.0000	0.0000	6.8000
uR	651.103	90.000	0.0255	1.0000	0.0000	6.8000
E	652.713	90.000	44.8388	1.7384	0.0972	0.0953	0.0000	6.8000
dPolE	652.713	90.000	44.4075	1.0000	0.0000	6.8000
uR	652.713	90.000	0.0257	1.0000	0.0000	6.8000
E	654.323	90.000	44.9413	1.7578	0.0996	0.0970	0.0000	6.8000
dPolE	654.323	90.000	44.6434	1.0000	0.0000	6.8000
uR	654.323	90.000	0.0257	1.0000	0.0000	6.8000
E	655.934	90.000	44.8201	1.7753	0.1029	0.0998	0.0000	6.8000
dPolE	655.934	90.000	44.9243	1.0000	0.0000	6.8000
uR	655.934	90.000	0.0253	1.0000	0.0000	6.8000
E	657.544	90.000	44.8058	1.5319	0.1052	0.1017	0.0000	6.8000
dPolE	657.544	90.000	43.7912	1.0000	0.0000	6.8000
uR	657.544	90.000	0.0253	1.0000	0.0000	6.8000
E	659.154	90.000	44.8140	1.4197	0.1055	0.1017	0.0000	6.8000
dPolE	659.154	90.000	44.0383	1.0000	0.0000	6.8000
uR	659.154	90.000	0.0255	1.0000	0.0000	6.8000
E	660.764	90.000	44.8154	1.4048	0.1086	0.1045	0.0000	6.8000
dPolE	660.764	90.000	43.9287	1.0000	0.0000	6.8000
uR	660.764	90.000	0.0255	1.0000	0.0000	6.8000
E	662.374	90.000	45.0252	1.8823	0.1094	0.1053	0.0000	6.8000
dPolE	662.374	90.000	43.5701	1.0000	0.0000	6.8000
uR	662.374	90.000	0.0255	1.0000	0.0000	6.8000
E	663.984	90.000	44.8761	1.5731	0.1033	0.0993	0.0000	6.8000
dPolE	663.984	90.000	44.1338	1.0000	0.0000	6.8000
uR	663.984	90.000	0.0254	1.0000	0.0000	6.8000
E	665.594	90.000	44.8902	1.5170	0.1021	0.0982	0.0000	6.8000
dPolE	665.594	90.000	46.0697	1.0000	0.0000	6.8000
uR	665.594	90.000	0.0254	1.0000	0.0000	6.8000
E	667.204	90.000	45.1439	1.3090	0.1030	0.0989	0.0000	6.8000
dPolE	667.204	90.000	43.8524	1.0000	0.0000	6.8000
uR	667.204	90.000	0.0252	1.0000	0.0000	6.8000
E	668.813	90.000	45.2703	1.5542	0.1040	0.0997	0.0000	6.8000
dPolE	668.813	90.000	41.9826	1.0000	0.0000	6.8000
uR	668.813	90.000	0.0247	1.0000	0.0000	6.8000
E	670.423	90.000	44.8779	1.5978	0.1057	0.1011	0.0000	6.8000
dPolE	670.423	90.000	41.7883	1.0000	0.0000	6.8000
uR	670.423	90.000	0.0251	1.0000	0.0000	6.8000
E	672.032	90.000	44.7312	1.7551	0.1020	0.0974	0.0000	6.8000
dPolE	672.032	90.000	42.0249	1.0000	0.0000	6.8000
uR	672.032	90.000	0.0251	1.0000	0.0000	6.8000
E	673.642	90.000	44.8748	1.6214	0.1043	0.0994	0.0000	6.8000
dPolE	673.642	90.000	41.3202	1.0000	0.0000	6.8000
uR	673.642	90.000	0.0250	1.0000	0.0000	6.8000
E	675.251	90.000	44.8911	1.3855	0.0989	0.0937	0.0000	6.8000
dPolE	675.251	90.000	44.6463	1.0000	0.0000	6.8000
uR	675.251	90.000	0.0252	1.0000	0.0000	6.8000
E	676.860	90.000	44.8218	1.5443	0.1088	0.1025	0.0000	6.8000
dPolE	676.860	90.000	43.3097	1.0000	0.0000	6.8000
uR	676.860	90.000	0.0252	1.0000	0.0000	6.8000
E	678.469	90.000	44.9287	1.3310	0.1069	0.1000	0.0000	6.8000
dPolE	678.469	90.000	42.6141	1.0000	0.0000	6.8000
uR	678.469	90.000	0.0249	1.0000	0.0000	6.8000
E	680.079	90.000	44.8586	1.5045	0.1068	0.0994	0.0000	6.8000
dPolE	680.079	90.000	39.7542	1.0000	0.0000	6.8000
uR	680.079	90.000	0.0255	1.0000	0.0000	6.8000
E	681.688	90.000	44.6954	1.5803	0.0983	0.0909	0.0000	6.8000
dPolE	681.688	90.000	40.6105	1.0000	0.0000	6.8000
uR	681.688	90.000	0.0260	1.0000	0.0000	6.8000
E	683.296	90.000	44.5892	1.5402	0.1021	0.0938	0.0000	6.8000
dPolE	683.296	90.000	37.6360	1.0000	0.0000	6.8000
uR	683.296	90.000	0.0258	1.0000	0.0000	6.8000
E	684.905	90.000	45.0595	1.4903	0.1031	0.0941	0.0000	6.8000
dPolE	684.905	90.000	37.4307	1.0000	0.0000	6.8000
uR	684.905	90.000	0.0250	1.0000	0.0000	6.8000
E	686.514	90.000	44.8711	1.4152	0.0986	0.0895	0.0000	6.8000
dPolE	686.514	90.000	37.0887	1.0000	0.0000	6.8000
uR	686.514	90.000	0.0249	1.0000	0.0000	6.8000
E	688.123	90.000	45.1676	1.4153	0.1019	0.0922	0.0000	6.8000
dPolE	688.123	90.000	38.8213	1.0000	0.0000	6.8000
uR	688.123	90.000	0.0246	1.0000	0.0000	6.8000
E	689.731	90.000	45.0061	1.5856	0.1040	0.0938	0.0000	6.8000
dPolE	689.731	90.000	36.7547	1.0000	0.0000	6.8000
uR	689.731	90.000	0.0244	1.0000	0.0000	6.8000
E	691.340	90.000	44.8700	1.2104	0.1079	0.0970	0.0000	6.8000
dPolE	691.340	90.000	39.9365	1.0000	0.0000	6.8000
uR	691.340	90.000	0.0248	1.0000	0.0000	6.8000
E	692.948	90.000	45.1227	1.3042	0.1090	0.0978	0.0000	6.8000
dPolE	692.948	90.000	38.0570	1.0000	0.0000	6.8000
uR	692.948	90.000	0.0252	1.0000	0.0000	6.8000
E	694.556	90.000	44.9601	1.5471	0.1103	0.0989	0.0000	6.8000
dPolE	694.556	90.000	41.3449	1.0000	0.0000	6.8000
uR	694.556	90.000	0.0250	1.0000	0.0000	6.8000
E	696.164	90.000	44.8741	1.1610	0.1154	0.1035	0.0000	6.8000
dPolE	696.164	90.000	42.0500	1.0000	0.0000	6.8000
uR	696.164	90.000	0.0249	1.0000	0.0000	6.8000
E	697.772	90.000	44.9779	1.3739	0.1231	0.1104	0.0000	6.8000
dPolE	697.772	90.000	40.6406	1.0000	0.0000	6.8000
uR	697.772	90.000	0.0249	1.0000	0.0000	6.8000
E	699.380	90.000	45.0789	1.3394	0.1219	0.1093	0.0000	6.8000
dPolE	699.380	90.000	42.9128	1.0000	0.0000	6.8000
uR	699.380	90.000	0.0245	1.0000	0.0000	6.8000
E	700.988	90.000	44.8334	1.3933	0.1225	0.1096	0.0000	6.8000
dPolE	700.988	90.000	43.0620	1.0000	0.0000	6.8000
uR	700.988	90.000	0.0247	1.0000	0.0000	6.8000
E	702.596	90.000	45.2904	1.2870	0.1182	0.1056	0.0000	6.8000
dPolE	702.596	90.000	41.9628	1.0000	0.0000	6.8000
uR	702.596	90.000	0.0249	1.0000	0.0000	6.8000
E	704.204	90.000	45.0328	1.5682	0.1245	0.1111	0.0000	6.8000
dPolE	704.204	90.000	42.8557	1.0000	0.0000	6.8000
uR	704.204	90.000	0.0246	1.0000	0.0000	6.8000
E	705.811	90.000	44.6794	1.4321	0.1255	0.1113	0.0000	6.8000
dPolE	705.811	90.000	44.4830	1.0000	0.0000	6.8000
uR	705.811	90.000	0.0248	1.0000	0.0000	6.8000
E	707.419	90.000	45.1481	1.4641	0.1223	0.1084	0.0000	6.8000
dPolE	707.419	90.000	42.5547	1.0000	0.0000	6.8000
uR	707.419	90.000	0.0253	1.0000	0.0000	6.8000
E	709.026	90.000	45.3419	1.5138	0.1237	0.1092	0.0000	6.8000
dPolE	709.026	90.000	38.2725	1.0000	0.0000	6.8000
uR	709.026	90.000	0.0254	1.0000	0.0000	6.8000
E	710.634	90.000	44.4873	1.3317	0.1094	0.0961	0.0000	6.8000
dPolE	710.634	90.000	39.8372	1.0000	0.0000	6.8000
uR	710.634	90.000	0.0265	1.0000	0.0000	6.8000
E	712.241	90.000	44.7887	1.1359	0.1199	0.1048	0.0000	6.8000
dPolE	712.241	90.000	40.4354	1.0000	0.0000	6.8000
uR	712.241	90.000	0.0282	1.0000	0.0000	6.8000
E	713.848	90.000	44.6750	1.2602	0.1334	0.1158	0.0000	6.8000
dPolE	713.848	90.000	41.9961	1.0000	0.0000	6.8000
uR	713.848	90.000	0.0277	1.0000	0.0000	6.8000
E	715.455	90.000	44.9243	0.9852	0.1449	0.1250	0.0000	6.8000
dPolE	715.455	90.000	46.6266	1.0000	0.0000	6.8000
uR	715.455	90.000	0.0241	1.0000	0.0000	6.8000
E	717.062	90.000	44.6695	1.1294	0.1407	0.1208	0.0000	6.8000
dPolE	717.062	90.000	45.0422	1.0000	0.0000	6.8000
uR	717.062	90.000	0.0228	1.0000	0.0000	6.8000
E	718.669	90.000	44.8710	1.0213	0.1270	0.1086	0.0000	6.8000
dPolE	718.669	90.000	42.2074	1.0000	0.0000	6.8000
uR	718.669	90.000	0.0241	1.0000	0.0000	6.8000
E	720.276	90.000	44.8024	1.4192	0.1307	0.1113	0.0000	6.8000
dPolE	720.276	90.000	44.4540	1.0000	0.0000	6.8000
uR	720.276	90.000	0.0259	1.0000	0.0000	6.8000
E	721.882	90.000	45.1186	1.1580	0.1309	0.1109	0.0000	6.8000
dPolE	721.882	90.000	46.3414	1.0000	0.0000	6.8000
uR	721.882	90.000	0.0256	1.0000	0.0000	6.8000
E	723.489	90.000	45.1207	1.0822	0.1423	0.1200	0.0000	6.8000
dPolE	723.489	90.000	40.4816	1.0000	0.0000	6.8000
uR	723.489	90.000	0.0254	1.0000	0.0000	6.8000
E	725.095	90.000	44.8393	0.7380	0.1364	0.1147	0.0000	6.8000
dPolE	725.095	90.000	43.4232	1.0000	0.0000	6.8000
uR	725.095	90.000	0.0259	1.0000	0.0000	6.8000
E	726.701	90.000	45.0145	1.1703	0.1363	0.1143	0.0000	6.8000
dPolE	726.701	90.000	41.0354	1.0000	0.0000	6.8000
uR	726.701	90.000	0.0263	1.0000	0.0000	6.8000
E	728.308	90.000	45.1383	1.1150	0.1313	0.1100	0.0000	6.8000
dPolE	728.308	90.000	40.7108	1.0000	0.0000	6.8000
uR	728.308	90.000	0.0260	1.0000	0.0000	6.8000
E	729.914	90.000	45.0635	1.0601	0.1320	0.1103	0.0000	6.8000
dPolE	729.914	90.000	38.7834	1.0000	0.0000	6.8000
uR	729.914	90.000	0.0257	1.0000	0.0000	6.8000
E	731.520	90.000	45.4901	0.9533	0.1231	0.1029	0.0000	6.8000
dPolE	731.520	90.000	36.8907	1.0000	0.0000	6.8000
uR	731.520	90.000	0.0259	1.0000	0.0000	6.8000
E	733.126	90.000	44.5392	0.9181	0.1206	0.1008	0.0000	6.8000
dPolE	733.126	90.000	37.6950	1.0000	0.0000	6.8000
uR	733.126	90.000	0.0261	1.0000	0.0000	6.8000
E	734.732	90.000	45.3433	1.0268	0.1275	0.1065	0.0000	6.8000
dPolE	734.732	90.000	34.9341	1.0000	0.0000	6.8000
uR	734.732	90.000	0.0261	1.0000	0.0000	6.8000
E	736.337	90.000	44.9622	1.1941	0.1246	0.1041	0.0000	6.8000
dPolE	736.337	90.000	41.5901	1.0000	0.0000	6.8000
uR	736.337	90.000	0.0261	1.0000	0.0000	6.8000
E	737.943	90.000	44.9022	1.1694	0.1293	0.1079	0.0000	6.8000
dPolE	737.943	90.000	41.6943	1.0000	0.0000	6.8000
uR	737.943	90.000	0.0257	1.0000	0.0000	6.8000
E	739.548	90.000	44.9501	0.8402	0.1364	0.1134	0.0000	6.8000
dPolE	739.548	90.000	36.4956	1.0000	0.0000	6.8000
uR	739.548	90.000	0.0260	1.0000	0.0000	6.8000
E	741.154	90.000	44.7907	1.1031	0.1293	0.1075	0.0000	6.8000
dPolE	741.154	90.000	37.5618	1.0000	0.0000	6.8000
uR	741.154	90.000	0.0260	1.0000	0.0000	6.8000
E	742.759	90.000	45.1061	0.9357	0.1345	0.1115	0.0000	6.8000
dPolE	742.759	90.000	37.7363	1.0000	0.0000	6.8000
uR	742.759	90.000	0.0253	1.0000	0.0000	6.8000
E	744.364	90.000	44.9119	0.8047	0.1387	0.1145	0.0000	6.8000
dPolE	744.364	90.000	36.6665	1.0000	0.0000	6.8000
uR	744.364	90.000	0.0256	1.0000	0.0000	6.8000
E	745.969	90.000	44.9510	1.2084	0.1396	0.1148	0.0000	6.8000
dPolE	745.969	90.000	39.9804	1.0000	0.0000	6.8000
uR	745.969	90.000	0.0263	1.0000	0.0000	6.8000
E	747.574	90.000	44.9817	1.1958	0.1357	0.1112	0.0000	6.8000
dPolE	747.574	90.000	39.6972	1.0000	0.0000	6.8000
uR	747.574	90.000	0.0259	1.0000	0.0000	6.8000
E	749.179	90.000	44.9769	0.9291	0.1411	0.1150	0.0000	6.8000
dPolE	749.179	90.000	42.1752	1.0000	0.0000	6.8000
uR	749.179	90.000	0.0258	1.0000	0.0000	6.8000
E	750.784	90.000	45.4257	1.1010	0.1383	0.1123	0.0000	6.8000
dPolE	750.784	90.000	38.3039	1.0000	0.0000	6.8000
uR	750.784	90.000	0.0252	1.0000	0.0000	6.8000
E	752.388	90.000	44.9457	1.1568	0.1519	0.1226	0.0000	6.8000
dPolE	752.388	90.000	41.1763	1.0000	0.0000	6.8000
uR	752.388	90.000	0.0249	1.0000	0.0000	6.8000
E	753.993	90.000	44.9136	0.7098	0.1484	0.1191	0.0000	6.8000
dPolE	753.993	90.000	43.9691	1.0000	0.0000	6.8000
uR	753.993	90.000	0.0246	1.0000	0.0000	6.8000
E	755.597	90.000	45.0901	1.0836	0.1474	0.1177	0.0000	6.8000
dPolE	755.597	90.000	36.6001	1.0000	0.0000	6.8000
uR	755.597	90.000	0.0256	1.0000	0.0000	6.8000
E	757.202	90.000	44.9515	0.9949	0.1467	0.1169	0.0000	6.8000
dPolE	757.202	90.000	41.0913	1.0000	0.0000	6.8000
uR	757.202	90.000	0.0249	1.0000	0.0000	6.8000
E	758.806	90.000	45.4869	0.6956	0.1466	0.1160	0.0000	6.8000
dPolE	758.806	90.000	41.9525	1.0000	0.0000	6.8000
uR	758.806	90.000	0.0243	1.0000	0.0000	6.8000
E	760.410	90.000	44.9302	0.6328	0.1436	0.1133	0.0000	6.8000
dPolE	760.410	90.000	39.2569	1.0000	0.0000	6.8000
uR	760.410	90.000	0.0238	1.0000	0.0000	6.8000
E	762.014	90.000	44.6409	0.8309	0.1365	0.1070	0.0000	6.8000
dPolE	762.014	90.000	37.7064	1.0000	0.0000	6.8000
uR	762.014	90.000	0.0242	1.0000	0.0000	6.8000
E	763.618	90.000	44.9126	0.9317	0.1164	0.0911	0.0000	6.8000
dPolE	763.618	90.000	27.7860	1.0000	0.0000	6.8000
uR	763.618	90.000	0.0255	1.0000	0.0000	6.8000
E	765.221	90.000	44.9576	0.6795	0.1053	0.0823	0.0000	6.8000
dPolE	765.221	90.000	29.5496	1.0000	0.0000	6.8000
uR	765.221	90.000	0.0254	1.0000	0.0000	6.8000
E	766.825	90.000	44.8902	0.8222	0.1134	0.0884	0.0000	6.8000
dPolE	766.825	90.000	30.1575	1.0000	0.0000	6.8000
uR	766.825	90.000	0.0252	1.0000	0.0000	6.8000
E	768.429	90.000	44.8832	0.6955	0.1335	0.1039	0.0000	6.8000
dPolE	768.429	90.000	38.5988	1.0000	0.0000	6.8000
uR	768.429	90.000	0.0244	1.0000	0.0000	6.8000
E	770.032	90.000	44.6510	0.7124	0.1471	0.1143	0.0000	6.8000
dPolE	770.032	90.000	44.2950	1.0000	0.0000	6.8000
uR	770.032	90.000	0.0251	1.0000	0.0000	6.8000
E	771.635	90.000	44.9641	0.8922	0.1608	0.1249	0.0000	6.8000
dPolE	771.635	90.000	40.3204	1.0000	0.0000	6.8000
uR	771.635	90.000	0.0260	1.0000	0.0000	6.8000
E	773.238	90.000	44.6206	0.5809	0.1675	0.1301	0.0000	6.8000
dPolE	773.238	90.000	41.1938	1.0000	0.0000	6.8000
uR	773.238	90.000	0.0264	1.0000	0.0000	6.8000
E	774.841	90.000	45.0537	0.5159	0.1754	0.1361	0.0000	6.8000
dPolE	774.841	90.000	41.1600	1.0000	0.0000	6.8000
uR	774.841	90.000	0.0266	1.0000	0.0000	6.8000
E	776.444	90.000	45.1576	0.7708	0.1822	0.1413	0.0000	6.8000
dPolE	776.444	90.000	45.8664	1.0000	0.0000	6.8000
uR	776.444	90.000	0.0269	1.0000	0.0000	6.8000
E	778.047	90.000	45.1353	1.1263	0.1824	0.1410	0.0000	6.8000
dPolE	778.047	90.000	45.0848	1.0000	0.0000	6.8000
uR	778.047	90.000	0.0270	1.0000	0.0000	6.8000
E	779.650	90.000	45.0420	1.0459	0.1799	0.1390	0.0000	6.8000
dPolE	779.650	90.000	45.8458	1.0000	0.0000	6.8000
uR	779.650	90.000	0.0275	1.0000	0.0000	6.8000
E	781.252	90.000	45.3962	0.9229	0.1767	0.1366	0.0000	6.8000
dPolE	781.252	90.000	42.6941	1.0000	0.0000	6.8000
uR	781.252	90.000	0.0282	1.0000	0.0000	6.8000
E	782.855	90.000	45.1481	0.8188	0.1761	0.1357	0.0000	6.8000
dPolE	782.855	90.000	47.8269	1.0000	0.0000	6.8000
uR	782.855	90.000	0.0293	1.0000	0.0000	6.8000
E	784.457	90.000	45.0073	0.9056	0.1808	0.1393	0.0000	6.8000
dPolE	784.457	90.000	42.6977	1.0000	0.0000	6.8000
uR	784.457	90.000	0.0291	1.0000	0.0000	6.8000
E	786.059	90.000	45.3353	0.4318	0.1800	0.1381	0.0000	6.8000
dPolE	786.059	90.000	41.5895	1.0000	0.0000	6.8000
uR	786.059	90.000	0.0286	1.0000	0.0000	6.8000
E	787.661	90.000	45.1410	0.7374	0.1729	0.1316	0.0000	6.8000
dPolE	787.661	90.000	42.2253	1.0000	0.0000	6.8000
uR	787.661	90.000	0.0270	1.0000	0.0000	6.8000
E	789.263	90.000	44.4125	0.7710	0.1613	0.1230	0.0000	6.8000
dPolE	789.263	90.000	44.1016	1.0000	0.0000	6.8000
uR	789.263	90.000	0.0264	1.0000	0.0000	6.8000
E	790.865	90.000	45.0125	0.8157	0.1588	0.1203	0.0000	6.8000
dPolE	790.865	90.000	43.6638	1.0000	0.0000	6.8000
uR	790.865	90.000	0.0252	1.0000	0.0000	6.8000
E	792.467	90.000	45.3848	1.1851	0.1639	0.1241	0.0000	6.8000
dPolE	792.467	90.000	40.6980	1.0000	0.0000	6.8000
uR	792.467	90.000	0.0253	1.0000	0.0000	6.8000
E	794.068	90.000	44.9771	0.5266	0.1770	0.1330	0.0000	6.8000
dPolE	794.068	90.000	45.8400	1.0000	0.0000	6.8000
uR	794.068	90.000	0.0254	1.0000	0.0000	6.8000
E	795.670	90.000	45.1253	0.5451	0.1789	0.1338	0.0000	6.8000
dPolE	795.670	90.000	42.1949	1.0000	0.0000	6.8000
uR	795.670	90.000	0.0261	1.0000	0.0000	6.8000
E	797.271	90.000	45.1780	0.3850	0.1695	0.1265	0.0000	6.8000
dPolE	797.271	90.000	40.5360	1.0000	0.0000	6.8000
uR	797.271	90.000	0.0270	1.0000	0.0000	6.8000
E	798.872	90.000	44.7979	0.3571	0.1692	0.1256	0.0000	6.8000
dPolE	798.872	90.000	36.1721	1.0000	0.0000	6.8000
uR	798.872	90.000	0.0272	1.0000	0.0000	6.8000
E	800.473	90.000	45.3437	0.7810	0.1620	0.1200	0.0000	6.8000
dPolE	800.473	90.000	39.1269	1.0000	0.0000	6.8000
uR	800.473	90.000	0.0274	1.0000	0.0000	6.8000
E	802.074	90.000	45.1274	0.6312	0.1813	0.1335	0.0000	6.8000
dPolE	802.074	90.000	40.8253	1.0000	0.0000	6.8000
uR	802.074	90.000	0.0267	1.0000	0.0000	6.8000
E	803.675	90.000	44.7335	0.7140	0.1679	0.1229	0.0000	6.8000
dPolE	803.675	90.000	44.9680	1.0000	0.0000	6.8000
uR	803.675	90.000	0.0274	1.0000	0.0000	6.8000
E	805.276	90.000	45.0465	0.5174	0.1816	0.1325	0.0000	6.8000
dPolE	805.276	90.000	41.5142	1.0000	0.0000	6.8000
uR	805.276	90.000	0.0273	1.0000	0.0000	6.8000
E	806.876	90.000	44.5257	0.5347	0.1798	0.1311	0.0000	6.8000
dPolE	806.876	90.000	45.1431	1.0000	0.0000	6.8000
uR	806.876	90.000	0.0260	1.0000	0.0000	6.8000
E	808.477	90.000	45.3790	0.8148	0.1772	0.1289	0.0000	6.8000
dPolE	808.477	90.000	42.0660	1.0000	0.0000	6.8000
uR	808.477	90.000	0.0253	1.0000	0.0000	6.8000
E	810.077	90.000	44.7440	0.4300	0.1843	0.1336	0.0000	6.8000
dPolE	810.077	90.000	41.6543	1.0000	0.0000	6.8000
uR	810.077	90.000	0.0261	1.0000	0.0000	6.8000
E	811.677	90.000	45.4621	0.4973	0.1697	0.1227	0.0000	6.8000
dPolE	811.677	90.000	38.7553	1.0000	0.0000	6.8000
uR	811.677	90.000	0.0277	1.0000	0.0000	6.8000
E	813.277	90.000	45.0891	0.3437	0.1830	0.1324	0.0000	6.8000
dPolE	813.277	90.000	41.6285	1.0000	0.0000	6.8000
uR	813.277	90.000	0.0258	1.0000	0.0000	6.8000
E	814.877	90.000	45.0173	0.5584	0.1728	0.1248	0.0000	6.8000
dPolE	814.877	90.000	40.3714	1.0000	0.0000	6.8000
uR	814.877	90.000	0.0254	1.0000	0.0000	6.8000
E	816.477	90.000	45.0109	0.7035	0.1724	0.1242	0.0000	6.8000
dPolE	816.477	90.000	37.1515	1.0000	0.0000	6.8000
uR	816.477	90.000	0.0256	1.0000	0.0000	6.8000
E	818.077	90.000	44.7721	0.7180	0.1500	0.1082	0.0000	6.8000
dPolE	818.077	90.000	33.0040	1.0000	0.0000	6.8000
uR	818.077	90.000	0.0240	1.0000	0.0000	6.8000
E	819.676	90.000	45.0120	0.5885	0.1129	0.0813	0.0000	6.8000
dPolE	819.676	90.000	25.5701	1.0000	0.0000	6.8000
uR	819.676	90.000	0.0209	1.0000	0.0000	6.8000
E	821.276	90.000	44.8426	0.6560	0.0741	0.0533	0.0000	6.8000
dPolE	821.276	90.000	12.1598	1.0000	0.0000	6.8000
uR	821.276	90.000	0.0216	1.0000	0.0000	6.8000
E	822.875	90.000	44.9702	0.5288	0.0509	0.0366	0.0000	6.8000
dPolE	822.875	90.000	7.1129	1.0000	0.0000	6.8000
uR	822.875	90.000	0.0240	1.0000	0.0000	6.8000
E	824.474	90.000	44.9449	0.5174	0.0433	0.0311	0.0000	6.8000
dPolE	824.474	90.000	3.3783	1.0000	0.0000	6.8000
uR	824.474	90.000	0.0256	1.0000	0.0000	6.8000
E	826.073	90.000	44.9479	0.4908	0.0484	0.0347	0.0000	6.8000
dPolE	826.073	90.000	3.7404	1.0000	0.0000	6.8000
uR	826.073	90.000	0.0250	1.0000	0.0000	6.8000
E	827.672	90.000	45.0504	0.5849	0.0599	0.0429	0.0000	6.8000
dPolE	827.672	90.000	6.6626	1.0000	0.0000	6.8000
uR	827.672	90.000	0.0243	1.0000	0.0000	6.8000
E	829.271	90.000	44.9031	0.4325	0.0649	0.0464	0.0000	6.8000
dPolE	829.271	90.000	8.9793	1.0000	0.0000	6.8000
uR	829.271	90.000	0.0258	1.0000	0.0000	6.8000
E	830.869	90.000	44.9190	0.4629	0.0777	0.0554	0.0000	6.8000
dPolE	830.869	90.000	15.8091	1.0000	0.0000	6.8000
uR	830.869	90.000	0.0242	1.0000	0.0000	6.8000
E	832.468	90.000	45.0239	0.5894	0.0995	0.0709	0.0000	6.8000
dPolE	832.468	90.000	26.1200	1.0000	0.0000	6.8000
uR	832.468	90.000	0.0224	1.0000	0.0000	6.8000
E	834.066	90.000	44.9390	0.5995	0.0974	0.0692	0.0000	6.8000
dPolE	834.066	90.000	21.1312	1.0000	0.0000	6.8000
uR	834.066	90.000	0.0234	1.0000	0.0000	6.8000
E	835.664	90.000	44.9275	0.5802	0.0952	0.0674	0.0000	6.8000
dPolE	835.664	90.000	19.4832	1.0000	0.0000	6.8000
uR	835.664	90.000	0.0246	1.0000	0.0000	6.8000
E	837.262	90.000	44.8015	0.4304	0.1057	0.0746	0.0000	6.8000
dPolE	837.262	90.000	22.4942	1.0000	0.0000	6.8000
uR	837.262	90.000	0.0250	1.0000	0.0000	6.8000
E	838.860	90.000	44.5862	0.5231	0.1241	0.0872	0.0000	6.8000
dPolE	838.860	90.000	29.9173	1.0000	0.0000	6.8000
uR	838.860	90.000	0.0247	1.0000	0.0000	6.8000
E	840.458	90.000	44.9653	0.4965	0.1290	0.0901	0.0000	6.8000
dPolE	840.458	90.000	40.0556	1.0000	0.0000	6.8000
uR	840.458	90.000	0.0252	1.0000	0.0000	6.8000
E	842.055	90.000	45.3876	0.3086	0.1375	0.0960	0.0000	6.8000
dPolE	842.055	90.000	39.3184	1.0000	0.0000	6.8000
uR	842.055	90.000	0.0268	1.0000	0.0000	6.8000
E	843.653	90.000	44.5887	0.6172	0.1521	0.1059	0.0000	6.8000
dPolE	843.653	90.000	45.2099	1.0000	0.0000	6.8000
uR	843.653	90.000	0.0256	1.0000	0.0000	6.8000
E	845.250	90.000	44.5934	0.5026	0.1917	0.1325	0.0000	6.8000
dPolE	845.250	90.000	54.9187	1.0000	0.0000	6.8000
uR	845.250	90.000	0.0246	1.0000	0.0000	6.8000
E	846.847	90.000	44.8380	0.0052	0.2210	0.1520	0.0000	6.8000
dPolE	846.847	90.000	52.3514	1.0000	0.0000	6.8000
uR	846.847	90.000	0.0255	1.0000	0.0000	6.8000
E	848.444	90.000	44.7012	0.8462	0.2352	0.1614	0.0000	6.8000
dPolE	848.444	90.000	55.9358	1.0000	0.0000	6.8000
uR	848.444	90.000	0.0268	1.0000	0.0000	6.8000
E	850.041	90.000	45.0544	0.4026	0.2520	0.1721	0.0000	6.8000
dPolE	850.041	90.000	60.1141	1.0000	0.0000	6.8000
uR	850.041	90.000	0.0280	1.0000	0.0000	6.8000
E	851.638	90.000	43.6891	0.3898	0.2575	0.1754	0.0000	6.8000
dPolE	851.638	90.000	62.2770	1.0000	0.0000	6.8000
uR	851.638	90.000	0.0267	1.0000	0.0000	6.8000
E	853.234	90.000	45.1817	0.0661	0.2728	0.1848	0.0000	6.8000
dPolE	853.234	90.000	57.9071	1.0000	0.0000	6.8000
uR	853.234	90.000	0.0268	1.0000	0.0000	6.8000
E	854.831	90.000	45.3286	0.8437	0.2808	0.1894	0.0000	6.8000
dPolE	854.831	90.000	53.4273	1.0000	0.0000	6.8000
uR	854.831	90.000	0.0264	1.0000	0.0000	6.8000
E	856.427	90.000	45.2726	0.2804	0.2689	0.1814	0.0000	6.8000
dPolE	856.427	90.000	64.1777	1.0000	0.0000	6.8000
uR	856.427	90.000	0.0237	1.0000	0.0000	6.8000
E	858.023	90.000	44.6934	0.9695	0.2620	0.1764	0.0000	6.8000
dPolE	858.023	90.000	52.2567	1.0000	0.0000	6.8000
uR	858.023	90.000	0.0268	1.0000	0.0000	6.8000
E	859.619	90.000	44.9280	0.3012	0.2726	0.1826	0.0000	6.8000
dPolE	859.619	90.000	55.8881	1.0000	0.0000	6.8000
uR	859.619	90.000	0.0245	1.0000	0.0000	6.8000
E	861.215	90.000	44.4136	0.6662	0.2574	0.1724	0.0000	6.8000
dPolE	861.215	90.000	51.7568	1.0000	0.0000	6.8000
uR	861.215	90.000	0.0259	1.0000	0.0000	6.8000
E	862.811	90.000	44.8618	0.4705	0.2450	0.1639	0.0000	6.8000
dPolE	862.811	90.000	48.6659	1.0000	0.0000	6.8000
uR	862.811	90.000	0.0262	1.0000	0.0000	6.8000
E	864.407	90.000	44.8266	0.4487	0.2281	0.1522	0.0000	6.8000
dPolE	864.407	90.000	50.9025	1.0000	0.0000	6.8000
uR	864.407	90.000	0.0264	1.0000	0.0000	6.8000
E	866.002	90.000	44.5476	0.1167	0.2261	0.1508	0.0000	6.8000
dPolE	866.002	90.000	45.6566	1.0000	0.0000	6.8000
uR	866.002	90.000	0.0270	1.0000	0.0000	6.8000
E	867.597	90.000	45.1257	0.2404	0.2154	0.1437	0.0000	6.8000
dPolE	867.597	90.000	37.3545	1.0000	0.0000	6.8000
uR	867.597	90.000	0.0268	1.0000	0.0000	6.8000
E	869.192	90.000	44.4056	0.2443	0.2191	0.1460	0.0000	6.8000
dPolE	869.192	90.000	35.1889	1.0000	0.0000	6.8000
uR	869.192	90.000	0.0268	1.0000	0.0000	6.8000
E	870.787	90.000	44.8794	0.4356	0.1906	0.1270	0.0000	6.8000
dPolE	870.787	90.000	35.8358	1.0000	0.0000	6.8000
uR	870.787	90.000	0.0261	1.0000	0.0000	6.8000
E	872.382	90.000	44.8719	359.9597	0.1856	0.1234	0.0000	6.8000
dPolE	872.382	90.000	33.9226	1.0000	0.0000	6.8000
uR	872.382	90.000	0.0248	1.0000	0.0000	6.8000
E	873.977	90.000	45.0204	0.7167	0.1694	0.1129	0.0000	6.8000
dPolE	873.977	90.000	30.0220	1.0000	0.0000	6.8000
uR	873.977	90.000	0.0248	1.0000	0.0000	6.8000
E	875.571	90.000	44.5096	0.5097	0.1612	0.1073	0.0000	6.8000
dPolE	875.571	90.000	32.2544	1.0000	0.0000	6.8000
uR	875.571	90.000	0.0240	1.0000	0.0000	6.8000
E	877.166	90.000	44.9818	0.2517	0.1279	0.0850	0.0000	6.8000
dPolE	877.166	90.000	30.2128	1.0000	0.0000	6.8000
uR	877.166	90.000	0.0221	1.0000	0.0000	6.8000
E	878.760	90.000	44.7771	0.3845	0.0948	0.0630	0.0000	6.8000
dPolE	878.760	90.000	17.7714	1.0000	0.0000	6.8000
uR	878.760	90.000	0.0217	1.0000	0.0000	6.8000
E	880.354	90.000	45.1168	0.4291	0.0650	0.0431	0.0000	6.8000
dPolE	880.354	90.000	6.3854	1.0000	0.0000	6.8000
uR	880.354	90.000	0.0229	1.0000	0.0000	6.8000
E	881.948	90.000	44.9515	0.4852	0.0524	0.0346	0.0000	6.8000
dPolE	881.948	90.000	4.6138	1.0000	0.0000	6.8000
uR	881.948	90.000	0.0253	1.0000	0.0000	6.8000
E	883.542	90.000	44.8518	0.3328	0.0501	0.0330	0.0000	6.8000
dPolE	883.542	90.000	4.2525	1.0000	0.0000	6.8000
uR	883.542	90.000	0.0266	1.0000	0.0000	6.8000
E	885.135	90.000	44.8216	0.4210	0.0584	0.0385	0.0000	6.8000
dPolE	885.135	90.000	4.6767	1.0000	0.0000	6.8000
uR	885.135	90.000	0.0249	1.0000	0.0000	6.8000
E	886.729	90.000	44.8648	0.3859	0.0751	0.0493	0.0000	6.8000
dPolE	886.729	90.000	10.4377	1.0000	0.0000	6.8000
uR	886.729	90.000	0.0234	1.0000	0.0000	6.8000
E	888.322	90.000	45.0197	0.2540	0.0973	0.0638	0.0000	6.8000
dPolE	888.322	90.000	20.4678	1.0000	0.0000	6.8000
uR	888.322	90.000	0.0233	1.0000	0.0000	6.8000
E	889.915	90.000	44.8528	0.4562	0.1128	0.0737	0.0000	6.8000
dPolE	889.915	90.000	25.9606	1.0000	0.0000	6.8000
uR	889.915	90.000	0.0225	1.0000	0.0000	6.8000
E	891.508	90.000	44.9253	0.4855	0.1130	0.0735	0.0000	6.8000
dPolE	891.508	90.000	20.1709	1.0000	0.0000	6.8000
uR	891.508	90.000	0.0242	1.0000	0.0000	6.8000
E	893.101	90.000	44.8942	0.3726	0.1066	0.0691	0.0000	6.8000
dPolE	893.101	90.000	17.6262	1.0000	0.0000	6.8000
uR	893.101	90.000	0.0240	1.0000	0.0000	6.8000
E	894.694	90.000	44.8029	0.2938	0.0896	0.0578	0.0000	6.8000
dPolE	894.694	90.000	16.6231	1.0000	0.0000	6.8000
uR	894.694	90.000	0.0252	1.0000	0.0000	6.8000
E	896.286	90.000	45.0577	0.2623	0.0879	0.0565	0.0000	6.8000
dPolE	896.286	90.000	15.1544	1.0000	0.0000	6.8000
uR	896.286	90.000	0.0256	1.0000	0.0000	6.8000
E	897.879	90.000	45.0239	0.2984	0.0930	0.0596	0.0000	6.8000
dPolE	897.879	90.000	14.8617	1.0000	0.0000	6.8000
uR	897.879	90.000	0.0252	1.0000	0.0000	6.8000
E	899.471	90.000	45.1388	0.2606	0.1112	0.0710	0.0000	6.8000
dPolE	899.471	90.000	22.8543	1.0000	0.0000	6.8000
uR	899.471	90.000	0.0240	1.0000	0.0000	6.8000
E	901.063	90.000	44.7178	0.3499	0.1154	0.0733	0.0000	6.8000
dPolE	901.063	90.000	21.2275	1.0000	0.0000	6.8000
uR	901.063	90.000	0.0236	1.0000	0.0000	6.8000
E	902.655	90.000	44.8932	0.3305	0.1094	0.0693	0.0000	6.8000
dPolE	902.655	90.000	16.1899	1.0000	0.0000	6.8000
uR	902.655	90.000	0.0249	1.0000	0.0000	6.8000
E	904.247	90.000	44.7699	0.3447	0.0950	0.0600	0.0000	6.8000
dPolE	904.247	90.000	15.0599	1.0000	0.0000	6.8000
uR	904.247	90.000	0.0261	1.0000	0.0000	6.8000
E	905.838	90.000	44.8878	0.3250	0.0929	0.0585	0.0000	6.8000
dPolE	905.838	90.000	16.8238	1.0000	0.0000	6.8000
uR	905.838	90.000	0.0254	1.0000	0.0000	6.8000
E	907.429	90.000	44.7580	0.1926	0.1061	0.0667	0.0000	6.8000
dPolE	907.429	90.000	21.2894	1.0000	0.0000	6.8000
uR	907.429	90.000	0.0242	1.0000	0.0000	6.8000
E	909.021	90.000	44.8721	0.2860	0.1278	0.0803	0.0000	6.8000
dPolE	909.021	90.000	26.8274	1.0000	0.0000	6.8000
uR	909.021	90.000	0.0223	1.0000	0.0000	6.8000
E	910.612	90.000	44.7815	0.2737	0.1504	0.0938	0.0000	6.8000
dPolE	910.612	90.000	29.5188	1.0000	0.0000	6.8000
uR	910.612	90.000	0.0221	1.0000	0.0000	6.8000
E	912.203	90.000	44.5796	0.3998	0.1365	0.0851	0.0000	6.8000
dPolE	912.203	90.000	30.0701	1.0000	0.0000	6.8000
uR	912.203	90.000	0.0215	1.0000	0.0000	6.8000
E	913.793	90.000	44.8501	0.1647	0.1085	0.0674	0.0000	6.8000
dPolE	913.793	90.000	19.8049	1.0000	0.0000	6.8000
uR	913.793	90.000	0.0225	1.0000	0.0000	6.8000
E	915.384	90.000	44.8722	0.2358	0.0879	0.0545	0.0000	6.8000
dPolE	915.384	90.000	12.5720	1.0000	0.0000	6.8000
uR	915.384	90.000	0.0236	1.0000	0.0000	6.8000
E	916.974	90.000	45.0716	0.3142	0.0792	0.0490	0.0000	6.8000
dPolE	916.974	90.000	11.4577	1.0000	0.0000	6.8000
uR	916.974	90.000	0.0244	1.0000	0.0000	6.8000
E	918.565	90.000	45.1130	0.3233	0.0892	0.0551	0.0000	6.8000
dPolE	918.565	90.000	13.0940	1.0000	0.0000	6.8000
uR	918.565	90.000	0.0247	1.0000	0.0000	6.8000
E	920.155	90.000	45.1433	0.1414	0.1036	0.0640	0.0000	6.8000
dPolE	920.155	90.000	18.6345	1.0000	0.0000	6.8000
uR	920.155	90.000	0.0233	1.0000	0.0000	6.8000
E	921.745	90.000	44.9547	0.2798	0.1273	0.0784	0.0000	6.8000
dPolE	921.745	90.000	26.1021	1.0000	0.0000	6.8000
uR	921.745	90.000	0.0235	1.0000	0.0000	6.8000
E	923.334	90.000	44.8407	0.2030	0.1501	0.0925	0.0000	6.8000
dPolE	923.334	90.000	25.0623	1.0000	0.0000	6.8000
uR	923.334	90.000	0.0254	1.0000	0.0000	6.8000
E	924.924	90.000	44.7462	0.5174	0.1781	0.1095	0.0000	6.8000
dPolE	924.924	90.000	36.5581	1.0000	0.0000	6.8000
uR	924.924	90.000	0.0238	1.0000	0.0000	6.8000
E	926.513	90.000	44.9042	0.4617	0.2036	0.1250	0.0000	6.8000
dPolE	926.513	90.000	46.2693	1.0000	0.0000	6.8000
uR	926.513	90.000	0.0236	1.0000	0.0000	6.8000
E	928.103	90.000	44.8317	0.3053	0.2240	0.1375	0.0000	6.8000
dPolE	928.103	90.000	43.0422	1.0000	0.0000	6.8000
uR	928.103	90.000	0.0241	1.0000	0.0000	6.8000
E	929.692	90.000	44.4662	0.1685	0.2255	0.1380	0.0000	6.8000
dPolE	929.692	90.000	46.9101	1.0000	0.0000	6.8000
uR	929.692	90.000	0.0250	1.0000	0.0000	6.8000
E	931.280	90.000	45.3914	359.8009	0.2356	0.1446	0.0000	6.8000
dPolE	931.280	90.000	43.7669	1.0000	0.0000	6.8000
uR	931.280	90.000	0.0249	1.0000	0.0000	6.8000
E	932.869	90.000	44.8202	0.0599	0.2476	0.1517	0.0000	6.8000
dPolE	932.869	90.000	38.4035	1.0000	0.0000	6.8000
uR	932.869	90.000	0.0262	1.0000	0.0000	6.8000
E	934.458	90.000	44.5748	0.3271	0.2295	0.1401	0.0000	6.8000
dPolE	934.458	90.000	44.9294	1.0000	0.0000	6.8000
uR	934.458	90.000	0.0257	1.0000	0.0000	6.8000
E	936.046	90.000	44.7820	0.1373	0.2279	0.1392	0.0000	6.8000
dPolE	936.046	90.000	40.9285	1.0000	0.0000	6.8000
uR	936.046	90.000	0.0258	1.0000	0.0000	6.8000
E	937.634	90.000	45.0627	0.3938	0.2068	0.1263	0.0000	6.8000
dPolE	937.634	90.000	38.4202	1.0000	0.0000	6.8000
uR	937.634	90.000	0.0244	1.0000	0.0000	6.8000
E	939.222	90.000	45.3108	0.0153	0.2149	0.1311	0.0000	6.8000
dPolE	939.222	90.000	38.1246	1.0000	0.0000	6.8000
uR	939.222	90.000	0.0253	1.0000	0.0000	6.8000
E	940.810	90.000	44.7624	359.7523	0.2208	0.1336	0.0000	6.8000
dPolE	940.810	90.000	41.4109	1.0000	0.0000	6.8000
uR	940.810	90.000	0.0249	1.0000	0.0000	6.8000
E	942.398	90.000	44.7926	0.2013	0.2436	0.1470	0.0000	6.8000
dPolE	942.398	90.000	45.3337	1.0000	0.0000	6.8000
uR	942.398	90.000	0.0242	1.0000	0.0000	6.8000
E	943.985	90.000	45.1413	0.4446	0.2567	0.1558	0.0000	6.8000
dPolE	943.985	90.000	39.2354	1.0000	0.0000	6.8000
uR	943.985	90.000	0.0249	1.0000	0.0000	6.8000
E	945.573	90.000	45.3569	0.4116	0.2523	0.1528	0.0000	6.8000
dPolE	945.573	90.000	43.2191	1.0000	0.0000	6.8000
uR	945.573	90.000	0.0254	1.0000	0.0000	6.8000
E	947.160	90.000	44.6873	0.2787	0.2556	0.1545	0.0000	6.8000
dPolE	947.160	90.000	36.5638	1.0000	0.0000	6.8000
uR	947.160	90.000	0.0246	1.0000	0.0000	6.8000
E	948.747	90.000	44.5364	0.1262	0.2368	0.1424	0.0000	6.8000
dPolE	948.747	90.000	40.9150	1.0000	0.0000	6.8000
uR	948.747	90.000	0.0248	1.0000	0.0000	6.8000
E	950.334	90.000	44.9521	0.0354	0.2283	0.1372	0.0000	6.8000
dPolE	950.334	90.000	37.2332	1.0000	0.0000	6.8000
uR	950.334	90.000	0.0257	1.0000	0.0000	6.8000
E	951.920	90.000	45.0091	0.1232	0.2337	0.1397	0.0000	6.8000
dPolE	951.920	90.000	38.3657	1.0000	0.0000	6.8000
uR	951.920	90.000	0.0251	1.0000	0.0000	6.8000
E	953.507	90.000	44.7158	0.3845	0.2408	0.1436	0.0000	6.8000
dPolE	953.507	90.000	43.6125	1.0000	0.0000	6.8000
uR	953.507	90.000	0.0249	1.0000	0.0000	6.8000
E	955.093	90.000	45.4172	0.0426	0.2639	0.1565	0.0000	6.8000
dPolE	955.093	90.000	37.7953	1.0000	0.0000	6.8000
uR	955.093	90.000	0.0250	1.0000	0.0000	6.8000
E	956.679	90.000	44.4932	0.2605	0.2836	0.1687	0.0000	6.8000
dPolE	956.679	90.000	46.6108	1.0000	0.0000	6.8000
uR	956.679	90.000	0.0247	1.0000	0.0000	6.8000
E	958.265	90.000	44.7559	0.4422	0.3077	0.1822	0.0000	6.8000
dPolE	958.265	90.000	52.8516	1.0000	0.0000	6.8000
uR	958.265	90.000	0.0249	1.0000	0.0000	6.8000
E	959.851	90.000	44.7215	0.3092	0.3402	0.2003	0.0000	6.8000
dPolE	959.851	90.000	53.0058	1.0000	0.0000	6.8000
uR	959.851	90.000	0.0252	1.0000	0.0000	6.8000
E	961.436	90.000	45.5843	0.7557	0.3267	0.1920	0.0000	6.8000
dPolE	961.436	90.000	61.7013	1.0000	0.0000	6.8000
uR	961.436	90.000	0.0237	1.0000	0.0000	6.8000
E	963.022	90.000	44.0270	0.2904	0.3280	0.1926	0.0000	6.8000
dPolE	963.022	90.000	64.7763	1.0000	0.0000	6.8000
uR	963.022	90.000	0.0236	1.0000	0.0000	6.8000
E	964.607	90.000	43.5118	359.8136	0.3377	0.1975	0.0000	6.8000
dPolE	964.607	90.000	56.5012	1.0000	0.0000	6.8000
uR	964.607	90.000	0.0246	1.0000	0.0000	6.8000
E	966.192	90.000	44.5332	0.0710	0.3176	0.1851	0.0000	6.8000
dPolE	966.192	90.000	54.8037	1.0000	0.0000	6.8000
uR	966.192	90.000	0.0247	1.0000	0.0000	6.8000
E	967.777	90.000	45.5015	0.1102	0.3023	0.1751	0.0000	6.8000
dPolE	967.777	90.000	49.5324	1.0000	0.0000	6.8000
uR	967.777	90.000	0.0239	1.0000	0.0000	6.8000
E	969.361	90.000	45.0037	359.9515	0.2803	0.1621	0.0000	6.8000
dPolE	969.361	90.000	36.9190	1.0000	0.0000	6.8000
uR	969.361	90.000	0.0257	1.0000	0.0000	6.8000
E	970.946	90.000	45.1836	0.1974	0.2512	0.1447	0.0000	6.8000
dPolE	970.946	90.000	34.5973	1.0000	0.0000	6.8000
uR	970.946	90.000	0.0261	1.0000	0.0000	6.8000
E	972.530	90.000	45.3595	0.4419	0.2287	0.1318	0.0000	6.8000
dPolE	972.530	90.000	35.7383	1.0000	0.0000	6.8000
uR	972.530	90.000	0.0257	1.0000	0.0000	6.8000
E	974.114	90.000	44.5787	0.1761	0.2294	0.1320	0.0000	6.8000
dPolE	974.114	90.000	38.1621	1.0000	0.0000	6.8000
uR	974.114	90.000	0.0233	1.0000	0.0000	6.8000
E	975.698	90.000	44.8536	0.3645	0.1975	0.1131	0.0000	6.8000
dPolE	975.698	90.000	32.4884	1.0000	0.0000	6.8000
uR	975.698	90.000	0.0227	1.0000	0.0000	6.8000
E	977.282	90.000	44.7974	0.2156	0.1601	0.0914	0.0000	6.8000
dPolE	977.282	90.000	27.6488	1.0000	0.0000	6.8000
uR	977.282	90.000	0.0240	1.0000	0.0000	6.8000
E	978.865	90.000	45.0072	0.0791	0.1481	0.0842	0.0000	6.8000
dPolE	978.865	90.000	18.5547	1.0000	0.0000	6.8000
uR	978.865	90.000	0.0242	1.0000	0.0000	6.8000
E	980.449	90.000	44.8196	0.0732	0.1445	0.0821	0.0000	6.8000
dPolE	980.449	90.000	20.8266	1.0000	0.0000	6.8000
uR	980.449	90.000	0.0238	1.0000	0.0000	6.8000
E	982.032	90.000	45.1475	0.4426	0.1586	0.0904	0.0000	6.8000
dPolE	982.032	90.000	22.0109	1.0000	0.0000	6.8000
uR	982.032	90.000	0.0243	1.0000	0.0000	6.8000
E	983.615	90.000	45.0682	0.0344	0.1821	0.1036	0.0000	6.8000
dPolE	983.615	90.000	27.3424	1.0000	0.0000	6.8000
uR	983.615	90.000	0.0221	1.0000	0.0000	6.8000
E	985.198	90.000	44.8568	0.0601	0.2139	0.1214	0.0000	6.8000
dPolE	985.198	90.000	35.5169	1.0000	0.0000	6.8000
uR	985.198	90.000	0.0219	1.0000	0.0000	6.8000
E	986.780	90.000	44.8938	0.0347	0.2234	0.1270	0.0000	6.8000
dPolE	986.780	90.000	37.2724	1.0000	0.0000	6.8000
uR	986.780	90.000	0.0213	1.0000	0.0000	6.8000
E	988.363	90.000	45.3476	0.1873	0.1973	0.1118	0.0000	6.8000
dPolE	988.363	90.000	31.0476	1.0000	0.0000	6.8000
uR	988.363	90.000	0.0230	1.0000	0.0000	6.8000
E	989.945	90.000	45.0082	0.1839	0.1745	0.0988	0.0000	6.8000
dPolE	989.945	90.000	29.5379	1.0000	0.0000	6.8000
uR	989.945	90.000	0.0227	1.0000	0.0000	6.8000
E	991.527	90.000	45.1549	0.2795	0.1677	0.0946	0.0000	6.8000
dPolE	991.527	90.000	26.8884	1.0000	0.0000	6.8000
uR	991.527	90.000	0.0244	1.0000	0.0000	6.8000
E	993.109	90.000	44.8741	0.1113	0.1677	0.0947	0.0000	6.8000
dPolE	993.109	90.000	22.9793	1.0000	0.0000	6.8000
uR	993.109	90.000	0.0239	1.0000	0.0000	6.8000
E	994.690	90.000	44.7157	0.1784	0.1690	0.0952	0.0000	6.8000
dPolE	994.690	90.000	24.2732	1.0000	0.0000	6.8000
uR	994.690	90.000	0.0236	1.0000	0.0000	6.8000
E	996.272	90.000	44.6512	0.1040	0.1877	0.1057	0.0000	6.8000
dPolE	996.272	90.000	30.0711	1.0000	0.0000	6.8000
uR	996.272	90.000	0.0237	1.0000	0.0000	6.8000
E	997.853	90.000	44.2813	0.1186	0.2358	0.1324	0.0000	6.8000
dPolE	997.853	90.000	38.4803	1.0000	0.0000	6.8000
uR	997.853	90.000	0.0223	1.0000	0.0000	6.8000
E	999.434	90.000	44.7730	359.8631	0.2692	0.1510	0.0000	6.8000
dPolE	999.434	90.000	44.1467	1.0000	0.0000	6.8000
uR	999.434	90.000	0.0226	1.0000	0.0000	6.8000
