
FM-removed
XY-Scan
nm
E	210.379	90.000	55.7154	111.5843	0.2666	0.5723	0.0000	6.8000
dPolE	210.379	90.000	99.9873	1.0000	0.0000	6.8000
uR	210.379	90.000	0.0240	1.0000	0.0000	6.8000
E	211.990	90.000	40.2492	157.2437	0.2806	0.5480	0.0000	6.8000
dPolE	211.990	90.000	99.9251	1.0000	0.0000	6.8000
uR	211.990	90.000	0.0208	1.0000	0.0000	6.8000
E	213.602	90.000	33.4758	218.1320	0.2531	0.5304	0.0000	6.8000
dPolE	213.602	90.000	99.9593	1.0000	0.0000	6.8000
uR	213.602	90.000	0.0118	1.0000	0.0000	6.8000
E	215.214	90.000	63.4697	154.3769	0.2355	0.5506	0.0000	6.8000
dPolE	215.214	90.000	99.9711	1.0000	0.0000	6.8000
uR	215.214	90.000	0.0098	1.0000	0.0000	6.8000
E	216.826	90.000	89.9900	359.4337	0.2697	1363.0978	0.0000	6.8000
dPolE	216.826	90.000	99.9714	1.0000	0.0000	6.8000
uR	216.826	90.000	0.0099	1.0000	0.0000	6.8000
E	218.438	90.000	10.6025	328.3194	0.2705	1.3851	0.0000	6.8000
dPolE	218.438	90.000	99.9991	1.0000	0.0000	6.8000
uR	218.438	90.000	0.0047	1.0000	0.0000	6.8000
E	220.050	90.000	13.7694	16.6559	0.2739	1.0031	0.0000	6.8000
dPolE	220.050	90.000	99.9161	1.0000	0.0000	6.8000
uR	220.050	90.000	0.0072	1.0000	0.0000	6.8000
E	221.662	90.000	26.0336	207.7537	0.2447	0.5295	0.0000	6.8000
dPolE	221.662	90.000	99.9992	1.0000	0.0000	6.8000
uR	221.662	90.000	0.0047	1.0000	0.0000	6.8000
E	223.274	90.000	45.6232	79.3140	0.2729	0.5420	0.0000	6.8000
dPolE	223.274	90.000	99.9691	1.0000	0.0000	6.8000
uR	223.274	90.000	0.0041	1.0000	0.0000	6.8000
E	224.886	90.000	14.2332	33.9444	0.2742	1.0083	0.0000	6.8000
dPolE	224.886	90.000	99.9685	1.0000	0.0000	6.8000
uR	224.886	90.000	0.0040	1.0000	0.0000	6.8000
E	226.498	90.000	23.8879	222.5502	0.2808	0.6836	0.0000	6.8000
dPolE	226.498	90.000	99.9999	1.0000	0.0000	6.8000
uR	226.498	90.000	0.0028	1.0000	0.0000	6.8000
E	228.111	90.000	54.1030	230.8605	0.2549	0.4837	0.0000	6.8000
dPolE	228.111	90.000	99.9982	1.0000	0.0000	6.8000
uR	228.111	90.000	0.0025	1.0000	0.0000	6.8000
E	229.723	90.000	18.4142	13.4629	0.2912	0.6694	0.0000	6.8000
dPolE	229.723	90.000	99.9827	1.0000	0.0000	6.8000
uR	229.723	90.000	0.0018	1.0000	0.0000	6.8000
E	231.335	90.000	53.5657	46.4769	0.2893	0.5206	0.0000	6.8000
dPolE	231.335	90.000	99.9863	1.0000	0.0000	6.8000
uR	231.335	90.000	0.0028	1.0000	0.0000	6.8000
E	232.948	90.000	41.9828	185.6667	0.2844	0.3573	0.0000	6.8000
dPolE	232.948	90.000	99.9999	1.0000	0.0000	6.8000
uR	232.948	90.000	0.0014	1.0000	0.0000	6.8000
E	234.560	90.000	52.4335	165.5052	0.2880	0.3793	0.0000	6.8000
dPolE	234.560	90.000	99.9990	1.0000	0.0000	6.8000
uR	234.560	90.000	0.0018	1.0000	0.0000	6.8000
E	236.173	90.000	79.6081	30.7308	0.2947	1.2943	0.0000	6.8000
dPolE	236.173	90.000	99.9232	1.0000	0.0000	6.8000
uR	236.173	90.000	0.0028	1.0000	0.0000	6.8000
E	237.786	90.000	27.8820	200.9311	0.3019	0.4768	0.0000	6.8000
dPolE	237.786	90.000	99.8922	1.0000	0.0000	6.8000
uR	237.786	90.000	0.0019	1.0000	0.0000	6.8000
E	239.398	90.000	11.9411	300.7942	0.2389	1.4071	0.0000	6.8000
dPolE	239.398	90.000	99.9678	1.0000	0.0000	6.8000
uR	239.398	90.000	0.0009	1.0000	0.0000	6.8000
E	241.011	90.000	49.6622	169.5757	0.3121	0.3606	0.0000	6.8000
dPolE	241.011	90.000	99.8946	1.0000	0.0000	6.8000
uR	241.011	90.000	0.0016	1.0000	0.0000	6.8000
E	242.624	90.000	64.3634	354.7153	0.3205	0.4486	0.0000	6.8000
dPolE	242.624	90.000	99.8897	1.0000	0.0000	6.8000
uR	242.624	90.000	0.0015	1.0000	0.0000	6.8000
E	244.237	90.000	24.0037	177.0229	0.3173	0.4559	0.0000	6.8000
dPolE	244.237	90.000	99.9237	1.0000	0.0000	6.8000
uR	244.237	90.000	0.0012	1.0000	0.0000	6.8000
E	245.850	90.000	62.3814	209.3599	0.3144	0.5285	0.0000	6.8000
dPolE	245.850	90.000	99.9787	1.0000	0.0000	6.8000
uR	245.850	90.000	0.0010	1.0000	0.0000	6.8000
E	247.463	90.000	54.9977	0.0087	0.3040	0.3357	0.0000	6.8000
dPolE	247.463	90.000	99.9778	1.0000	0.0000	6.8000
uR	247.463	90.000	0.0010	1.0000	0.0000	6.8000
E	249.076	90.000	47.8672	329.9027	0.3278	0.4422	0.0000	6.8000
dPolE	249.076	90.000	99.9239	1.0000	0.0000	6.8000
uR	249.076	90.000	0.0013	1.0000	0.0000	6.8000
E	250.689	90.000	80.4441	271.9731	0.1986	2.0785	0.0000	6.8000
dPolE	250.689	90.000	99.9835	1.0000	0.0000	6.8000
uR	250.689	90.000	0.0008	1.0000	0.0000	6.8000
E	252.302	90.000	15.2360	173.5039	0.3256	0.6658	0.0000	6.8000
dPolE	252.302	90.000	99.8018	1.0000	0.0000	6.8000
uR	252.302	90.000	0.0015	1.0000	0.0000	6.8000
E	253.916	90.000	66.0161	339.1597	0.2937	0.4775	0.0000	6.8000
dPolE	253.916	90.000	99.9986	1.0000	0.0000	6.8000
uR	253.916	90.000	0.0006	1.0000	0.0000	6.8000
E	255.529	90.000	70.4061	118.3901	0.2430	0.8681	0.0000	6.8000
dPolE	255.529	90.000	99.9633	1.0000	0.0000	6.8000
uR	255.529	90.000	0.0007	1.0000	0.0000	6.8000
E	257.142	90.000	89.9900	180.3864	0.3203	921.2575	0.0000	6.8000
dPolE	257.142	90.000	99.9384	1.0000	0.0000	6.8000
uR	257.142	90.000	0.0012	1.0000	0.0000	6.8000
E	258.756	90.000	52.2485	184.9370	0.3019	0.3162	0.0000	6.8000
dPolE	258.756	90.000	99.8966	1.0000	0.0000	6.8000
uR	258.756	90.000	0.0012	1.0000	0.0000	6.8000
E	260.369	90.000	35.8603	204.2495	0.3157	0.4113	0.0000	6.8000
dPolE	260.369	90.000	99.8948	1.0000	0.0000	6.8000
uR	260.369	90.000	0.0012	1.0000	0.0000	6.8000
E	261.983	90.000	14.2427	319.3925	0.2551	0.9285	0.0000	6.8000
dPolE	261.983	90.000	99.9923	1.0000	0.0000	6.8000
uR	261.983	90.000	0.0008	1.0000	0.0000	6.8000
E	263.596	90.000	26.3824	168.5564	0.2980	0.4000	0.0000	6.8000
dPolE	263.596	90.000	99.9971	1.0000	0.0000	6.8000
uR	263.596	90.000	0.0004	1.0000	0.0000	6.8000
E	265.210	90.000	26.3686	244.7673	0.2818	0.7473	0.0000	6.8000
dPolE	265.210	90.000	99.9978	1.0000	0.0000	6.8000
uR	265.210	90.000	0.0010	1.0000	0.0000	6.8000
E	266.823	90.000	13.3459	40.6112	0.2558	0.9955	0.0000	6.8000
dPolE	266.823	90.000	99.9698	1.0000	0.0000	6.8000
uR	266.823	90.000	0.0006	1.0000	0.0000	6.8000
E	268.437	90.000	89.9900	270.5884	0.1531	1714.9984	0.0000	6.8000
dPolE	268.437	90.000	99.9711	1.0000	0.0000	6.8000
uR	268.437	90.000	0.0008	1.0000	0.0000	6.8000
E	270.051	90.000	27.5821	169.9173	0.2679	0.3509	0.0000	6.8000
dPolE	270.051	90.000	99.9796	1.0000	0.0000	6.8000
uR	270.051	90.000	0.0007	1.0000	0.0000	6.8000
E	271.665	90.000	35.3578	3.0551	0.2667	0.2943	0.0000	6.8000
dPolE	271.665	90.000	99.9496	1.0000	0.0000	6.8000
uR	271.665	90.000	0.0007	1.0000	0.0000	6.8000
E	273.279	90.000	65.8535	17.9575	0.2812	0.4476	0.0000	6.8000
dPolE	273.279	90.000	99.9018	1.0000	0.0000	6.8000
uR	273.279	90.000	0.0009	1.0000	0.0000	6.8000
E	274.892	90.000	74.5788	70.0350	0.2095	1.0745	0.0000	6.8000
dPolE	274.892	90.000	99.9711	1.0000	0.0000	6.8000
uR	274.892	90.000	0.0008	1.0000	0.0000	6.8000
E	276.506	90.000	64.7644	156.0168	0.2483	0.4180	0.0000	6.8000
dPolE	276.506	90.000	99.9275	1.0000	0.0000	6.8000
uR	276.506	90.000	0.0008	1.0000	0.0000	6.8000
E	278.120	90.000	80.0234	189.0479	0.2711	0.8852	0.0000	6.8000
dPolE	278.120	90.000	99.9740	1.0000	0.0000	6.8000
uR	278.120	90.000	0.0004	1.0000	0.0000	6.8000
E	279.734	90.000	68.2365	350.5937	0.2701	0.4412	0.0000	6.8000
dPolE	279.734	90.000	99.9411	1.0000	0.0000	6.8000
uR	279.734	90.000	0.0007	1.0000	0.0000	6.8000
E	281.349	90.000	56.5733	226.1847	0.2594	0.4736	0.0000	6.8000
dPolE	281.349	90.000	99.9537	1.0000	0.0000	6.8000
uR	281.349	90.000	0.0005	1.0000	0.0000	6.8000
E	282.963	90.000	16.7853	244.3759	0.2078	0.8983	0.0000	6.8000
dPolE	282.963	90.000	99.9734	1.0000	0.0000	6.8000
uR	282.963	90.000	0.0005	1.0000	0.0000	6.8000
E	284.577	90.000	25.9132	115.1192	0.2305	0.6195	0.0000	6.8000
dPolE	284.577	90.000	99.9788	1.0000	0.0000	6.8000
uR	284.577	90.000	0.0004	1.0000	0.0000	6.8000
E	286.191	90.000	76.8868	0.0846	0.2474	0.6337	0.0000	6.8000
dPolE	286.191	90.000	99.9790	1.0000	0.0000	6.8000
uR	286.191	90.000	0.0004	1.0000	0.0000	6.8000
E	287.805	90.000	34.5094	26.9635	0.2328	0.3433	0.0000	6.8000
dPolE	287.805	90.000	99.9767	1.0000	0.0000	6.8000
uR	287.805	90.000	0.0006	1.0000	0.0000	6.8000
E	289.420	90.000	19.5115	95.5217	0.1787	0.7296	0.0000	6.8000
dPolE	289.420	90.000	99.9950	1.0000	0.0000	6.8000
uR	289.420	90.000	0.0003	1.0000	0.0000	6.8000
E	291.034	90.000	58.0816	199.3120	0.2365	0.3414	0.0000	6.8000
dPolE	291.034	90.000	99.9435	1.0000	0.0000	6.8000
uR	291.034	90.000	0.0006	1.0000	0.0000	6.8000
E	292.649	90.000	6.5982	244.3619	0.1514	1.7585	0.0000	6.8000
dPolE	292.649	90.000	99.9999	1.0000	0.0000	6.8000
uR	292.649	90.000	0.0003	1.0000	0.0000	6.8000
E	294.263	90.000	22.4144	330.0431	0.2175	0.4635	0.0000	6.8000
dPolE	294.263	90.000	99.9993	1.0000	0.0000	6.8000
uR	294.263	90.000	0.0004	1.0000	0.0000	6.8000
E	295.877	90.000	21.7086	176.1867	0.2337	0.4152	0.0000	6.8000
dPolE	295.877	90.000	99.9643	1.0000	0.0000	6.8000
uR	295.877	90.000	0.0007	1.0000	0.0000	6.8000
E	297.492	90.000	16.3456	323.9736	0.2167	0.6712	0.0000	6.8000
dPolE	297.492	90.000	99.9943	1.0000	0.0000	6.8000
uR	297.492	90.000	0.0010	1.0000	0.0000	6.8000
E	299.107	90.000	66.0981	269.5662	0.1660	0.5267	0.0000	6.8000
dPolE	299.107	90.000	99.9851	1.0000	0.0000	6.8000
uR	299.107	90.000	0.0006	1.0000	0.0000	6.8000
E	300.721	90.000	64.2342	137.3974	0.2097	0.4653	0.0000	6.8000
dPolE	300.721	90.000	99.9834	1.0000	0.0000	6.8000
uR	300.721	90.000	0.0003	1.0000	0.0000	6.8000
E	302.336	90.000	59.3463	359.5215	0.2041	0.2972	0.0000	6.8000
dPolE	302.336	90.000	99.9985	1.0000	0.0000	6.8000
uR	302.336	90.000	0.0003	1.0000	0.0000	6.8000
E	303.950	90.000	64.1812	39.1252	0.1876	0.4042	0.0000	6.8000
dPolE	303.950	90.000	99.9911	1.0000	0.0000	6.8000
uR	303.950	90.000	0.0004	1.0000	0.0000	6.8000
E	305.565	90.000	31.2667	318.2628	0.2059	0.3944	0.0000	6.8000
dPolE	305.565	90.000	99.9992	1.0000	0.0000	6.8000
uR	305.565	90.000	0.0004	1.0000	0.0000	6.8000
E	307.180	90.000	74.0667	355.6983	0.1927	0.4863	0.0000	6.8000
dPolE	307.180	90.000	99.9782	1.0000	0.0000	6.8000
uR	307.180	90.000	0.0004	1.0000	0.0000	6.8000
E	308.795	90.000	32.1332	211.1255	0.1895	0.3300	0.0000	6.8000
dPolE	308.795	90.000	99.9846	1.0000	0.0000	6.8000
uR	308.795	90.000	0.0004	1.0000	0.0000	6.8000
E	310.410	90.000	77.6399	201.8202	0.1840	0.6670	0.0000	6.8000
dPolE	310.410	90.000	99.9878	1.0000	0.0000	6.8000
uR	310.410	90.000	0.0003	1.0000	0.0000	6.8000
E	312.024	90.000	5.2551	226.7509	0.1662	1.8507	0.0000	6.8000
dPolE	312.024	90.000	99.9875	1.0000	0.0000	6.8000
uR	312.024	90.000	0.0004	1.0000	0.0000	6.8000
E	313.639	90.000	19.8675	133.0340	0.1657	0.4938	0.0000	6.8000
dPolE	313.639	90.000	99.9858	1.0000	0.0000	6.8000
uR	313.639	90.000	0.0005	1.0000	0.0000	6.8000
E	315.254	90.000	44.3851	319.7172	0.1885	0.3177	0.0000	6.8000
dPolE	315.254	90.000	99.9893	1.0000	0.0000	6.8000
uR	315.254	90.000	0.0002	1.0000	0.0000	6.8000
E	316.869	90.000	26.9646	321.3505	0.1844	0.3951	0.0000	6.8000
dPolE	316.869	90.000	99.9885	1.0000	0.0000	6.8000
uR	316.869	90.000	0.0004	1.0000	0.0000	6.8000
E	318.484	90.000	83.3916	199.1169	0.1622	1.0979	0.0000	6.8000
dPolE	318.484	90.000	99.9889	1.0000	0.0000	6.8000
uR	318.484	90.000	0.0005	1.0000	0.0000	6.8000
E	320.099	90.000	67.6034	169.1532	0.1774	0.3756	0.0000	6.8000
dPolE	320.099	90.000	99.9827	1.0000	0.0000	6.8000
uR	320.099	90.000	0.0005	1.0000	0.0000	6.8000
E	321.714	90.000	27.0604	104.7932	0.1606	0.4225	0.0000	6.8000
dPolE	321.714	90.000	99.9896	1.0000	0.0000	6.8000
uR	321.714	90.000	0.0003	1.0000	0.0000	6.8000
E	323.330	90.000	16.5951	352.2546	0.1670	0.4580	0.0000	6.8000
dPolE	323.330	90.000	99.9783	1.0000	0.0000	6.8000
uR	323.330	90.000	0.0003	1.0000	0.0000	6.8000
E	324.945	90.000	72.0200	95.0541	0.1586	0.6357	0.0000	6.8000
dPolE	324.945	90.000	99.9955	1.0000	0.0000	6.8000
uR	324.945	90.000	0.0003	1.0000	0.0000	6.8000
E	326.560	90.000	7.4887	258.4383	0.1318	1.2751	0.0000	6.8000
dPolE	326.560	90.000	99.9789	1.0000	0.0000	6.8000
uR	326.560	90.000	0.0004	1.0000	0.0000	6.8000
E	328.175	90.000	19.0550	318.4155	0.1611	0.4865	0.0000	6.8000
dPolE	328.175	90.000	99.9830	1.0000	0.0000	6.8000
uR	328.175	90.000	0.0004	1.0000	0.0000	6.8000
E	329.790	90.000	84.1353	271.3826	0.1270	1.5898	0.0000	6.8000
dPolE	329.790	90.000	99.9871	1.0000	0.0000	6.8000
uR	329.790	90.000	0.0004	1.0000	0.0000	6.8000
E	331.406	90.000	44.1843	247.7434	0.1641	0.3194	0.0000	6.8000
dPolE	331.406	90.000	99.9935	1.0000	0.0000	6.8000
uR	331.406	90.000	0.0004	1.0000	0.0000	6.8000
E	333.021	90.000	34.7781	194.0718	0.1604	0.2779	0.0000	6.8000
dPolE	333.021	90.000	99.9977	1.0000	0.0000	6.8000
uR	333.021	90.000	0.0003	1.0000	0.0000	6.8000
E	334.636	90.000	42.2987	152.8555	0.1468	0.2493	0.0000	6.8000
dPolE	334.636	90.000	99.9791	1.0000	0.0000	6.8000
uR	334.636	90.000	0.0005	1.0000	0.0000	6.8000
E	336.251	90.000	61.1817	56.0228	0.1415	0.3276	0.0000	6.8000
dPolE	336.251	90.000	99.9983	1.0000	0.0000	6.8000
uR	336.251	90.000	0.0004	1.0000	0.0000	6.8000
E	337.867	90.000	16.5765	137.0785	0.1470	0.5166	0.0000	6.8000
dPolE	337.867	90.000	99.9873	1.0000	0.0000	6.8000
uR	337.867	90.000	0.0003	1.0000	0.0000	6.8000
E	339.482	90.000	36.6656	69.1607	0.1572	0.3254	0.0000	6.8000
dPolE	339.482	90.000	99.9999	1.0000	0.0000	6.8000
uR	339.482	90.000	0.0005	1.0000	0.0000	6.8000
E	341.098	90.000	69.0455	242.1854	0.1452	0.4516	0.0000	6.8000
dPolE	341.098	90.000	99.9813	1.0000	0.0000	6.8000
uR	341.098	90.000	0.0003	1.0000	0.0000	6.8000
E	342.713	90.000	14.5845	137.7381	0.1438	0.5695	0.0000	6.8000
dPolE	342.713	90.000	99.9989	1.0000	0.0000	6.8000
uR	342.713	90.000	0.0003	1.0000	0.0000	6.8000
E	344.329	90.000	22.8203	69.7915	0.1464	0.4291	0.0000	6.8000
dPolE	344.329	90.000	99.9989	1.0000	0.0000	6.8000
uR	344.329	90.000	0.0003	1.0000	0.0000	6.8000
E	345.944	90.000	38.4742	223.3497	0.1416	0.2702	0.0000	6.8000
dPolE	345.944	90.000	99.9890	1.0000	0.0000	6.8000
uR	345.944	90.000	0.0003	1.0000	0.0000	6.8000
E	347.560	90.000	57.9283	350.1032	0.1495	0.2859	0.0000	6.8000
dPolE	347.560	90.000	99.9998	1.0000	0.0000	6.8000
uR	347.560	90.000	0.0003	1.0000	0.0000	6.8000
E	349.175	90.000	48.7411	290.7831	0.1450	0.2882	0.0000	6.8000
dPolE	349.175	90.000	99.9915	1.0000	0.0000	6.8000
uR	349.175	90.000	0.0002	1.0000	0.0000	6.8000
E	350.791	90.000	67.5461	264.5391	0.1439	0.4331	0.0000	6.8000
dPolE	350.791	90.000	99.9873	1.0000	0.0000	6.8000
uR	350.791	90.000	0.0003	1.0000	0.0000	6.8000
E	352.406	90.000	12.4188	159.8264	0.1544	0.6677	0.0000	6.8000
dPolE	352.406	90.000	99.9876	1.0000	0.0000	6.8000
uR	352.406	90.000	0.0004	1.0000	0.0000	6.8000
E	354.022	90.000	45.3050	151.3784	0.1404	0.2563	0.0000	6.8000
dPolE	354.022	90.000	99.9997	1.0000	0.0000	6.8000
uR	354.022	90.000	0.0002	1.0000	0.0000	6.8000
E	355.638	90.000	30.7329	22.0505	0.1373	0.2837	0.0000	6.8000
dPolE	355.638	90.000	99.9793	1.0000	0.0000	6.8000
uR	355.638	90.000	0.0005	1.0000	0.0000	6.8000
E	357.253	90.000	61.5988	229.7138	0.1362	0.3177	0.0000	6.8000
dPolE	357.253	90.000	99.9962	1.0000	0.0000	6.8000
uR	357.253	90.000	0.0004	1.0000	0.0000	6.8000
E	358.869	90.000	70.2996	141.1078	0.1376	0.4188	0.0000	6.8000
dPolE	358.869	90.000	99.9851	1.0000	0.0000	6.8000
uR	358.869	90.000	0.0003	1.0000	0.0000	6.8000
E	360.485	90.000	40.2809	309.1221	0.1356	0.2658	0.0000	6.8000
dPolE	360.485	90.000	99.9938	1.0000	0.0000	6.8000
uR	360.485	90.000	0.0003	1.0000	0.0000	6.8000
E	362.100	90.000	21.2653	79.2754	0.1336	0.4137	0.0000	6.8000
dPolE	362.100	90.000	99.9949	1.0000	0.0000	6.8000
uR	362.100	90.000	0.0002	1.0000	0.0000	6.8000
E	363.716	90.000	41.8634	5.1694	0.1357	0.2484	0.0000	6.8000
dPolE	363.716	90.000	99.9897	1.0000	0.0000	6.8000
uR	363.716	90.000	0.0003	1.0000	0.0000	6.8000
E	365.332	90.000	50.3536	350.3981	0.1461	0.2736	0.0000	6.8000
dPolE	365.332	90.000	99.9835	1.0000	0.0000	6.8000
uR	365.332	90.000	0.0003	1.0000	0.0000	6.8000
E	366.948	90.000	21.1595	5.1124	0.1257	0.3451	0.0000	6.8000
dPolE	366.948	90.000	99.9993	1.0000	0.0000	6.8000
uR	366.948	90.000	0.0002	1.0000	0.0000	6.8000
E	368.563	90.000	23.0030	300.7338	0.1366	0.3826	0.0000	6.8000
dPolE	368.563	90.000	99.9916	1.0000	0.0000	6.8000
uR	368.563	90.000	0.0003	1.0000	0.0000	6.8000
E	370.179	90.000	28.6035	212.7122	0.1257	0.2833	0.0000	6.8000
dPolE	370.179	90.000	99.9914	1.0000	0.0000	6.8000
uR	370.179	90.000	0.0004	1.0000	0.0000	6.8000
E	371.795	90.000	38.2922	240.4887	0.1349	0.2729	0.0000	6.8000
dPolE	371.795	90.000	99.9950	1.0000	0.0000	6.8000
uR	371.795	90.000	0.0003	1.0000	0.0000	6.8000
E	373.411	90.000	24.5910	303.8114	0.1221	0.3224	0.0000	6.8000
dPolE	373.411	90.000	99.9847	1.0000	0.0000	6.8000
uR	373.411	90.000	0.0004	1.0000	0.0000	6.8000
E	375.027	90.000	73.4237	310.4276	0.1265	0.4622	0.0000	6.8000
dPolE	375.027	90.000	99.9899	1.0000	0.0000	6.8000
uR	375.027	90.000	0.0005	1.0000	0.0000	6.8000
E	376.643	90.000	55.0325	0.6593	0.1334	0.2671	0.0000	6.8000
dPolE	376.643	90.000	99.9939	1.0000	0.0000	6.8000
uR	376.643	90.000	0.0004	1.0000	0.0000	6.8000
E	378.258	90.000	55.5940	53.8657	0.1252	0.2639	0.0000	6.8000
dPolE	378.258	90.000	99.9906	1.0000	0.0000	6.8000
uR	378.258	90.000	0.0003	1.0000	0.0000	6.8000
E	379.874	90.000	51.5882	23.2758	0.1328	0.2580	0.0000	6.8000
dPolE	379.874	90.000	99.9717	1.0000	0.0000	6.8000
uR	379.874	90.000	0.0005	1.0000	0.0000	6.8000
E	381.490	90.000	71.0619	353.2398	0.1238	0.3805	0.0000	6.8000
dPolE	381.490	90.000	99.9946	1.0000	0.0000	6.8000
uR	381.490	90.000	0.0003	1.0000	0.0000	6.8000
E	383.106	90.000	55.5082	310.9439	0.1294	0.2723	0.0000	6.8000
dPolE	383.106	90.000	99.9906	1.0000	0.0000	6.8000
uR	383.106	90.000	0.0003	1.0000	0.0000	6.8000
E	384.722	90.000	48.5804	178.3126	0.1289	0.2469	0.0000	6.8000
dPolE	384.722	90.000	99.9616	1.0000	0.0000	6.8000
uR	384.722	90.000	0.0005	1.0000	0.0000	6.8000
E	386.338	90.000	44.2938	338.7633	0.1204	0.2292	0.0000	6.8000
dPolE	386.338	90.000	99.9951	1.0000	0.0000	6.8000
uR	386.338	90.000	0.0002	1.0000	0.0000	6.8000
E	387.954	90.000	32.3902	340.5606	0.1281	0.2679	0.0000	6.8000
dPolE	387.954	90.000	99.9993	1.0000	0.0000	6.8000
uR	387.954	90.000	0.0002	1.0000	0.0000	6.8000
E	389.570	90.000	34.9409	27.7900	0.1158	0.2355	0.0000	6.8000
dPolE	389.570	90.000	99.9900	1.0000	0.0000	6.8000
uR	389.570	90.000	0.0003	1.0000	0.0000	6.8000
E	391.186	90.000	45.6350	51.2778	0.1209	0.2371	0.0000	6.8000
dPolE	391.186	90.000	99.9900	1.0000	0.0000	6.8000
uR	391.186	90.000	0.0003	1.0000	0.0000	6.8000
E	392.802	90.000	34.5694	332.3421	0.1218	0.2514	0.0000	6.8000
dPolE	392.802	90.000	99.9970	1.0000	0.0000	6.8000
uR	392.802	90.000	0.0002	1.0000	0.0000	6.8000
E	394.418	90.000	45.5123	331.8049	0.1225	0.2357	0.0000	6.8000
dPolE	394.418	90.000	99.9896	1.0000	0.0000	6.8000
uR	394.418	90.000	0.0002	1.0000	0.0000	6.8000
E	396.034	90.000	39.5719	19.6601	0.1259	0.2433	0.0000	6.8000
dPolE	396.034	90.000	99.9817	1.0000	0.0000	6.8000
uR	396.034	90.000	0.0003	1.0000	0.0000	6.8000
E	397.650	90.000	42.7027	5.7386	0.1196	0.2251	0.0000	6.8000
dPolE	397.650	90.000	99.9838	1.0000	0.0000	6.8000
uR	397.650	90.000	0.0003	1.0000	0.0000	6.8000
E	399.266	90.000	53.9879	2.1206	0.1185	0.2340	0.0000	6.8000
dPolE	399.266	90.000	99.9826	1.0000	0.0000	6.8000
uR	399.266	90.000	0.0003	1.0000	0.0000	6.8000
E	400.882	90.000	43.2053	2.0284	0.1171	0.2222	0.0000	6.8000
dPolE	400.882	90.000	99.9438	1.0000	0.0000	6.8000
uR	400.882	90.000	0.0005	1.0000	0.0000	6.8000
E	402.498	90.000	47.3705	3.5776	0.1171	0.2235	0.0000	6.8000
dPolE	402.498	90.000	99.9332	1.0000	0.0000	6.8000
uR	402.498	90.000	0.0006	1.0000	0.0000	6.8000
E	404.114	90.000	45.6638	359.0042	0.1171	0.2220	0.0000	6.8000
dPolE	404.114	90.000	99.8232	1.0000	0.0000	6.8000
uR	404.114	90.000	0.0008	1.0000	0.0000	6.8000
E	405.730	90.000	49.7013	4.3640	0.1119	0.2130	0.0000	6.8000
dPolE	405.730	90.000	99.8586	1.0000	0.0000	6.8000
uR	405.730	90.000	0.0008	1.0000	0.0000	6.8000
E	407.346	90.000	47.3313	1.6307	0.1115	0.2086	0.0000	6.8000
dPolE	407.346	90.000	99.7455	1.0000	0.0000	6.8000
uR	407.346	90.000	0.0010	1.0000	0.0000	6.8000
E	408.962	90.000	48.9897	2.8326	0.1170	0.2202	0.0000	6.8000
dPolE	408.962	90.000	99.4917	1.0000	0.0000	6.8000
uR	408.962	90.000	0.0014	1.0000	0.0000	6.8000
E	410.578	90.000	42.7799	1.3541	0.1149	0.2158	0.0000	6.8000
dPolE	410.578	90.000	99.4998	1.0000	0.0000	6.8000
uR	410.578	90.000	0.0013	1.0000	0.0000	6.8000
E	412.194	90.000	48.3029	3.2978	0.1106	0.2099	0.0000	6.8000
dPolE	412.194	90.000	99.2069	1.0000	0.0000	6.8000
uR	412.194	90.000	0.0018	1.0000	0.0000	6.8000
E	413.810	90.000	44.1386	2.6852	0.1112	0.2093	0.0000	6.8000
dPolE	413.810	90.000	99.0223	1.0000	0.0000	6.8000
uR	413.810	90.000	0.0020	1.0000	0.0000	6.8000
E	415.426	90.000	44.8954	356.8826	0.1105	0.2061	0.0000	6.8000
dPolE	415.426	90.000	98.8338	1.0000	0.0000	6.8000
uR	415.426	90.000	0.0022	1.0000	0.0000	6.8000
E	417.042	90.000	44.5634	1.9443	0.1151	0.2122	0.0000	6.8000
dPolE	417.042	90.000	98.3083	1.0000	0.0000	6.8000
uR	417.042	90.000	0.0025	1.0000	0.0000	6.8000
E	418.658	90.000	45.5258	358.2304	0.1095	0.2008	0.0000	6.8000
dPolE	418.658	90.000	97.7117	1.0000	0.0000	6.8000
uR	418.658	90.000	0.0030	1.0000	0.0000	6.8000
E	420.274	90.000	45.2030	2.4429	0.1122	0.2061	0.0000	6.8000
dPolE	420.274	90.000	97.4494	1.0000	0.0000	6.8000
uR	420.274	90.000	0.0032	1.0000	0.0000	6.8000
E	421.890	90.000	46.1220	0.4928	0.1034	0.1909	0.0000	6.8000
dPolE	421.890	90.000	97.0744	1.0000	0.0000	6.8000
uR	421.890	90.000	0.0036	1.0000	0.0000	6.8000
E	423.506	90.000	45.0131	1.8377	0.1023	0.1893	0.0000	6.8000
dPolE	423.506	90.000	96.3757	1.0000	0.0000	6.8000
uR	423.506	90.000	0.0042	1.0000	0.0000	6.8000
E	425.122	90.000	45.7699	0.5267	0.0995	0.1835	0.0000	6.8000
dPolE	425.122	90.000	96.6997	1.0000	0.0000	6.8000
uR	425.122	90.000	0.0041	1.0000	0.0000	6.8000
E	426.738	90.000	45.4316	1.4609	0.1047	0.1912	0.0000	6.8000
dPolE	426.738	90.000	95.3075	1.0000	0.0000	6.8000
uR	426.738	90.000	0.0048	1.0000	0.0000	6.8000
E	428.355	90.000	44.5912	359.9348	0.0980	0.1766	0.0000	6.8000
dPolE	428.355	90.000	95.2897	1.0000	0.0000	6.8000
uR	428.355	90.000	0.0051	1.0000	0.0000	6.8000
E	429.971	90.000	45.2219	1.2624	0.1053	0.1884	0.0000	6.8000
dPolE	429.971	90.000	94.4843	1.0000	0.0000	6.8000
uR	429.971	90.000	0.0054	1.0000	0.0000	6.8000
E	431.587	90.000	44.5991	0.5078	0.0976	0.1747	0.0000	6.8000
dPolE	431.587	90.000	93.4845	1.0000	0.0000	6.8000
uR	431.587	90.000	0.0059	1.0000	0.0000	6.8000
E	433.203	90.000	45.0555	0.9784	0.0931	0.1674	0.0000	6.8000
dPolE	433.203	90.000	93.7538	1.0000	0.0000	6.8000
uR	433.203	90.000	0.0061	1.0000	0.0000	6.8000
E	434.819	90.000	44.8504	0.9663	0.0936	0.1688	0.0000	6.8000
dPolE	434.819	90.000	92.8117	1.0000	0.0000	6.8000
uR	434.819	90.000	0.0067	1.0000	0.0000	6.8000
E	436.435	90.000	45.2924	0.9170	0.0992	0.1782	0.0000	6.8000
dPolE	436.435	90.000	92.0516	1.0000	0.0000	6.8000
uR	436.435	90.000	0.0068	1.0000	0.0000	6.8000
E	438.051	90.000	45.1697	0.7802	0.0938	0.1669	0.0000	6.8000
dPolE	438.051	90.000	90.5209	1.0000	0.0000	6.8000
uR	438.051	90.000	0.0073	1.0000	0.0000	6.8000
E	439.667	90.000	45.3111	1.5214	0.0934	0.1642	0.0000	6.8000
dPolE	439.667	90.000	89.1187	1.0000	0.0000	6.8000
uR	439.667	90.000	0.0079	1.0000	0.0000	6.8000
E	441.283	90.000	44.5551	1.0056	0.0931	0.1623	0.0000	6.8000
dPolE	441.283	90.000	87.7075	1.0000	0.0000	6.8000
uR	441.283	90.000	0.0084	1.0000	0.0000	6.8000
E	442.899	90.000	44.6321	0.5288	0.0946	0.1641	0.0000	6.8000
dPolE	442.899	90.000	87.7465	1.0000	0.0000	6.8000
uR	442.899	90.000	0.0086	1.0000	0.0000	6.8000
E	444.515	90.000	44.5570	0.4120	0.0932	0.1619	0.0000	6.8000
dPolE	444.515	90.000	87.4884	1.0000	0.0000	6.8000
uR	444.515	90.000	0.0088	1.0000	0.0000	6.8000
E	446.131	90.000	44.9498	1.3167	0.0945	0.1648	0.0000	6.8000
dPolE	446.131	90.000	87.4969	1.0000	0.0000	6.8000
uR	446.131	90.000	0.0092	1.0000	0.0000	6.8000
E	447.747	90.000	44.5464	0.0884	0.0897	0.1565	0.0000	6.8000
dPolE	447.747	90.000	85.8879	1.0000	0.0000	6.8000
uR	447.747	90.000	0.0097	1.0000	0.0000	6.8000
E	449.363	90.000	44.8334	0.8022	0.0861	0.1494	0.0000	6.8000
dPolE	449.363	90.000	84.5257	1.0000	0.0000	6.8000
uR	449.363	90.000	0.0101	1.0000	0.0000	6.8000
E	450.979	90.000	45.0768	1.0046	0.0880	0.1510	0.0000	6.8000
dPolE	450.979	90.000	81.2265	1.0000	0.0000	6.8000
uR	450.979	90.000	0.0105	1.0000	0.0000	6.8000
E	452.594	90.000	44.9966	359.8747	0.0872	0.1479	0.0000	6.8000
dPolE	452.594	90.000	79.8919	1.0000	0.0000	6.8000
uR	452.594	90.000	0.0109	1.0000	0.0000	6.8000
E	454.210	90.000	45.1461	0.7134	0.0860	0.1444	0.0000	6.8000
dPolE	454.210	90.000	81.2932	1.0000	0.0000	6.8000
uR	454.210	90.000	0.0112	1.0000	0.0000	6.8000
E	455.826	90.000	45.1702	0.8547	0.0841	0.1405	0.0000	6.8000
dPolE	455.826	90.000	80.0796	1.0000	0.0000	6.8000
uR	455.826	90.000	0.0115	1.0000	0.0000	6.8000
E	457.442	90.000	45.0100	0.2805	0.0867	0.1450	0.0000	6.8000
dPolE	457.442	90.000	79.3753	1.0000	0.0000	6.8000
uR	457.442	90.000	0.0117	1.0000	0.0000	6.8000
E	459.058	90.000	45.0575	0.3423	0.0849	0.1425	0.0000	6.8000
dPolE	459.058	90.000	77.0925	1.0000	0.0000	6.8000
uR	459.058	90.000	0.0122	1.0000	0.0000	6.8000
E	460.674	90.000	44.5751	0.1602	0.0807	0.1356	0.0000	6.8000
dPolE	460.674	90.000	76.7290	1.0000	0.0000	6.8000
uR	460.674	90.000	0.0123	1.0000	0.0000	6.8000
E	462.290	90.000	45.0626	0.2754	0.0765	0.1280	0.0000	6.8000
dPolE	462.290	90.000	74.6404	1.0000	0.0000	6.8000
uR	462.290	90.000	0.0126	1.0000	0.0000	6.8000
E	463.906	90.000	44.6295	0.1752	0.0780	0.1293	0.0000	6.8000
dPolE	463.906	90.000	72.1560	1.0000	0.0000	6.8000
uR	463.906	90.000	0.0131	1.0000	0.0000	6.8000
E	465.521	90.000	44.9528	0.3262	0.0755	0.1235	0.0000	6.8000
dPolE	465.521	90.000	70.1802	1.0000	0.0000	6.8000
uR	465.521	90.000	0.0134	1.0000	0.0000	6.8000
E	467.137	90.000	44.9257	0.7024	0.0724	0.1171	0.0000	6.8000
dPolE	467.137	90.000	66.7693	1.0000	0.0000	6.8000
uR	467.137	90.000	0.0138	1.0000	0.0000	6.8000
E	468.753	90.000	44.8487	0.1728	0.0713	0.1144	0.0000	6.8000
dPolE	468.753	90.000	63.4469	1.0000	0.0000	6.8000
uR	468.753	90.000	0.0139	1.0000	0.0000	6.8000
E	470.369	90.000	44.8383	0.3015	0.0727	0.1165	0.0000	6.8000
dPolE	470.369	90.000	64.2143	1.0000	0.0000	6.8000
uR	470.369	90.000	0.0144	1.0000	0.0000	6.8000
E	471.985	90.000	45.1631	0.2103	0.0772	0.1239	0.0000	6.8000
dPolE	471.985	90.000	65.8488	1.0000	0.0000	6.8000
uR	471.985	90.000	0.0149	1.0000	0.0000	6.8000
E	473.600	90.000	44.8859	0.1754	0.0757	0.1218	0.0000	6.8000
dPolE	473.600	90.000	66.3022	1.0000	0.0000	6.8000
uR	473.600	90.000	0.0150	1.0000	0.0000	6.8000
E	475.216	90.000	44.9648	0.0049	0.0728	0.1170	0.0000	6.8000
dPolE	475.216	90.000	68.8469	1.0000	0.0000	6.8000
uR	475.216	90.000	0.0154	1.0000	0.0000	6.8000
E	476.832	90.000	45.0575	0.6701	0.0793	0.1269	0.0000	6.8000
dPolE	476.832	90.000	70.7627	1.0000	0.0000	6.8000
uR	476.832	90.000	0.0156	1.0000	0.0000	6.8000
E	478.448	90.000	44.9624	0.2122	0.0783	0.1242	0.0000	6.8000
dPolE	478.448	90.000	70.5872	1.0000	0.0000	6.8000
uR	478.448	90.000	0.0158	1.0000	0.0000	6.8000
E	480.063	90.000	45.0236	0.4462	0.0787	0.1233	0.0000	6.8000
dPolE	480.063	90.000	69.1752	1.0000	0.0000	6.8000
uR	480.063	90.000	0.0159	1.0000	0.0000	6.8000
E	481.679	90.000	44.8141	0.0033	0.0712	0.1102	0.0000	6.8000
dPolE	481.679	90.000	69.0930	1.0000	0.0000	6.8000
uR	481.679	90.000	0.0161	1.0000	0.0000	6.8000
E	483.294	90.000	44.8971	0.0971	0.0761	0.1169	0.0000	6.8000
dPolE	483.294	90.000	65.1448	1.0000	0.0000	6.8000
uR	483.294	90.000	0.0163	1.0000	0.0000	6.8000
E	484.910	90.000	45.0396	0.1445	0.0749	0.1146	0.0000	6.8000
dPolE	484.910	90.000	67.6440	1.0000	0.0000	6.8000
uR	484.910	90.000	0.0165	1.0000	0.0000	6.8000
E	486.526	90.000	44.6786	359.9560	0.0765	0.1171	0.0000	6.8000
dPolE	486.526	90.000	68.8732	1.0000	0.0000	6.8000
uR	486.526	90.000	0.0170	1.0000	0.0000	6.8000
E	488.141	90.000	44.5512	0.1317	0.0787	0.1209	0.0000	6.8000
dPolE	488.141	90.000	67.3675	1.0000	0.0000	6.8000
uR	488.141	90.000	0.0172	1.0000	0.0000	6.8000
E	489.757	90.000	44.6710	359.6943	0.0791	0.1214	0.0000	6.8000
dPolE	489.757	90.000	66.8510	1.0000	0.0000	6.8000
uR	489.757	90.000	0.0174	1.0000	0.0000	6.8000
E	491.372	90.000	44.8463	359.9985	0.0748	0.1145	0.0000	6.8000
dPolE	491.372	90.000	64.8745	1.0000	0.0000	6.8000
uR	491.372	90.000	0.0175	1.0000	0.0000	6.8000
E	492.988	90.000	45.1999	359.9766	0.0746	0.1135	0.0000	6.8000
dPolE	492.988	90.000	63.6280	1.0000	0.0000	6.8000
uR	492.988	90.000	0.0177	1.0000	0.0000	6.8000
E	494.603	90.000	44.9577	359.9449	0.0740	0.1115	0.0000	6.8000
dPolE	494.603	90.000	64.0531	1.0000	0.0000	6.8000
uR	494.603	90.000	0.0180	1.0000	0.0000	6.8000
E	496.219	90.000	45.0318	359.7724	0.0758	0.1129	0.0000	6.8000
dPolE	496.219	90.000	64.7866	1.0000	0.0000	6.8000
uR	496.219	90.000	0.0184	1.0000	0.0000	6.8000
E	497.834	90.000	44.9014	359.7397	0.0797	0.1174	0.0000	6.8000
dPolE	497.834	90.000	65.4969	1.0000	0.0000	6.8000
uR	497.834	90.000	0.0181	1.0000	0.0000	6.8000
E	499.450	90.000	45.0049	359.9832	0.0770	0.1125	0.0000	6.8000
dPolE	499.450	90.000	65.0664	1.0000	0.0000	6.8000
uR	499.450	90.000	0.0186	1.0000	0.0000	6.8000
E	501.065	90.000	44.8633	0.0199	0.0789	0.1149	0.0000	6.8000
dPolE	501.065	90.000	66.2464	1.0000	0.0000	6.8000
uR	501.065	90.000	0.0187	1.0000	0.0000	6.8000
E	502.680	90.000	44.8921	0.0824	0.0814	0.1185	0.0000	6.8000
dPolE	502.680	90.000	65.6325	1.0000	0.0000	6.8000
uR	502.680	90.000	0.0188	1.0000	0.0000	6.8000
E	504.296	90.000	45.0554	359.6038	0.0812	0.1186	0.0000	6.8000
dPolE	504.296	90.000	65.2318	1.0000	0.0000	6.8000
uR	504.296	90.000	0.0190	1.0000	0.0000	6.8000
E	505.911	90.000	44.8439	0.2704	0.0763	0.1114	0.0000	6.8000
dPolE	505.911	90.000	65.0470	1.0000	0.0000	6.8000
uR	505.911	90.000	0.0191	1.0000	0.0000	6.8000
E	507.526	90.000	44.8671	359.5984	0.0795	0.1159	0.0000	6.8000
dPolE	507.526	90.000	63.7451	1.0000	0.0000	6.8000
uR	507.526	90.000	0.0191	1.0000	0.0000	6.8000
E	509.141	90.000	44.9994	359.8328	0.0770	0.1116	0.0000	6.8000
dPolE	509.141	90.000	62.1458	1.0000	0.0000	6.8000
uR	509.141	90.000	0.0196	1.0000	0.0000	6.8000
E	510.756	90.000	45.0909	0.1822	0.0770	0.1107	0.0000	6.8000
dPolE	510.756	90.000	61.7767	1.0000	0.0000	6.8000
uR	510.756	90.000	0.0200	1.0000	0.0000	6.8000
E	512.372	90.000	44.5492	0.0083	0.0782	0.1112	0.0000	6.8000
dPolE	512.372	90.000	63.8562	1.0000	0.0000	6.8000
uR	512.372	90.000	0.0203	1.0000	0.0000	6.8000
E	513.987	90.000	44.8095	0.2256	0.0778	0.1095	0.0000	6.8000
dPolE	513.987	90.000	63.0850	1.0000	0.0000	6.8000
uR	513.987	90.000	0.0214	1.0000	0.0000	6.8000
E	515.602	90.000	44.6090	359.8700	0.0816	0.1138	0.0000	6.8000
dPolE	515.602	90.000	63.8102	1.0000	0.0000	6.8000
uR	515.602	90.000	0.0223	1.0000	0.0000	6.8000
E	517.217	90.000	44.6419	359.8269	0.0856	0.1188	0.0000	6.8000
dPolE	517.217	90.000	65.8792	1.0000	0.0000	6.8000
uR	517.217	90.000	0.0214	1.0000	0.0000	6.8000
E	518.832	90.000	44.8238	0.2212	0.0880	0.1217	0.0000	6.8000
dPolE	518.832	90.000	67.2073	1.0000	0.0000	6.8000
uR	518.832	90.000	0.0202	1.0000	0.0000	6.8000
E	520.447	90.000	45.2013	359.9052	0.0863	0.1193	0.0000	6.8000
dPolE	520.447	90.000	67.8472	1.0000	0.0000	6.8000
uR	520.447	90.000	0.0196	1.0000	0.0000	6.8000
E	522.062	90.000	45.1250	359.6894	0.0821	0.1137	0.0000	6.8000
dPolE	522.062	90.000	65.1188	1.0000	0.0000	6.8000
uR	522.062	90.000	0.0193	1.0000	0.0000	6.8000
E	523.677	90.000	44.9990	359.7355	0.0854	0.1183	0.0000	6.8000
dPolE	523.677	90.000	63.3649	1.0000	0.0000	6.8000
uR	523.677	90.000	0.0197	1.0000	0.0000	6.8000
E	525.292	90.000	45.0220	0.0504	0.0810	0.1118	0.0000	6.8000
dPolE	525.292	90.000	61.5880	1.0000	0.0000	6.8000
uR	525.292	90.000	0.0206	1.0000	0.0000	6.8000
E	526.907	90.000	44.7878	359.9406	0.0784	0.1077	0.0000	6.8000
dPolE	526.907	90.000	61.4899	1.0000	0.0000	6.8000
uR	526.907	90.000	0.0204	1.0000	0.0000	6.8000
E	528.521	90.000	45.0198	359.7814	0.0750	0.1024	0.0000	6.8000
dPolE	528.521	90.000	61.8484	1.0000	0.0000	6.8000
uR	528.521	90.000	0.0209	1.0000	0.0000	6.8000
E	530.136	90.000	45.0924	359.9453	0.0806	0.1089	0.0000	6.8000
dPolE	530.136	90.000	59.4338	1.0000	0.0000	6.8000
uR	530.136	90.000	0.0209	1.0000	0.0000	6.8000
E	531.751	90.000	45.2117	359.6852	0.0822	0.1100	0.0000	6.8000
dPolE	531.751	90.000	60.5514	1.0000	0.0000	6.8000
uR	531.751	90.000	0.0213	1.0000	0.0000	6.8000
E	533.366	90.000	45.0801	359.8970	0.0827	0.1097	0.0000	6.8000
dPolE	533.366	90.000	60.4116	1.0000	0.0000	6.8000
uR	533.366	90.000	0.0213	1.0000	0.0000	6.8000
E	534.980	90.000	44.7364	359.7524	0.0831	0.1094	0.0000	6.8000
dPolE	534.980	90.000	58.2239	1.0000	0.0000	6.8000
uR	534.980	90.000	0.0217	1.0000	0.0000	6.8000
E	536.595	90.000	44.9185	359.9778	0.0833	0.1092	0.0000	6.8000
dPolE	536.595	90.000	59.9954	1.0000	0.0000	6.8000
uR	536.595	90.000	0.0212	1.0000	0.0000	6.8000
E	538.210	90.000	44.8160	359.7106	0.0855	0.1118	0.0000	6.8000
dPolE	538.210	90.000	60.7936	1.0000	0.0000	6.8000
uR	538.210	90.000	0.0215	1.0000	0.0000	6.8000
E	539.824	90.000	44.9963	0.0617	0.0823	0.1078	0.0000	6.8000
dPolE	539.824	90.000	58.7337	1.0000	0.0000	6.8000
uR	539.824	90.000	0.0214	1.0000	0.0000	6.8000
E	541.439	90.000	44.7142	359.6474	0.0820	0.1075	0.0000	6.8000
dPolE	541.439	90.000	58.2400	1.0000	0.0000	6.8000
uR	541.439	90.000	0.0215	1.0000	0.0000	6.8000
E	543.053	90.000	44.7310	359.4472	0.0826	0.1083	0.0000	6.8000
dPolE	543.053	90.000	59.4863	1.0000	0.0000	6.8000
uR	543.053	90.000	0.0217	1.0000	0.0000	6.8000
E	544.668	90.000	45.1012	359.5215	0.0842	0.1102	0.0000	6.8000
dPolE	544.668	90.000	58.0738	1.0000	0.0000	6.8000
uR	544.668	90.000	0.0214	1.0000	0.0000	6.8000
E	546.282	90.000	44.8726	359.7015	0.0831	0.1082	0.0000	6.8000
dPolE	546.282	90.000	59.7862	1.0000	0.0000	6.8000
uR	546.282	90.000	0.0216	1.0000	0.0000	6.8000
E	547.896	90.000	44.8393	359.4474	0.0837	0.1081	0.0000	6.8000
dPolE	547.896	90.000	58.8876	1.0000	0.0000	6.8000
uR	547.896	90.000	0.0215	1.0000	0.0000	6.8000
E	549.511	90.000	44.7159	359.6526	0.0838	0.1074	0.0000	6.8000
dPolE	549.511	90.000	58.6565	1.0000	0.0000	6.8000
uR	549.511	90.000	0.0219	1.0000	0.0000	6.8000
E	551.125	90.000	45.0305	0.2553	0.0823	0.1043	0.0000	6.8000
dPolE	551.125	90.000	57.2909	1.0000	0.0000	6.8000
uR	551.125	90.000	0.0221	1.0000	0.0000	6.8000
E	552.739	90.000	44.9548	359.9164	0.0892	0.1120	0.0000	6.8000
dPolE	552.739	90.000	57.0256	1.0000	0.0000	6.8000
uR	552.739	90.000	0.0220	1.0000	0.0000	6.8000
E	554.353	90.000	45.1412	359.5155	0.0818	0.1021	0.0000	6.8000
dPolE	554.353	90.000	57.8507	1.0000	0.0000	6.8000
uR	554.353	90.000	0.0219	1.0000	0.0000	6.8000
E	555.968	90.000	44.6516	359.7376	0.0852	0.1058	0.0000	6.8000
dPolE	555.968	90.000	56.5707	1.0000	0.0000	6.8000
uR	555.968	90.000	0.0216	1.0000	0.0000	6.8000
E	557.582	90.000	44.7884	359.8896	0.0863	0.1069	0.0000	6.8000
dPolE	557.582	90.000	55.8934	1.0000	0.0000	6.8000
uR	557.582	90.000	0.0218	1.0000	0.0000	6.8000
E	559.196	90.000	44.8806	359.7268	0.0869	0.1074	0.0000	6.8000
dPolE	559.196	90.000	56.6702	1.0000	0.0000	6.8000
uR	559.196	90.000	0.0219	1.0000	0.0000	6.8000
E	560.810	90.000	44.7689	359.8274	0.0808	0.0999	0.0000	6.8000
dPolE	560.810	90.000	58.0964	1.0000	0.0000	6.8000
uR	560.810	90.000	0.0220	1.0000	0.0000	6.8000
E	562.424	90.000	44.8549	0.0621	0.0812	0.1005	0.0000	6.8000
dPolE	562.424	90.000	55.3730	1.0000	0.0000	6.8000
uR	562.424	90.000	0.0222	1.0000	0.0000	6.8000
E	564.038	90.000	44.7580	359.5834	0.0874	0.1081	0.0000	6.8000
dPolE	564.038	90.000	54.0337	1.0000	0.0000	6.8000
uR	564.038	90.000	0.0223	1.0000	0.0000	6.8000
E	565.651	90.000	44.8421	359.6278	0.0872	0.1077	0.0000	6.8000
dPolE	565.651	90.000	57.5288	1.0000	0.0000	6.8000
uR	565.651	90.000	0.0222	1.0000	0.0000	6.8000
E	567.265	90.000	45.0205	359.4576	0.0870	0.1070	0.0000	6.8000
dPolE	567.265	90.000	53.8653	1.0000	0.0000	6.8000
uR	567.265	90.000	0.0220	1.0000	0.0000	6.8000
E	568.879	90.000	44.9044	359.3958	0.0879	0.1073	0.0000	6.8000
dPolE	568.879	90.000	54.7246	1.0000	0.0000	6.8000
uR	568.879	90.000	0.0222	1.0000	0.0000	6.8000
E	570.493	90.000	45.0105	359.8040	0.0829	0.1004	0.0000	6.8000
dPolE	570.493	90.000	52.5583	1.0000	0.0000	6.8000
uR	570.493	90.000	0.0224	1.0000	0.0000	6.8000
E	572.106	90.000	45.0230	359.7699	0.0863	0.1036	0.0000	6.8000
dPolE	572.106	90.000	52.5468	1.0000	0.0000	6.8000
uR	572.106	90.000	0.0220	1.0000	0.0000	6.8000
E	573.720	90.000	45.0212	359.7083	0.0859	0.1022	0.0000	6.8000
dPolE	573.720	90.000	51.9530	1.0000	0.0000	6.8000
uR	573.720	90.000	0.0220	1.0000	0.0000	6.8000
E	575.333	90.000	45.0733	359.6917	0.0889	0.1049	0.0000	6.8000
dPolE	575.333	90.000	52.3506	1.0000	0.0000	6.8000
uR	575.333	90.000	0.0220	1.0000	0.0000	6.8000
E	576.947	90.000	45.0929	359.5975	0.0879	0.1031	0.0000	6.8000
dPolE	576.947	90.000	54.6770	1.0000	0.0000	6.8000
uR	576.947	90.000	0.0219	1.0000	0.0000	6.8000
E	578.560	90.000	45.1229	359.5785	0.0869	0.1015	0.0000	6.8000
dPolE	578.560	90.000	52.7202	1.0000	0.0000	6.8000
uR	578.560	90.000	0.0221	1.0000	0.0000	6.8000
E	580.174	90.000	44.6924	359.6922	0.0872	0.1016	0.0000	6.8000
dPolE	580.174	90.000	53.6594	1.0000	0.0000	6.8000
uR	580.174	90.000	0.0216	1.0000	0.0000	6.8000
E	581.787	90.000	45.0940	359.7597	0.0923	0.1074	0.0000	6.8000
dPolE	581.787	90.000	52.3908	1.0000	0.0000	6.8000
uR	581.787	90.000	0.0219	1.0000	0.0000	6.8000
E	583.400	90.000	44.9501	359.6142	0.0904	0.1052	0.0000	6.8000
dPolE	583.400	90.000	53.3496	1.0000	0.0000	6.8000
uR	583.400	90.000	0.0216	1.0000	0.0000	6.8000
E	585.014	90.000	44.8571	359.6216	0.0849	0.0989	0.0000	6.8000
dPolE	585.014	90.000	52.5354	1.0000	0.0000	6.8000
uR	585.014	90.000	0.0218	1.0000	0.0000	6.8000
E	586.627	90.000	44.9467	359.5008	0.0855	0.0995	0.0000	6.8000
dPolE	586.627	90.000	52.5478	1.0000	0.0000	6.8000
uR	586.627	90.000	0.0221	1.0000	0.0000	6.8000
E	588.240	90.000	45.1376	359.8957	0.0856	0.0993	0.0000	6.8000
dPolE	588.240	90.000	53.6424	1.0000	0.0000	6.8000
uR	588.240	90.000	0.0220	1.0000	0.0000	6.8000
E	589.853	90.000	44.8618	359.6061	0.0913	0.1056	0.0000	6.8000
dPolE	589.853	90.000	51.0379	1.0000	0.0000	6.8000
uR	589.853	90.000	0.0223	1.0000	0.0000	6.8000
E	591.466	90.000	45.2295	359.6526	0.0893	0.1027	0.0000	6.8000
dPolE	591.466	90.000	51.5271	1.0000	0.0000	6.8000
uR	591.466	90.000	0.0222	1.0000	0.0000	6.8000
E	593.079	90.000	44.6563	359.5497	0.0887	0.1015	0.0000	6.8000
dPolE	593.079	90.000	51.5122	1.0000	0.0000	6.8000
uR	593.079	90.000	0.0221	1.0000	0.0000	6.8000
E	594.692	90.000	45.0024	359.6275	0.0945	0.1070	0.0000	6.8000
dPolE	594.692	90.000	51.5023	1.0000	0.0000	6.8000
uR	594.692	90.000	0.0221	1.0000	0.0000	6.8000
E	596.305	90.000	44.9249	359.7689	0.0936	0.1052	0.0000	6.8000
dPolE	596.305	90.000	51.2948	1.0000	0.0000	6.8000
uR	596.305	90.000	0.0224	1.0000	0.0000	6.8000
E	597.918	90.000	45.3405	359.6750	0.0908	0.1013	0.0000	6.8000
dPolE	597.918	90.000	52.4799	1.0000	0.0000	6.8000
uR	597.918	90.000	0.0229	1.0000	0.0000	6.8000
E	599.530	90.000	44.8679	0.0466	0.0958	0.1062	0.0000	6.8000
dPolE	599.530	90.000	51.0233	1.0000	0.0000	6.8000
uR	599.530	90.000	0.0227	1.0000	0.0000	6.8000
E	601.143	90.000	44.7650	359.8254	0.0924	0.1019	0.0000	6.8000
dPolE	601.143	90.000	50.7610	1.0000	0.0000	6.8000
uR	601.143	90.000	0.0228	1.0000	0.0000	6.8000
E	602.755	90.000	44.9637	359.7936	0.0961	0.1055	0.0000	6.8000
dPolE	602.755	90.000	50.8065	1.0000	0.0000	6.8000
uR	602.755	90.000	0.0224	1.0000	0.0000	6.8000
E	604.368	90.000	45.0403	359.6641	0.0955	0.1045	0.0000	6.8000
dPolE	604.368	90.000	52.0808	1.0000	0.0000	6.8000
uR	604.368	90.000	0.0225	1.0000	0.0000	6.8000
E	605.981	90.000	45.0128	359.7015	0.0932	0.1020	0.0000	6.8000
dPolE	605.981	90.000	51.4901	1.0000	0.0000	6.8000
uR	605.981	90.000	0.0225	1.0000	0.0000	6.8000
E	607.593	90.000	44.9575	359.8391	0.0948	0.1037	0.0000	6.8000
dPolE	607.593	90.000	50.6468	1.0000	0.0000	6.8000
uR	607.593	90.000	0.0224	1.0000	0.0000	6.8000
E	609.205	90.000	45.1348	359.5450	0.0952	0.1042	0.0000	6.8000
dPolE	609.205	90.000	49.8969	1.0000	0.0000	6.8000
uR	609.205	90.000	0.0222	1.0000	0.0000	6.8000
E	610.818	90.000	45.3255	359.4676	0.0927	0.1015	0.0000	6.8000
dPolE	610.818	90.000	52.2242	1.0000	0.0000	6.8000
uR	610.818	90.000	0.0226	1.0000	0.0000	6.8000
E	612.430	90.000	45.0682	359.8640	0.0946	0.1033	0.0000	6.8000
dPolE	612.430	90.000	49.1043	1.0000	0.0000	6.8000
uR	612.430	90.000	0.0226	1.0000	0.0000	6.8000
E	614.042	90.000	45.1921	359.8982	0.0938	0.1022	0.0000	6.8000
dPolE	614.042	90.000	52.9864	1.0000	0.0000	6.8000
uR	614.042	90.000	0.0222	1.0000	0.0000	6.8000
E	615.654	90.000	44.9277	359.2822	0.0928	0.1005	0.0000	6.8000
dPolE	615.654	90.000	47.2617	1.0000	0.0000	6.8000
uR	615.654	90.000	0.0223	1.0000	0.0000	6.8000
E	617.266	90.000	44.9296	359.6223	0.0939	0.1012	0.0000	6.8000
dPolE	617.266	90.000	49.6223	1.0000	0.0000	6.8000
uR	617.266	90.000	0.0224	1.0000	0.0000	6.8000
E	618.878	90.000	45.1885	359.6922	0.0931	0.0997	0.0000	6.8000
dPolE	618.878	90.000	49.8662	1.0000	0.0000	6.8000
uR	618.878	90.000	0.0223	1.0000	0.0000	6.8000
E	620.490	90.000	44.7828	359.8806	0.0956	0.1016	0.0000	6.8000
dPolE	620.490	90.000	48.3235	1.0000	0.0000	6.8000
uR	620.490	90.000	0.0221	1.0000	0.0000	6.8000
E	622.102	90.000	44.8425	359.9259	0.0955	0.1007	0.0000	6.8000
dPolE	622.102	90.000	48.2809	1.0000	0.0000	6.8000
uR	622.102	90.000	0.0223	1.0000	0.0000	6.8000
E	623.714	90.000	45.1716	359.5997	0.0944	0.0989	0.0000	6.8000
dPolE	623.714	90.000	47.3008	1.0000	0.0000	6.8000
uR	623.714	90.000	0.0225	1.0000	0.0000	6.8000
E	625.325	90.000	44.8774	359.5865	0.0960	0.0999	0.0000	6.8000
dPolE	625.325	90.000	50.1571	1.0000	0.0000	6.8000
uR	625.325	90.000	0.0227	1.0000	0.0000	6.8000
E	626.937	90.000	44.9834	0.1296	0.0963	0.0997	0.0000	6.8000
dPolE	626.937	90.000	46.5993	1.0000	0.0000	6.8000
uR	626.937	90.000	0.0228	1.0000	0.0000	6.8000
E	628.548	90.000	45.0143	359.7866	0.1051	0.1084	0.0000	6.8000
dPolE	628.548	90.000	46.7982	1.0000	0.0000	6.8000
uR	628.548	90.000	0.0225	1.0000	0.0000	6.8000
E	630.160	90.000	45.2029	359.8230	0.1007	0.1035	0.0000	6.8000
dPolE	630.160	90.000	45.2418	1.0000	0.0000	6.8000
uR	630.160	90.000	0.0229	1.0000	0.0000	6.8000
E	631.771	90.000	44.7708	359.5305	0.0943	0.0968	0.0000	6.8000
dPolE	631.771	90.000	47.0521	1.0000	0.0000	6.8000
uR	631.771	90.000	0.0228	1.0000	0.0000	6.8000
E	633.383	90.000	44.8782	359.8498	0.1008	0.1035	0.0000	6.8000
dPolE	633.383	90.000	47.8096	1.0000	0.0000	6.8000
uR	633.383	90.000	0.0228	1.0000	0.0000	6.8000
E	634.994	90.000	44.9033	359.7236	0.0992	0.1017	0.0000	6.8000
dPolE	634.994	90.000	44.9833	1.0000	0.0000	6.8000
uR	634.994	90.000	0.0229	1.0000	0.0000	6.8000
E	636.605	90.000	45.1119	359.8861	0.1033	0.1059	0.0000	6.8000
dPolE	636.605	90.000	47.1735	1.0000	0.0000	6.8000
uR	636.605	90.000	0.0233	1.0000	0.0000	6.8000
E	638.216	90.000	45.0358	359.6028	0.1028	0.1054	0.0000	6.8000
dPolE	638.216	90.000	48.5172	1.0000	0.0000	6.8000
uR	638.216	90.000	0.0231	1.0000	0.0000	6.8000
E	639.827	90.000	44.7798	359.7340	0.1002	0.1025	0.0000	6.8000
dPolE	639.827	90.000	48.3802	1.0000	0.0000	6.8000
uR	639.827	90.000	0.0229	1.0000	0.0000	6.8000
E	641.438	90.000	45.1298	359.8263	0.1016	0.1036	0.0000	6.8000
dPolE	641.438	90.000	49.1293	1.0000	0.0000	6.8000
uR	641.438	90.000	0.0229	1.0000	0.0000	6.8000
E	643.049	90.000	45.0479	359.6340	0.1009	0.1025	0.0000	6.8000
dPolE	643.049	90.000	46.9003	1.0000	0.0000	6.8000
uR	643.049	90.000	0.0224	1.0000	0.0000	6.8000
E	644.660	90.000	45.0775	359.7343	0.1057	0.1070	0.0000	6.8000
dPolE	644.660	90.000	45.7143	1.0000	0.0000	6.8000
uR	644.660	90.000	0.0229	1.0000	0.0000	6.8000
E	646.271	90.000	44.9441	359.6003	0.0999	0.1004	0.0000	6.8000
dPolE	646.271	90.000	48.0809	1.0000	0.0000	6.8000
uR	646.271	90.000	0.0229	1.0000	0.0000	6.8000
E	647.881	90.000	44.7388	359.7049	0.1000	0.0999	0.0000	6.8000
dPolE	647.881	90.000	45.3982	1.0000	0.0000	6.8000
uR	647.881	90.000	0.0230	1.0000	0.0000	6.8000
E	649.492	90.000	44.9157	359.8579	0.0990	0.0982	0.0000	6.8000
dPolE	649.492	90.000	43.5871	1.0000	0.0000	6.8000
uR	649.492	90.000	0.0229	1.0000	0.0000	6.8000
E	651.103	90.000	45.1443	359.9021	0.1030	0.1014	0.0000	6.8000
dPolE	651.103	90.000	44.5759	1.0000	0.0000	6.8000
uR	651.103	90.000	0.0230	1.0000	0.0000	6.8000
E	652.713	90.000	45.0491	359.6254	0.0993	0.0972	0.0000	6.8000
dPolE	652.713	90.000	48.2853	1.0000	0.0000	6.8000
uR	652.713	90.000	0.0231	1.0000	0.0000	6.8000
E	654.323	90.000	44.6518	359.5216	0.1083	0.1053	0.0000	6.8000
dPolE	654.323	90.000	47.1020	1.0000	0.0000	6.8000
uR	654.323	90.000	0.0237	1.0000	0.0000	6.8000
E	655.934	90.000	44.9046	359.9085	0.1089	0.1055	0.0000	6.8000
dPolE	655.934	90.000	45.2085	1.0000	0.0000	6.8000
uR	655.934	90.000	0.0235	1.0000	0.0000	6.8000
E	657.544	90.000	44.8722	359.6629	0.1111	0.1073	0.0000	6.8000
dPolE	657.544	90.000	47.4527	1.0000	0.0000	6.8000
uR	657.544	90.000	0.0229	1.0000	0.0000	6.8000
E	659.154	90.000	44.8521	359.7648	0.1050	0.1012	0.0000	6.8000
dPolE	659.154	90.000	45.6502	1.0000	0.0000	6.8000
uR	659.154	90.000	0.0234	1.0000	0.0000	6.8000
E	660.764	90.000	44.7057	359.8373	0.1152	0.1107	0.0000	6.8000
dPolE	660.764	90.000	45.4940	1.0000	0.0000	6.8000
uR	660.764	90.000	0.0236	1.0000	0.0000	6.8000
E	662.374	90.000	44.8303	359.7401	0.1106	0.1064	0.0000	6.8000
dPolE	662.374	90.000	46.9467	1.0000	0.0000	6.8000
uR	662.374	90.000	0.0231	1.0000	0.0000	6.8000
E	663.984	90.000	45.0453	359.7559	0.1111	0.1067	0.0000	6.8000
dPolE	663.984	90.000	47.1000	1.0000	0.0000	6.8000
uR	663.984	90.000	0.0227	1.0000	0.0000	6.8000
E	665.594	90.000	44.7037	359.4214	0.1092	0.1048	0.0000	6.8000
dPolE	665.594	90.000	49.8271	1.0000	0.0000	6.8000
uR	665.594	90.000	0.0223	1.0000	0.0000	6.8000
E	667.204	90.000	44.8412	359.6359	0.1089	0.1046	0.0000	6.8000
dPolE	667.204	90.000	49.7037	1.0000	0.0000	6.8000
uR	667.204	90.000	0.0219	1.0000	0.0000	6.8000
E	668.813	90.000	45.0597	359.5481	0.1103	0.1057	0.0000	6.8000
dPolE	668.813	90.000	42.2527	1.0000	0.0000	6.8000
uR	668.813	90.000	0.0228	1.0000	0.0000	6.8000
E	670.423	90.000	45.0905	359.7703	0.1110	0.1061	0.0000	6.8000
dPolE	670.423	90.000	44.2708	1.0000	0.0000	6.8000
uR	670.423	90.000	0.0227	1.0000	0.0000	6.8000
E	672.032	90.000	44.7755	359.6477	0.1104	0.1053	0.0000	6.8000
dPolE	672.032	90.000	43.6622	1.0000	0.0000	6.8000
uR	672.032	90.000	0.0230	1.0000	0.0000	6.8000
E	673.642	90.000	44.8975	359.9861	0.1132	0.1076	0.0000	6.8000
dPolE	673.642	90.000	41.8076	1.0000	0.0000	6.8000
uR	673.642	90.000	0.0230	1.0000	0.0000	6.8000
E	675.251	90.000	44.8523	359.7846	0.1084	0.1026	0.0000	6.8000
dPolE	675.251	90.000	46.6920	1.0000	0.0000	6.8000
uR	675.251	90.000	0.0233	1.0000	0.0000	6.8000
E	676.860	90.000	45.2092	359.8666	0.1099	0.1035	0.0000	6.8000
dPolE	676.860	90.000	43.6040	1.0000	0.0000	6.8000
uR	676.860	90.000	0.0231	1.0000	0.0000	6.8000
E	678.469	90.000	44.7977	359.6574	0.1169	0.1094	0.0000	6.8000
dPolE	678.469	90.000	44.4592	1.0000	0.0000	6.8000
uR	678.469	90.000	0.0226	1.0000	0.0000	6.8000
E	680.079	90.000	44.8656	359.8705	0.1148	0.1068	0.0000	6.8000
dPolE	680.079	90.000	42.9804	1.0000	0.0000	6.8000
uR	680.079	90.000	0.0225	1.0000	0.0000	6.8000
E	681.688	90.000	45.2214	0.0082	0.1152	0.1064	0.0000	6.8000
dPolE	681.688	90.000	43.7820	1.0000	0.0000	6.8000
uR	681.688	90.000	0.0226	1.0000	0.0000	6.8000
E	683.296	90.000	45.0342	359.6451	0.1083	0.0993	0.0000	6.8000
dPolE	683.296	90.000	39.4899	1.0000	0.0000	6.8000
uR	683.296	90.000	0.0231	1.0000	0.0000	6.8000
E	684.905	90.000	44.7318	359.8044	0.1056	0.0963	0.0000	6.8000
dPolE	684.905	90.000	38.7764	1.0000	0.0000	6.8000
uR	684.905	90.000	0.0227	1.0000	0.0000	6.8000
E	686.514	90.000	45.1088	359.6097	0.1048	0.0950	0.0000	6.8000
dPolE	686.514	90.000	38.4174	1.0000	0.0000	6.8000
uR	686.514	90.000	0.0226	1.0000	0.0000	6.8000
E	688.123	90.000	45.1200	359.6473	0.1067	0.0965	0.0000	6.8000
dPolE	688.123	90.000	40.4781	1.0000	0.0000	6.8000
uR	688.123	90.000	0.0228	1.0000	0.0000	6.8000
E	689.731	90.000	44.9380	359.7969	0.1047	0.0943	0.0000	6.8000
dPolE	689.731	90.000	37.3040	1.0000	0.0000	6.8000
uR	689.731	90.000	0.0227	1.0000	0.0000	6.8000
E	691.340	90.000	45.0617	359.7096	0.1094	0.0982	0.0000	6.8000
dPolE	691.340	90.000	42.0731	1.0000	0.0000	6.8000
uR	691.340	90.000	0.0227	1.0000	0.0000	6.8000
E	692.948	90.000	44.5020	359.6180	0.1137	0.1019	0.0000	6.8000
dPolE	692.948	90.000	42.3992	1.0000	0.0000	6.8000
uR	692.948	90.000	0.0226	1.0000	0.0000	6.8000
E	694.556	90.000	44.8724	359.8792	0.1194	0.1070	0.0000	6.8000
dPolE	694.556	90.000	41.9630	1.0000	0.0000	6.8000
uR	694.556	90.000	0.0230	1.0000	0.0000	6.8000
E	696.164	90.000	45.1213	0.0762	0.1188	0.1065	0.0000	6.8000
dPolE	696.164	90.000	43.3543	1.0000	0.0000	6.8000
uR	696.164	90.000	0.0230	1.0000	0.0000	6.8000
E	697.772	90.000	44.8147	359.6424	0.1281	0.1147	0.0000	6.8000
dPolE	697.772	90.000	43.7478	1.0000	0.0000	6.8000
uR	697.772	90.000	0.0231	1.0000	0.0000	6.8000
E	699.380	90.000	45.1163	359.7837	0.1188	0.1064	0.0000	6.8000
dPolE	699.380	90.000	42.3511	1.0000	0.0000	6.8000
uR	699.380	90.000	0.0234	1.0000	0.0000	6.8000
E	700.988	90.000	45.3410	359.6803	0.1275	0.1140	0.0000	6.8000
dPolE	700.988	90.000	43.1670	1.0000	0.0000	6.8000
uR	700.988	90.000	0.0231	1.0000	0.0000	6.8000
E	702.596	90.000	44.9039	359.5749	0.1233	0.1101	0.0000	6.8000
dPolE	702.596	90.000	44.2026	1.0000	0.0000	6.8000
uR	702.596	90.000	0.0230	1.0000	0.0000	6.8000
E	704.204	90.000	44.6479	359.6763	0.1259	0.1122	0.0000	6.8000
dPolE	704.204	90.000	44.4929	1.0000	0.0000	6.8000
uR	704.204	90.000	0.0231	1.0000	0.0000	6.8000
E	705.811	90.000	45.4251	359.8720	0.1307	0.1159	0.0000	6.8000
dPolE	705.811	90.000	43.6248	1.0000	0.0000	6.8000
uR	705.811	90.000	0.0234	1.0000	0.0000	6.8000
E	707.419	90.000	44.9831	359.7020	0.1328	0.1175	0.0000	6.8000
dPolE	707.419	90.000	45.3294	1.0000	0.0000	6.8000
uR	707.419	90.000	0.0232	1.0000	0.0000	6.8000
E	709.026	90.000	44.5518	359.6684	0.1293	0.1140	0.0000	6.8000
dPolE	709.026	90.000	40.4183	1.0000	0.0000	6.8000
uR	709.026	90.000	0.0235	1.0000	0.0000	6.8000
E	710.634	90.000	45.0045	359.5829	0.1222	0.1072	0.0000	6.8000
dPolE	710.634	90.000	42.6365	1.0000	0.0000	6.8000
uR	710.634	90.000	0.0237	1.0000	0.0000	6.8000
E	712.241	90.000	44.9475	359.8131	0.1217	0.1062	0.0000	6.8000
dPolE	712.241	90.000	43.0242	1.0000	0.0000	6.8000
uR	712.241	90.000	0.0252	1.0000	0.0000	6.8000
E	713.848	90.000	45.3813	359.4842	0.1502	0.1303	0.0000	6.8000
dPolE	713.848	90.000	44.4350	1.0000	0.0000	6.8000
uR	713.848	90.000	0.0243	1.0000	0.0000	6.8000
E	715.455	90.000	44.7898	359.6493	0.1631	0.1407	0.0000	6.8000
dPolE	715.455	90.000	49.0146	1.0000	0.0000	6.8000
uR	715.455	90.000	0.0217	1.0000	0.0000	6.8000
E	717.062	90.000	44.5997	359.6201	0.1573	0.1350	0.0000	6.8000
dPolE	717.062	90.000	49.3637	1.0000	0.0000	6.8000
uR	717.062	90.000	0.0204	1.0000	0.0000	6.8000
E	718.669	90.000	45.0718	359.4831	0.1343	0.1148	0.0000	6.8000
dPolE	718.669	90.000	44.7303	1.0000	0.0000	6.8000
uR	718.669	90.000	0.0220	1.0000	0.0000	6.8000
E	720.276	90.000	45.5939	359.8294	0.1412	0.1202	0.0000	6.8000
dPolE	720.276	90.000	45.9248	1.0000	0.0000	6.8000
uR	720.276	90.000	0.0234	1.0000	0.0000	6.8000
E	721.882	90.000	44.9085	359.7133	0.1359	0.1150	0.0000	6.8000
dPolE	721.882	90.000	48.2431	1.0000	0.0000	6.8000
uR	721.882	90.000	0.0236	1.0000	0.0000	6.8000
E	723.489	90.000	45.0164	359.7428	0.1517	0.1278	0.0000	6.8000
dPolE	723.489	90.000	44.3120	1.0000	0.0000	6.8000
uR	723.489	90.000	0.0227	1.0000	0.0000	6.8000
E	725.095	90.000	44.7519	359.8286	0.1526	0.1283	0.0000	6.8000
dPolE	725.095	90.000	46.6846	1.0000	0.0000	6.8000
uR	725.095	90.000	0.0234	1.0000	0.0000	6.8000
E	726.701	90.000	44.7744	359.8018	0.1510	0.1266	0.0000	6.8000
dPolE	726.701	90.000	45.3189	1.0000	0.0000	6.8000
uR	726.701	90.000	0.0234	1.0000	0.0000	6.8000
E	728.308	90.000	44.6295	359.4146	0.1441	0.1206	0.0000	6.8000
dPolE	728.308	90.000	44.5342	1.0000	0.0000	6.8000
uR	728.308	90.000	0.0233	1.0000	0.0000	6.8000
E	729.914	90.000	45.2320	359.5869	0.1452	0.1212	0.0000	6.8000
dPolE	729.914	90.000	42.7754	1.0000	0.0000	6.8000
uR	729.914	90.000	0.0227	1.0000	0.0000	6.8000
E	731.520	90.000	45.5123	359.6395	0.1310	0.1094	0.0000	6.8000
dPolE	731.520	90.000	40.0052	1.0000	0.0000	6.8000
uR	731.520	90.000	0.0227	1.0000	0.0000	6.8000
E	733.126	90.000	44.6260	359.8206	0.1247	0.1041	0.0000	6.8000
dPolE	733.126	90.000	40.5618	1.0000	0.0000	6.8000
uR	733.126	90.000	0.0231	1.0000	0.0000	6.8000
E	734.732	90.000	45.2622	359.5520	0.1361	0.1137	0.0000	6.8000
dPolE	734.732	90.000	39.7532	1.0000	0.0000	6.8000
uR	734.732	90.000	0.0231	1.0000	0.0000	6.8000
E	736.337	90.000	45.3141	359.7596	0.1398	0.1166	0.0000	6.8000
dPolE	736.337	90.000	41.9906	1.0000	0.0000	6.8000
uR	736.337	90.000	0.0235	1.0000	0.0000	6.8000
E	737.943	90.000	44.7697	359.7204	0.1417	0.1182	0.0000	6.8000
dPolE	737.943	90.000	44.2771	1.0000	0.0000	6.8000
uR	737.943	90.000	0.0228	1.0000	0.0000	6.8000
E	739.548	90.000	45.1407	359.6820	0.1458	0.1211	0.0000	6.8000
dPolE	739.548	90.000	38.2356	1.0000	0.0000	6.8000
uR	739.548	90.000	0.0229	1.0000	0.0000	6.8000
E	741.154	90.000	45.3955	359.6218	0.1390	0.1155	0.0000	6.8000
dPolE	741.154	90.000	39.7748	1.0000	0.0000	6.8000
uR	741.154	90.000	0.0227	1.0000	0.0000	6.8000
E	742.759	90.000	44.7230	359.4913	0.1381	0.1144	0.0000	6.8000
dPolE	742.759	90.000	39.7591	1.0000	0.0000	6.8000
uR	742.759	90.000	0.0228	1.0000	0.0000	6.8000
E	744.364	90.000	45.2971	359.6878	0.1478	0.1219	0.0000	6.8000
dPolE	744.364	90.000	38.6889	1.0000	0.0000	6.8000
uR	744.364	90.000	0.0230	1.0000	0.0000	6.8000
E	745.969	90.000	45.0092	359.6922	0.1484	0.1219	0.0000	6.8000
dPolE	745.969	90.000	43.1296	1.0000	0.0000	6.8000
uR	745.969	90.000	0.0232	1.0000	0.0000	6.8000
E	747.574	90.000	45.0744	359.5807	0.1514	0.1239	0.0000	6.8000
dPolE	747.574	90.000	40.0980	1.0000	0.0000	6.8000
uR	747.574	90.000	0.0237	1.0000	0.0000	6.8000
E	749.179	90.000	45.1337	358.9907	0.1496	0.1220	0.0000	6.8000
dPolE	749.179	90.000	45.3260	1.0000	0.0000	6.8000
uR	749.179	90.000	0.0228	1.0000	0.0000	6.8000
E	750.784	90.000	45.0316	359.7512	0.1501	0.1218	0.0000	6.8000
dPolE	750.784	90.000	39.5733	1.0000	0.0000	6.8000
uR	750.784	90.000	0.0234	1.0000	0.0000	6.8000
E	752.388	90.000	45.2771	359.4033	0.1531	0.1235	0.0000	6.8000
dPolE	752.388	90.000	39.8230	1.0000	0.0000	6.8000
uR	752.388	90.000	0.0239	1.0000	0.0000	6.8000
E	753.993	90.000	44.9781	359.4651	0.1486	0.1193	0.0000	6.8000
dPolE	753.993	90.000	43.5419	1.0000	0.0000	6.8000
uR	753.993	90.000	0.0238	1.0000	0.0000	6.8000
E	755.597	90.000	45.0718	359.6239	0.1540	0.1229	0.0000	6.8000
dPolE	755.597	90.000	38.3283	1.0000	0.0000	6.8000
uR	755.597	90.000	0.0244	1.0000	0.0000	6.8000
E	757.202	90.000	44.8358	359.9472	0.1593	0.1268	0.0000	6.8000
dPolE	757.202	90.000	42.9657	1.0000	0.0000	6.8000
uR	757.202	90.000	0.0232	1.0000	0.0000	6.8000
E	758.806	90.000	45.2360	359.8358	0.1558	0.1233	0.0000	6.8000
dPolE	758.806	90.000	43.9914	1.0000	0.0000	6.8000
uR	758.806	90.000	0.0223	1.0000	0.0000	6.8000
E	760.410	90.000	45.3379	359.6554	0.1511	0.1192	0.0000	6.8000
dPolE	760.410	90.000	39.6545	1.0000	0.0000	6.8000
uR	760.410	90.000	0.0222	1.0000	0.0000	6.8000
E	762.014	90.000	45.1106	359.8032	0.1352	0.1059	0.0000	6.8000
dPolE	762.014	90.000	40.2291	1.0000	0.0000	6.8000
uR	762.014	90.000	0.0221	1.0000	0.0000	6.8000
E	763.618	90.000	45.3974	359.6436	0.1226	0.0960	0.0000	6.8000
dPolE	763.618	90.000	29.1287	1.0000	0.0000	6.8000
uR	763.618	90.000	0.0233	1.0000	0.0000	6.8000
E	765.221	90.000	44.9864	359.7404	0.1138	0.0889	0.0000	6.8000
dPolE	765.221	90.000	30.1230	1.0000	0.0000	6.8000
uR	765.221	90.000	0.0234	1.0000	0.0000	6.8000
E	766.825	90.000	45.1075	359.6482	0.1184	0.0923	0.0000	6.8000
dPolE	766.825	90.000	31.9997	1.0000	0.0000	6.8000
uR	766.825	90.000	0.0226	1.0000	0.0000	6.8000
E	768.429	90.000	44.6863	359.7121	0.1420	0.1104	0.0000	6.8000
dPolE	768.429	90.000	41.3540	1.0000	0.0000	6.8000
uR	768.429	90.000	0.0222	1.0000	0.0000	6.8000
E	770.032	90.000	44.4197	359.7975	0.1634	0.1269	0.0000	6.8000
dPolE	770.032	90.000	46.6859	1.0000	0.0000	6.8000
uR	770.032	90.000	0.0225	1.0000	0.0000	6.8000
E	771.635	90.000	45.0954	359.6819	0.1688	0.1311	0.0000	6.8000
dPolE	771.635	90.000	42.3059	1.0000	0.0000	6.8000
uR	771.635	90.000	0.0230	1.0000	0.0000	6.8000
E	773.238	90.000	45.0982	359.6117	0.1807	0.1403	0.0000	6.8000
dPolE	773.238	90.000	40.8893	1.0000	0.0000	6.8000
uR	773.238	90.000	0.0246	1.0000	0.0000	6.8000
E	774.841	90.000	44.9742	359.6785	0.1803	0.1400	0.0000	6.8000
dPolE	774.841	90.000	44.0908	1.0000	0.0000	6.8000
uR	774.841	90.000	0.0252	1.0000	0.0000	6.8000
E	776.444	90.000	44.5008	359.9015	0.1847	0.1432	0.0000	6.8000
dPolE	776.444	90.000	47.2876	1.0000	0.0000	6.8000
uR	776.444	90.000	0.0260	1.0000	0.0000	6.8000
E	778.047	90.000	45.0700	359.4904	0.1966	0.1518	0.0000	6.8000
dPolE	778.047	90.000	48.7070	1.0000	0.0000	6.8000
uR	778.047	90.000	0.0247	1.0000	0.0000	6.8000
E	779.650	90.000	45.6796	359.7496	0.1963	0.1515	0.0000	6.8000
dPolE	779.650	90.000	50.5761	1.0000	0.0000	6.8000
uR	779.650	90.000	0.0236	1.0000	0.0000	6.8000
E	781.252	90.000	45.0642	359.7719	0.2045	0.1580	0.0000	6.8000
dPolE	781.252	90.000	47.7346	1.0000	0.0000	6.8000
uR	781.252	90.000	0.0242	1.0000	0.0000	6.8000
E	782.855	90.000	44.6738	359.7218	0.1859	0.1432	0.0000	6.8000
dPolE	782.855	90.000	56.8981	1.0000	0.0000	6.8000
uR	782.855	90.000	0.0238	1.0000	0.0000	6.8000
E	784.457	90.000	45.4633	359.3871	0.2009	0.1547	0.0000	6.8000
dPolE	784.457	90.000	47.1029	1.0000	0.0000	6.8000
uR	784.457	90.000	0.0246	1.0000	0.0000	6.8000
E	786.059	90.000	44.7871	359.5301	0.1998	0.1533	0.0000	6.8000
dPolE	786.059	90.000	49.8514	1.0000	0.0000	6.8000
uR	786.059	90.000	0.0242	1.0000	0.0000	6.8000
E	787.661	90.000	44.5276	359.6252	0.1984	0.1511	0.0000	6.8000
dPolE	787.661	90.000	50.1628	1.0000	0.0000	6.8000
uR	787.661	90.000	0.0224	1.0000	0.0000	6.8000
E	789.263	90.000	44.6757	359.8668	0.1771	0.1349	0.0000	6.8000
dPolE	789.263	90.000	49.1525	1.0000	0.0000	6.8000
uR	789.263	90.000	0.0225	1.0000	0.0000	6.8000
E	790.865	90.000	45.0872	359.6719	0.1746	0.1323	0.0000	6.8000
dPolE	790.865	90.000	46.6310	1.0000	0.0000	6.8000
uR	790.865	90.000	0.0215	1.0000	0.0000	6.8000
E	792.467	90.000	44.9523	359.6927	0.1884	0.1424	0.0000	6.8000
dPolE	792.467	90.000	43.1197	1.0000	0.0000	6.8000
uR	792.467	90.000	0.0220	1.0000	0.0000	6.8000
E	794.068	90.000	45.5068	0.0377	0.1915	0.1439	0.0000	6.8000
dPolE	794.068	90.000	46.3582	1.0000	0.0000	6.8000
uR	794.068	90.000	0.0232	1.0000	0.0000	6.8000
E	795.670	90.000	44.8605	359.9997	0.1909	0.1428	0.0000	6.8000
dPolE	795.670	90.000	46.6429	1.0000	0.0000	6.8000
uR	795.670	90.000	0.0239	1.0000	0.0000	6.8000
E	797.271	90.000	45.0777	359.5369	0.1743	0.1300	0.0000	6.8000
dPolE	797.271	90.000	41.4708	1.0000	0.0000	6.8000
uR	797.271	90.000	0.0249	1.0000	0.0000	6.8000
E	798.872	90.000	44.1669	359.7437	0.1870	0.1388	0.0000	6.8000
dPolE	798.872	90.000	40.8124	1.0000	0.0000	6.8000
uR	798.872	90.000	0.0241	1.0000	0.0000	6.8000
E	800.473	90.000	44.7726	359.7383	0.1771	0.1311	0.0000	6.8000
dPolE	800.473	90.000	43.4913	1.0000	0.0000	6.8000
uR	800.473	90.000	0.0242	1.0000	0.0000	6.8000
E	802.074	90.000	44.7363	359.9643	0.1938	0.1427	0.0000	6.8000
dPolE	802.074	90.000	42.8764	1.0000	0.0000	6.8000
uR	802.074	90.000	0.0241	1.0000	0.0000	6.8000
E	803.675	90.000	44.9409	359.9258	0.1981	0.1448	0.0000	6.8000
dPolE	803.675	90.000	46.1031	1.0000	0.0000	6.8000
uR	803.675	90.000	0.0251	1.0000	0.0000	6.8000
E	805.276	90.000	44.6636	359.6092	0.1979	0.1444	0.0000	6.8000
dPolE	805.276	90.000	45.8103	1.0000	0.0000	6.8000
uR	805.276	90.000	0.0247	1.0000	0.0000	6.8000
E	806.876	90.000	44.6199	359.8229	0.1870	0.1363	0.0000	6.8000
dPolE	806.876	90.000	45.7512	1.0000	0.0000	6.8000
uR	806.876	90.000	0.0242	1.0000	0.0000	6.8000
E	808.477	90.000	45.3467	359.7192	0.1915	0.1393	0.0000	6.8000
dPolE	808.477	90.000	42.6507	1.0000	0.0000	6.8000
uR	808.477	90.000	0.0237	1.0000	0.0000	6.8000
E	810.077	90.000	44.6636	359.4792	0.1900	0.1377	0.0000	6.8000
dPolE	810.077	90.000	41.6116	1.0000	0.0000	6.8000
uR	810.077	90.000	0.0247	1.0000	0.0000	6.8000
E	811.677	90.000	44.5280	0.0931	0.1880	0.1359	0.0000	6.8000
dPolE	811.677	90.000	43.4108	1.0000	0.0000	6.8000
uR	811.677	90.000	0.0258	1.0000	0.0000	6.8000
E	813.277	90.000	45.8365	0.0422	0.1861	0.1347	0.0000	6.8000
dPolE	813.277	90.000	44.5711	1.0000	0.0000	6.8000
uR	813.277	90.000	0.0236	1.0000	0.0000	6.8000
E	814.877	90.000	45.3743	359.3107	0.1903	0.1374	0.0000	6.8000
dPolE	814.877	90.000	41.8347	1.0000	0.0000	6.8000
uR	814.877	90.000	0.0233	1.0000	0.0000	6.8000
E	816.477	90.000	44.4722	359.3822	0.1886	0.1359	0.0000	6.8000
dPolE	816.477	90.000	36.3868	1.0000	0.0000	6.8000
uR	816.477	90.000	0.0239	1.0000	0.0000	6.8000
E	818.077	90.000	45.0471	359.8897	0.1540	0.1111	0.0000	6.8000
dPolE	818.077	90.000	34.1696	1.0000	0.0000	6.8000
uR	818.077	90.000	0.0214	1.0000	0.0000	6.8000
E	819.676	90.000	44.9055	359.8010	0.1144	0.0824	0.0000	6.8000
dPolE	819.676	90.000	24.5112	1.0000	0.0000	6.8000
uR	819.676	90.000	0.0198	1.0000	0.0000	6.8000
E	821.276	90.000	44.9509	359.5916	0.0725	0.0522	0.0000	6.8000
dPolE	821.276	90.000	11.9485	1.0000	0.0000	6.8000
uR	821.276	90.000	0.0205	1.0000	0.0000	6.8000
E	822.875	90.000	44.9942	359.6133	0.0545	0.0391	0.0000	6.8000
dPolE	822.875	90.000	7.4390	1.0000	0.0000	6.8000
uR	822.875	90.000	0.0231	1.0000	0.0000	6.8000
E	824.474	90.000	44.9011	359.5420	0.0453	0.0325	0.0000	6.8000
dPolE	824.474	90.000	4.6232	1.0000	0.0000	6.8000
uR	824.474	90.000	0.0239	1.0000	0.0000	6.8000
E	826.073	90.000	44.9192	359.6559	0.0518	0.0372	0.0000	6.8000
dPolE	826.073	90.000	4.6040	1.0000	0.0000	6.8000
uR	826.073	90.000	0.0228	1.0000	0.0000	6.8000
E	827.672	90.000	44.8327	359.5908	0.0606	0.0434	0.0000	6.8000
dPolE	827.672	90.000	8.2863	1.0000	0.0000	6.8000
uR	827.672	90.000	0.0224	1.0000	0.0000	6.8000
E	829.271	90.000	45.0257	359.7743	0.0679	0.0485	0.0000	6.8000
dPolE	829.271	90.000	10.3778	1.0000	0.0000	6.8000
uR	829.271	90.000	0.0230	1.0000	0.0000	6.8000
E	830.869	90.000	45.1323	359.6264	0.0848	0.0604	0.0000	6.8000
dPolE	830.869	90.000	15.3009	1.0000	0.0000	6.8000
uR	830.869	90.000	0.0215	1.0000	0.0000	6.8000
E	832.468	90.000	44.8914	359.7957	0.1040	0.0741	0.0000	6.8000
dPolE	832.468	90.000	26.5386	1.0000	0.0000	6.8000
uR	832.468	90.000	0.0201	1.0000	0.0000	6.8000
E	834.066	90.000	45.0066	359.7118	0.0945	0.0671	0.0000	6.8000
dPolE	834.066	90.000	23.9394	1.0000	0.0000	6.8000
uR	834.066	90.000	0.0214	1.0000	0.0000	6.8000
E	835.664	90.000	45.1536	359.7087	0.1009	0.0714	0.0000	6.8000
dPolE	835.664	90.000	22.6360	1.0000	0.0000	6.8000
uR	835.664	90.000	0.0221	1.0000	0.0000	6.8000
E	837.262	90.000	44.9055	359.8645	0.1089	0.0768	0.0000	6.8000
dPolE	837.262	90.000	25.4728	1.0000	0.0000	6.8000
uR	837.262	90.000	0.0232	1.0000	0.0000	6.8000
E	838.860	90.000	44.8166	359.4471	0.1267	0.0890	0.0000	6.8000
dPolE	838.860	90.000	34.0153	1.0000	0.0000	6.8000
uR	838.860	90.000	0.0228	1.0000	0.0000	6.8000
E	840.458	90.000	44.7199	359.7027	0.1338	0.0935	0.0000	6.8000
dPolE	840.458	90.000	41.8048	1.0000	0.0000	6.8000
uR	840.458	90.000	0.0237	1.0000	0.0000	6.8000
E	842.055	90.000	45.0684	359.7703	0.1361	0.0950	0.0000	6.8000
dPolE	842.055	90.000	45.4911	1.0000	0.0000	6.8000
uR	842.055	90.000	0.0244	1.0000	0.0000	6.8000
E	843.653	90.000	44.8179	359.4138	0.1609	0.1119	0.0000	6.8000
dPolE	843.653	90.000	47.1555	1.0000	0.0000	6.8000
uR	843.653	90.000	0.0234	1.0000	0.0000	6.8000
E	845.250	90.000	44.7788	359.5616	0.2006	0.1386	0.0000	6.8000
dPolE	845.250	90.000	53.3413	1.0000	0.0000	6.8000
uR	845.250	90.000	0.0234	1.0000	0.0000	6.8000
E	846.847	90.000	46.1086	359.8842	0.2309	0.1590	0.0000	6.8000
dPolE	846.847	90.000	47.7109	1.0000	0.0000	6.8000
uR	846.847	90.000	0.0249	1.0000	0.0000	6.8000
E	848.444	90.000	45.6193	359.3430	0.2579	0.1769	0.0000	6.8000
dPolE	848.444	90.000	56.2026	1.0000	0.0000	6.8000
uR	848.444	90.000	0.0259	1.0000	0.0000	6.8000
E	850.041	90.000	45.0182	0.0114	0.2560	0.1748	0.0000	6.8000
dPolE	850.041	90.000	63.6900	1.0000	0.0000	6.8000
uR	850.041	90.000	0.0263	1.0000	0.0000	6.8000
E	851.638	90.000	44.2428	359.7588	0.2697	0.1835	0.0000	6.8000
dPolE	851.638	90.000	61.0549	1.0000	0.0000	6.8000
uR	851.638	90.000	0.0261	1.0000	0.0000	6.8000
E	853.234	90.000	44.7325	359.7216	0.2650	0.1796	0.0000	6.8000
dPolE	853.234	90.000	63.0234	1.0000	0.0000	6.8000
uR	853.234	90.000	0.0250	1.0000	0.0000	6.8000
E	854.831	90.000	45.0103	359.1554	0.2938	0.1981	0.0000	6.8000
dPolE	854.831	90.000	60.6627	1.0000	0.0000	6.8000
uR	854.831	90.000	0.0234	1.0000	0.0000	6.8000
E	856.427	90.000	45.5966	0.4180	0.2640	0.1781	0.0000	6.8000
dPolE	856.427	90.000	58.5771	1.0000	0.0000	6.8000
uR	856.427	90.000	0.0245	1.0000	0.0000	6.8000
E	858.023	90.000	44.6459	359.5066	0.2661	0.1790	0.0000	6.8000
dPolE	858.023	90.000	57.6573	1.0000	0.0000	6.8000
uR	858.023	90.000	0.0243	1.0000	0.0000	6.8000
E	859.619	90.000	45.1189	0.0092	0.2791	0.1869	0.0000	6.8000
dPolE	859.619	90.000	53.7717	1.0000	0.0000	6.8000
uR	859.619	90.000	0.0242	1.0000	0.0000	6.8000
E	861.215	90.000	44.2537	359.6799	0.2691	0.1801	0.0000	6.8000
dPolE	861.215	90.000	55.9147	1.0000	0.0000	6.8000
uR	861.215	90.000	0.0238	1.0000	0.0000	6.8000
E	862.811	90.000	45.4099	359.7299	0.2589	0.1732	0.0000	6.8000
dPolE	862.811	90.000	52.6348	1.0000	0.0000	6.8000
uR	862.811	90.000	0.0239	1.0000	0.0000	6.8000
E	864.407	90.000	45.6398	0.1710	0.2408	0.1607	0.0000	6.8000
dPolE	864.407	90.000	52.4820	1.0000	0.0000	6.8000
uR	864.407	90.000	0.0244	1.0000	0.0000	6.8000
E	866.002	90.000	44.8289	359.5437	0.2403	0.1603	0.0000	6.8000
dPolE	866.002	90.000	47.9415	1.0000	0.0000	6.8000
uR	866.002	90.000	0.0253	1.0000	0.0000	6.8000
E	867.597	90.000	44.3583	359.4309	0.2233	0.1491	0.0000	6.8000
dPolE	867.597	90.000	47.0104	1.0000	0.0000	6.8000
uR	867.597	90.000	0.0241	1.0000	0.0000	6.8000
E	869.192	90.000	44.4471	359.5923	0.2218	0.1478	0.0000	6.8000
dPolE	869.192	90.000	43.9539	1.0000	0.0000	6.8000
uR	869.192	90.000	0.0237	1.0000	0.0000	6.8000
E	870.787	90.000	45.4064	359.6921	0.1988	0.1324	0.0000	6.8000
dPolE	870.787	90.000	40.7656	1.0000	0.0000	6.8000
uR	870.787	90.000	0.0237	1.0000	0.0000	6.8000
E	872.382	90.000	44.8692	359.7494	0.1947	0.1294	0.0000	6.8000
dPolE	872.382	90.000	33.5674	1.0000	0.0000	6.8000
uR	872.382	90.000	0.0235	1.0000	0.0000	6.8000
E	873.977	90.000	45.0424	359.7114	0.1790	0.1192	0.0000	6.8000
dPolE	873.977	90.000	33.4586	1.0000	0.0000	6.8000
uR	873.977	90.000	0.0229	1.0000	0.0000	6.8000
E	875.571	90.000	45.1761	359.4761	0.1584	0.1054	0.0000	6.8000
dPolE	875.571	90.000	32.6442	1.0000	0.0000	6.8000
uR	875.571	90.000	0.0224	1.0000	0.0000	6.8000
E	877.166	90.000	44.9771	359.6392	0.1364	0.0906	0.0000	6.8000
dPolE	877.166	90.000	31.4766	1.0000	0.0000	6.8000
uR	877.166	90.000	0.0209	1.0000	0.0000	6.8000
E	878.760	90.000	44.8915	359.6646	0.1008	0.0669	0.0000	6.8000
dPolE	878.760	90.000	18.0912	1.0000	0.0000	6.8000
uR	878.760	90.000	0.0201	1.0000	0.0000	6.8000
E	880.354	90.000	44.9426	359.6077	0.0709	0.0470	0.0000	6.8000
dPolE	880.354	90.000	8.4396	1.0000	0.0000	6.8000
uR	880.354	90.000	0.0209	1.0000	0.0000	6.8000
E	881.948	90.000	44.9175	359.6122	0.0530	0.0350	0.0000	6.8000
dPolE	881.948	90.000	5.5696	1.0000	0.0000	6.8000
uR	881.948	90.000	0.0229	1.0000	0.0000	6.8000
E	883.542	90.000	44.8888	359.6053	0.0507	0.0334	0.0000	6.8000
dPolE	883.542	90.000	5.0595	1.0000	0.0000	6.8000
uR	883.542	90.000	0.0240	1.0000	0.0000	6.8000
E	885.135	90.000	44.9202	359.5790	0.0579	0.0382	0.0000	6.8000
dPolE	885.135	90.000	5.4611	1.0000	0.0000	6.8000
uR	885.135	90.000	0.0233	1.0000	0.0000	6.8000
E	886.729	90.000	44.9890	359.6066	0.0775	0.0509	0.0000	6.8000
dPolE	886.729	90.000	10.5295	1.0000	0.0000	6.8000
uR	886.729	90.000	0.0223	1.0000	0.0000	6.8000
E	888.322	90.000	44.7979	359.7006	0.0964	0.0632	0.0000	6.8000
dPolE	888.322	90.000	22.0304	1.0000	0.0000	6.8000
uR	888.322	90.000	0.0220	1.0000	0.0000	6.8000
E	889.915	90.000	44.8187	359.5972	0.1144	0.0747	0.0000	6.8000
dPolE	889.915	90.000	22.9633	1.0000	0.0000	6.8000
uR	889.915	90.000	0.0219	1.0000	0.0000	6.8000
E	891.508	90.000	44.7514	359.7742	0.1181	0.0768	0.0000	6.8000
dPolE	891.508	90.000	24.7649	1.0000	0.0000	6.8000
uR	891.508	90.000	0.0223	1.0000	0.0000	6.8000
E	893.101	90.000	45.2905	359.4939	0.1090	0.0707	0.0000	6.8000
dPolE	893.101	90.000	19.2564	1.0000	0.0000	6.8000
uR	893.101	90.000	0.0220	1.0000	0.0000	6.8000
E	894.694	90.000	44.8767	359.6657	0.0971	0.0627	0.0000	6.8000
dPolE	894.694	90.000	16.0775	1.0000	0.0000	6.8000
uR	894.694	90.000	0.0240	1.0000	0.0000	6.8000
E	896.286	90.000	44.7562	359.7043	0.0871	0.0560	0.0000	6.8000
dPolE	896.286	90.000	18.5366	1.0000	0.0000	6.8000
uR	896.286	90.000	0.0235	1.0000	0.0000	6.8000
E	897.879	90.000	44.9711	359.7604	0.0997	0.0639	0.0000	6.8000
dPolE	897.879	90.000	17.8067	1.0000	0.0000	6.8000
uR	897.879	90.000	0.0231	1.0000	0.0000	6.8000
E	899.471	90.000	45.0190	359.7822	0.1125	0.0718	0.0000	6.8000
dPolE	899.471	90.000	22.9656	1.0000	0.0000	6.8000
uR	899.471	90.000	0.0226	1.0000	0.0000	6.8000
E	901.063	90.000	45.1484	359.7080	0.1250	0.0794	0.0000	6.8000
dPolE	901.063	90.000	19.5880	1.0000	0.0000	6.8000
uR	901.063	90.000	0.0222	1.0000	0.0000	6.8000
E	902.655	90.000	44.8536	359.7528	0.1130	0.0716	0.0000	6.8000
dPolE	902.655	90.000	18.3229	1.0000	0.0000	6.8000
uR	902.655	90.000	0.0231	1.0000	0.0000	6.8000
E	904.247	90.000	44.8415	359.7463	0.0974	0.0615	0.0000	6.8000
dPolE	904.247	90.000	14.3042	1.0000	0.0000	6.8000
uR	904.247	90.000	0.0244	1.0000	0.0000	6.8000
E	905.838	90.000	45.1683	359.6168	0.0977	0.0616	0.0000	6.8000
dPolE	905.838	90.000	15.6805	1.0000	0.0000	6.8000
uR	905.838	90.000	0.0240	1.0000	0.0000	6.8000
E	907.429	90.000	45.0522	359.7625	0.1115	0.0701	0.0000	6.8000
dPolE	907.429	90.000	20.7878	1.0000	0.0000	6.8000
uR	907.429	90.000	0.0229	1.0000	0.0000	6.8000
E	909.021	90.000	44.6281	359.7321	0.1354	0.0850	0.0000	6.8000
dPolE	909.021	90.000	27.7289	1.0000	0.0000	6.8000
uR	909.021	90.000	0.0210	1.0000	0.0000	6.8000
E	910.612	90.000	44.3437	359.7628	0.1571	0.0980	0.0000	6.8000
dPolE	910.612	90.000	30.8187	1.0000	0.0000	6.8000
uR	910.612	90.000	0.0210	1.0000	0.0000	6.8000
E	912.203	90.000	44.9665	359.5881	0.1418	0.0884	0.0000	6.8000
dPolE	912.203	90.000	30.1883	1.0000	0.0000	6.8000
uR	912.203	90.000	0.0204	1.0000	0.0000	6.8000
E	913.793	90.000	44.9583	359.5777	0.1168	0.0725	0.0000	6.8000
dPolE	913.793	90.000	20.4819	1.0000	0.0000	6.8000
uR	913.793	90.000	0.0216	1.0000	0.0000	6.8000
E	915.384	90.000	45.0411	359.5404	0.0881	0.0546	0.0000	6.8000
dPolE	915.384	90.000	12.7301	1.0000	0.0000	6.8000
uR	915.384	90.000	0.0228	1.0000	0.0000	6.8000
E	916.974	90.000	45.1851	359.6229	0.0843	0.0522	0.0000	6.8000
dPolE	916.974	90.000	12.2485	1.0000	0.0000	6.8000
uR	916.974	90.000	0.0232	1.0000	0.0000	6.8000
E	918.565	90.000	44.6654	359.5977	0.0894	0.0553	0.0000	6.8000
dPolE	918.565	90.000	16.3927	1.0000	0.0000	6.8000
uR	918.565	90.000	0.0228	1.0000	0.0000	6.8000
E	920.155	90.000	45.2020	359.6684	0.1103	0.0681	0.0000	6.8000
dPolE	920.155	90.000	19.0872	1.0000	0.0000	6.8000
uR	920.155	90.000	0.0217	1.0000	0.0000	6.8000
E	921.745	90.000	44.6378	359.6700	0.1325	0.0817	0.0000	6.8000
dPolE	921.745	90.000	26.3072	1.0000	0.0000	6.8000
uR	921.745	90.000	0.0219	1.0000	0.0000	6.8000
E	923.334	90.000	44.9823	359.6815	0.1604	0.0988	0.0000	6.8000
dPolE	923.334	90.000	31.2479	1.0000	0.0000	6.8000
uR	923.334	90.000	0.0228	1.0000	0.0000	6.8000
E	924.924	90.000	44.6595	359.5933	0.1974	0.1214	0.0000	6.8000
dPolE	924.924	90.000	40.4969	1.0000	0.0000	6.8000
uR	924.924	90.000	0.0218	1.0000	0.0000	6.8000
E	926.513	90.000	45.3553	359.6814	0.2038	0.1251	0.0000	6.8000
dPolE	926.513	90.000	46.3056	1.0000	0.0000	6.8000
uR	926.513	90.000	0.0226	1.0000	0.0000	6.8000
E	928.103	90.000	45.1622	359.6833	0.2330	0.1430	0.0000	6.8000
dPolE	928.103	90.000	42.3030	1.0000	0.0000	6.8000
uR	928.103	90.000	0.0229	1.0000	0.0000	6.8000
E	929.692	90.000	44.6813	359.6537	0.2335	0.1429	0.0000	6.8000
dPolE	929.692	90.000	49.4619	1.0000	0.0000	6.8000
uR	929.692	90.000	0.0231	1.0000	0.0000	6.8000
E	931.280	90.000	45.0004	359.9514	0.2546	0.1563	0.0000	6.8000
dPolE	931.280	90.000	43.4210	1.0000	0.0000	6.8000
uR	931.280	90.000	0.0241	1.0000	0.0000	6.8000
E	932.869	90.000	44.6896	359.7525	0.2498	0.1531	0.0000	6.8000
dPolE	932.869	90.000	40.5966	1.0000	0.0000	6.8000
uR	932.869	90.000	0.0246	1.0000	0.0000	6.8000
E	934.458	90.000	44.1600	0.0742	0.2568	0.1568	0.0000	6.8000
dPolE	934.458	90.000	48.3241	1.0000	0.0000	6.8000
uR	934.458	90.000	0.0238	1.0000	0.0000	6.8000
E	936.046	90.000	45.2122	359.6707	0.2314	0.1414	0.0000	6.8000
dPolE	936.046	90.000	39.2069	1.0000	0.0000	6.8000
uR	936.046	90.000	0.0251	1.0000	0.0000	6.8000
E	937.634	90.000	44.7453	359.6865	0.2153	0.1314	0.0000	6.8000
dPolE	937.634	90.000	38.6118	1.0000	0.0000	6.8000
uR	937.634	90.000	0.0237	1.0000	0.0000	6.8000
E	939.222	90.000	45.1710	359.8899	0.2245	0.1370	0.0000	6.8000
dPolE	939.222	90.000	41.0063	1.0000	0.0000	6.8000
uR	939.222	90.000	0.0239	1.0000	0.0000	6.8000
E	940.810	90.000	44.5781	359.8334	0.2319	0.1403	0.0000	6.8000
dPolE	940.810	90.000	42.1957	1.0000	0.0000	6.8000
uR	940.810	90.000	0.0239	1.0000	0.0000	6.8000
E	942.398	90.000	44.8909	0.1005	0.2468	0.1489	0.0000	6.8000
dPolE	942.398	90.000	40.7438	1.0000	0.0000	6.8000
uR	942.398	90.000	0.0236	1.0000	0.0000	6.8000
E	943.985	90.000	44.7909	359.4991	0.2515	0.1526	0.0000	6.8000
dPolE	943.985	90.000	40.2883	1.0000	0.0000	6.8000
uR	943.985	90.000	0.0239	1.0000	0.0000	6.8000
E	945.573	90.000	45.0213	359.6196	0.2569	0.1555	0.0000	6.8000
dPolE	945.573	90.000	44.0248	1.0000	0.0000	6.8000
uR	945.573	90.000	0.0242	1.0000	0.0000	6.8000
E	947.160	90.000	45.0163	359.7983	0.2721	0.1644	0.0000	6.8000
dPolE	947.160	90.000	36.6780	1.0000	0.0000	6.8000
uR	947.160	90.000	0.0237	1.0000	0.0000	6.8000
E	948.747	90.000	44.7009	359.7478	0.2501	0.1504	0.0000	6.8000
dPolE	948.747	90.000	36.8336	1.0000	0.0000	6.8000
uR	948.747	90.000	0.0253	1.0000	0.0000	6.8000
E	950.334	90.000	44.9015	359.9286	0.2268	0.1364	0.0000	6.8000
dPolE	950.334	90.000	39.0430	1.0000	0.0000	6.8000
uR	950.334	90.000	0.0248	1.0000	0.0000	6.8000
E	951.920	90.000	44.5581	359.7656	0.2325	0.1390	0.0000	6.8000
dPolE	951.920	90.000	40.9235	1.0000	0.0000	6.8000
uR	951.920	90.000	0.0240	1.0000	0.0000	6.8000
E	953.507	90.000	44.9695	359.9344	0.2397	0.1429	0.0000	6.8000
dPolE	953.507	90.000	37.7669	1.0000	0.0000	6.8000
uR	953.507	90.000	0.0250	1.0000	0.0000	6.8000
E	955.093	90.000	44.9795	359.5647	0.2711	0.1608	0.0000	6.8000
dPolE	955.093	90.000	37.6344	1.0000	0.0000	6.8000
uR	955.093	90.000	0.0251	1.0000	0.0000	6.8000
E	956.679	90.000	44.8901	359.9417	0.2816	0.1675	0.0000	6.8000
dPolE	956.679	90.000	39.6527	1.0000	0.0000	6.8000
uR	956.679	90.000	0.0257	1.0000	0.0000	6.8000
E	958.265	90.000	45.5032	359.5355	0.3193	0.1891	0.0000	6.8000
dPolE	958.265	90.000	49.6912	1.0000	0.0000	6.8000
uR	958.265	90.000	0.0244	1.0000	0.0000	6.8000
E	959.851	90.000	45.0227	359.3555	0.3390	0.1997	0.0000	6.8000
dPolE	959.851	90.000	56.9815	1.0000	0.0000	6.8000
uR	959.851	90.000	0.0234	1.0000	0.0000	6.8000
E	961.436	90.000	44.5854	359.0809	0.3314	0.1948	0.0000	6.8000
dPolE	961.436	90.000	62.6235	1.0000	0.0000	6.8000
uR	961.436	90.000	0.0237	1.0000	0.0000	6.8000
E	963.022	90.000	44.0558	359.6270	0.3333	0.1957	0.0000	6.8000
dPolE	963.022	90.000	63.1881	1.0000	0.0000	6.8000
uR	963.022	90.000	0.0233	1.0000	0.0000	6.8000
E	964.607	90.000	45.0692	359.9911	0.3588	0.2096	0.0000	6.8000
dPolE	964.607	90.000	58.8208	1.0000	0.0000	6.8000
uR	964.607	90.000	0.0223	1.0000	0.0000	6.8000
E	966.192	90.000	44.8498	359.7148	0.3209	0.1870	0.0000	6.8000
dPolE	966.192	90.000	55.7687	1.0000	0.0000	6.8000
uR	966.192	90.000	0.0234	1.0000	0.0000	6.8000
E	967.777	90.000	44.3866	359.6486	0.2929	0.1697	0.0000	6.8000
dPolE	967.777	90.000	52.9969	1.0000	0.0000	6.8000
uR	967.777	90.000	0.0228	1.0000	0.0000	6.8000
E	969.361	90.000	44.3906	359.6325	0.2973	0.1721	0.0000	6.8000
dPolE	969.361	90.000	42.0029	1.0000	0.0000	6.8000
uR	969.361	90.000	0.0238	1.0000	0.0000	6.8000
E	970.946	90.000	44.5947	359.5988	0.2736	0.1577	0.0000	6.8000
dPolE	970.946	90.000	41.8450	1.0000	0.0000	6.8000
uR	970.946	90.000	0.0234	1.0000	0.0000	6.8000
E	972.530	90.000	44.5654	359.6033	0.2498	0.1440	0.0000	6.8000
dPolE	972.530	90.000	42.6472	1.0000	0.0000	6.8000
uR	972.530	90.000	0.0232	1.0000	0.0000	6.8000
E	974.114	90.000	45.2103	359.6942	0.2341	0.1347	0.0000	6.8000
dPolE	974.114	90.000	35.4500	1.0000	0.0000	6.8000
uR	974.114	90.000	0.0222	1.0000	0.0000	6.8000
E	975.698	90.000	44.8662	359.6687	0.2150	0.1232	0.0000	6.8000
dPolE	975.698	90.000	29.8757	1.0000	0.0000	6.8000
uR	975.698	90.000	0.0218	1.0000	0.0000	6.8000
E	977.282	90.000	44.6485	359.5999	0.1749	0.0999	0.0000	6.8000
dPolE	977.282	90.000	28.8906	1.0000	0.0000	6.8000
uR	977.282	90.000	0.0229	1.0000	0.0000	6.8000
E	978.865	90.000	44.8347	359.7414	0.1453	0.0826	0.0000	6.8000
dPolE	978.865	90.000	20.2315	1.0000	0.0000	6.8000
uR	978.865	90.000	0.0237	1.0000	0.0000	6.8000
E	980.449	90.000	44.7996	359.7896	0.1481	0.0842	0.0000	6.8000
dPolE	980.449	90.000	19.3439	1.0000	0.0000	6.8000
uR	980.449	90.000	0.0239	1.0000	0.0000	6.8000
E	982.032	90.000	44.8076	359.8721	0.1680	0.0957	0.0000	6.8000
dPolE	982.032	90.000	27.6788	1.0000	0.0000	6.8000
uR	982.032	90.000	0.0230	1.0000	0.0000	6.8000
E	983.615	90.000	44.8291	359.6872	0.1974	0.1123	0.0000	6.8000
dPolE	983.615	90.000	30.6949	1.0000	0.0000	6.8000
uR	983.615	90.000	0.0209	1.0000	0.0000	6.8000
E	985.198	90.000	44.5529	359.5071	0.2257	0.1281	0.0000	6.8000
dPolE	985.198	90.000	38.1577	1.0000	0.0000	6.8000
uR	985.198	90.000	0.0209	1.0000	0.0000	6.8000
E	986.780	90.000	44.9556	359.6003	0.2325	0.1322	0.0000	6.8000
dPolE	986.780	90.000	36.2571	1.0000	0.0000	6.8000
uR	986.780	90.000	0.0208	1.0000	0.0000	6.8000
E	988.363	90.000	44.7664	359.5653	0.2027	0.1149	0.0000	6.8000
dPolE	988.363	90.000	32.0529	1.0000	0.0000	6.8000
uR	988.363	90.000	0.0227	1.0000	0.0000	6.8000
E	989.945	90.000	44.8823	359.6910	0.1899	0.1075	0.0000	6.8000
dPolE	989.945	90.000	28.9735	1.0000	0.0000	6.8000
uR	989.945	90.000	0.0221	1.0000	0.0000	6.8000
E	991.527	90.000	44.6896	359.4214	0.1682	0.0949	0.0000	6.8000
dPolE	991.527	90.000	29.8445	1.0000	0.0000	6.8000
uR	991.527	90.000	0.0237	1.0000	0.0000	6.8000
E	993.109	90.000	44.9875	359.6758	0.1601	0.0904	0.0000	6.8000
dPolE	993.109	90.000	23.3770	1.0000	0.0000	6.8000
uR	993.109	90.000	0.0236	1.0000	0.0000	6.8000
E	994.690	90.000	45.2719	359.7528	0.1702	0.0958	0.0000	6.8000
dPolE	994.690	90.000	23.4641	1.0000	0.0000	6.8000
uR	994.690	90.000	0.0228	1.0000	0.0000	6.8000
E	996.272	90.000	44.8929	359.8456	0.1864	0.1050	0.0000	6.8000
dPolE	996.272	90.000	32.3141	1.0000	0.0000	6.8000
uR	996.272	90.000	0.0221	1.0000	0.0000	6.8000
E	997.853	90.000	44.5427	359.8277	0.2365	0.1327	0.0000	6.8000
dPolE	997.853	90.000	39.6962	1.0000	0.0000	6.8000
uR	997.853	90.000	0.0214	1.0000	0.0000	6.8000
E	999.434	90.000	45.3229	359.4694	0.2646	0.1485	0.0000	6.8000
dPolE	999.434	90.000	41.8345	1.0000	0.0000	6.8000
uR	999.434	90.000	0.0225	1.0000	0.0000	6.8000
