
FM-removed
XY-Scan
nm
E	210.379	90.000	52.6585	167.7655	0.2609	0.5208	0.0000	6.8000
dPolE	210.379	90.000	99.8599	1.0000	0.0000	6.8000
uR	210.379	90.000	0.0396	1.0000	0.0000	6.8000
E	211.990	90.000	28.5630	249.0731	0.2730	0.6538	0.0000	6.8000
dPolE	211.990	90.000	99.9887	1.0000	0.0000	6.8000
uR	211.990	90.000	0.0108	1.0000	0.0000	6.8000
E	213.602	90.000	14.7750	140.8069	0.2440	0.9702	0.0000	6.8000
dPolE	213.602	90.000	99.9737	1.0000	0.0000	6.8000
uR	213.602	90.000	0.0123	1.0000	0.0000	6.8000
E	215.214	90.000	64.0682	211.4123	0.2380	0.5719	0.0000	6.8000
dPolE	215.214	90.000	99.9607	1.0000	0.0000	6.8000
uR	215.214	90.000	0.0095	1.0000	0.0000	6.8000
E	216.826	90.000	16.3392	258.4669	0.2427	0.9712	0.0000	6.8000
dPolE	216.826	90.000	99.9688	1.0000	0.0000	6.8000
uR	216.826	90.000	0.0068	1.0000	0.0000	6.8000
E	218.438	90.000	67.6077	104.8215	0.2610	0.7869	0.0000	6.8000
dPolE	218.438	90.000	99.9856	1.0000	0.0000	6.8000
uR	218.438	90.000	0.0055	1.0000	0.0000	6.8000
E	220.050	90.000	30.9974	318.5081	0.2643	0.5500	0.0000	6.8000
dPolE	220.050	90.000	99.9549	1.0000	0.0000	6.8000
uR	220.050	90.000	0.0055	1.0000	0.0000	6.8000
E	221.662	90.000	30.9541	153.9333	0.2466	0.4706	0.0000	6.8000
dPolE	221.662	90.000	99.9860	1.0000	0.0000	6.8000
uR	221.662	90.000	0.0037	1.0000	0.0000	6.8000
E	223.274	90.000	67.2551	303.6318	0.2660	0.7521	0.0000	6.8000
dPolE	223.274	90.000	99.9534	1.0000	0.0000	6.8000
uR	223.274	90.000	0.0057	1.0000	0.0000	6.8000
E	224.886	90.000	24.5679	256.0919	0.2705	0.7821	0.0000	6.8000
dPolE	224.886	90.000	99.9876	1.0000	0.0000	6.8000
uR	224.886	90.000	0.0028	1.0000	0.0000	6.8000
E	226.498	90.000	61.9569	187.6140	0.2986	0.5140	0.0000	6.8000
dPolE	226.498	90.000	99.8565	1.0000	0.0000	6.8000
uR	226.498	90.000	0.0047	1.0000	0.0000	6.8000
E	228.111	90.000	23.3895	160.1086	0.2535	0.5128	0.0000	6.8000
dPolE	228.111	90.000	99.9890	1.0000	0.0000	6.8000
uR	228.111	90.000	0.0019	1.0000	0.0000	6.8000
E	229.723	90.000	50.8193	10.4398	0.2858	0.3930	0.0000	6.8000
dPolE	229.723	90.000	99.9383	1.0000	0.0000	6.8000
uR	229.723	90.000	0.0026	1.0000	0.0000	6.8000
E	231.335	90.000	67.7937	245.6469	0.2407	0.7537	0.0000	6.8000
dPolE	231.335	90.000	99.9789	1.0000	0.0000	6.8000
uR	231.335	90.000	0.0027	1.0000	0.0000	6.8000
E	232.948	90.000	26.1984	291.1894	0.2485	0.6721	0.0000	6.8000
dPolE	232.948	90.000	99.9999	1.0000	0.0000	6.8000
uR	232.948	90.000	0.0023	1.0000	0.0000	6.8000
E	234.560	90.000	58.4384	138.8495	0.2788	0.5147	0.0000	6.8000
dPolE	234.560	90.000	99.9601	1.0000	0.0000	6.8000
uR	234.560	90.000	0.0021	1.0000	0.0000	6.8000
E	236.173	90.000	52.3289	309.0395	0.3181	0.5732	0.0000	6.8000
dPolE	236.173	90.000	99.9824	1.0000	0.0000	6.8000
uR	236.173	90.000	0.0018	1.0000	0.0000	6.8000
E	237.786	90.000	4.3258	302.8879	0.2295	3.7278	0.0000	6.8000
dPolE	237.786	90.000	99.9577	1.0000	0.0000	6.8000
uR	237.786	90.000	0.0012	1.0000	0.0000	6.8000
E	239.398	90.000	79.4554	264.5732	0.2055	1.7818	0.0000	6.8000
dPolE	239.398	90.000	99.9432	1.0000	0.0000	6.8000
uR	239.398	90.000	0.0015	1.0000	0.0000	6.8000
E	241.011	90.000	27.7606	199.8561	0.3240	0.4926	0.0000	6.8000
dPolE	241.011	90.000	99.9359	1.0000	0.0000	6.8000
uR	241.011	90.000	0.0014	1.0000	0.0000	6.8000
E	242.624	90.000	37.0086	172.0947	0.3198	0.3675	0.0000	6.8000
dPolE	242.624	90.000	99.8947	1.0000	0.0000	6.8000
uR	242.624	90.000	0.0015	1.0000	0.0000	6.8000
E	244.237	90.000	12.8379	318.3927	0.2782	1.1531	0.0000	6.8000
dPolE	244.237	90.000	99.9843	1.0000	0.0000	6.8000
uR	244.237	90.000	0.0007	1.0000	0.0000	6.8000
E	245.850	90.000	47.2149	1.4603	0.3042	0.3206	0.0000	6.8000
dPolE	245.850	90.000	99.9851	1.0000	0.0000	6.8000
uR	245.850	90.000	0.0008	1.0000	0.0000	6.8000
E	247.463	90.000	2.2695	23.0632	0.2838	4.6989	0.0000	6.8000
dPolE	247.463	90.000	99.9163	1.0000	0.0000	6.8000
uR	247.463	90.000	0.0012	1.0000	0.0000	6.8000
E	249.076	90.000	33.1626	357.9849	0.3279	0.3690	0.0000	6.8000
dPolE	249.076	90.000	99.9946	1.0000	0.0000	6.8000
uR	249.076	90.000	0.0011	1.0000	0.0000	6.8000
E	250.689	90.000	1.0323	32.4870	0.3065	13.2042	0.0000	6.8000
dPolE	250.689	90.000	99.9999	1.0000	0.0000	6.8000
uR	250.689	90.000	0.0011	1.0000	0.0000	6.8000
E	252.302	90.000	61.0536	90.5203	0.2910	0.7729	0.0000	6.8000
dPolE	252.302	90.000	99.9968	1.0000	0.0000	6.8000
uR	252.302	90.000	0.0013	1.0000	0.0000	6.8000
E	253.916	90.000	49.9285	209.0486	0.3136	0.4188	0.0000	6.8000
dPolE	253.916	90.000	99.9828	1.0000	0.0000	6.8000
uR	253.916	90.000	0.0007	1.0000	0.0000	6.8000
E	255.529	90.000	38.5142	180.1668	0.3083	0.3182	0.0000	6.8000
dPolE	255.529	90.000	99.9850	1.0000	0.0000	6.8000
uR	255.529	90.000	0.0006	1.0000	0.0000	6.8000
E	257.142	90.000	31.6730	101.3799	0.2987	0.7121	0.0000	6.8000
dPolE	257.142	90.000	99.9883	1.0000	0.0000	6.8000
uR	257.142	90.000	0.0006	1.0000	0.0000	6.8000
E	258.756	90.000	13.1611	1.2952	0.3059	0.6924	0.0000	6.8000
dPolE	258.756	90.000	99.9936	1.0000	0.0000	6.8000
uR	258.756	90.000	0.0007	1.0000	0.0000	6.8000
E	260.369	90.000	53.4694	159.6546	0.3363	0.4128	0.0000	6.8000
dPolE	260.369	90.000	99.9503	1.0000	0.0000	6.8000
uR	260.369	90.000	0.0012	1.0000	0.0000	6.8000
E	261.983	90.000	8.4176	250.5475	0.1906	2.0156	0.0000	6.8000
dPolE	261.983	90.000	99.9944	1.0000	0.0000	6.8000
uR	261.983	90.000	0.0004	1.0000	0.0000	6.8000
E	263.596	90.000	8.9417	335.5439	0.2790	1.1927	0.0000	6.8000
dPolE	263.596	90.000	99.9999	1.0000	0.0000	6.8000
uR	263.596	90.000	0.0004	1.0000	0.0000	6.8000
E	265.210	90.000	22.0537	231.7653	0.2687	0.7472	0.0000	6.8000
dPolE	265.210	90.000	99.9986	1.0000	0.0000	6.8000
uR	265.210	90.000	0.0010	1.0000	0.0000	6.8000
E	266.823	90.000	21.1956	66.4371	0.2407	0.8253	0.0000	6.8000
dPolE	266.823	90.000	99.9789	1.0000	0.0000	6.8000
uR	266.823	90.000	0.0005	1.0000	0.0000	6.8000
E	268.437	90.000	79.9119	352.5319	0.2959	0.9029	0.0000	6.8000
dPolE	268.437	90.000	99.9617	1.0000	0.0000	6.8000
uR	268.437	90.000	0.0006	1.0000	0.0000	6.8000
E	270.051	90.000	73.1107	6.7248	0.2693	0.5090	0.0000	6.8000
dPolE	270.051	90.000	99.9056	1.0000	0.0000	6.8000
uR	270.051	90.000	0.0010	1.0000	0.0000	6.8000
E	271.665	90.000	69.1878	9.6742	0.2621	0.4272	0.0000	6.8000
dPolE	271.665	90.000	99.9759	1.0000	0.0000	6.8000
uR	271.665	90.000	0.0005	1.0000	0.0000	6.8000
E	273.279	90.000	40.6532	228.1349	0.2876	0.4807	0.0000	6.8000
dPolE	273.279	90.000	99.9862	1.0000	0.0000	6.8000
uR	273.279	90.000	0.0005	1.0000	0.0000	6.8000
E	274.892	90.000	56.9795	5.3074	0.2775	0.3241	0.0000	6.8000
dPolE	274.892	90.000	99.9840	1.0000	0.0000	6.8000
uR	274.892	90.000	0.0008	1.0000	0.0000	6.8000
E	276.506	90.000	57.1246	181.1769	0.2565	0.2993	0.0000	6.8000
dPolE	276.506	90.000	99.9909	1.0000	0.0000	6.8000
uR	276.506	90.000	0.0004	1.0000	0.0000	6.8000
E	278.120	90.000	6.8462	9.4800	0.2668	1.2613	0.0000	6.8000
dPolE	278.120	90.000	99.9999	1.0000	0.0000	6.8000
uR	278.120	90.000	0.0008	1.0000	0.0000	6.8000
E	279.734	90.000	41.2015	16.0581	0.2742	0.3267	0.0000	6.8000
dPolE	279.734	90.000	99.9910	1.0000	0.0000	6.8000
uR	279.734	90.000	0.0006	1.0000	0.0000	6.8000
E	281.349	90.000	19.5805	77.3357	0.2055	0.8262	0.0000	6.8000
dPolE	281.349	90.000	99.9928	1.0000	0.0000	6.8000
uR	281.349	90.000	0.0008	1.0000	0.0000	6.8000
E	282.963	90.000	79.1641	267.2616	0.1605	1.3668	0.0000	6.8000
dPolE	282.963	90.000	99.9800	1.0000	0.0000	6.8000
uR	282.963	90.000	0.0006	1.0000	0.0000	6.8000
E	284.577	90.000	48.0823	6.1097	0.2601	0.2970	0.0000	6.8000
dPolE	284.577	90.000	99.9413	1.0000	0.0000	6.8000
uR	284.577	90.000	0.0007	1.0000	0.0000	6.8000
E	286.191	90.000	35.0234	14.0600	0.2307	0.2953	0.0000	6.8000
dPolE	286.191	90.000	99.9925	1.0000	0.0000	6.8000
uR	286.191	90.000	0.0005	1.0000	0.0000	6.8000
E	287.805	90.000	44.2055	357.7804	0.2440	0.2797	0.0000	6.8000
dPolE	287.805	90.000	99.9762	1.0000	0.0000	6.8000
uR	287.805	90.000	0.0005	1.0000	0.0000	6.8000
E	289.420	90.000	66.4865	154.2305	0.2228	0.4256	0.0000	6.8000
dPolE	289.420	90.000	99.9629	1.0000	0.0000	6.8000
uR	289.420	90.000	0.0005	1.0000	0.0000	6.8000
E	291.034	90.000	15.2166	347.8731	0.2473	0.6011	0.0000	6.8000
dPolE	291.034	90.000	99.9777	1.0000	0.0000	6.8000
uR	291.034	90.000	0.0008	1.0000	0.0000	6.8000
E	292.649	90.000	7.6239	67.6373	0.1583	1.6488	0.0000	6.8000
dPolE	292.649	90.000	99.9999	1.0000	0.0000	6.8000
uR	292.649	90.000	0.0004	1.0000	0.0000	6.8000
E	294.263	90.000	45.9002	307.9120	0.2271	0.3956	0.0000	6.8000
dPolE	294.263	90.000	99.9597	1.0000	0.0000	6.8000
uR	294.263	90.000	0.0005	1.0000	0.0000	6.8000
E	295.877	90.000	43.6675	119.5799	0.2346	0.4323	0.0000	6.8000
dPolE	295.877	90.000	99.9999	1.0000	0.0000	6.8000
uR	295.877	90.000	0.0004	1.0000	0.0000	6.8000
E	297.492	90.000	55.0529	6.3586	0.2174	0.2875	0.0000	6.8000
dPolE	297.492	90.000	99.9632	1.0000	0.0000	6.8000
uR	297.492	90.000	0.0005	1.0000	0.0000	6.8000
E	299.107	90.000	28.0994	165.4242	0.1914	0.3024	0.0000	6.8000
dPolE	299.107	90.000	99.9960	1.0000	0.0000	6.8000
uR	299.107	90.000	0.0004	1.0000	0.0000	6.8000
E	300.721	90.000	23.9814	195.2834	0.2187	0.3947	0.0000	6.8000
dPolE	300.721	90.000	99.9983	1.0000	0.0000	6.8000
uR	300.721	90.000	0.0006	1.0000	0.0000	6.8000
E	302.336	90.000	45.9697	321.8379	0.2118	0.3375	0.0000	6.8000
dPolE	302.336	90.000	99.9713	1.0000	0.0000	6.8000
uR	302.336	90.000	0.0004	1.0000	0.0000	6.8000
E	303.950	90.000	58.6925	187.9616	0.1967	0.2907	0.0000	6.8000
dPolE	303.950	90.000	99.9843	1.0000	0.0000	6.8000
uR	303.950	90.000	0.0004	1.0000	0.0000	6.8000
E	305.565	90.000	16.0167	85.6812	0.1650	0.8061	0.0000	6.8000
dPolE	305.565	90.000	99.9964	1.0000	0.0000	6.8000
uR	305.565	90.000	0.0003	1.0000	0.0000	6.8000
E	307.180	90.000	32.0249	158.8511	0.1896	0.3041	0.0000	6.8000
dPolE	307.180	90.000	99.9777	1.0000	0.0000	6.8000
uR	307.180	90.000	0.0005	1.0000	0.0000	6.8000
E	308.795	90.000	8.4425	302.1966	0.1523	1.2042	0.0000	6.8000
dPolE	308.795	90.000	99.9738	1.0000	0.0000	6.8000
uR	308.795	90.000	0.0005	1.0000	0.0000	6.8000
E	310.410	90.000	69.6355	223.8107	0.1799	0.5073	0.0000	6.8000
dPolE	310.410	90.000	99.9824	1.0000	0.0000	6.8000
uR	310.410	90.000	0.0003	1.0000	0.0000	6.8000
E	312.024	90.000	23.0896	292.1676	0.1786	0.5380	0.0000	6.8000
dPolE	312.024	90.000	99.9804	1.0000	0.0000	6.8000
uR	312.024	90.000	0.0004	1.0000	0.0000	6.8000
E	313.639	90.000	49.6879	283.5591	0.1848	0.3718	0.0000	6.8000
dPolE	313.639	90.000	99.9979	1.0000	0.0000	6.8000
uR	313.639	90.000	0.0003	1.0000	0.0000	6.8000
E	315.254	90.000	36.2647	329.9677	0.1897	0.3165	0.0000	6.8000
dPolE	315.254	90.000	99.9999	1.0000	0.0000	6.8000
uR	315.254	90.000	0.0005	1.0000	0.0000	6.8000
E	316.869	90.000	41.9159	211.9902	0.1906	0.3084	0.0000	6.8000
dPolE	316.869	90.000	99.9937	1.0000	0.0000	6.8000
uR	316.869	90.000	0.0002	1.0000	0.0000	6.8000
E	318.484	90.000	30.6971	276.5591	0.1622	0.3902	0.0000	6.8000
dPolE	318.484	90.000	99.9982	1.0000	0.0000	6.8000
uR	318.484	90.000	0.0006	1.0000	0.0000	6.8000
E	320.099	90.000	23.3051	295.3008	0.1489	0.4326	0.0000	6.8000
dPolE	320.099	90.000	99.9999	1.0000	0.0000	6.8000
uR	320.099	90.000	0.0003	1.0000	0.0000	6.8000
E	321.714	90.000	51.4809	316.5758	0.1705	0.3068	0.0000	6.8000
dPolE	321.714	90.000	99.9763	1.0000	0.0000	6.8000
uR	321.714	90.000	0.0005	1.0000	0.0000	6.8000
E	323.330	90.000	10.0129	57.2188	0.1426	0.9144	0.0000	6.8000
dPolE	323.330	90.000	99.9860	1.0000	0.0000	6.8000
uR	323.330	90.000	0.0004	1.0000	0.0000	6.8000
E	324.945	90.000	38.9304	147.3859	0.1674	0.2861	0.0000	6.8000
dPolE	324.945	90.000	99.9720	1.0000	0.0000	6.8000
uR	324.945	90.000	0.0004	1.0000	0.0000	6.8000
E	326.560	90.000	29.8773	219.5878	0.1694	0.3480	0.0000	6.8000
dPolE	326.560	90.000	99.9968	1.0000	0.0000	6.8000
uR	326.560	90.000	0.0003	1.0000	0.0000	6.8000
E	328.175	90.000	2.2198	180.6608	0.1678	3.3343	0.0000	6.8000
dPolE	328.175	90.000	99.9919	1.0000	0.0000	6.8000
uR	328.175	90.000	0.0003	1.0000	0.0000	6.8000
E	329.790	90.000	20.4876	319.9614	0.1528	0.4285	0.0000	6.8000
dPolE	329.790	90.000	99.9884	1.0000	0.0000	6.8000
uR	329.790	90.000	0.0003	1.0000	0.0000	6.8000
E	331.406	90.000	19.6526	207.9717	0.1619	0.4407	0.0000	6.8000
dPolE	331.406	90.000	99.9849	1.0000	0.0000	6.8000
uR	331.406	90.000	0.0004	1.0000	0.0000	6.8000
E	333.021	90.000	60.2461	164.6131	0.1690	0.3199	0.0000	6.8000
dPolE	333.021	90.000	99.9687	1.0000	0.0000	6.8000
uR	333.021	90.000	0.0004	1.0000	0.0000	6.8000
E	334.636	90.000	45.9073	330.4583	0.1390	0.2371	0.0000	6.8000
dPolE	334.636	90.000	99.9873	1.0000	0.0000	6.8000
uR	334.636	90.000	0.0003	1.0000	0.0000	6.8000
E	336.251	90.000	13.2024	278.1035	0.1282	0.6741	0.0000	6.8000
dPolE	336.251	90.000	99.9947	1.0000	0.0000	6.8000
uR	336.251	90.000	0.0003	1.0000	0.0000	6.8000
E	337.867	90.000	63.3399	244.1316	0.1482	0.3760	0.0000	6.8000
dPolE	337.867	90.000	99.9958	1.0000	0.0000	6.8000
uR	337.867	90.000	0.0004	1.0000	0.0000	6.8000
E	339.482	90.000	77.5724	152.7749	0.1501	0.6361	0.0000	6.8000
dPolE	339.482	90.000	99.9961	1.0000	0.0000	6.8000
uR	339.482	90.000	0.0002	1.0000	0.0000	6.8000
E	341.098	90.000	61.2671	350.6487	0.1472	0.2913	0.0000	6.8000
dPolE	341.098	90.000	99.9978	1.0000	0.0000	6.8000
uR	341.098	90.000	0.0002	1.0000	0.0000	6.8000
E	342.713	90.000	11.1356	145.2512	0.1482	0.7293	0.0000	6.8000
dPolE	342.713	90.000	99.9429	1.0000	0.0000	6.8000
uR	342.713	90.000	0.0006	1.0000	0.0000	6.8000
E	344.329	90.000	14.6000	104.2713	0.1336	0.6070	0.0000	6.8000
dPolE	344.329	90.000	99.9998	1.0000	0.0000	6.8000
uR	344.329	90.000	0.0002	1.0000	0.0000	6.8000
E	345.944	90.000	52.7879	122.4803	0.1495	0.3002	0.0000	6.8000
dPolE	345.944	90.000	99.9878	1.0000	0.0000	6.8000
uR	345.944	90.000	0.0003	1.0000	0.0000	6.8000
E	347.560	90.000	9.0837	44.5584	0.1342	0.8528	0.0000	6.8000
dPolE	347.560	90.000	99.9838	1.0000	0.0000	6.8000
uR	347.560	90.000	0.0004	1.0000	0.0000	6.8000
E	349.175	90.000	47.6810	169.8891	0.1511	0.2629	0.0000	6.8000
dPolE	349.175	90.000	99.9544	1.0000	0.0000	6.8000
uR	349.175	90.000	0.0006	1.0000	0.0000	6.8000
E	350.791	90.000	4.5194	167.8226	0.1492	1.6827	0.0000	6.8000
dPolE	350.791	90.000	99.9833	1.0000	0.0000	6.8000
uR	350.791	90.000	0.0004	1.0000	0.0000	6.8000
E	352.406	90.000	48.5869	154.3798	0.1453	0.2656	0.0000	6.8000
dPolE	352.406	90.000	99.9949	1.0000	0.0000	6.8000
uR	352.406	90.000	0.0003	1.0000	0.0000	6.8000
E	354.022	90.000	37.5487	27.2926	0.1487	0.2805	0.0000	6.8000
dPolE	354.022	90.000	99.9920	1.0000	0.0000	6.8000
uR	354.022	90.000	0.0002	1.0000	0.0000	6.8000
E	355.638	90.000	60.4564	314.8633	0.1432	0.3202	0.0000	6.8000
dPolE	355.638	90.000	99.9858	1.0000	0.0000	6.8000
uR	355.638	90.000	0.0003	1.0000	0.0000	6.8000
E	357.253	90.000	26.9571	233.3421	0.1385	0.3381	0.0000	6.8000
dPolE	357.253	90.000	99.9970	1.0000	0.0000	6.8000
uR	357.253	90.000	0.0003	1.0000	0.0000	6.8000
E	358.869	90.000	23.1222	98.0426	0.1278	0.3683	0.0000	6.8000
dPolE	358.869	90.000	99.9949	1.0000	0.0000	6.8000
uR	358.869	90.000	0.0003	1.0000	0.0000	6.8000
E	360.485	90.000	63.1831	114.6874	0.1361	0.3414	0.0000	6.8000
dPolE	360.485	90.000	99.9998	1.0000	0.0000	6.8000
uR	360.485	90.000	0.0003	1.0000	0.0000	6.8000
E	362.100	90.000	4.5392	95.7928	0.1262	1.7553	0.0000	6.8000
dPolE	362.100	90.000	99.9829	1.0000	0.0000	6.8000
uR	362.100	90.000	0.0004	1.0000	0.0000	6.8000
E	363.716	90.000	58.4422	27.9588	0.1375	0.2878	0.0000	6.8000
dPolE	363.716	90.000	99.9974	1.0000	0.0000	6.8000
uR	363.716	90.000	0.0003	1.0000	0.0000	6.8000
E	365.332	90.000	25.9189	9.7638	0.1364	0.3194	0.0000	6.8000
dPolE	365.332	90.000	99.9924	1.0000	0.0000	6.8000
uR	365.332	90.000	0.0003	1.0000	0.0000	6.8000
E	366.948	90.000	61.6301	182.5187	0.1241	0.2741	0.0000	6.8000
dPolE	366.948	90.000	99.9957	1.0000	0.0000	6.8000
uR	366.948	90.000	0.0002	1.0000	0.0000	6.8000
E	368.563	90.000	30.0277	310.9584	0.1384	0.3122	0.0000	6.8000
dPolE	368.563	90.000	99.9999	1.0000	0.0000	6.8000
uR	368.563	90.000	0.0003	1.0000	0.0000	6.8000
E	370.179	90.000	22.2190	102.2969	0.1269	0.3764	0.0000	6.8000
dPolE	370.179	90.000	99.9984	1.0000	0.0000	6.8000
uR	370.179	90.000	0.0003	1.0000	0.0000	6.8000
E	371.795	90.000	76.1025	81.2202	0.1294	0.5906	0.0000	6.8000
dPolE	371.795	90.000	99.9697	1.0000	0.0000	6.8000
uR	371.795	90.000	0.0005	1.0000	0.0000	6.8000
E	373.411	90.000	14.4300	197.8213	0.1247	0.4852	0.0000	6.8000
dPolE	373.411	90.000	99.9669	1.0000	0.0000	6.8000
uR	373.411	90.000	0.0006	1.0000	0.0000	6.8000
E	375.027	90.000	42.4632	58.0126	0.1274	0.2517	0.0000	6.8000
dPolE	375.027	90.000	99.9988	1.0000	0.0000	6.8000
uR	375.027	90.000	0.0003	1.0000	0.0000	6.8000
E	376.643	90.000	12.6906	3.4076	0.1294	0.5677	0.0000	6.8000
dPolE	376.643	90.000	99.9935	1.0000	0.0000	6.8000
uR	376.643	90.000	0.0005	1.0000	0.0000	6.8000
E	378.258	90.000	80.9144	305.1333	0.1213	0.7924	0.0000	6.8000
dPolE	378.258	90.000	99.9921	1.0000	0.0000	6.8000
uR	378.258	90.000	0.0003	1.0000	0.0000	6.8000
E	379.874	90.000	85.9141	274.8125	0.1204	1.8079	0.0000	6.8000
dPolE	379.874	90.000	99.9871	1.0000	0.0000	6.8000
uR	379.874	90.000	0.0003	1.0000	0.0000	6.8000
E	381.490	90.000	24.0236	46.1580	0.1210	0.3208	0.0000	6.8000
dPolE	381.490	90.000	99.9956	1.0000	0.0000	6.8000
uR	381.490	90.000	0.0003	1.0000	0.0000	6.8000
E	383.106	90.000	40.3526	105.5230	0.1312	0.2653	0.0000	6.8000
dPolE	383.106	90.000	99.9958	1.0000	0.0000	6.8000
uR	383.106	90.000	0.0002	1.0000	0.0000	6.8000
E	384.722	90.000	48.1998	201.0582	0.1302	0.2507	0.0000	6.8000
dPolE	384.722	90.000	99.9928	1.0000	0.0000	6.8000
uR	384.722	90.000	0.0002	1.0000	0.0000	6.8000
E	386.338	90.000	23.8562	8.8540	0.1195	0.3057	0.0000	6.8000
dPolE	386.338	90.000	99.9916	1.0000	0.0000	6.8000
uR	386.338	90.000	0.0003	1.0000	0.0000	6.8000
E	387.954	90.000	27.1094	341.8781	0.1258	0.2934	0.0000	6.8000
dPolE	387.954	90.000	99.9940	1.0000	0.0000	6.8000
uR	387.954	90.000	0.0003	1.0000	0.0000	6.8000
E	389.570	90.000	39.5485	34.2065	0.1130	0.2211	0.0000	6.8000
dPolE	389.570	90.000	99.9999	1.0000	0.0000	6.8000
uR	389.570	90.000	0.0002	1.0000	0.0000	6.8000
E	391.186	90.000	59.2403	240.7384	0.1198	0.2718	0.0000	6.8000
dPolE	391.186	90.000	99.9978	1.0000	0.0000	6.8000
uR	391.186	90.000	0.0002	1.0000	0.0000	6.8000
E	392.802	90.000	21.9865	61.7383	0.1221	0.3547	0.0000	6.8000
dPolE	392.802	90.000	99.9624	1.0000	0.0000	6.8000
uR	392.802	90.000	0.0004	1.0000	0.0000	6.8000
E	394.418	90.000	36.9954	352.9413	0.1281	0.2535	0.0000	6.8000
dPolE	394.418	90.000	99.9957	1.0000	0.0000	6.8000
uR	394.418	90.000	0.0001	1.0000	0.0000	6.8000
E	396.034	90.000	65.2090	20.9185	0.1224	0.3062	0.0000	6.8000
dPolE	396.034	90.000	99.9895	1.0000	0.0000	6.8000
uR	396.034	90.000	0.0002	1.0000	0.0000	6.8000
E	397.650	90.000	50.2256	30.8090	0.1181	0.2294	0.0000	6.8000
dPolE	397.650	90.000	99.9662	1.0000	0.0000	6.8000
uR	397.650	90.000	0.0004	1.0000	0.0000	6.8000
E	399.266	90.000	34.9261	14.6483	0.1256	0.2526	0.0000	6.8000
dPolE	399.266	90.000	99.9643	1.0000	0.0000	6.8000
uR	399.266	90.000	0.0003	1.0000	0.0000	6.8000
E	400.882	90.000	53.4003	359.0674	0.1164	0.2302	0.0000	6.8000
dPolE	400.882	90.000	99.9699	1.0000	0.0000	6.8000
uR	400.882	90.000	0.0004	1.0000	0.0000	6.8000
E	402.498	90.000	41.5673	15.7359	0.1201	0.2309	0.0000	6.8000
dPolE	402.498	90.000	99.9517	1.0000	0.0000	6.8000
uR	402.498	90.000	0.0004	1.0000	0.0000	6.8000
E	404.114	90.000	47.7544	21.0488	0.1204	0.2310	0.0000	6.8000
dPolE	404.114	90.000	99.8241	1.0000	0.0000	6.8000
uR	404.114	90.000	0.0008	1.0000	0.0000	6.8000
E	405.730	90.000	42.0445	359.0348	0.1166	0.2201	0.0000	6.8000
dPolE	405.730	90.000	99.7984	1.0000	0.0000	6.8000
uR	405.730	90.000	0.0009	1.0000	0.0000	6.8000
E	407.346	90.000	46.6378	17.8493	0.1209	0.2275	0.0000	6.8000
dPolE	407.346	90.000	99.8025	1.0000	0.0000	6.8000
uR	407.346	90.000	0.0009	1.0000	0.0000	6.8000
E	408.962	90.000	42.8767	6.9118	0.1125	0.2104	0.0000	6.8000
dPolE	408.962	90.000	99.6753	1.0000	0.0000	6.8000
uR	408.962	90.000	0.0011	1.0000	0.0000	6.8000
E	410.578	90.000	48.6278	11.8041	0.1191	0.2256	0.0000	6.8000
dPolE	410.578	90.000	99.4267	1.0000	0.0000	6.8000
uR	410.578	90.000	0.0014	1.0000	0.0000	6.8000
E	412.194	90.000	45.4806	5.7681	0.1143	0.2155	0.0000	6.8000
dPolE	412.194	90.000	99.3032	1.0000	0.0000	6.8000
uR	412.194	90.000	0.0017	1.0000	0.0000	6.8000
E	413.810	90.000	44.8845	8.5363	0.1089	0.2051	0.0000	6.8000
dPolE	413.810	90.000	99.0972	1.0000	0.0000	6.8000
uR	413.810	90.000	0.0019	1.0000	0.0000	6.8000
E	415.426	90.000	45.3663	7.8627	0.1152	0.2152	0.0000	6.8000
dPolE	415.426	90.000	98.6450	1.0000	0.0000	6.8000
uR	415.426	90.000	0.0023	1.0000	0.0000	6.8000
E	417.042	90.000	44.9524	7.5242	0.1122	0.2072	0.0000	6.8000
dPolE	417.042	90.000	98.3859	1.0000	0.0000	6.8000
uR	417.042	90.000	0.0024	1.0000	0.0000	6.8000
E	418.658	90.000	44.7995	6.2305	0.1090	0.2001	0.0000	6.8000
dPolE	418.658	90.000	97.7540	1.0000	0.0000	6.8000
uR	418.658	90.000	0.0030	1.0000	0.0000	6.8000
E	420.274	90.000	43.4348	7.4825	0.1087	0.2001	0.0000	6.8000
dPolE	420.274	90.000	97.3749	1.0000	0.0000	6.8000
uR	420.274	90.000	0.0032	1.0000	0.0000	6.8000
E	421.890	90.000	44.9409	8.4438	0.1049	0.1941	0.0000	6.8000
dPolE	421.890	90.000	97.3000	1.0000	0.0000	6.8000
uR	421.890	90.000	0.0035	1.0000	0.0000	6.8000
E	423.506	90.000	44.8345	8.6742	0.1045	0.1937	0.0000	6.8000
dPolE	423.506	90.000	96.9554	1.0000	0.0000	6.8000
uR	423.506	90.000	0.0038	1.0000	0.0000	6.8000
E	425.122	90.000	44.0200	7.6240	0.1060	0.1957	0.0000	6.8000
dPolE	425.122	90.000	96.4121	1.0000	0.0000	6.8000
uR	425.122	90.000	0.0043	1.0000	0.0000	6.8000
E	426.738	90.000	44.7630	8.0693	0.1048	0.1916	0.0000	6.8000
dPolE	426.738	90.000	95.8500	1.0000	0.0000	6.8000
uR	426.738	90.000	0.0045	1.0000	0.0000	6.8000
E	428.355	90.000	44.9030	7.3709	0.0980	0.1770	0.0000	6.8000
dPolE	428.355	90.000	94.9250	1.0000	0.0000	6.8000
uR	428.355	90.000	0.0053	1.0000	0.0000	6.8000
E	429.971	90.000	45.4065	5.7520	0.1018	0.1823	0.0000	6.8000
dPolE	429.971	90.000	94.5360	1.0000	0.0000	6.8000
uR	429.971	90.000	0.0054	1.0000	0.0000	6.8000
E	431.587	90.000	44.2985	7.1558	0.0953	0.1709	0.0000	6.8000
dPolE	431.587	90.000	93.4571	1.0000	0.0000	6.8000
uR	431.587	90.000	0.0060	1.0000	0.0000	6.8000
E	433.203	90.000	44.8950	6.7448	0.0982	0.1767	0.0000	6.8000
dPolE	433.203	90.000	93.3655	1.0000	0.0000	6.8000
uR	433.203	90.000	0.0064	1.0000	0.0000	6.8000
E	434.819	90.000	44.7699	6.3236	0.0897	0.1619	0.0000	6.8000
dPolE	434.819	90.000	93.0305	1.0000	0.0000	6.8000
uR	434.819	90.000	0.0066	1.0000	0.0000	6.8000
E	436.435	90.000	45.6021	6.7713	0.0961	0.1731	0.0000	6.8000
dPolE	436.435	90.000	91.1800	1.0000	0.0000	6.8000
uR	436.435	90.000	0.0072	1.0000	0.0000	6.8000
E	438.051	90.000	45.1823	6.4850	0.0934	0.1666	0.0000	6.8000
dPolE	438.051	90.000	90.3609	1.0000	0.0000	6.8000
uR	438.051	90.000	0.0074	1.0000	0.0000	6.8000
E	439.667	90.000	44.5933	6.8034	0.0958	0.1688	0.0000	6.8000
dPolE	439.667	90.000	88.7539	1.0000	0.0000	6.8000
uR	439.667	90.000	0.0080	1.0000	0.0000	6.8000
E	441.283	90.000	45.1252	6.6093	0.0968	0.1690	0.0000	6.8000
dPolE	441.283	90.000	88.0741	1.0000	0.0000	6.8000
uR	441.283	90.000	0.0083	1.0000	0.0000	6.8000
E	442.899	90.000	44.5878	5.3247	0.0960	0.1667	0.0000	6.8000
dPolE	442.899	90.000	88.0012	1.0000	0.0000	6.8000
uR	442.899	90.000	0.0085	1.0000	0.0000	6.8000
E	444.515	90.000	44.6497	5.7491	0.0927	0.1612	0.0000	6.8000
dPolE	444.515	90.000	86.9061	1.0000	0.0000	6.8000
uR	444.515	90.000	0.0091	1.0000	0.0000	6.8000
E	446.131	90.000	44.9248	5.6849	0.0894	0.1561	0.0000	6.8000
dPolE	446.131	90.000	87.3621	1.0000	0.0000	6.8000
uR	446.131	90.000	0.0093	1.0000	0.0000	6.8000
E	447.747	90.000	45.1168	6.5270	0.0924	0.1615	0.0000	6.8000
dPolE	447.747	90.000	86.1798	1.0000	0.0000	6.8000
uR	447.747	90.000	0.0096	1.0000	0.0000	6.8000
E	449.363	90.000	44.6707	5.8175	0.0904	0.1571	0.0000	6.8000
dPolE	449.363	90.000	84.5808	1.0000	0.0000	6.8000
uR	449.363	90.000	0.0099	1.0000	0.0000	6.8000
E	450.979	90.000	44.7228	5.3065	0.0900	0.1547	0.0000	6.8000
dPolE	450.979	90.000	81.5927	1.0000	0.0000	6.8000
uR	450.979	90.000	0.0103	1.0000	0.0000	6.8000
E	452.594	90.000	44.7854	5.6278	0.0853	0.1448	0.0000	6.8000
dPolE	452.594	90.000	79.4875	1.0000	0.0000	6.8000
uR	452.594	90.000	0.0111	1.0000	0.0000	6.8000
E	454.210	90.000	45.0119	5.7643	0.0835	0.1404	0.0000	6.8000
dPolE	454.210	90.000	81.4831	1.0000	0.0000	6.8000
uR	454.210	90.000	0.0112	1.0000	0.0000	6.8000
E	455.826	90.000	44.7606	5.2550	0.0838	0.1403	0.0000	6.8000
dPolE	455.826	90.000	79.6905	1.0000	0.0000	6.8000
uR	455.826	90.000	0.0116	1.0000	0.0000	6.8000
E	457.442	90.000	44.6634	5.5448	0.0838	0.1405	0.0000	6.8000
dPolE	457.442	90.000	79.2412	1.0000	0.0000	6.8000
uR	457.442	90.000	0.0117	1.0000	0.0000	6.8000
E	459.058	90.000	44.9477	5.0240	0.0853	0.1434	0.0000	6.8000
dPolE	459.058	90.000	77.3147	1.0000	0.0000	6.8000
uR	459.058	90.000	0.0122	1.0000	0.0000	6.8000
E	460.674	90.000	44.7033	5.4337	0.0846	0.1424	0.0000	6.8000
dPolE	460.674	90.000	76.9522	1.0000	0.0000	6.8000
uR	460.674	90.000	0.0122	1.0000	0.0000	6.8000
E	462.290	90.000	45.0969	5.1166	0.0792	0.1328	0.0000	6.8000
dPolE	462.290	90.000	74.4155	1.0000	0.0000	6.8000
uR	462.290	90.000	0.0127	1.0000	0.0000	6.8000
E	463.906	90.000	44.8145	5.0305	0.0763	0.1268	0.0000	6.8000
dPolE	463.906	90.000	72.3622	1.0000	0.0000	6.8000
uR	463.906	90.000	0.0131	1.0000	0.0000	6.8000
E	465.521	90.000	44.9846	5.2745	0.0768	0.1260	0.0000	6.8000
dPolE	465.521	90.000	69.4684	1.0000	0.0000	6.8000
uR	465.521	90.000	0.0135	1.0000	0.0000	6.8000
E	467.137	90.000	44.7347	4.9460	0.0728	0.1180	0.0000	6.8000
dPolE	467.137	90.000	66.8575	1.0000	0.0000	6.8000
uR	467.137	90.000	0.0138	1.0000	0.0000	6.8000
E	468.753	90.000	44.7388	4.9013	0.0718	0.1156	0.0000	6.8000
dPolE	468.753	90.000	62.7716	1.0000	0.0000	6.8000
uR	468.753	90.000	0.0140	1.0000	0.0000	6.8000
E	470.369	90.000	45.1368	4.3894	0.0721	0.1157	0.0000	6.8000
dPolE	470.369	90.000	63.8511	1.0000	0.0000	6.8000
uR	470.369	90.000	0.0145	1.0000	0.0000	6.8000
E	471.985	90.000	44.8831	4.7196	0.0745	0.1197	0.0000	6.8000
dPolE	471.985	90.000	66.5133	1.0000	0.0000	6.8000
uR	471.985	90.000	0.0148	1.0000	0.0000	6.8000
E	473.600	90.000	44.9169	4.2958	0.0750	0.1209	0.0000	6.8000
dPolE	473.600	90.000	66.1817	1.0000	0.0000	6.8000
uR	473.600	90.000	0.0151	1.0000	0.0000	6.8000
E	475.216	90.000	44.9475	4.9835	0.0751	0.1211	0.0000	6.8000
dPolE	475.216	90.000	69.2164	1.0000	0.0000	6.8000
uR	475.216	90.000	0.0152	1.0000	0.0000	6.8000
E	476.832	90.000	44.8348	4.4786	0.0789	0.1265	0.0000	6.8000
dPolE	476.832	90.000	71.2910	1.0000	0.0000	6.8000
uR	476.832	90.000	0.0155	1.0000	0.0000	6.8000
E	478.448	90.000	44.7933	4.5610	0.0819	0.1301	0.0000	6.8000
dPolE	478.448	90.000	70.2247	1.0000	0.0000	6.8000
uR	478.448	90.000	0.0158	1.0000	0.0000	6.8000
E	480.063	90.000	44.9541	3.9514	0.0783	0.1229	0.0000	6.8000
dPolE	480.063	90.000	69.0640	1.0000	0.0000	6.8000
uR	480.063	90.000	0.0160	1.0000	0.0000	6.8000
E	481.679	90.000	44.9459	4.0124	0.0731	0.1133	0.0000	6.8000
dPolE	481.679	90.000	69.5224	1.0000	0.0000	6.8000
uR	481.679	90.000	0.0161	1.0000	0.0000	6.8000
E	483.294	90.000	44.9689	4.0610	0.0785	0.1208	0.0000	6.8000
dPolE	483.294	90.000	65.4876	1.0000	0.0000	6.8000
uR	483.294	90.000	0.0163	1.0000	0.0000	6.8000
E	484.910	90.000	45.0484	4.0187	0.0774	0.1185	0.0000	6.8000
dPolE	484.910	90.000	67.6338	1.0000	0.0000	6.8000
uR	484.910	90.000	0.0166	1.0000	0.0000	6.8000
E	486.526	90.000	44.9977	4.1813	0.0759	0.1165	0.0000	6.8000
dPolE	486.526	90.000	69.1393	1.0000	0.0000	6.8000
uR	486.526	90.000	0.0171	1.0000	0.0000	6.8000
E	488.141	90.000	44.8757	4.1248	0.0790	0.1215	0.0000	6.8000
dPolE	488.141	90.000	66.9268	1.0000	0.0000	6.8000
uR	488.141	90.000	0.0174	1.0000	0.0000	6.8000
E	489.757	90.000	44.9674	3.8615	0.0759	0.1168	0.0000	6.8000
dPolE	489.757	90.000	67.4619	1.0000	0.0000	6.8000
uR	489.757	90.000	0.0172	1.0000	0.0000	6.8000
E	491.372	90.000	44.7238	4.2271	0.0737	0.1130	0.0000	6.8000
dPolE	491.372	90.000	65.7414	1.0000	0.0000	6.8000
uR	491.372	90.000	0.0174	1.0000	0.0000	6.8000
E	492.988	90.000	44.8940	3.9248	0.0730	0.1112	0.0000	6.8000
dPolE	492.988	90.000	64.2805	1.0000	0.0000	6.8000
uR	492.988	90.000	0.0175	1.0000	0.0000	6.8000
E	494.603	90.000	44.6449	3.8552	0.0723	0.1092	0.0000	6.8000
dPolE	494.603	90.000	64.2631	1.0000	0.0000	6.8000
uR	494.603	90.000	0.0179	1.0000	0.0000	6.8000
E	496.219	90.000	44.7690	3.3943	0.0766	0.1142	0.0000	6.8000
dPolE	496.219	90.000	64.7407	1.0000	0.0000	6.8000
uR	496.219	90.000	0.0183	1.0000	0.0000	6.8000
E	497.834	90.000	44.8780	3.7008	0.0808	0.1191	0.0000	6.8000
dPolE	497.834	90.000	64.7735	1.0000	0.0000	6.8000
uR	497.834	90.000	0.0183	1.0000	0.0000	6.8000
E	499.450	90.000	45.0748	3.3550	0.0778	0.1139	0.0000	6.8000
dPolE	499.450	90.000	64.6935	1.0000	0.0000	6.8000
uR	499.450	90.000	0.0187	1.0000	0.0000	6.8000
E	501.065	90.000	45.1941	3.4198	0.0787	0.1148	0.0000	6.8000
dPolE	501.065	90.000	65.7506	1.0000	0.0000	6.8000
uR	501.065	90.000	0.0187	1.0000	0.0000	6.8000
E	502.680	90.000	44.8997	3.4303	0.0790	0.1152	0.0000	6.8000
dPolE	502.680	90.000	66.0131	1.0000	0.0000	6.8000
uR	502.680	90.000	0.0187	1.0000	0.0000	6.8000
E	504.296	90.000	44.9452	3.6832	0.0749	0.1096	0.0000	6.8000
dPolE	504.296	90.000	65.4264	1.0000	0.0000	6.8000
uR	504.296	90.000	0.0189	1.0000	0.0000	6.8000
E	505.911	90.000	44.8861	3.4954	0.0747	0.1093	0.0000	6.8000
dPolE	505.911	90.000	65.6596	1.0000	0.0000	6.8000
uR	505.911	90.000	0.0189	1.0000	0.0000	6.8000
E	507.526	90.000	45.0120	3.3105	0.0790	0.1154	0.0000	6.8000
dPolE	507.526	90.000	63.6245	1.0000	0.0000	6.8000
uR	507.526	90.000	0.0191	1.0000	0.0000	6.8000
E	509.141	90.000	44.7801	3.0343	0.0810	0.1175	0.0000	6.8000
dPolE	509.141	90.000	62.5401	1.0000	0.0000	6.8000
uR	509.141	90.000	0.0195	1.0000	0.0000	6.8000
E	510.756	90.000	45.0969	3.2209	0.0780	0.1124	0.0000	6.8000
dPolE	510.756	90.000	63.5515	1.0000	0.0000	6.8000
uR	510.756	90.000	0.0196	1.0000	0.0000	6.8000
E	512.372	90.000	45.0280	3.1755	0.0789	0.1123	0.0000	6.8000
dPolE	512.372	90.000	63.1752	1.0000	0.0000	6.8000
uR	512.372	90.000	0.0205	1.0000	0.0000	6.8000
E	513.987	90.000	44.7217	3.3765	0.0768	0.1083	0.0000	6.8000
dPolE	513.987	90.000	63.0983	1.0000	0.0000	6.8000
uR	513.987	90.000	0.0216	1.0000	0.0000	6.8000
E	515.602	90.000	44.9434	3.2118	0.0833	0.1164	0.0000	6.8000
dPolE	515.602	90.000	63.7584	1.0000	0.0000	6.8000
uR	515.602	90.000	0.0222	1.0000	0.0000	6.8000
E	517.217	90.000	44.8822	2.6779	0.0874	0.1214	0.0000	6.8000
dPolE	517.217	90.000	64.9314	1.0000	0.0000	6.8000
uR	517.217	90.000	0.0218	1.0000	0.0000	6.8000
E	518.832	90.000	45.0090	3.6029	0.0899	0.1247	0.0000	6.8000
dPolE	518.832	90.000	65.8118	1.0000	0.0000	6.8000
uR	518.832	90.000	0.0208	1.0000	0.0000	6.8000
E	520.447	90.000	45.2244	3.0288	0.0887	0.1227	0.0000	6.8000
dPolE	520.447	90.000	68.0187	1.0000	0.0000	6.8000
uR	520.447	90.000	0.0197	1.0000	0.0000	6.8000
E	522.062	90.000	44.9051	2.6789	0.0835	0.1158	0.0000	6.8000
dPolE	522.062	90.000	65.1718	1.0000	0.0000	6.8000
uR	522.062	90.000	0.0193	1.0000	0.0000	6.8000
E	523.677	90.000	45.0217	2.9083	0.0837	0.1161	0.0000	6.8000
dPolE	523.677	90.000	62.4585	1.0000	0.0000	6.8000
uR	523.677	90.000	0.0200	1.0000	0.0000	6.8000
E	525.292	90.000	44.8802	2.5960	0.0781	0.1080	0.0000	6.8000
dPolE	525.292	90.000	61.4313	1.0000	0.0000	6.8000
uR	525.292	90.000	0.0207	1.0000	0.0000	6.8000
E	526.907	90.000	44.8330	2.8647	0.0804	0.1107	0.0000	6.8000
dPolE	526.907	90.000	59.5238	1.0000	0.0000	6.8000
uR	526.907	90.000	0.0209	1.0000	0.0000	6.8000
E	528.521	90.000	44.7282	2.7343	0.0784	0.1072	0.0000	6.8000
dPolE	528.521	90.000	61.9387	1.0000	0.0000	6.8000
uR	528.521	90.000	0.0209	1.0000	0.0000	6.8000
E	530.136	90.000	45.0410	2.6607	0.0833	0.1128	0.0000	6.8000
dPolE	530.136	90.000	60.2086	1.0000	0.0000	6.8000
uR	530.136	90.000	0.0207	1.0000	0.0000	6.8000
E	531.751	90.000	44.8971	3.1684	0.0831	0.1115	0.0000	6.8000
dPolE	531.751	90.000	60.7242	1.0000	0.0000	6.8000
uR	531.751	90.000	0.0211	1.0000	0.0000	6.8000
E	533.366	90.000	45.0566	2.5998	0.0847	0.1125	0.0000	6.8000
dPolE	533.366	90.000	60.8841	1.0000	0.0000	6.8000
uR	533.366	90.000	0.0212	1.0000	0.0000	6.8000
E	534.980	90.000	44.8718	2.8129	0.0834	0.1099	0.0000	6.8000
dPolE	534.980	90.000	58.9547	1.0000	0.0000	6.8000
uR	534.980	90.000	0.0215	1.0000	0.0000	6.8000
E	536.595	90.000	45.1129	2.7999	0.0843	0.1108	0.0000	6.8000
dPolE	536.595	90.000	58.8746	1.0000	0.0000	6.8000
uR	536.595	90.000	0.0216	1.0000	0.0000	6.8000
E	538.210	90.000	44.8274	2.5925	0.0804	0.1054	0.0000	6.8000
dPolE	538.210	90.000	61.0482	1.0000	0.0000	6.8000
uR	538.210	90.000	0.0215	1.0000	0.0000	6.8000
E	539.824	90.000	45.4029	2.8165	0.0849	0.1115	0.0000	6.8000
dPolE	539.824	90.000	59.3966	1.0000	0.0000	6.8000
uR	539.824	90.000	0.0213	1.0000	0.0000	6.8000
E	541.439	90.000	44.9297	3.0134	0.0807	0.1061	0.0000	6.8000
dPolE	541.439	90.000	58.8649	1.0000	0.0000	6.8000
uR	541.439	90.000	0.0214	1.0000	0.0000	6.8000
E	543.053	90.000	44.8952	2.6197	0.0802	0.1052	0.0000	6.8000
dPolE	543.053	90.000	59.0269	1.0000	0.0000	6.8000
uR	543.053	90.000	0.0217	1.0000	0.0000	6.8000
E	544.668	90.000	44.8919	2.4735	0.0799	0.1047	0.0000	6.8000
dPolE	544.668	90.000	57.9341	1.0000	0.0000	6.8000
uR	544.668	90.000	0.0215	1.0000	0.0000	6.8000
E	546.282	90.000	45.0657	2.6893	0.0838	0.1093	0.0000	6.8000
dPolE	546.282	90.000	60.2109	1.0000	0.0000	6.8000
uR	546.282	90.000	0.0215	1.0000	0.0000	6.8000
E	547.896	90.000	44.7652	2.3983	0.0821	0.1061	0.0000	6.8000
dPolE	547.896	90.000	56.9022	1.0000	0.0000	6.8000
uR	547.896	90.000	0.0220	1.0000	0.0000	6.8000
E	549.511	90.000	45.0603	2.5538	0.0855	0.1097	0.0000	6.8000
dPolE	549.511	90.000	57.9905	1.0000	0.0000	6.8000
uR	549.511	90.000	0.0220	1.0000	0.0000	6.8000
E	551.125	90.000	45.0175	2.5075	0.0847	0.1074	0.0000	6.8000
dPolE	551.125	90.000	58.4575	1.0000	0.0000	6.8000
uR	551.125	90.000	0.0218	1.0000	0.0000	6.8000
E	552.739	90.000	44.5994	2.5711	0.0821	0.1032	0.0000	6.8000
dPolE	552.739	90.000	56.5755	1.0000	0.0000	6.8000
uR	552.739	90.000	0.0222	1.0000	0.0000	6.8000
E	554.353	90.000	45.0257	2.3094	0.0837	0.1045	0.0000	6.8000
dPolE	554.353	90.000	57.2989	1.0000	0.0000	6.8000
uR	554.353	90.000	0.0218	1.0000	0.0000	6.8000
E	555.968	90.000	45.0951	2.5322	0.0822	0.1022	0.0000	6.8000
dPolE	555.968	90.000	56.4549	1.0000	0.0000	6.8000
uR	555.968	90.000	0.0216	1.0000	0.0000	6.8000
E	557.582	90.000	45.0761	2.6853	0.0816	0.1012	0.0000	6.8000
dPolE	557.582	90.000	56.2779	1.0000	0.0000	6.8000
uR	557.582	90.000	0.0218	1.0000	0.0000	6.8000
E	559.196	90.000	45.0625	2.4662	0.0880	0.1089	0.0000	6.8000
dPolE	559.196	90.000	55.6905	1.0000	0.0000	6.8000
uR	559.196	90.000	0.0221	1.0000	0.0000	6.8000
E	560.810	90.000	45.0122	2.3063	0.0809	0.1002	0.0000	6.8000
dPolE	560.810	90.000	57.6891	1.0000	0.0000	6.8000
uR	560.810	90.000	0.0221	1.0000	0.0000	6.8000
E	562.424	90.000	44.7808	2.1108	0.0864	0.1072	0.0000	6.8000
dPolE	562.424	90.000	55.2010	1.0000	0.0000	6.8000
uR	562.424	90.000	0.0223	1.0000	0.0000	6.8000
E	564.038	90.000	45.3837	2.1082	0.0859	0.1064	0.0000	6.8000
dPolE	564.038	90.000	53.5268	1.0000	0.0000	6.8000
uR	564.038	90.000	0.0224	1.0000	0.0000	6.8000
E	565.651	90.000	44.8753	2.2624	0.0861	0.1064	0.0000	6.8000
dPolE	565.651	90.000	56.7723	1.0000	0.0000	6.8000
uR	565.651	90.000	0.0222	1.0000	0.0000	6.8000
E	567.265	90.000	44.8621	1.9615	0.0836	0.1028	0.0000	6.8000
dPolE	567.265	90.000	54.8079	1.0000	0.0000	6.8000
uR	567.265	90.000	0.0218	1.0000	0.0000	6.8000
E	568.879	90.000	44.7850	2.2218	0.0870	0.1063	0.0000	6.8000
dPolE	568.879	90.000	54.1844	1.0000	0.0000	6.8000
uR	568.879	90.000	0.0223	1.0000	0.0000	6.8000
E	570.493	90.000	45.1973	2.0783	0.0843	0.1021	0.0000	6.8000
dPolE	570.493	90.000	53.1793	1.0000	0.0000	6.8000
uR	570.493	90.000	0.0223	1.0000	0.0000	6.8000
E	572.106	90.000	45.0869	2.2008	0.0908	0.1091	0.0000	6.8000
dPolE	572.106	90.000	51.9934	1.0000	0.0000	6.8000
uR	572.106	90.000	0.0222	1.0000	0.0000	6.8000
E	573.720	90.000	44.9609	1.9686	0.0889	0.1059	0.0000	6.8000
dPolE	573.720	90.000	52.3989	1.0000	0.0000	6.8000
uR	573.720	90.000	0.0221	1.0000	0.0000	6.8000
E	575.333	90.000	44.6629	1.8363	0.0897	0.1060	0.0000	6.8000
dPolE	575.333	90.000	53.0611	1.0000	0.0000	6.8000
uR	575.333	90.000	0.0220	1.0000	0.0000	6.8000
E	576.947	90.000	44.8963	2.1036	0.0852	0.1001	0.0000	6.8000
dPolE	576.947	90.000	54.3671	1.0000	0.0000	6.8000
uR	576.947	90.000	0.0221	1.0000	0.0000	6.8000
E	578.560	90.000	44.6515	2.0909	0.0884	0.1034	0.0000	6.8000
dPolE	578.560	90.000	54.7574	1.0000	0.0000	6.8000
uR	578.560	90.000	0.0216	1.0000	0.0000	6.8000
E	580.174	90.000	44.6915	2.1034	0.0868	0.1012	0.0000	6.8000
dPolE	580.174	90.000	54.0075	1.0000	0.0000	6.8000
uR	580.174	90.000	0.0216	1.0000	0.0000	6.8000
E	581.787	90.000	45.0787	2.0418	0.0910	0.1061	0.0000	6.8000
dPolE	581.787	90.000	53.4900	1.0000	0.0000	6.8000
uR	581.787	90.000	0.0220	1.0000	0.0000	6.8000
E	583.400	90.000	44.9093	1.7562	0.0869	0.1012	0.0000	6.8000
dPolE	583.400	90.000	53.0482	1.0000	0.0000	6.8000
uR	583.400	90.000	0.0219	1.0000	0.0000	6.8000
E	585.014	90.000	44.9807	1.9142	0.0864	0.1007	0.0000	6.8000
dPolE	585.014	90.000	52.2513	1.0000	0.0000	6.8000
uR	585.014	90.000	0.0220	1.0000	0.0000	6.8000
E	586.627	90.000	44.9955	1.4329	0.0843	0.0981	0.0000	6.8000
dPolE	586.627	90.000	52.3878	1.0000	0.0000	6.8000
uR	586.627	90.000	0.0221	1.0000	0.0000	6.8000
E	588.240	90.000	45.0317	1.7367	0.0850	0.0987	0.0000	6.8000
dPolE	588.240	90.000	52.5582	1.0000	0.0000	6.8000
uR	588.240	90.000	0.0223	1.0000	0.0000	6.8000
E	589.853	90.000	44.8058	2.1289	0.0874	0.1012	0.0000	6.8000
dPolE	589.853	90.000	51.1473	1.0000	0.0000	6.8000
uR	589.853	90.000	0.0223	1.0000	0.0000	6.8000
E	591.466	90.000	44.9781	1.8297	0.0862	0.0993	0.0000	6.8000
dPolE	591.466	90.000	52.0510	1.0000	0.0000	6.8000
uR	591.466	90.000	0.0223	1.0000	0.0000	6.8000
E	593.079	90.000	45.0896	1.7137	0.0908	0.1039	0.0000	6.8000
dPolE	593.079	90.000	51.5399	1.0000	0.0000	6.8000
uR	593.079	90.000	0.0221	1.0000	0.0000	6.8000
E	594.692	90.000	44.7388	1.8446	0.0923	0.1046	0.0000	6.8000
dPolE	594.692	90.000	51.2606	1.0000	0.0000	6.8000
uR	594.692	90.000	0.0221	1.0000	0.0000	6.8000
E	596.305	90.000	45.1260	1.8583	0.0911	0.1024	0.0000	6.8000
dPolE	596.305	90.000	51.9117	1.0000	0.0000	6.8000
uR	596.305	90.000	0.0222	1.0000	0.0000	6.8000
E	597.918	90.000	44.3821	1.6341	0.0898	0.1003	0.0000	6.8000
dPolE	597.918	90.000	55.0853	1.0000	0.0000	6.8000
uR	597.918	90.000	0.0223	1.0000	0.0000	6.8000
E	599.530	90.000	44.5812	1.7950	0.0940	0.1043	0.0000	6.8000
dPolE	599.530	90.000	51.3814	1.0000	0.0000	6.8000
uR	599.530	90.000	0.0227	1.0000	0.0000	6.8000
E	601.143	90.000	44.8105	1.5402	0.0922	0.1017	0.0000	6.8000
dPolE	601.143	90.000	50.2941	1.0000	0.0000	6.8000
uR	601.143	90.000	0.0228	1.0000	0.0000	6.8000
E	602.755	90.000	44.8152	1.5869	0.0950	0.1044	0.0000	6.8000
dPolE	602.755	90.000	49.9241	1.0000	0.0000	6.8000
uR	602.755	90.000	0.0227	1.0000	0.0000	6.8000
E	604.368	90.000	45.0361	1.8827	0.0932	0.1021	0.0000	6.8000
dPolE	604.368	90.000	51.9171	1.0000	0.0000	6.8000
uR	604.368	90.000	0.0225	1.0000	0.0000	6.8000
E	605.981	90.000	44.7725	1.6153	0.0923	0.1011	0.0000	6.8000
dPolE	605.981	90.000	51.7085	1.0000	0.0000	6.8000
uR	605.981	90.000	0.0226	1.0000	0.0000	6.8000
E	607.593	90.000	44.7070	1.4117	0.0934	0.1023	0.0000	6.8000
dPolE	607.593	90.000	50.9567	1.0000	0.0000	6.8000
uR	607.593	90.000	0.0225	1.0000	0.0000	6.8000
E	609.205	90.000	45.0598	1.9739	0.0938	0.1027	0.0000	6.8000
dPolE	609.205	90.000	49.5513	1.0000	0.0000	6.8000
uR	609.205	90.000	0.0223	1.0000	0.0000	6.8000
E	610.818	90.000	45.0439	1.4832	0.0937	0.1025	0.0000	6.8000
dPolE	610.818	90.000	53.2761	1.0000	0.0000	6.8000
uR	610.818	90.000	0.0225	1.0000	0.0000	6.8000
E	612.430	90.000	45.2550	1.6542	0.0903	0.0987	0.0000	6.8000
dPolE	612.430	90.000	50.1944	1.0000	0.0000	6.8000
uR	612.430	90.000	0.0224	1.0000	0.0000	6.8000
E	614.042	90.000	45.1195	1.6004	0.0919	0.1002	0.0000	6.8000
dPolE	614.042	90.000	51.5208	1.0000	0.0000	6.8000
uR	614.042	90.000	0.0224	1.0000	0.0000	6.8000
E	615.654	90.000	44.7880	1.3541	0.0942	0.1021	0.0000	6.8000
dPolE	615.654	90.000	47.3985	1.0000	0.0000	6.8000
uR	615.654	90.000	0.0222	1.0000	0.0000	6.8000
E	617.266	90.000	45.0697	1.6134	0.0920	0.0992	0.0000	6.8000
dPolE	617.266	90.000	50.4721	1.0000	0.0000	6.8000
uR	617.266	90.000	0.0224	1.0000	0.0000	6.8000
E	618.878	90.000	44.7577	1.4433	0.0900	0.0965	0.0000	6.8000
dPolE	618.878	90.000	49.7404	1.0000	0.0000	6.8000
uR	618.878	90.000	0.0225	1.0000	0.0000	6.8000
E	620.490	90.000	45.0109	1.3635	0.0947	0.1008	0.0000	6.8000
dPolE	620.490	90.000	47.7540	1.0000	0.0000	6.8000
uR	620.490	90.000	0.0224	1.0000	0.0000	6.8000
E	622.102	90.000	44.8478	1.4598	0.0977	0.1032	0.0000	6.8000
dPolE	622.102	90.000	49.0384	1.0000	0.0000	6.8000
uR	622.102	90.000	0.0220	1.0000	0.0000	6.8000
E	623.714	90.000	44.9636	1.4907	0.0910	0.0954	0.0000	6.8000
dPolE	623.714	90.000	47.8575	1.0000	0.0000	6.8000
uR	623.714	90.000	0.0223	1.0000	0.0000	6.8000
E	625.325	90.000	45.0607	1.4980	0.0927	0.0965	0.0000	6.8000
dPolE	625.325	90.000	49.1317	1.0000	0.0000	6.8000
uR	625.325	90.000	0.0229	1.0000	0.0000	6.8000
E	626.937	90.000	45.0368	1.4822	0.1013	0.1050	0.0000	6.8000
dPolE	626.937	90.000	46.7780	1.0000	0.0000	6.8000
uR	626.937	90.000	0.0227	1.0000	0.0000	6.8000
E	628.548	90.000	45.1791	1.2848	0.0943	0.0973	0.0000	6.8000
dPolE	628.548	90.000	47.4380	1.0000	0.0000	6.8000
uR	628.548	90.000	0.0225	1.0000	0.0000	6.8000
E	630.160	90.000	44.9840	1.3720	0.0988	0.1016	0.0000	6.8000
dPolE	630.160	90.000	45.8444	1.0000	0.0000	6.8000
uR	630.160	90.000	0.0229	1.0000	0.0000	6.8000
E	631.771	90.000	44.9470	1.4970	0.0971	0.0999	0.0000	6.8000
dPolE	631.771	90.000	46.6156	1.0000	0.0000	6.8000
uR	631.771	90.000	0.0230	1.0000	0.0000	6.8000
E	633.383	90.000	45.1245	1.5603	0.0943	0.0969	0.0000	6.8000
dPolE	633.383	90.000	48.3725	1.0000	0.0000	6.8000
uR	633.383	90.000	0.0229	1.0000	0.0000	6.8000
E	634.994	90.000	44.5484	1.4576	0.1011	0.1037	0.0000	6.8000
dPolE	634.994	90.000	45.9296	1.0000	0.0000	6.8000
uR	634.994	90.000	0.0229	1.0000	0.0000	6.8000
E	636.605	90.000	44.8039	1.4475	0.0957	0.0982	0.0000	6.8000
dPolE	636.605	90.000	46.7787	1.0000	0.0000	6.8000
uR	636.605	90.000	0.0233	1.0000	0.0000	6.8000
E	638.216	90.000	45.0447	1.4550	0.1019	0.1045	0.0000	6.8000
dPolE	638.216	90.000	48.8597	1.0000	0.0000	6.8000
uR	638.216	90.000	0.0231	1.0000	0.0000	6.8000
E	639.827	90.000	44.8466	1.3055	0.1022	0.1046	0.0000	6.8000
dPolE	639.827	90.000	48.1434	1.0000	0.0000	6.8000
uR	639.827	90.000	0.0231	1.0000	0.0000	6.8000
E	641.438	90.000	45.1773	1.2276	0.1001	0.1021	0.0000	6.8000
dPolE	641.438	90.000	50.1824	1.0000	0.0000	6.8000
uR	641.438	90.000	0.0227	1.0000	0.0000	6.8000
E	643.049	90.000	45.2786	1.5956	0.1087	0.1106	0.0000	6.8000
dPolE	643.049	90.000	45.4102	1.0000	0.0000	6.8000
uR	643.049	90.000	0.0228	1.0000	0.0000	6.8000
E	644.660	90.000	44.7838	1.6790	0.1036	0.1049	0.0000	6.8000
dPolE	644.660	90.000	46.4644	1.0000	0.0000	6.8000
uR	644.660	90.000	0.0229	1.0000	0.0000	6.8000
E	646.271	90.000	45.1906	1.2850	0.1040	0.1046	0.0000	6.8000
dPolE	646.271	90.000	47.7770	1.0000	0.0000	6.8000
uR	646.271	90.000	0.0231	1.0000	0.0000	6.8000
E	647.881	90.000	44.7165	1.3200	0.1000	0.1000	0.0000	6.8000
dPolE	647.881	90.000	44.3272	1.0000	0.0000	6.8000
uR	647.881	90.000	0.0232	1.0000	0.0000	6.8000
E	649.492	90.000	44.7930	1.2704	0.1006	0.0998	0.0000	6.8000
dPolE	649.492	90.000	44.2362	1.0000	0.0000	6.8000
uR	649.492	90.000	0.0230	1.0000	0.0000	6.8000
E	651.103	90.000	44.8236	1.4411	0.1033	0.1017	0.0000	6.8000
dPolE	651.103	90.000	45.4813	1.0000	0.0000	6.8000
uR	651.103	90.000	0.0229	1.0000	0.0000	6.8000
E	652.713	90.000	44.8076	1.2074	0.1036	0.1015	0.0000	6.8000
dPolE	652.713	90.000	47.8436	1.0000	0.0000	6.8000
uR	652.713	90.000	0.0233	1.0000	0.0000	6.8000
E	654.323	90.000	45.0431	1.5349	0.1034	0.1007	0.0000	6.8000
dPolE	654.323	90.000	46.1242	1.0000	0.0000	6.8000
uR	654.323	90.000	0.0238	1.0000	0.0000	6.8000
E	655.934	90.000	44.8535	1.1242	0.1076	0.1043	0.0000	6.8000
dPolE	655.934	90.000	46.9714	1.0000	0.0000	6.8000
uR	655.934	90.000	0.0233	1.0000	0.0000	6.8000
E	657.544	90.000	44.7829	1.4753	0.1133	0.1094	0.0000	6.8000
dPolE	657.544	90.000	46.4851	1.0000	0.0000	6.8000
uR	657.544	90.000	0.0230	1.0000	0.0000	6.8000
E	659.154	90.000	44.9469	1.1020	0.1116	0.1076	0.0000	6.8000
dPolE	659.154	90.000	44.9181	1.0000	0.0000	6.8000
uR	659.154	90.000	0.0235	1.0000	0.0000	6.8000
E	660.764	90.000	44.9213	1.0747	0.1117	0.1075	0.0000	6.8000
dPolE	660.764	90.000	46.2904	1.0000	0.0000	6.8000
uR	660.764	90.000	0.0234	1.0000	0.0000	6.8000
E	662.374	90.000	44.9207	1.7255	0.1115	0.1074	0.0000	6.8000
dPolE	662.374	90.000	46.3332	1.0000	0.0000	6.8000
uR	662.374	90.000	0.0232	1.0000	0.0000	6.8000
E	663.984	90.000	44.6310	1.0251	0.1157	0.1112	0.0000	6.8000
dPolE	663.984	90.000	47.9068	1.0000	0.0000	6.8000
uR	663.984	90.000	0.0228	1.0000	0.0000	6.8000
E	665.594	90.000	44.8251	1.3347	0.1122	0.1079	0.0000	6.8000
dPolE	665.594	90.000	48.6488	1.0000	0.0000	6.8000
uR	665.594	90.000	0.0227	1.0000	0.0000	6.8000
E	667.204	90.000	45.1344	1.2900	0.1108	0.1065	0.0000	6.8000
dPolE	667.204	90.000	46.8689	1.0000	0.0000	6.8000
uR	667.204	90.000	0.0224	1.0000	0.0000	6.8000
E	668.813	90.000	44.8338	1.3065	0.1161	0.1113	0.0000	6.8000
dPolE	668.813	90.000	43.8073	1.0000	0.0000	6.8000
uR	668.813	90.000	0.0227	1.0000	0.0000	6.8000
E	670.423	90.000	45.0985	1.0767	0.1087	0.1039	0.0000	6.8000
dPolE	670.423	90.000	44.2526	1.0000	0.0000	6.8000
uR	670.423	90.000	0.0231	1.0000	0.0000	6.8000
E	672.032	90.000	44.8376	1.3598	0.1135	0.1083	0.0000	6.8000
dPolE	672.032	90.000	44.1316	1.0000	0.0000	6.8000
uR	672.032	90.000	0.0231	1.0000	0.0000	6.8000
E	673.642	90.000	45.0472	1.3040	0.1110	0.1057	0.0000	6.8000
dPolE	673.642	90.000	42.2982	1.0000	0.0000	6.8000
uR	673.642	90.000	0.0231	1.0000	0.0000	6.8000
E	675.251	90.000	44.8878	0.6837	0.1070	0.1013	0.0000	6.8000
dPolE	675.251	90.000	46.7363	1.0000	0.0000	6.8000
uR	675.251	90.000	0.0233	1.0000	0.0000	6.8000
E	676.860	90.000	45.0512	1.1575	0.1118	0.1053	0.0000	6.8000
dPolE	676.860	90.000	43.6339	1.0000	0.0000	6.8000
uR	676.860	90.000	0.0235	1.0000	0.0000	6.8000
E	678.469	90.000	44.6512	1.4302	0.1119	0.1048	0.0000	6.8000
dPolE	678.469	90.000	42.4599	1.0000	0.0000	6.8000
uR	678.469	90.000	0.0233	1.0000	0.0000	6.8000
E	680.079	90.000	44.9582	1.2108	0.1150	0.1071	0.0000	6.8000
dPolE	680.079	90.000	42.3871	1.0000	0.0000	6.8000
uR	680.079	90.000	0.0228	1.0000	0.0000	6.8000
E	681.688	90.000	44.9384	1.3573	0.1139	0.1053	0.0000	6.8000
dPolE	681.688	90.000	43.9253	1.0000	0.0000	6.8000
uR	681.688	90.000	0.0229	1.0000	0.0000	6.8000
E	683.296	90.000	45.0667	1.4893	0.1091	0.1002	0.0000	6.8000
dPolE	683.296	90.000	40.4608	1.0000	0.0000	6.8000
uR	683.296	90.000	0.0230	1.0000	0.0000	6.8000
E	684.905	90.000	44.8786	1.1191	0.1108	0.1011	0.0000	6.8000
dPolE	684.905	90.000	38.6129	1.0000	0.0000	6.8000
uR	684.905	90.000	0.0229	1.0000	0.0000	6.8000
E	686.514	90.000	44.9569	1.1433	0.1107	0.1005	0.0000	6.8000
dPolE	686.514	90.000	38.9398	1.0000	0.0000	6.8000
uR	686.514	90.000	0.0226	1.0000	0.0000	6.8000
E	688.123	90.000	45.0302	0.8994	0.1056	0.0955	0.0000	6.8000
dPolE	688.123	90.000	40.7601	1.0000	0.0000	6.8000
uR	688.123	90.000	0.0227	1.0000	0.0000	6.8000
E	689.731	90.000	44.8341	0.8351	0.1113	0.1003	0.0000	6.8000
dPolE	689.731	90.000	37.5762	1.0000	0.0000	6.8000
uR	689.731	90.000	0.0227	1.0000	0.0000	6.8000
E	691.340	90.000	45.1558	1.0340	0.1092	0.0981	0.0000	6.8000
dPolE	691.340	90.000	42.0973	1.0000	0.0000	6.8000
uR	691.340	90.000	0.0227	1.0000	0.0000	6.8000
E	692.948	90.000	44.8334	0.9017	0.1156	0.1037	0.0000	6.8000
dPolE	692.948	90.000	41.1844	1.0000	0.0000	6.8000
uR	692.948	90.000	0.0229	1.0000	0.0000	6.8000
E	694.556	90.000	45.0367	1.0832	0.1175	0.1053	0.0000	6.8000
dPolE	694.556	90.000	43.2128	1.0000	0.0000	6.8000
uR	694.556	90.000	0.0230	1.0000	0.0000	6.8000
E	696.164	90.000	45.0270	0.8508	0.1217	0.1091	0.0000	6.8000
dPolE	696.164	90.000	42.5957	1.0000	0.0000	6.8000
uR	696.164	90.000	0.0235	1.0000	0.0000	6.8000
E	697.772	90.000	44.6890	1.0075	0.1292	0.1158	0.0000	6.8000
dPolE	697.772	90.000	44.1248	1.0000	0.0000	6.8000
uR	697.772	90.000	0.0234	1.0000	0.0000	6.8000
E	699.380	90.000	44.5945	0.9877	0.1215	0.1089	0.0000	6.8000
dPolE	699.380	90.000	44.3274	1.0000	0.0000	6.8000
uR	699.380	90.000	0.0234	1.0000	0.0000	6.8000
E	700.988	90.000	45.3182	1.0143	0.1213	0.1085	0.0000	6.8000
dPolE	700.988	90.000	42.9132	1.0000	0.0000	6.8000
uR	700.988	90.000	0.0234	1.0000	0.0000	6.8000
E	702.596	90.000	44.7678	0.8685	0.1281	0.1144	0.0000	6.8000
dPolE	702.596	90.000	42.9121	1.0000	0.0000	6.8000
uR	702.596	90.000	0.0234	1.0000	0.0000	6.8000
E	704.204	90.000	44.7661	1.0617	0.1318	0.1176	0.0000	6.8000
dPolE	704.204	90.000	44.0144	1.0000	0.0000	6.8000
uR	704.204	90.000	0.0232	1.0000	0.0000	6.8000
E	705.811	90.000	44.6687	0.9011	0.1276	0.1132	0.0000	6.8000
dPolE	705.811	90.000	46.1054	1.0000	0.0000	6.8000
uR	705.811	90.000	0.0231	1.0000	0.0000	6.8000
E	707.419	90.000	44.9796	0.9029	0.1252	0.1109	0.0000	6.8000
dPolE	707.419	90.000	44.9791	1.0000	0.0000	6.8000
uR	707.419	90.000	0.0232	1.0000	0.0000	6.8000
E	709.026	90.000	45.0116	1.0540	0.1277	0.1127	0.0000	6.8000
dPolE	709.026	90.000	39.6979	1.0000	0.0000	6.8000
uR	709.026	90.000	0.0235	1.0000	0.0000	6.8000
E	710.634	90.000	45.0421	0.9692	0.1187	0.1043	0.0000	6.8000
dPolE	710.634	90.000	40.8608	1.0000	0.0000	6.8000
uR	710.634	90.000	0.0238	1.0000	0.0000	6.8000
E	712.241	90.000	45.0210	0.9759	0.1260	0.1100	0.0000	6.8000
dPolE	712.241	90.000	42.9101	1.0000	0.0000	6.8000
uR	712.241	90.000	0.0252	1.0000	0.0000	6.8000
E	713.848	90.000	45.0453	0.9611	0.1462	0.1269	0.0000	6.8000
dPolE	713.848	90.000	44.4213	1.0000	0.0000	6.8000
uR	713.848	90.000	0.0244	1.0000	0.0000	6.8000
E	715.455	90.000	44.7911	0.8497	0.1546	0.1334	0.0000	6.8000
dPolE	715.455	90.000	51.0653	1.0000	0.0000	6.8000
uR	715.455	90.000	0.0214	1.0000	0.0000	6.8000
E	717.062	90.000	44.7692	1.1814	0.1475	0.1267	0.0000	6.8000
dPolE	717.062	90.000	48.1861	1.0000	0.0000	6.8000
uR	717.062	90.000	0.0208	1.0000	0.0000	6.8000
E	718.669	90.000	44.7216	0.8956	0.1396	0.1194	0.0000	6.8000
dPolE	718.669	90.000	44.5271	1.0000	0.0000	6.8000
uR	718.669	90.000	0.0221	1.0000	0.0000	6.8000
E	720.276	90.000	44.6935	0.9205	0.1347	0.1147	0.0000	6.8000
dPolE	720.276	90.000	46.6513	1.0000	0.0000	6.8000
uR	720.276	90.000	0.0236	1.0000	0.0000	6.8000
E	721.882	90.000	44.6997	0.9189	0.1444	0.1224	0.0000	6.8000
dPolE	721.882	90.000	48.8947	1.0000	0.0000	6.8000
uR	721.882	90.000	0.0234	1.0000	0.0000	6.8000
E	723.489	90.000	44.7164	0.8358	0.1558	0.1313	0.0000	6.8000
dPolE	723.489	90.000	45.1529	1.0000	0.0000	6.8000
uR	723.489	90.000	0.0227	1.0000	0.0000	6.8000
E	725.095	90.000	44.9603	1.0416	0.1514	0.1274	0.0000	6.8000
dPolE	725.095	90.000	46.8730	1.0000	0.0000	6.8000
uR	725.095	90.000	0.0232	1.0000	0.0000	6.8000
E	726.701	90.000	44.5722	0.8495	0.1454	0.1219	0.0000	6.8000
dPolE	726.701	90.000	44.6741	1.0000	0.0000	6.8000
uR	726.701	90.000	0.0234	1.0000	0.0000	6.8000
E	728.308	90.000	44.7034	0.7849	0.1463	0.1225	0.0000	6.8000
dPolE	728.308	90.000	45.6134	1.0000	0.0000	6.8000
uR	728.308	90.000	0.0230	1.0000	0.0000	6.8000
E	729.914	90.000	45.1396	0.7489	0.1347	0.1125	0.0000	6.8000
dPolE	729.914	90.000	42.2591	1.0000	0.0000	6.8000
uR	729.914	90.000	0.0227	1.0000	0.0000	6.8000
E	731.520	90.000	45.0359	0.7941	0.1351	0.1128	0.0000	6.8000
dPolE	731.520	90.000	40.0541	1.0000	0.0000	6.8000
uR	731.520	90.000	0.0228	1.0000	0.0000	6.8000
E	733.126	90.000	45.2217	0.9826	0.1326	0.1108	0.0000	6.8000
dPolE	733.126	90.000	40.1506	1.0000	0.0000	6.8000
uR	733.126	90.000	0.0229	1.0000	0.0000	6.8000
E	734.732	90.000	45.0355	1.0470	0.1340	0.1119	0.0000	6.8000
dPolE	734.732	90.000	35.5174	1.0000	0.0000	6.8000
uR	734.732	90.000	0.0237	1.0000	0.0000	6.8000
E	736.337	90.000	45.0382	0.6451	0.1407	0.1174	0.0000	6.8000
dPolE	736.337	90.000	43.9136	1.0000	0.0000	6.8000
uR	736.337	90.000	0.0233	1.0000	0.0000	6.8000
E	737.943	90.000	44.9786	0.7640	0.1396	0.1165	0.0000	6.8000
dPolE	737.943	90.000	44.3286	1.0000	0.0000	6.8000
uR	737.943	90.000	0.0229	1.0000	0.0000	6.8000
E	739.548	90.000	45.2696	1.0391	0.1420	0.1181	0.0000	6.8000
dPolE	739.548	90.000	37.5375	1.0000	0.0000	6.8000
uR	739.548	90.000	0.0228	1.0000	0.0000	6.8000
E	741.154	90.000	44.9661	0.4705	0.1452	0.1206	0.0000	6.8000
dPolE	741.154	90.000	39.8071	1.0000	0.0000	6.8000
uR	741.154	90.000	0.0229	1.0000	0.0000	6.8000
E	742.759	90.000	44.9346	0.8304	0.1370	0.1135	0.0000	6.8000
dPolE	742.759	90.000	39.0804	1.0000	0.0000	6.8000
uR	742.759	90.000	0.0229	1.0000	0.0000	6.8000
E	744.364	90.000	44.7208	0.6119	0.1466	0.1209	0.0000	6.8000
dPolE	744.364	90.000	39.8242	1.0000	0.0000	6.8000
uR	744.364	90.000	0.0232	1.0000	0.0000	6.8000
E	745.969	90.000	45.0973	0.7130	0.1448	0.1190	0.0000	6.8000
dPolE	745.969	90.000	43.2311	1.0000	0.0000	6.8000
uR	745.969	90.000	0.0232	1.0000	0.0000	6.8000
E	747.574	90.000	45.0343	0.8218	0.1501	0.1229	0.0000	6.8000
dPolE	747.574	90.000	41.3749	1.0000	0.0000	6.8000
uR	747.574	90.000	0.0231	1.0000	0.0000	6.8000
E	749.179	90.000	44.7816	1.0450	0.1454	0.1185	0.0000	6.8000
dPolE	749.179	90.000	44.7186	1.0000	0.0000	6.8000
uR	749.179	90.000	0.0230	1.0000	0.0000	6.8000
E	750.784	90.000	44.9134	0.6996	0.1482	0.1203	0.0000	6.8000
dPolE	750.784	90.000	37.8587	1.0000	0.0000	6.8000
uR	750.784	90.000	0.0237	1.0000	0.0000	6.8000
E	752.388	90.000	44.9165	0.9907	0.1484	0.1198	0.0000	6.8000
dPolE	752.388	90.000	38.4639	1.0000	0.0000	6.8000
uR	752.388	90.000	0.0243	1.0000	0.0000	6.8000
E	753.993	90.000	44.6609	0.5491	0.1549	0.1243	0.0000	6.8000
dPolE	753.993	90.000	44.3814	1.0000	0.0000	6.8000
uR	753.993	90.000	0.0240	1.0000	0.0000	6.8000
E	755.597	90.000	44.6464	0.6110	0.1507	0.1203	0.0000	6.8000
dPolE	755.597	90.000	39.9610	1.0000	0.0000	6.8000
uR	755.597	90.000	0.0241	1.0000	0.0000	6.8000
E	757.202	90.000	44.9333	0.9465	0.1557	0.1241	0.0000	6.8000
dPolE	757.202	90.000	42.1228	1.0000	0.0000	6.8000
uR	757.202	90.000	0.0231	1.0000	0.0000	6.8000
E	758.806	90.000	44.8012	0.8406	0.1550	0.1227	0.0000	6.8000
dPolE	758.806	90.000	42.6798	1.0000	0.0000	6.8000
uR	758.806	90.000	0.0225	1.0000	0.0000	6.8000
E	760.410	90.000	44.7813	0.8941	0.1522	0.1201	0.0000	6.8000
dPolE	760.410	90.000	38.5308	1.0000	0.0000	6.8000
uR	760.410	90.000	0.0224	1.0000	0.0000	6.8000
E	762.014	90.000	44.7821	0.9662	0.1372	0.1075	0.0000	6.8000
dPolE	762.014	90.000	36.3266	1.0000	0.0000	6.8000
uR	762.014	90.000	0.0230	1.0000	0.0000	6.8000
E	763.618	90.000	45.0526	0.8087	0.1260	0.0987	0.0000	6.8000
dPolE	763.618	90.000	28.5369	1.0000	0.0000	6.8000
uR	763.618	90.000	0.0236	1.0000	0.0000	6.8000
E	765.221	90.000	45.0424	0.6292	0.1133	0.0885	0.0000	6.8000
dPolE	765.221	90.000	31.5011	1.0000	0.0000	6.8000
uR	765.221	90.000	0.0232	1.0000	0.0000	6.8000
E	766.825	90.000	45.2961	0.5857	0.1178	0.0918	0.0000	6.8000
dPolE	766.825	90.000	31.9455	1.0000	0.0000	6.8000
uR	766.825	90.000	0.0226	1.0000	0.0000	6.8000
E	768.429	90.000	44.9732	0.6140	0.1426	0.1109	0.0000	6.8000
dPolE	768.429	90.000	41.2413	1.0000	0.0000	6.8000
uR	768.429	90.000	0.0220	1.0000	0.0000	6.8000
E	770.032	90.000	44.7141	0.7382	0.1584	0.1231	0.0000	6.8000
dPolE	770.032	90.000	46.7404	1.0000	0.0000	6.8000
uR	770.032	90.000	0.0223	1.0000	0.0000	6.8000
E	771.635	90.000	44.5167	0.7368	0.1783	0.1385	0.0000	6.8000
dPolE	771.635	90.000	44.5302	1.0000	0.0000	6.8000
uR	771.635	90.000	0.0227	1.0000	0.0000	6.8000
E	773.238	90.000	44.6615	0.7228	0.1719	0.1335	0.0000	6.8000
dPolE	773.238	90.000	42.5915	1.0000	0.0000	6.8000
uR	773.238	90.000	0.0241	1.0000	0.0000	6.8000
E	774.841	90.000	44.9193	0.8348	0.1867	0.1450	0.0000	6.8000
dPolE	774.841	90.000	43.0327	1.0000	0.0000	6.8000
uR	774.841	90.000	0.0255	1.0000	0.0000	6.8000
E	776.444	90.000	44.7114	0.7982	0.1904	0.1476	0.0000	6.8000
dPolE	776.444	90.000	48.4410	1.0000	0.0000	6.8000
uR	776.444	90.000	0.0255	1.0000	0.0000	6.8000
E	778.047	90.000	44.5606	0.7823	0.1983	0.1533	0.0000	6.8000
dPolE	778.047	90.000	49.3942	1.0000	0.0000	6.8000
uR	778.047	90.000	0.0248	1.0000	0.0000	6.8000
E	779.650	90.000	44.4062	0.6063	0.2055	0.1587	0.0000	6.8000
dPolE	779.650	90.000	55.5822	1.0000	0.0000	6.8000
uR	779.650	90.000	0.0230	1.0000	0.0000	6.8000
E	781.252	90.000	44.6943	0.6449	0.2025	0.1566	0.0000	6.8000
dPolE	781.252	90.000	50.6199	1.0000	0.0000	6.8000
uR	781.252	90.000	0.0234	1.0000	0.0000	6.8000
E	782.855	90.000	44.7660	0.6154	0.1991	0.1534	0.0000	6.8000
dPolE	782.855	90.000	56.2927	1.0000	0.0000	6.8000
uR	782.855	90.000	0.0239	1.0000	0.0000	6.8000
E	784.457	90.000	44.9968	0.6584	0.2013	0.1550	0.0000	6.8000
dPolE	784.457	90.000	50.9594	1.0000	0.0000	6.8000
uR	784.457	90.000	0.0244	1.0000	0.0000	6.8000
E	786.059	90.000	45.3363	0.6542	0.2013	0.1544	0.0000	6.8000
dPolE	786.059	90.000	49.6334	1.0000	0.0000	6.8000
uR	786.059	90.000	0.0240	1.0000	0.0000	6.8000
E	787.661	90.000	45.4090	0.0846	0.1882	0.1433	0.0000	6.8000
dPolE	787.661	90.000	50.2883	1.0000	0.0000	6.8000
uR	787.661	90.000	0.0223	1.0000	0.0000	6.8000
E	789.263	90.000	44.8867	0.7382	0.1815	0.1383	0.0000	6.8000
dPolE	789.263	90.000	50.2195	1.0000	0.0000	6.8000
uR	789.263	90.000	0.0222	1.0000	0.0000	6.8000
E	790.865	90.000	44.3340	0.8049	0.1763	0.1336	0.0000	6.8000
dPolE	790.865	90.000	44.8904	1.0000	0.0000	6.8000
uR	790.865	90.000	0.0220	1.0000	0.0000	6.8000
E	792.467	90.000	45.2755	0.6084	0.1839	0.1391	0.0000	6.8000
dPolE	792.467	90.000	40.9561	1.0000	0.0000	6.8000
uR	792.467	90.000	0.0225	1.0000	0.0000	6.8000
E	794.068	90.000	44.6520	0.7223	0.1905	0.1432	0.0000	6.8000
dPolE	794.068	90.000	48.2000	1.0000	0.0000	6.8000
uR	794.068	90.000	0.0231	1.0000	0.0000	6.8000
E	795.670	90.000	45.4141	0.2094	0.1905	0.1425	0.0000	6.8000
dPolE	795.670	90.000	45.5650	1.0000	0.0000	6.8000
uR	795.670	90.000	0.0238	1.0000	0.0000	6.8000
E	797.271	90.000	45.5633	0.5528	0.1872	0.1397	0.0000	6.8000
dPolE	797.271	90.000	42.4786	1.0000	0.0000	6.8000
uR	797.271	90.000	0.0247	1.0000	0.0000	6.8000
E	798.872	90.000	45.2869	0.6611	0.1859	0.1380	0.0000	6.8000
dPolE	798.872	90.000	38.5771	1.0000	0.0000	6.8000
uR	798.872	90.000	0.0240	1.0000	0.0000	6.8000
E	800.473	90.000	44.9363	0.4028	0.1878	0.1391	0.0000	6.8000
dPolE	800.473	90.000	41.0629	1.0000	0.0000	6.8000
uR	800.473	90.000	0.0246	1.0000	0.0000	6.8000
E	802.074	90.000	44.8616	0.3919	0.1908	0.1405	0.0000	6.8000
dPolE	802.074	90.000	45.2527	1.0000	0.0000	6.8000
uR	802.074	90.000	0.0236	1.0000	0.0000	6.8000
E	803.675	90.000	45.3632	0.2745	0.1910	0.1397	0.0000	6.8000
dPolE	803.675	90.000	48.7572	1.0000	0.0000	6.8000
uR	803.675	90.000	0.0246	1.0000	0.0000	6.8000
E	805.276	90.000	45.1869	1.1975	0.2002	0.1462	0.0000	6.8000
dPolE	805.276	90.000	45.5898	1.0000	0.0000	6.8000
uR	805.276	90.000	0.0244	1.0000	0.0000	6.8000
E	806.876	90.000	45.2416	0.5904	0.1889	0.1377	0.0000	6.8000
dPolE	806.876	90.000	46.4895	1.0000	0.0000	6.8000
uR	806.876	90.000	0.0238	1.0000	0.0000	6.8000
E	808.477	90.000	44.8370	0.8508	0.1891	0.1376	0.0000	6.8000
dPolE	808.477	90.000	46.8231	1.0000	0.0000	6.8000
uR	808.477	90.000	0.0231	1.0000	0.0000	6.8000
E	810.077	90.000	44.9711	0.6585	0.1912	0.1386	0.0000	6.8000
dPolE	810.077	90.000	41.6698	1.0000	0.0000	6.8000
uR	810.077	90.000	0.0244	1.0000	0.0000	6.8000
E	811.677	90.000	44.9527	0.6537	0.1871	0.1353	0.0000	6.8000
dPolE	811.677	90.000	43.8426	1.0000	0.0000	6.8000
uR	811.677	90.000	0.0252	1.0000	0.0000	6.8000
E	813.277	90.000	44.6008	0.3727	0.1869	0.1352	0.0000	6.8000
dPolE	813.277	90.000	42.5301	1.0000	0.0000	6.8000
uR	813.277	90.000	0.0243	1.0000	0.0000	6.8000
E	814.877	90.000	45.2817	0.5938	0.1818	0.1313	0.0000	6.8000
dPolE	814.877	90.000	43.2475	1.0000	0.0000	6.8000
uR	814.877	90.000	0.0229	1.0000	0.0000	6.8000
E	816.477	90.000	44.5927	0.6146	0.1803	0.1299	0.0000	6.8000
dPolE	816.477	90.000	33.7183	1.0000	0.0000	6.8000
uR	816.477	90.000	0.0240	1.0000	0.0000	6.8000
E	818.077	90.000	44.9815	0.7849	0.1573	0.1135	0.0000	6.8000
dPolE	818.077	90.000	34.6256	1.0000	0.0000	6.8000
uR	818.077	90.000	0.0215	1.0000	0.0000	6.8000
E	819.676	90.000	44.9666	0.5469	0.1147	0.0827	0.0000	6.8000
dPolE	819.676	90.000	25.2777	1.0000	0.0000	6.8000
uR	819.676	90.000	0.0197	1.0000	0.0000	6.8000
E	821.276	90.000	44.7843	0.5055	0.0752	0.0541	0.0000	6.8000
dPolE	821.276	90.000	13.4706	1.0000	0.0000	6.8000
uR	821.276	90.000	0.0204	1.0000	0.0000	6.8000
E	822.875	90.000	45.0493	0.5286	0.0524	0.0377	0.0000	6.8000
dPolE	822.875	90.000	7.7078	1.0000	0.0000	6.8000
uR	822.875	90.000	0.0229	1.0000	0.0000	6.8000
E	824.474	90.000	44.9632	0.5170	0.0453	0.0325	0.0000	6.8000
dPolE	824.474	90.000	4.4264	1.0000	0.0000	6.8000
uR	824.474	90.000	0.0239	1.0000	0.0000	6.8000
E	826.073	90.000	44.9538	0.5681	0.0500	0.0359	0.0000	6.8000
dPolE	826.073	90.000	4.5957	1.0000	0.0000	6.8000
uR	826.073	90.000	0.0228	1.0000	0.0000	6.8000
E	827.672	90.000	44.9877	0.5425	0.0575	0.0412	0.0000	6.8000
dPolE	827.672	90.000	6.6645	1.0000	0.0000	6.8000
uR	827.672	90.000	0.0225	1.0000	0.0000	6.8000
E	829.271	90.000	44.9597	0.6086	0.0704	0.0503	0.0000	6.8000
dPolE	829.271	90.000	12.4086	1.0000	0.0000	6.8000
uR	829.271	90.000	0.0228	1.0000	0.0000	6.8000
E	830.869	90.000	45.0971	0.5363	0.0840	0.0599	0.0000	6.8000
dPolE	830.869	90.000	17.5075	1.0000	0.0000	6.8000
uR	830.869	90.000	0.0214	1.0000	0.0000	6.8000
E	832.468	90.000	45.1840	0.5042	0.1044	0.0744	0.0000	6.8000
dPolE	832.468	90.000	26.3432	1.0000	0.0000	6.8000
uR	832.468	90.000	0.0201	1.0000	0.0000	6.8000
E	834.066	90.000	44.9688	0.5405	0.1009	0.0717	0.0000	6.8000
dPolE	834.066	90.000	24.0131	1.0000	0.0000	6.8000
uR	834.066	90.000	0.0213	1.0000	0.0000	6.8000
E	835.664	90.000	44.9495	0.5916	0.0964	0.0683	0.0000	6.8000
dPolE	835.664	90.000	21.6311	1.0000	0.0000	6.8000
uR	835.664	90.000	0.0223	1.0000	0.0000	6.8000
E	837.262	90.000	44.7178	0.5193	0.1096	0.0773	0.0000	6.8000
dPolE	837.262	90.000	24.9687	1.0000	0.0000	6.8000
uR	837.262	90.000	0.0232	1.0000	0.0000	6.8000
E	838.860	90.000	45.0070	0.6505	0.1280	0.0899	0.0000	6.8000
dPolE	838.860	90.000	33.7565	1.0000	0.0000	6.8000
uR	838.860	90.000	0.0228	1.0000	0.0000	6.8000
E	840.458	90.000	44.9232	0.4160	0.1375	0.0961	0.0000	6.8000
dPolE	840.458	90.000	42.3595	1.0000	0.0000	6.8000
uR	840.458	90.000	0.0235	1.0000	0.0000	6.8000
E	842.055	90.000	45.2308	0.3694	0.1366	0.0954	0.0000	6.8000
dPolE	842.055	90.000	42.6952	1.0000	0.0000	6.8000
uR	842.055	90.000	0.0250	1.0000	0.0000	6.8000
E	843.653	90.000	44.6179	0.4915	0.1652	0.1149	0.0000	6.8000
dPolE	843.653	90.000	48.0750	1.0000	0.0000	6.8000
uR	843.653	90.000	0.0231	1.0000	0.0000	6.8000
E	845.250	90.000	45.5847	0.8348	0.1969	0.1362	0.0000	6.8000
dPolE	845.250	90.000	55.1456	1.0000	0.0000	6.8000
uR	845.250	90.000	0.0229	1.0000	0.0000	6.8000
E	846.847	90.000	44.3809	0.4533	0.2237	0.1540	0.0000	6.8000
dPolE	846.847	90.000	51.3807	1.0000	0.0000	6.8000
uR	846.847	90.000	0.0251	1.0000	0.0000	6.8000
E	848.444	90.000	45.3362	1.1658	0.2468	0.1695	0.0000	6.8000
dPolE	848.444	90.000	56.9044	1.0000	0.0000	6.8000
uR	848.444	90.000	0.0261	1.0000	0.0000	6.8000
E	850.041	90.000	44.6729	0.8067	0.2516	0.1719	0.0000	6.8000
dPolE	850.041	90.000	65.1028	1.0000	0.0000	6.8000
uR	850.041	90.000	0.0259	1.0000	0.0000	6.8000
E	851.638	90.000	46.6239	0.3512	0.2759	0.1880	0.0000	6.8000
dPolE	851.638	90.000	58.3839	1.0000	0.0000	6.8000
uR	851.638	90.000	0.0263	1.0000	0.0000	6.8000
E	853.234	90.000	45.3015	0.1338	0.2726	0.1847	0.0000	6.8000
dPolE	853.234	90.000	59.2206	1.0000	0.0000	6.8000
uR	853.234	90.000	0.0261	1.0000	0.0000	6.8000
E	854.831	90.000	45.0601	0.0530	0.2838	0.1912	0.0000	6.8000
dPolE	854.831	90.000	59.0428	1.0000	0.0000	6.8000
uR	854.831	90.000	0.0242	1.0000	0.0000	6.8000
E	856.427	90.000	44.3338	0.3903	0.2752	0.1857	0.0000	6.8000
dPolE	856.427	90.000	61.5701	1.0000	0.0000	6.8000
uR	856.427	90.000	0.0241	1.0000	0.0000	6.8000
E	858.023	90.000	44.9831	0.0066	0.2784	0.1872	0.0000	6.8000
dPolE	858.023	90.000	55.6641	1.0000	0.0000	6.8000
uR	858.023	90.000	0.0249	1.0000	0.0000	6.8000
E	859.619	90.000	45.1189	0.1463	0.2751	0.1842	0.0000	6.8000
dPolE	859.619	90.000	60.6158	1.0000	0.0000	6.8000
uR	859.619	90.000	0.0226	1.0000	0.0000	6.8000
E	861.215	90.000	44.6553	0.5280	0.2667	0.1785	0.0000	6.8000
dPolE	861.215	90.000	53.5634	1.0000	0.0000	6.8000
uR	861.215	90.000	0.0246	1.0000	0.0000	6.8000
E	862.811	90.000	44.8071	0.3539	0.2583	0.1728	0.0000	6.8000
dPolE	862.811	90.000	50.9798	1.0000	0.0000	6.8000
uR	862.811	90.000	0.0248	1.0000	0.0000	6.8000
E	864.407	90.000	44.3677	0.3088	0.2393	0.1597	0.0000	6.8000
dPolE	864.407	90.000	56.6248	1.0000	0.0000	6.8000
uR	864.407	90.000	0.0239	1.0000	0.0000	6.8000
E	866.002	90.000	45.1186	0.3892	0.2351	0.1568	0.0000	6.8000
dPolE	866.002	90.000	47.4628	1.0000	0.0000	6.8000
uR	866.002	90.000	0.0249	1.0000	0.0000	6.8000
E	867.597	90.000	44.6509	0.4590	0.2220	0.1481	0.0000	6.8000
dPolE	867.597	90.000	47.3700	1.0000	0.0000	6.8000
uR	867.597	90.000	0.0238	1.0000	0.0000	6.8000
E	869.192	90.000	44.4894	0.3908	0.2250	0.1499	0.0000	6.8000
dPolE	869.192	90.000	45.8004	1.0000	0.0000	6.8000
uR	869.192	90.000	0.0234	1.0000	0.0000	6.8000
E	870.787	90.000	44.4534	0.4149	0.2061	0.1373	0.0000	6.8000
dPolE	870.787	90.000	39.7908	1.0000	0.0000	6.8000
uR	870.787	90.000	0.0243	1.0000	0.0000	6.8000
E	872.382	90.000	44.6027	0.1917	0.1962	0.1305	0.0000	6.8000
dPolE	872.382	90.000	34.2400	1.0000	0.0000	6.8000
uR	872.382	90.000	0.0238	1.0000	0.0000	6.8000
E	873.977	90.000	44.7642	0.4044	0.1833	0.1221	0.0000	6.8000
dPolE	873.977	90.000	32.0208	1.0000	0.0000	6.8000
uR	873.977	90.000	0.0234	1.0000	0.0000	6.8000
E	875.571	90.000	44.7522	0.5395	0.1610	0.1071	0.0000	6.8000
dPolE	875.571	90.000	33.2880	1.0000	0.0000	6.8000
uR	875.571	90.000	0.0224	1.0000	0.0000	6.8000
E	877.166	90.000	45.0817	0.4721	0.1361	0.0905	0.0000	6.8000
dPolE	877.166	90.000	30.6718	1.0000	0.0000	6.8000
uR	877.166	90.000	0.0210	1.0000	0.0000	6.8000
E	878.760	90.000	45.0814	0.3901	0.1028	0.0682	0.0000	6.8000
dPolE	878.760	90.000	17.7621	1.0000	0.0000	6.8000
uR	878.760	90.000	0.0202	1.0000	0.0000	6.8000
E	880.354	90.000	44.9454	0.3935	0.0699	0.0463	0.0000	6.8000
dPolE	880.354	90.000	8.9320	1.0000	0.0000	6.8000
uR	880.354	90.000	0.0209	1.0000	0.0000	6.8000
E	881.948	90.000	44.9028	0.3182	0.0542	0.0358	0.0000	6.8000
dPolE	881.948	90.000	6.3488	1.0000	0.0000	6.8000
uR	881.948	90.000	0.0230	1.0000	0.0000	6.8000
E	883.542	90.000	44.8813	0.4196	0.0529	0.0349	0.0000	6.8000
dPolE	883.542	90.000	5.0602	1.0000	0.0000	6.8000
uR	883.542	90.000	0.0241	1.0000	0.0000	6.8000
E	885.135	90.000	45.0256	0.4035	0.0590	0.0389	0.0000	6.8000
dPolE	885.135	90.000	4.6780	1.0000	0.0000	6.8000
uR	885.135	90.000	0.0235	1.0000	0.0000	6.8000
E	886.729	90.000	44.8788	0.3656	0.0763	0.0501	0.0000	6.8000
dPolE	886.729	90.000	10.5367	1.0000	0.0000	6.8000
uR	886.729	90.000	0.0225	1.0000	0.0000	6.8000
E	888.322	90.000	44.6958	0.3840	0.0986	0.0646	0.0000	6.8000
dPolE	888.322	90.000	22.2474	1.0000	0.0000	6.8000
uR	888.322	90.000	0.0221	1.0000	0.0000	6.8000
E	889.915	90.000	45.3099	0.3488	0.1128	0.0737	0.0000	6.8000
dPolE	889.915	90.000	21.0032	1.0000	0.0000	6.8000
uR	889.915	90.000	0.0221	1.0000	0.0000	6.8000
E	891.508	90.000	45.2537	0.3252	0.1172	0.0762	0.0000	6.8000
dPolE	891.508	90.000	22.6317	1.0000	0.0000	6.8000
uR	891.508	90.000	0.0223	1.0000	0.0000	6.8000
E	893.101	90.000	44.8983	0.3674	0.1079	0.0700	0.0000	6.8000
dPolE	893.101	90.000	22.1490	1.0000	0.0000	6.8000
uR	893.101	90.000	0.0219	1.0000	0.0000	6.8000
E	894.694	90.000	45.0873	0.3968	0.0948	0.0612	0.0000	6.8000
dPolE	894.694	90.000	16.6638	1.0000	0.0000	6.8000
uR	894.694	90.000	0.0236	1.0000	0.0000	6.8000
E	896.286	90.000	45.0170	0.5251	0.0891	0.0574	0.0000	6.8000
dPolE	896.286	90.000	16.1356	1.0000	0.0000	6.8000
uR	896.286	90.000	0.0238	1.0000	0.0000	6.8000
E	897.879	90.000	45.1549	0.4216	0.0956	0.0613	0.0000	6.8000
dPolE	897.879	90.000	14.1880	1.0000	0.0000	6.8000
uR	897.879	90.000	0.0234	1.0000	0.0000	6.8000
E	899.471	90.000	44.9967	0.4603	0.1084	0.0692	0.0000	6.8000
dPolE	899.471	90.000	20.5979	1.0000	0.0000	6.8000
uR	899.471	90.000	0.0228	1.0000	0.0000	6.8000
E	901.063	90.000	45.2301	0.4184	0.1224	0.0778	0.0000	6.8000
dPolE	901.063	90.000	19.9035	1.0000	0.0000	6.8000
uR	901.063	90.000	0.0222	1.0000	0.0000	6.8000
E	902.655	90.000	44.9316	0.4695	0.1104	0.0700	0.0000	6.8000
dPolE	902.655	90.000	17.3847	1.0000	0.0000	6.8000
uR	902.655	90.000	0.0233	1.0000	0.0000	6.8000
E	904.247	90.000	45.0076	0.5629	0.0973	0.0614	0.0000	6.8000
dPolE	904.247	90.000	13.3511	1.0000	0.0000	6.8000
uR	904.247	90.000	0.0247	1.0000	0.0000	6.8000
E	905.838	90.000	44.9272	0.4760	0.0919	0.0580	0.0000	6.8000
dPolE	905.838	90.000	17.5269	1.0000	0.0000	6.8000
uR	905.838	90.000	0.0240	1.0000	0.0000	6.8000
E	907.429	90.000	45.0457	0.4333	0.1106	0.0695	0.0000	6.8000
dPolE	907.429	90.000	22.6997	1.0000	0.0000	6.8000
uR	907.429	90.000	0.0227	1.0000	0.0000	6.8000
E	909.021	90.000	44.9778	0.3192	0.1335	0.0838	0.0000	6.8000
dPolE	909.021	90.000	27.0245	1.0000	0.0000	6.8000
uR	909.021	90.000	0.0210	1.0000	0.0000	6.8000
E	910.612	90.000	44.5363	0.6373	0.1542	0.0962	0.0000	6.8000
dPolE	910.612	90.000	31.6395	1.0000	0.0000	6.8000
uR	910.612	90.000	0.0209	1.0000	0.0000	6.8000
E	912.203	90.000	45.1647	0.2281	0.1362	0.0849	0.0000	6.8000
dPolE	912.203	90.000	29.2558	1.0000	0.0000	6.8000
uR	912.203	90.000	0.0203	1.0000	0.0000	6.8000
E	913.793	90.000	45.1138	0.3855	0.1176	0.0730	0.0000	6.8000
dPolE	913.793	90.000	19.8865	1.0000	0.0000	6.8000
uR	913.793	90.000	0.0216	1.0000	0.0000	6.8000
E	915.384	90.000	44.9005	0.4019	0.0902	0.0560	0.0000	6.8000
dPolE	915.384	90.000	14.2016	1.0000	0.0000	6.8000
uR	915.384	90.000	0.0227	1.0000	0.0000	6.8000
E	916.974	90.000	44.7470	0.2272	0.0823	0.0509	0.0000	6.8000
dPolE	916.974	90.000	14.3928	1.0000	0.0000	6.8000
uR	916.974	90.000	0.0233	1.0000	0.0000	6.8000
E	918.565	90.000	45.0225	0.3080	0.0895	0.0554	0.0000	6.8000
dPolE	918.565	90.000	13.6871	1.0000	0.0000	6.8000
uR	918.565	90.000	0.0232	1.0000	0.0000	6.8000
E	920.155	90.000	45.0141	0.3425	0.1086	0.0670	0.0000	6.8000
dPolE	920.155	90.000	20.8192	1.0000	0.0000	6.8000
uR	920.155	90.000	0.0217	1.0000	0.0000	6.8000
E	921.745	90.000	45.1239	0.4264	0.1326	0.0817	0.0000	6.8000
dPolE	921.745	90.000	24.9359	1.0000	0.0000	6.8000
uR	921.745	90.000	0.0220	1.0000	0.0000	6.8000
E	923.334	90.000	44.8870	0.4593	0.1642	0.1012	0.0000	6.8000
dPolE	923.334	90.000	30.5934	1.0000	0.0000	6.8000
uR	923.334	90.000	0.0230	1.0000	0.0000	6.8000
E	924.924	90.000	45.5168	0.4929	0.1930	0.1187	0.0000	6.8000
dPolE	924.924	90.000	38.8245	1.0000	0.0000	6.8000
uR	924.924	90.000	0.0219	1.0000	0.0000	6.8000
E	926.513	90.000	44.5145	359.9803	0.2060	0.1264	0.0000	6.8000
dPolE	926.513	90.000	47.5356	1.0000	0.0000	6.8000
uR	926.513	90.000	0.0225	1.0000	0.0000	6.8000
E	928.103	90.000	44.7461	0.3484	0.2273	0.1395	0.0000	6.8000
dPolE	928.103	90.000	41.5372	1.0000	0.0000	6.8000
uR	928.103	90.000	0.0231	1.0000	0.0000	6.8000
E	929.692	90.000	45.3249	0.3494	0.2377	0.1454	0.0000	6.8000
dPolE	929.692	90.000	46.8267	1.0000	0.0000	6.8000
uR	929.692	90.000	0.0237	1.0000	0.0000	6.8000
E	931.280	90.000	44.5785	0.4654	0.2499	0.1534	0.0000	6.8000
dPolE	931.280	90.000	42.6513	1.0000	0.0000	6.8000
uR	931.280	90.000	0.0246	1.0000	0.0000	6.8000
E	932.869	90.000	44.4799	0.4198	0.2456	0.1505	0.0000	6.8000
dPolE	932.869	90.000	39.9771	1.0000	0.0000	6.8000
uR	932.869	90.000	0.0250	1.0000	0.0000	6.8000
E	934.458	90.000	45.0641	0.1761	0.2431	0.1484	0.0000	6.8000
dPolE	934.458	90.000	43.6321	1.0000	0.0000	6.8000
uR	934.458	90.000	0.0245	1.0000	0.0000	6.8000
E	936.046	90.000	44.8639	0.0815	0.2280	0.1393	0.0000	6.8000
dPolE	936.046	90.000	43.0462	1.0000	0.0000	6.8000
uR	936.046	90.000	0.0246	1.0000	0.0000	6.8000
E	937.634	90.000	44.4827	0.2798	0.2192	0.1338	0.0000	6.8000
dPolE	937.634	90.000	36.2223	1.0000	0.0000	6.8000
uR	937.634	90.000	0.0245	1.0000	0.0000	6.8000
E	939.222	90.000	44.8485	0.5201	0.2135	0.1303	0.0000	6.8000
dPolE	939.222	90.000	39.1226	1.0000	0.0000	6.8000
uR	939.222	90.000	0.0246	1.0000	0.0000	6.8000
E	940.810	90.000	45.0087	0.1031	0.2286	0.1383	0.0000	6.8000
dPolE	940.810	90.000	41.5771	1.0000	0.0000	6.8000
uR	940.810	90.000	0.0236	1.0000	0.0000	6.8000
E	942.398	90.000	44.9091	0.3338	0.2376	0.1434	0.0000	6.8000
dPolE	942.398	90.000	44.6046	1.0000	0.0000	6.8000
uR	942.398	90.000	0.0232	1.0000	0.0000	6.8000
E	943.985	90.000	45.1197	0.4372	0.2594	0.1574	0.0000	6.8000
dPolE	943.985	90.000	35.4506	1.0000	0.0000	6.8000
uR	943.985	90.000	0.0247	1.0000	0.0000	6.8000
E	945.573	90.000	44.8137	0.3916	0.2527	0.1530	0.0000	6.8000
dPolE	945.573	90.000	44.4516	1.0000	0.0000	6.8000
uR	945.573	90.000	0.0244	1.0000	0.0000	6.8000
E	947.160	90.000	44.7477	0.4154	0.2667	0.1612	0.0000	6.8000
dPolE	947.160	90.000	40.2016	1.0000	0.0000	6.8000
uR	947.160	90.000	0.0232	1.0000	0.0000	6.8000
E	948.747	90.000	44.5021	0.5608	0.2455	0.1477	0.0000	6.8000
dPolE	948.747	90.000	42.7336	1.0000	0.0000	6.8000
uR	948.747	90.000	0.0245	1.0000	0.0000	6.8000
E	950.334	90.000	45.0100	0.1597	0.2381	0.1432	0.0000	6.8000
dPolE	950.334	90.000	39.4317	1.0000	0.0000	6.8000
uR	950.334	90.000	0.0248	1.0000	0.0000	6.8000
E	951.920	90.000	45.1841	0.0688	0.2388	0.1427	0.0000	6.8000
dPolE	951.920	90.000	37.2069	1.0000	0.0000	6.8000
uR	951.920	90.000	0.0244	1.0000	0.0000	6.8000
E	953.507	90.000	44.5085	0.3340	0.2476	0.1477	0.0000	6.8000
dPolE	953.507	90.000	42.5801	1.0000	0.0000	6.8000
uR	953.507	90.000	0.0242	1.0000	0.0000	6.8000
E	955.093	90.000	44.2196	0.3310	0.2649	0.1571	0.0000	6.8000
dPolE	955.093	90.000	43.6267	1.0000	0.0000	6.8000
uR	955.093	90.000	0.0243	1.0000	0.0000	6.8000
E	956.679	90.000	44.1891	0.3233	0.2812	0.1673	0.0000	6.8000
dPolE	956.679	90.000	44.7462	1.0000	0.0000	6.8000
uR	956.679	90.000	0.0251	1.0000	0.0000	6.8000
E	958.265	90.000	44.9714	0.5346	0.3223	0.1908	0.0000	6.8000
dPolE	958.265	90.000	47.6968	1.0000	0.0000	6.8000
uR	958.265	90.000	0.0253	1.0000	0.0000	6.8000
E	959.851	90.000	44.0621	0.3632	0.3395	0.2000	0.0000	6.8000
dPolE	959.851	90.000	57.1315	1.0000	0.0000	6.8000
uR	959.851	90.000	0.0239	1.0000	0.0000	6.8000
E	961.436	90.000	44.9779	359.8819	0.3268	0.1919	0.0000	6.8000
dPolE	961.436	90.000	63.0469	1.0000	0.0000	6.8000
uR	961.436	90.000	0.0236	1.0000	0.0000	6.8000
E	963.022	90.000	45.5109	359.6254	0.3467	0.2035	0.0000	6.8000
dPolE	963.022	90.000	61.1864	1.0000	0.0000	6.8000
uR	963.022	90.000	0.0233	1.0000	0.0000	6.8000
E	964.607	90.000	45.3077	0.0499	0.3451	0.2016	0.0000	6.8000
dPolE	964.607	90.000	54.4741	1.0000	0.0000	6.8000
uR	964.607	90.000	0.0234	1.0000	0.0000	6.8000
E	966.192	90.000	44.4747	0.2723	0.3346	0.1950	0.0000	6.8000
dPolE	966.192	90.000	60.5125	1.0000	0.0000	6.8000
uR	966.192	90.000	0.0223	1.0000	0.0000	6.8000
E	967.777	90.000	45.6263	0.2967	0.2911	0.1687	0.0000	6.8000
dPolE	967.777	90.000	46.2842	1.0000	0.0000	6.8000
uR	967.777	90.000	0.0242	1.0000	0.0000	6.8000
E	969.361	90.000	45.3767	0.1161	0.2892	0.1673	0.0000	6.8000
dPolE	969.361	90.000	39.5367	1.0000	0.0000	6.8000
uR	969.361	90.000	0.0242	1.0000	0.0000	6.8000
E	970.946	90.000	44.8559	0.3069	0.2690	0.1550	0.0000	6.8000
dPolE	970.946	90.000	38.8848	1.0000	0.0000	6.8000
uR	970.946	90.000	0.0243	1.0000	0.0000	6.8000
E	972.530	90.000	45.4890	0.3261	0.2306	0.1329	0.0000	6.8000
dPolE	972.530	90.000	38.1388	1.0000	0.0000	6.8000
uR	972.530	90.000	0.0239	1.0000	0.0000	6.8000
E	974.114	90.000	45.2520	0.2949	0.2216	0.1275	0.0000	6.8000
dPolE	974.114	90.000	35.2857	1.0000	0.0000	6.8000
uR	974.114	90.000	0.0224	1.0000	0.0000	6.8000
E	975.698	90.000	44.4373	0.3146	0.2130	0.1220	0.0000	6.8000
dPolE	975.698	90.000	33.8551	1.0000	0.0000	6.8000
uR	975.698	90.000	0.0213	1.0000	0.0000	6.8000
E	977.282	90.000	45.0018	0.1382	0.1680	0.0960	0.0000	6.8000
dPolE	977.282	90.000	28.0169	1.0000	0.0000	6.8000
uR	977.282	90.000	0.0229	1.0000	0.0000	6.8000
E	978.865	90.000	44.8464	0.2541	0.1465	0.0833	0.0000	6.8000
dPolE	978.865	90.000	21.0791	1.0000	0.0000	6.8000
uR	978.865	90.000	0.0237	1.0000	0.0000	6.8000
E	980.449	90.000	44.9367	0.2954	0.1433	0.0815	0.0000	6.8000
dPolE	980.449	90.000	19.7937	1.0000	0.0000	6.8000
uR	980.449	90.000	0.0240	1.0000	0.0000	6.8000
E	982.032	90.000	45.0142	0.2602	0.1565	0.0892	0.0000	6.8000
dPolE	982.032	90.000	26.4368	1.0000	0.0000	6.8000
uR	982.032	90.000	0.0233	1.0000	0.0000	6.8000
E	983.615	90.000	44.7772	0.4496	0.1846	0.1051	0.0000	6.8000
dPolE	983.615	90.000	28.7005	1.0000	0.0000	6.8000
uR	983.615	90.000	0.0212	1.0000	0.0000	6.8000
E	985.198	90.000	44.8465	0.4567	0.2188	0.1242	0.0000	6.8000
dPolE	985.198	90.000	36.0387	1.0000	0.0000	6.8000
uR	985.198	90.000	0.0212	1.0000	0.0000	6.8000
E	986.780	90.000	45.3400	0.3943	0.2205	0.1254	0.0000	6.8000
dPolE	986.780	90.000	34.2688	1.0000	0.0000	6.8000
uR	986.780	90.000	0.0212	1.0000	0.0000	6.8000
E	988.363	90.000	45.0781	0.0413	0.2024	0.1147	0.0000	6.8000
dPolE	988.363	90.000	34.7547	1.0000	0.0000	6.8000
uR	988.363	90.000	0.0220	1.0000	0.0000	6.8000
E	989.945	90.000	44.9083	0.3748	0.1802	0.1020	0.0000	6.8000
dPolE	989.945	90.000	29.7810	1.0000	0.0000	6.8000
uR	989.945	90.000	0.0220	1.0000	0.0000	6.8000
E	991.527	90.000	44.7868	0.0774	0.1633	0.0921	0.0000	6.8000
dPolE	991.527	90.000	28.6417	1.0000	0.0000	6.8000
uR	991.527	90.000	0.0239	1.0000	0.0000	6.8000
E	993.109	90.000	45.1109	0.3933	0.1550	0.0876	0.0000	6.8000
dPolE	993.109	90.000	20.3930	1.0000	0.0000	6.8000
uR	993.109	90.000	0.0239	1.0000	0.0000	6.8000
E	994.690	90.000	45.2108	0.1508	0.1663	0.0936	0.0000	6.8000
dPolE	994.690	90.000	23.6732	1.0000	0.0000	6.8000
uR	994.690	90.000	0.0232	1.0000	0.0000	6.8000
E	996.272	90.000	44.9428	0.1801	0.2004	0.1129	0.0000	6.8000
dPolE	996.272	90.000	29.2666	1.0000	0.0000	6.8000
uR	996.272	90.000	0.0228	1.0000	0.0000	6.8000
E	997.853	90.000	44.6380	359.9861	0.2289	0.1285	0.0000	6.8000
dPolE	997.853	90.000	39.0278	1.0000	0.0000	6.8000
uR	997.853	90.000	0.0215	1.0000	0.0000	6.8000
E	999.434	90.000	44.4201	0.4027	0.2647	0.1485	0.0000	6.8000
dPolE	999.434	90.000	42.4317	1.0000	0.0000	6.8000
uR	999.434	90.000	0.0229	1.0000	0.0000	6.8000
