
FM-removed
XY-Scan
nm
E	210.379	90.000	5.0284	266.3761	0.2451	2.9171	0.0000	6.8000
dPolE	210.379	90.000	99.9918	1.0000	0.0000	6.8000
uR	210.379	90.000	0.0148	1.0000	0.0000	6.8000
E	211.990	90.000	64.3977	154.6503	0.2791	0.6928	0.0000	6.8000
dPolE	211.990	90.000	99.9695	1.0000	0.0000	6.8000
uR	211.990	90.000	0.0162	1.0000	0.0000	6.8000
E	213.602	90.000	45.7318	169.5149	0.2627	0.4929	0.0000	6.8000
dPolE	213.602	90.000	99.9694	1.0000	0.0000	6.8000
uR	213.602	90.000	0.0125	1.0000	0.0000	6.8000
E	215.214	90.000	84.6700	357.2997	0.2394	2.3612	0.0000	6.8000
dPolE	215.214	90.000	99.8534	1.0000	0.0000	6.8000
uR	215.214	90.000	0.0145	1.0000	0.0000	6.8000
E	216.826	90.000	34.5128	193.1316	0.2692	0.5130	0.0000	6.8000
dPolE	216.826	90.000	99.9663	1.0000	0.0000	6.8000
uR	216.826	90.000	0.0101	1.0000	0.0000	6.8000
E	218.438	90.000	27.6308	11.4956	0.2783	0.5821	0.0000	6.8000
dPolE	218.438	90.000	99.9298	1.0000	0.0000	6.8000
uR	218.438	90.000	0.0076	1.0000	0.0000	6.8000
E	220.050	90.000	68.8288	58.8330	0.2517	0.7657	0.0000	6.8000
dPolE	220.050	90.000	99.9457	1.0000	0.0000	6.8000
uR	220.050	90.000	0.0058	1.0000	0.0000	6.8000
E	221.662	90.000	26.0747	271.7278	0.2294	0.6269	0.0000	6.8000
dPolE	221.662	90.000	99.9932	1.0000	0.0000	6.8000
uR	221.662	90.000	0.0046	1.0000	0.0000	6.8000
E	223.274	90.000	15.9931	128.1140	0.2460	0.9441	0.0000	6.8000
dPolE	223.274	90.000	99.9765	1.0000	0.0000	6.8000
uR	223.274	90.000	0.0053	1.0000	0.0000	6.8000
E	224.886	90.000	28.2769	107.8570	0.2755	0.6913	0.0000	6.8000
dPolE	224.886	90.000	99.9968	1.0000	0.0000	6.8000
uR	224.886	90.000	0.0037	1.0000	0.0000	6.8000
E	226.498	90.000	69.3547	343.9632	0.2879	0.6471	0.0000	6.8000
dPolE	226.498	90.000	99.9213	1.0000	0.0000	6.8000
uR	226.498	90.000	0.0034	1.0000	0.0000	6.8000
E	228.111	90.000	18.7159	19.1462	0.2565	0.6217	0.0000	6.8000
dPolE	228.111	90.000	99.9306	1.0000	0.0000	6.8000
uR	228.111	90.000	0.0036	1.0000	0.0000	6.8000
E	229.723	90.000	60.1817	338.3189	0.2837	0.4752	0.0000	6.8000
dPolE	229.723	90.000	99.9697	1.0000	0.0000	6.8000
uR	229.723	90.000	0.0022	1.0000	0.0000	6.8000
E	231.335	90.000	40.2225	198.5023	0.2976	0.4130	0.0000	6.8000
dPolE	231.335	90.000	99.9094	1.0000	0.0000	6.8000
uR	231.335	90.000	0.0030	1.0000	0.0000	6.8000
E	232.948	90.000	44.5499	176.7795	0.2807	0.3490	0.0000	6.8000
dPolE	232.948	90.000	99.9459	1.0000	0.0000	6.8000
uR	232.948	90.000	0.0024	1.0000	0.0000	6.8000
E	234.560	90.000	62.5014	341.9877	0.2737	0.4402	0.0000	6.8000
dPolE	234.560	90.000	99.9226	1.0000	0.0000	6.8000
uR	234.560	90.000	0.0032	1.0000	0.0000	6.8000
E	236.173	90.000	21.4831	192.8265	0.3234	0.5884	0.0000	6.8000
dPolE	236.173	90.000	99.9691	1.0000	0.0000	6.8000
uR	236.173	90.000	0.0014	1.0000	0.0000	6.8000
E	237.786	90.000	74.6864	346.1363	0.3099	0.7482	0.0000	6.8000
dPolE	237.786	90.000	99.8725	1.0000	0.0000	6.8000
uR	237.786	90.000	0.0022	1.0000	0.0000	6.8000
E	239.398	90.000	31.1118	193.2739	0.3107	0.4175	0.0000	6.8000
dPolE	239.398	90.000	99.9949	1.0000	0.0000	6.8000
uR	239.398	90.000	0.0007	1.0000	0.0000	6.8000
E	241.011	90.000	43.0719	176.2891	0.3176	0.3515	0.0000	6.8000
dPolE	241.011	90.000	99.9303	1.0000	0.0000	6.8000
uR	241.011	90.000	0.0015	1.0000	0.0000	6.8000
E	242.624	90.000	65.5715	120.6290	0.2734	0.7462	0.0000	6.8000
dPolE	242.624	90.000	99.9767	1.0000	0.0000	6.8000
uR	242.624	90.000	0.0015	1.0000	0.0000	6.8000
E	244.237	90.000	55.6257	314.3481	0.3138	0.5563	0.0000	6.8000
dPolE	244.237	90.000	99.9804	1.0000	0.0000	6.8000
uR	244.237	90.000	0.0009	1.0000	0.0000	6.8000
E	245.850	90.000	23.9389	37.3036	0.3024	0.6395	0.0000	6.8000
dPolE	245.850	90.000	99.9515	1.0000	0.0000	6.8000
uR	245.850	90.000	0.0012	1.0000	0.0000	6.8000
E	247.463	90.000	78.6572	46.0651	0.2469	1.2523	0.0000	6.8000
dPolE	247.463	90.000	99.9766	1.0000	0.0000	6.8000
uR	247.463	90.000	0.0008	1.0000	0.0000	6.8000
E	249.076	90.000	48.8696	295.1544	0.3364	0.6357	0.0000	6.8000
dPolE	249.076	90.000	99.9885	1.0000	0.0000	6.8000
uR	249.076	90.000	0.0015	1.0000	0.0000	6.8000
E	250.689	90.000	33.6104	186.5335	0.3310	0.3733	0.0000	6.8000
dPolE	250.689	90.000	99.9128	1.0000	0.0000	6.8000
uR	250.689	90.000	0.0011	1.0000	0.0000	6.8000
E	252.302	90.000	8.1441	63.7385	0.2317	2.2775	0.0000	6.8000
dPolE	252.302	90.000	99.8471	1.0000	0.0000	6.8000
uR	252.302	90.000	0.0014	1.0000	0.0000	6.8000
E	253.916	90.000	29.8311	237.7345	0.2772	0.6133	0.0000	6.8000
dPolE	253.916	90.000	99.9881	1.0000	0.0000	6.8000
uR	253.916	90.000	0.0009	1.0000	0.0000	6.8000
E	255.529	90.000	61.6931	244.1649	0.2776	0.6816	0.0000	6.8000
dPolE	255.529	90.000	99.9700	1.0000	0.0000	6.8000
uR	255.529	90.000	0.0007	1.0000	0.0000	6.8000
E	257.142	90.000	14.5349	167.2905	0.3247	0.7280	0.0000	6.8000
dPolE	257.142	90.000	99.9823	1.0000	0.0000	6.8000
uR	257.142	90.000	0.0006	1.0000	0.0000	6.8000
E	258.756	90.000	73.4741	267.7895	0.2165	1.1516	0.0000	6.8000
dPolE	258.756	90.000	99.9907	1.0000	0.0000	6.8000
uR	258.756	90.000	0.0007	1.0000	0.0000	6.8000
E	260.369	90.000	35.0333	47.3389	0.3043	0.5373	0.0000	6.8000
dPolE	260.369	90.000	99.9856	1.0000	0.0000	6.8000
uR	260.369	90.000	0.0006	1.0000	0.0000	6.8000
E	261.983	90.000	51.1124	159.0992	0.2886	0.3488	0.0000	6.8000
dPolE	261.983	90.000	99.9953	1.0000	0.0000	6.8000
uR	261.983	90.000	0.0007	1.0000	0.0000	6.8000
E	263.596	90.000	60.4466	44.6330	0.2821	0.5456	0.0000	6.8000
dPolE	263.596	90.000	99.9188	1.0000	0.0000	6.8000
uR	263.596	90.000	0.0009	1.0000	0.0000	6.8000
E	265.210	90.000	64.7164	312.0328	0.2904	0.6721	0.0000	6.8000
dPolE	265.210	90.000	99.9617	1.0000	0.0000	6.8000
uR	265.210	90.000	0.0006	1.0000	0.0000	6.8000
E	266.823	90.000	22.0454	314.9521	0.2590	0.6569	0.0000	6.8000
dPolE	266.823	90.000	99.9944	1.0000	0.0000	6.8000
uR	266.823	90.000	0.0008	1.0000	0.0000	6.8000
E	268.437	90.000	25.8133	136.4743	0.2661	0.5709	0.0000	6.8000
dPolE	268.437	90.000	99.9885	1.0000	0.0000	6.8000
uR	268.437	90.000	0.0005	1.0000	0.0000	6.8000
E	270.051	90.000	89.9900	0.5021	0.2729	803.2994	0.0000	6.8000
dPolE	270.051	90.000	99.9941	1.0000	0.0000	6.8000
uR	270.051	90.000	0.0006	1.0000	0.0000	6.8000
E	271.665	90.000	55.2325	14.2719	0.2847	0.3412	0.0000	6.8000
dPolE	271.665	90.000	99.9600	1.0000	0.0000	6.8000
uR	271.665	90.000	0.0007	1.0000	0.0000	6.8000
E	273.279	90.000	25.5963	5.5065	0.2875	0.3908	0.0000	6.8000
dPolE	273.279	90.000	99.9452	1.0000	0.0000	6.8000
uR	273.279	90.000	0.0007	1.0000	0.0000	6.8000
E	274.892	90.000	6.0809	344.9691	0.2807	1.5602	0.0000	6.8000
dPolE	274.892	90.000	99.9845	1.0000	0.0000	6.8000
uR	274.892	90.000	0.0006	1.0000	0.0000	6.8000
E	276.506	90.000	57.8164	179.6760	0.2614	0.3082	0.0000	6.8000
dPolE	276.506	90.000	99.9491	1.0000	0.0000	6.8000
uR	276.506	90.000	0.0006	1.0000	0.0000	6.8000
E	278.120	90.000	28.0067	50.7722	0.2554	0.5596	0.0000	6.8000
dPolE	278.120	90.000	99.9988	1.0000	0.0000	6.8000
uR	278.120	90.000	0.0007	1.0000	0.0000	6.8000
E	279.734	90.000	81.6575	269.7123	0.1625	1.9064	0.0000	6.8000
dPolE	279.734	90.000	99.9539	1.0000	0.0000	6.8000
uR	279.734	90.000	0.0007	1.0000	0.0000	6.8000
E	281.349	90.000	30.4105	237.3926	0.2575	0.5606	0.0000	6.8000
dPolE	281.349	90.000	99.9984	1.0000	0.0000	6.8000
uR	281.349	90.000	0.0003	1.0000	0.0000	6.8000
E	282.963	90.000	76.3113	239.1212	0.2035	1.0348	0.0000	6.8000
dPolE	282.963	90.000	99.9497	1.0000	0.0000	6.8000
uR	282.963	90.000	0.0009	1.0000	0.0000	6.8000
E	284.577	90.000	5.3624	341.3403	0.2439	1.6837	0.0000	6.8000
dPolE	284.577	90.000	99.9573	1.0000	0.0000	6.8000
uR	284.577	90.000	0.0006	1.0000	0.0000	6.8000
E	286.191	90.000	35.9048	275.7670	0.2345	0.5090	0.0000	6.8000
dPolE	286.191	90.000	99.9902	1.0000	0.0000	6.8000
uR	286.191	90.000	0.0005	1.0000	0.0000	6.8000
E	287.805	90.000	45.8044	331.8975	0.2425	0.3349	0.0000	6.8000
dPolE	287.805	90.000	99.9964	1.0000	0.0000	6.8000
uR	287.805	90.000	0.0005	1.0000	0.0000	6.8000
E	289.420	90.000	25.1505	196.5885	0.2302	0.3772	0.0000	6.8000
dPolE	289.420	90.000	99.9999	1.0000	0.0000	6.8000
uR	289.420	90.000	0.0006	1.0000	0.0000	6.8000
E	291.034	90.000	54.6775	25.7797	0.2318	0.3379	0.0000	6.8000
dPolE	291.034	90.000	99.9808	1.0000	0.0000	6.8000
uR	291.034	90.000	0.0004	1.0000	0.0000	6.8000
E	292.649	90.000	32.8329	176.4255	0.2176	0.2840	0.0000	6.8000
dPolE	292.649	90.000	99.9744	1.0000	0.0000	6.8000
uR	292.649	90.000	0.0005	1.0000	0.0000	6.8000
E	294.263	90.000	36.3288	347.2755	0.2209	0.2895	0.0000	6.8000
dPolE	294.263	90.000	99.9826	1.0000	0.0000	6.8000
uR	294.263	90.000	0.0005	1.0000	0.0000	6.8000
E	295.877	90.000	15.9900	198.9059	0.2228	0.5690	0.0000	6.8000
dPolE	295.877	90.000	99.9365	1.0000	0.0000	6.8000
uR	295.877	90.000	0.0007	1.0000	0.0000	6.8000
E	297.492	90.000	35.0430	208.0258	0.2289	0.3523	0.0000	6.8000
dPolE	297.492	90.000	99.9875	1.0000	0.0000	6.8000
uR	297.492	90.000	0.0005	1.0000	0.0000	6.8000
E	299.107	90.000	61.3325	4.5223	0.1940	0.2883	0.0000	6.8000
dPolE	299.107	90.000	99.9838	1.0000	0.0000	6.8000
uR	299.107	90.000	0.0003	1.0000	0.0000	6.8000
E	300.721	90.000	81.8773	135.4614	0.1857	1.2973	0.0000	6.8000
dPolE	300.721	90.000	99.9637	1.0000	0.0000	6.8000
uR	300.721	90.000	0.0005	1.0000	0.0000	6.8000
E	302.336	90.000	80.3311	266.8032	0.1408	1.2335	0.0000	6.8000
dPolE	302.336	90.000	99.9813	1.0000	0.0000	6.8000
uR	302.336	90.000	0.0003	1.0000	0.0000	6.8000
E	303.950	90.000	4.1726	4.9149	0.1974	1.7715	0.0000	6.8000
dPolE	303.950	90.000	99.9988	1.0000	0.0000	6.8000
uR	303.950	90.000	0.0009	1.0000	0.0000	6.8000
E	305.565	90.000	76.5870	99.4604	0.1550	0.9112	0.0000	6.8000
dPolE	305.565	90.000	99.9750	1.0000	0.0000	6.8000
uR	305.565	90.000	0.0005	1.0000	0.0000	6.8000
E	307.180	90.000	30.8693	344.5768	0.2027	0.3201	0.0000	6.8000
dPolE	307.180	90.000	99.9504	1.0000	0.0000	6.8000
uR	307.180	90.000	0.0006	1.0000	0.0000	6.8000
E	308.795	90.000	9.8737	347.7833	0.1955	0.8073	0.0000	6.8000
dPolE	308.795	90.000	99.9704	1.0000	0.0000	6.8000
uR	308.795	90.000	0.0005	1.0000	0.0000	6.8000
E	310.410	90.000	74.9789	31.6711	0.1788	0.5930	0.0000	6.8000
dPolE	310.410	90.000	99.9791	1.0000	0.0000	6.8000
uR	310.410	90.000	0.0004	1.0000	0.0000	6.8000
E	312.024	90.000	64.1970	314.2601	0.1866	0.4337	0.0000	6.8000
dPolE	312.024	90.000	99.9433	1.0000	0.0000	6.8000
uR	312.024	90.000	0.0005	1.0000	0.0000	6.8000
E	313.639	90.000	4.7940	101.3569	0.1372	2.2652	0.0000	6.8000
dPolE	313.639	90.000	99.9539	1.0000	0.0000	6.8000
uR	313.639	90.000	0.0005	1.0000	0.0000	6.8000
E	315.254	90.000	47.3586	233.8490	0.1834	0.3349	0.0000	6.8000
dPolE	315.254	90.000	99.9997	1.0000	0.0000	6.8000
uR	315.254	90.000	0.0004	1.0000	0.0000	6.8000
E	316.869	90.000	25.6344	2.1249	0.1895	0.3465	0.0000	6.8000
dPolE	316.869	90.000	99.9533	1.0000	0.0000	6.8000
uR	316.869	90.000	0.0005	1.0000	0.0000	6.8000
E	318.484	90.000	38.9269	194.9426	0.1716	0.2605	0.0000	6.8000
dPolE	318.484	90.000	99.9545	1.0000	0.0000	6.8000
uR	318.484	90.000	0.0005	1.0000	0.0000	6.8000
E	320.099	90.000	56.2133	117.1404	0.1660	0.3510	0.0000	6.8000
dPolE	320.099	90.000	99.9793	1.0000	0.0000	6.8000
uR	320.099	90.000	0.0005	1.0000	0.0000	6.8000
E	321.714	90.000	75.5970	80.2657	0.1473	0.7470	0.0000	6.8000
dPolE	321.714	90.000	99.9338	1.0000	0.0000	6.8000
uR	321.714	90.000	0.0006	1.0000	0.0000	6.8000
E	323.330	90.000	48.4203	357.0075	0.1675	0.2510	0.0000	6.8000
dPolE	323.330	90.000	99.9677	1.0000	0.0000	6.8000
uR	323.330	90.000	0.0005	1.0000	0.0000	6.8000
E	324.945	90.000	49.1806	289.3616	0.1807	0.3580	0.0000	6.8000
dPolE	324.945	90.000	99.9938	1.0000	0.0000	6.8000
uR	324.945	90.000	0.0002	1.0000	0.0000	6.8000
E	326.560	90.000	80.1094	91.0864	0.1349	1.0013	0.0000	6.8000
dPolE	326.560	90.000	99.9690	1.0000	0.0000	6.8000
uR	326.560	90.000	0.0004	1.0000	0.0000	6.8000
E	328.175	90.000	77.1262	258.1553	0.1394	0.7705	0.0000	6.8000
dPolE	328.175	90.000	99.9676	1.0000	0.0000	6.8000
uR	328.175	90.000	0.0005	1.0000	0.0000	6.8000
E	329.790	90.000	56.4290	32.1469	0.1629	0.3013	0.0000	6.8000
dPolE	329.790	90.000	99.9929	1.0000	0.0000	6.8000
uR	329.790	90.000	0.0003	1.0000	0.0000	6.8000
E	331.406	90.000	14.9360	350.8326	0.1696	0.5437	0.0000	6.8000
dPolE	331.406	90.000	99.9928	1.0000	0.0000	6.8000
uR	331.406	90.000	0.0003	1.0000	0.0000	6.8000
E	333.021	90.000	50.8323	260.6948	0.1590	0.3256	0.0000	6.8000
dPolE	333.021	90.000	99.9921	1.0000	0.0000	6.8000
uR	333.021	90.000	0.0002	1.0000	0.0000	6.8000
E	334.636	90.000	13.7521	173.6185	0.1360	0.4733	0.0000	6.8000
dPolE	334.636	90.000	99.9955	1.0000	0.0000	6.8000
uR	334.636	90.000	0.0004	1.0000	0.0000	6.8000
E	336.251	90.000	58.9857	135.7458	0.1459	0.3051	0.0000	6.8000
dPolE	336.251	90.000	99.9964	1.0000	0.0000	6.8000
uR	336.251	90.000	0.0003	1.0000	0.0000	6.8000
E	337.867	90.000	18.6722	11.2288	0.1521	0.4170	0.0000	6.8000
dPolE	337.867	90.000	99.9918	1.0000	0.0000	6.8000
uR	337.867	90.000	0.0003	1.0000	0.0000	6.8000
E	339.482	90.000	57.4535	147.4532	0.1545	0.3025	0.0000	6.8000
dPolE	339.482	90.000	99.9924	1.0000	0.0000	6.8000
uR	339.482	90.000	0.0004	1.0000	0.0000	6.8000
E	341.098	90.000	12.7347	183.5852	0.1578	0.6091	0.0000	6.8000
dPolE	341.098	90.000	99.9873	1.0000	0.0000	6.8000
uR	341.098	90.000	0.0003	1.0000	0.0000	6.8000
E	342.713	90.000	43.1558	351.7495	0.1524	0.2564	0.0000	6.8000
dPolE	342.713	90.000	99.9965	1.0000	0.0000	6.8000
uR	342.713	90.000	0.0005	1.0000	0.0000	6.8000
E	344.329	90.000	9.8699	195.5164	0.1534	0.7888	0.0000	6.8000
dPolE	344.329	90.000	99.9948	1.0000	0.0000	6.8000
uR	344.329	90.000	0.0003	1.0000	0.0000	6.8000
E	345.944	90.000	8.8000	93.6680	0.1313	0.9976	0.0000	6.8000
dPolE	345.944	90.000	99.9992	1.0000	0.0000	6.8000
uR	345.944	90.000	0.0002	1.0000	0.0000	6.8000
E	347.560	90.000	25.3320	252.7852	0.1385	0.3727	0.0000	6.8000
dPolE	347.560	90.000	99.9981	1.0000	0.0000	6.8000
uR	347.560	90.000	0.0004	1.0000	0.0000	6.8000
E	349.175	90.000	22.9254	152.7214	0.1462	0.3685	0.0000	6.8000
dPolE	349.175	90.000	99.9936	1.0000	0.0000	6.8000
uR	349.175	90.000	0.0004	1.0000	0.0000	6.8000
E	350.791	90.000	19.7711	8.9161	0.1439	0.3977	0.0000	6.8000
dPolE	350.791	90.000	99.9932	1.0000	0.0000	6.8000
uR	350.791	90.000	0.0003	1.0000	0.0000	6.8000
E	352.406	90.000	64.5704	277.1219	0.1450	0.3905	0.0000	6.8000
dPolE	352.406	90.000	99.9907	1.0000	0.0000	6.8000
uR	352.406	90.000	0.0003	1.0000	0.0000	6.8000
E	354.022	90.000	51.7373	275.3250	0.1464	0.3026	0.0000	6.8000
dPolE	354.022	90.000	99.9990	1.0000	0.0000	6.8000
uR	354.022	90.000	0.0004	1.0000	0.0000	6.8000
E	355.638	90.000	54.1581	11.5601	0.1438	0.2705	0.0000	6.8000
dPolE	355.638	90.000	99.9896	1.0000	0.0000	6.8000
uR	355.638	90.000	0.0003	1.0000	0.0000	6.8000
E	357.253	90.000	27.2300	192.2279	0.1374	0.3058	0.0000	6.8000
dPolE	357.253	90.000	99.9808	1.0000	0.0000	6.8000
uR	357.253	90.000	0.0004	1.0000	0.0000	6.8000
E	358.869	90.000	66.6938	260.2628	0.1352	0.3868	0.0000	6.8000
dPolE	358.869	90.000	99.9954	1.0000	0.0000	6.8000
uR	358.869	90.000	0.0002	1.0000	0.0000	6.8000
E	360.485	90.000	56.5830	191.7497	0.1450	0.2890	0.0000	6.8000
dPolE	360.485	90.000	99.9885	1.0000	0.0000	6.8000
uR	360.485	90.000	0.0004	1.0000	0.0000	6.8000
E	362.100	90.000	89.9900	270.9902	0.1254	791.4155	0.0000	6.8000
dPolE	362.100	90.000	99.9930	1.0000	0.0000	6.8000
uR	362.100	90.000	0.0003	1.0000	0.0000	6.8000
E	363.716	90.000	76.5108	305.2019	0.1370	0.6155	0.0000	6.8000
dPolE	363.716	90.000	99.9862	1.0000	0.0000	6.8000
uR	363.716	90.000	0.0003	1.0000	0.0000	6.8000
E	365.332	90.000	32.4144	236.8104	0.1380	0.3007	0.0000	6.8000
dPolE	365.332	90.000	99.9998	1.0000	0.0000	6.8000
uR	365.332	90.000	0.0003	1.0000	0.0000	6.8000
E	366.948	90.000	69.0410	232.6582	0.1269	0.3794	0.0000	6.8000
dPolE	366.948	90.000	99.9917	1.0000	0.0000	6.8000
uR	366.948	90.000	0.0003	1.0000	0.0000	6.8000
E	368.563	90.000	17.2879	11.3960	0.1391	0.4537	0.0000	6.8000
dPolE	368.563	90.000	99.9876	1.0000	0.0000	6.8000
uR	368.563	90.000	0.0003	1.0000	0.0000	6.8000
E	370.179	90.000	35.0124	59.2122	0.1305	0.2738	0.0000	6.8000
dPolE	370.179	90.000	99.9999	1.0000	0.0000	6.8000
uR	370.179	90.000	0.0005	1.0000	0.0000	6.8000
E	371.795	90.000	32.1949	160.8944	0.1342	0.2764	0.0000	6.8000
dPolE	371.795	90.000	99.9589	1.0000	0.0000	6.8000
uR	371.795	90.000	0.0005	1.0000	0.0000	6.8000
E	373.411	90.000	41.9282	343.1036	0.1289	0.2421	0.0000	6.8000
dPolE	373.411	90.000	99.9884	1.0000	0.0000	6.8000
uR	373.411	90.000	0.0004	1.0000	0.0000	6.8000
E	375.027	90.000	55.0425	155.9424	0.1265	0.2565	0.0000	6.8000
dPolE	375.027	90.000	99.9931	1.0000	0.0000	6.8000
uR	375.027	90.000	0.0003	1.0000	0.0000	6.8000
E	376.643	90.000	63.4987	213.2262	0.1344	0.3246	0.0000	6.8000
dPolE	376.643	90.000	99.9948	1.0000	0.0000	6.8000
uR	376.643	90.000	0.0006	1.0000	0.0000	6.8000
E	378.258	90.000	66.4238	10.4970	0.1271	0.3249	0.0000	6.8000
dPolE	378.258	90.000	99.9931	1.0000	0.0000	6.8000
uR	378.258	90.000	0.0002	1.0000	0.0000	6.8000
E	379.874	90.000	21.0641	149.4205	0.1315	0.3765	0.0000	6.8000
dPolE	379.874	90.000	99.9979	1.0000	0.0000	6.8000
uR	379.874	90.000	0.0003	1.0000	0.0000	6.8000
E	381.490	90.000	47.8823	86.7036	0.1210	0.2434	0.0000	6.8000
dPolE	381.490	90.000	99.9954	1.0000	0.0000	6.8000
uR	381.490	90.000	0.0002	1.0000	0.0000	6.8000
E	383.106	90.000	12.1449	304.3367	0.1313	0.6464	0.0000	6.8000
dPolE	383.106	90.000	99.9939	1.0000	0.0000	6.8000
uR	383.106	90.000	0.0003	1.0000	0.0000	6.8000
E	384.722	90.000	44.8287	226.1009	0.1257	0.2454	0.0000	6.8000
dPolE	384.722	90.000	99.9856	1.0000	0.0000	6.8000
uR	384.722	90.000	0.0004	1.0000	0.0000	6.8000
E	386.338	90.000	18.8866	107.1614	0.1167	0.3915	0.0000	6.8000
dPolE	386.338	90.000	99.9970	1.0000	0.0000	6.8000
uR	386.338	90.000	0.0002	1.0000	0.0000	6.8000
E	387.954	90.000	38.8674	335.3863	0.1274	0.2475	0.0000	6.8000
dPolE	387.954	90.000	99.9912	1.0000	0.0000	6.8000
uR	387.954	90.000	0.0003	1.0000	0.0000	6.8000
E	389.570	90.000	66.1496	286.9825	0.1083	0.2985	0.0000	6.8000
dPolE	389.570	90.000	99.9981	1.0000	0.0000	6.8000
uR	389.570	90.000	0.0003	1.0000	0.0000	6.8000
E	391.186	90.000	39.9563	111.8519	0.1208	0.2441	0.0000	6.8000
dPolE	391.186	90.000	99.9987	1.0000	0.0000	6.8000
uR	391.186	90.000	0.0002	1.0000	0.0000	6.8000
E	392.802	90.000	15.7421	206.2046	0.1276	0.4733	0.0000	6.8000
dPolE	392.802	90.000	99.9955	1.0000	0.0000	6.8000
uR	392.802	90.000	0.0003	1.0000	0.0000	6.8000
E	394.418	90.000	17.0416	73.0111	0.1239	0.4546	0.0000	6.8000
dPolE	394.418	90.000	99.9811	1.0000	0.0000	6.8000
uR	394.418	90.000	0.0004	1.0000	0.0000	6.8000
E	396.034	90.000	57.7918	30.5987	0.1198	0.2551	0.0000	6.8000
dPolE	396.034	90.000	99.9990	1.0000	0.0000	6.8000
uR	396.034	90.000	0.0002	1.0000	0.0000	6.8000
E	397.650	90.000	55.1237	4.6176	0.1156	0.2311	0.0000	6.8000
dPolE	397.650	90.000	99.9671	1.0000	0.0000	6.8000
uR	397.650	90.000	0.0004	1.0000	0.0000	6.8000
E	399.266	90.000	37.2371	33.0665	0.1202	0.2392	0.0000	6.8000
dPolE	399.266	90.000	99.9815	1.0000	0.0000	6.8000
uR	399.266	90.000	0.0004	1.0000	0.0000	6.8000
E	400.882	90.000	41.9663	18.7415	0.1215	0.2327	0.0000	6.8000
dPolE	400.882	90.000	99.9086	1.0000	0.0000	6.8000
uR	400.882	90.000	0.0006	1.0000	0.0000	6.8000
E	402.498	90.000	38.7721	18.8383	0.1199	0.2349	0.0000	6.8000
dPolE	402.498	90.000	99.8919	1.0000	0.0000	6.8000
uR	402.498	90.000	0.0007	1.0000	0.0000	6.8000
E	404.114	90.000	41.4099	10.0629	0.1164	0.2228	0.0000	6.8000
dPolE	404.114	90.000	99.9126	1.0000	0.0000	6.8000
uR	404.114	90.000	0.0006	1.0000	0.0000	6.8000
E	405.730	90.000	43.7024	358.9081	0.1212	0.2277	0.0000	6.8000
dPolE	405.730	90.000	99.8091	1.0000	0.0000	6.8000
uR	405.730	90.000	0.0009	1.0000	0.0000	6.8000
E	407.346	90.000	44.9510	10.5594	0.1205	0.2253	0.0000	6.8000
dPolE	407.346	90.000	99.7281	1.0000	0.0000	6.8000
uR	407.346	90.000	0.0010	1.0000	0.0000	6.8000
E	408.962	90.000	48.8215	14.0607	0.1169	0.2207	0.0000	6.8000
dPolE	408.962	90.000	99.5648	1.0000	0.0000	6.8000
uR	408.962	90.000	0.0013	1.0000	0.0000	6.8000
E	410.578	90.000	47.6468	17.9463	0.1179	0.2232	0.0000	6.8000
dPolE	410.578	90.000	99.3944	1.0000	0.0000	6.8000
uR	410.578	90.000	0.0015	1.0000	0.0000	6.8000
E	412.194	90.000	46.1311	13.3874	0.1111	0.2101	0.0000	6.8000
dPolE	412.194	90.000	99.3940	1.0000	0.0000	6.8000
uR	412.194	90.000	0.0016	1.0000	0.0000	6.8000
E	413.810	90.000	43.9211	10.9239	0.1139	0.2150	0.0000	6.8000
dPolE	413.810	90.000	98.8323	1.0000	0.0000	6.8000
uR	413.810	90.000	0.0022	1.0000	0.0000	6.8000
E	415.426	90.000	45.1671	14.7935	0.1157	0.2168	0.0000	6.8000
dPolE	415.426	90.000	98.5565	1.0000	0.0000	6.8000
uR	415.426	90.000	0.0024	1.0000	0.0000	6.8000
E	417.042	90.000	44.2102	11.3312	0.1145	0.2119	0.0000	6.8000
dPolE	417.042	90.000	98.3608	1.0000	0.0000	6.8000
uR	417.042	90.000	0.0025	1.0000	0.0000	6.8000
E	418.658	90.000	44.7632	10.4834	0.1124	0.2068	0.0000	6.8000
dPolE	418.658	90.000	97.8202	1.0000	0.0000	6.8000
uR	418.658	90.000	0.0029	1.0000	0.0000	6.8000
E	420.274	90.000	44.6989	13.9470	0.1121	0.2068	0.0000	6.8000
dPolE	420.274	90.000	97.3101	1.0000	0.0000	6.8000
uR	420.274	90.000	0.0032	1.0000	0.0000	6.8000
E	421.890	90.000	43.8820	12.1825	0.1050	0.1946	0.0000	6.8000
dPolE	421.890	90.000	97.0425	1.0000	0.0000	6.8000
uR	421.890	90.000	0.0037	1.0000	0.0000	6.8000
E	423.506	90.000	44.2591	11.7610	0.1024	0.1901	0.0000	6.8000
dPolE	423.506	90.000	96.7595	1.0000	0.0000	6.8000
uR	423.506	90.000	0.0039	1.0000	0.0000	6.8000
E	425.122	90.000	44.9729	12.0898	0.1023	0.1893	0.0000	6.8000
dPolE	425.122	90.000	96.2897	1.0000	0.0000	6.8000
uR	425.122	90.000	0.0044	1.0000	0.0000	6.8000
E	426.738	90.000	44.8207	10.1835	0.1037	0.1898	0.0000	6.8000
dPolE	426.738	90.000	95.4992	1.0000	0.0000	6.8000
uR	426.738	90.000	0.0047	1.0000	0.0000	6.8000
E	428.355	90.000	44.0077	11.6864	0.1001	0.1815	0.0000	6.8000
dPolE	428.355	90.000	94.8621	1.0000	0.0000	6.8000
uR	428.355	90.000	0.0053	1.0000	0.0000	6.8000
E	429.971	90.000	44.4944	12.2013	0.1017	0.1829	0.0000	6.8000
dPolE	429.971	90.000	95.1710	1.0000	0.0000	6.8000
uR	429.971	90.000	0.0051	1.0000	0.0000	6.8000
E	431.587	90.000	44.6551	9.7155	0.1019	0.1831	0.0000	6.8000
dPolE	431.587	90.000	93.6233	1.0000	0.0000	6.8000
uR	431.587	90.000	0.0058	1.0000	0.0000	6.8000
E	433.203	90.000	45.4598	11.9967	0.0975	0.1761	0.0000	6.8000
dPolE	433.203	90.000	93.5977	1.0000	0.0000	6.8000
uR	433.203	90.000	0.0062	1.0000	0.0000	6.8000
E	434.819	90.000	45.2574	11.0688	0.0914	0.1656	0.0000	6.8000
dPolE	434.819	90.000	92.8098	1.0000	0.0000	6.8000
uR	434.819	90.000	0.0067	1.0000	0.0000	6.8000
E	436.435	90.000	44.9317	10.4853	0.0958	0.1729	0.0000	6.8000
dPolE	436.435	90.000	91.4433	1.0000	0.0000	6.8000
uR	436.435	90.000	0.0071	1.0000	0.0000	6.8000
E	438.051	90.000	45.1429	11.1022	0.0935	0.1673	0.0000	6.8000
dPolE	438.051	90.000	90.6556	1.0000	0.0000	6.8000
uR	438.051	90.000	0.0073	1.0000	0.0000	6.8000
E	439.667	90.000	45.2017	11.2041	0.0930	0.1645	0.0000	6.8000
dPolE	439.667	90.000	89.5433	1.0000	0.0000	6.8000
uR	439.667	90.000	0.0078	1.0000	0.0000	6.8000
E	441.283	90.000	44.9594	9.8313	0.0985	0.1724	0.0000	6.8000
dPolE	441.283	90.000	88.4399	1.0000	0.0000	6.8000
uR	441.283	90.000	0.0081	1.0000	0.0000	6.8000
E	442.899	90.000	44.5761	10.3136	0.0940	0.1639	0.0000	6.8000
dPolE	442.899	90.000	87.7804	1.0000	0.0000	6.8000
uR	442.899	90.000	0.0086	1.0000	0.0000	6.8000
E	444.515	90.000	45.2712	9.3107	0.0926	0.1615	0.0000	6.8000
dPolE	444.515	90.000	86.7661	1.0000	0.0000	6.8000
uR	444.515	90.000	0.0090	1.0000	0.0000	6.8000
E	446.131	90.000	45.1832	10.2227	0.0906	0.1587	0.0000	6.8000
dPolE	446.131	90.000	87.5804	1.0000	0.0000	6.8000
uR	446.131	90.000	0.0092	1.0000	0.0000	6.8000
E	447.747	90.000	45.2232	9.5761	0.0881	0.1544	0.0000	6.8000
dPolE	447.747	90.000	86.1295	1.0000	0.0000	6.8000
uR	447.747	90.000	0.0096	1.0000	0.0000	6.8000
E	449.363	90.000	44.8110	10.1136	0.0876	0.1528	0.0000	6.8000
dPolE	449.363	90.000	84.8891	1.0000	0.0000	6.8000
uR	449.363	90.000	0.0098	1.0000	0.0000	6.8000
E	450.979	90.000	45.2452	8.9423	0.0889	0.1533	0.0000	6.8000
dPolE	450.979	90.000	81.4362	1.0000	0.0000	6.8000
uR	450.979	90.000	0.0104	1.0000	0.0000	6.8000
E	452.594	90.000	44.2607	8.8769	0.0869	0.1481	0.0000	6.8000
dPolE	452.594	90.000	80.1545	1.0000	0.0000	6.8000
uR	452.594	90.000	0.0109	1.0000	0.0000	6.8000
E	454.210	90.000	44.5116	8.0785	0.0831	0.1401	0.0000	6.8000
dPolE	454.210	90.000	82.2631	1.0000	0.0000	6.8000
uR	454.210	90.000	0.0109	1.0000	0.0000	6.8000
E	455.826	90.000	45.0004	8.7732	0.0896	0.1505	0.0000	6.8000
dPolE	455.826	90.000	79.2388	1.0000	0.0000	6.8000
uR	455.826	90.000	0.0116	1.0000	0.0000	6.8000
E	457.442	90.000	45.0588	9.0015	0.0879	0.1478	0.0000	6.8000
dPolE	457.442	90.000	79.6104	1.0000	0.0000	6.8000
uR	457.442	90.000	0.0115	1.0000	0.0000	6.8000
E	459.058	90.000	44.7643	8.4976	0.0859	0.1448	0.0000	6.8000
dPolE	459.058	90.000	77.4976	1.0000	0.0000	6.8000
uR	459.058	90.000	0.0120	1.0000	0.0000	6.8000
E	460.674	90.000	45.3543	8.0441	0.0823	0.1388	0.0000	6.8000
dPolE	460.674	90.000	76.9048	1.0000	0.0000	6.8000
uR	460.674	90.000	0.0121	1.0000	0.0000	6.8000
E	462.290	90.000	44.6725	8.1376	0.0788	0.1323	0.0000	6.8000
dPolE	462.290	90.000	74.7944	1.0000	0.0000	6.8000
uR	462.290	90.000	0.0125	1.0000	0.0000	6.8000
E	463.906	90.000	44.7284	8.5331	0.0777	0.1294	0.0000	6.8000
dPolE	463.906	90.000	72.3538	1.0000	0.0000	6.8000
uR	463.906	90.000	0.0131	1.0000	0.0000	6.8000
E	465.521	90.000	45.1433	8.6424	0.0806	0.1327	0.0000	6.8000
dPolE	465.521	90.000	69.0608	1.0000	0.0000	6.8000
uR	465.521	90.000	0.0135	1.0000	0.0000	6.8000
E	467.137	90.000	45.1149	7.3793	0.0775	0.1258	0.0000	6.8000
dPolE	467.137	90.000	66.5771	1.0000	0.0000	6.8000
uR	467.137	90.000	0.0139	1.0000	0.0000	6.8000
E	468.753	90.000	45.0008	7.7918	0.0709	0.1145	0.0000	6.8000
dPolE	468.753	90.000	63.7224	1.0000	0.0000	6.8000
uR	468.753	90.000	0.0139	1.0000	0.0000	6.8000
E	470.369	90.000	44.9857	7.8322	0.0697	0.1123	0.0000	6.8000
dPolE	470.369	90.000	64.3694	1.0000	0.0000	6.8000
uR	470.369	90.000	0.0144	1.0000	0.0000	6.8000
E	471.985	90.000	44.7248	7.7115	0.0733	0.1183	0.0000	6.8000
dPolE	471.985	90.000	66.7816	1.0000	0.0000	6.8000
uR	471.985	90.000	0.0147	1.0000	0.0000	6.8000
E	473.600	90.000	44.6262	7.6072	0.0739	0.1194	0.0000	6.8000
dPolE	473.600	90.000	65.8637	1.0000	0.0000	6.8000
uR	473.600	90.000	0.0152	1.0000	0.0000	6.8000
E	475.216	90.000	44.7600	7.3790	0.0778	0.1257	0.0000	6.8000
dPolE	475.216	90.000	69.2534	1.0000	0.0000	6.8000
uR	475.216	90.000	0.0152	1.0000	0.0000	6.8000
E	476.832	90.000	44.8860	7.5104	0.0798	0.1283	0.0000	6.8000
dPolE	476.832	90.000	71.1306	1.0000	0.0000	6.8000
uR	476.832	90.000	0.0155	1.0000	0.0000	6.8000
E	478.448	90.000	44.7372	7.4296	0.0782	0.1246	0.0000	6.8000
dPolE	478.448	90.000	69.9295	1.0000	0.0000	6.8000
uR	478.448	90.000	0.0159	1.0000	0.0000	6.8000
E	480.063	90.000	44.8400	7.4245	0.0807	0.1271	0.0000	6.8000
dPolE	480.063	90.000	69.1040	1.0000	0.0000	6.8000
uR	480.063	90.000	0.0160	1.0000	0.0000	6.8000
E	481.679	90.000	44.7707	7.2247	0.0717	0.1114	0.0000	6.8000
dPolE	481.679	90.000	68.7436	1.0000	0.0000	6.8000
uR	481.679	90.000	0.0163	1.0000	0.0000	6.8000
E	483.294	90.000	44.6660	7.2520	0.0795	0.1227	0.0000	6.8000
dPolE	483.294	90.000	65.4995	1.0000	0.0000	6.8000
uR	483.294	90.000	0.0163	1.0000	0.0000	6.8000
E	484.910	90.000	44.9072	7.0785	0.0767	0.1179	0.0000	6.8000
dPolE	484.910	90.000	67.4116	1.0000	0.0000	6.8000
uR	484.910	90.000	0.0166	1.0000	0.0000	6.8000
E	486.526	90.000	45.0253	7.1030	0.0759	0.1169	0.0000	6.8000
dPolE	486.526	90.000	69.3277	1.0000	0.0000	6.8000
uR	486.526	90.000	0.0170	1.0000	0.0000	6.8000
E	488.141	90.000	44.9881	6.9572	0.0800	0.1235	0.0000	6.8000
dPolE	488.141	90.000	67.2998	1.0000	0.0000	6.8000
uR	488.141	90.000	0.0173	1.0000	0.0000	6.8000
E	489.757	90.000	44.6810	6.4256	0.0793	0.1222	0.0000	6.8000
dPolE	489.757	90.000	67.3923	1.0000	0.0000	6.8000
uR	489.757	90.000	0.0172	1.0000	0.0000	6.8000
E	491.372	90.000	45.0537	6.4999	0.0757	0.1164	0.0000	6.8000
dPolE	491.372	90.000	66.1708	1.0000	0.0000	6.8000
uR	491.372	90.000	0.0172	1.0000	0.0000	6.8000
E	492.988	90.000	44.6024	6.2070	0.0754	0.1151	0.0000	6.8000
dPolE	492.988	90.000	64.0576	1.0000	0.0000	6.8000
uR	492.988	90.000	0.0177	1.0000	0.0000	6.8000
E	494.603	90.000	44.7857	6.3205	0.0754	0.1141	0.0000	6.8000
dPolE	494.603	90.000	63.9165	1.0000	0.0000	6.8000
uR	494.603	90.000	0.0179	1.0000	0.0000	6.8000
E	496.219	90.000	45.1275	5.8297	0.0792	0.1183	0.0000	6.8000
dPolE	496.219	90.000	65.1062	1.0000	0.0000	6.8000
uR	496.219	90.000	0.0183	1.0000	0.0000	6.8000
E	497.834	90.000	44.8627	6.2068	0.0804	0.1190	0.0000	6.8000
dPolE	497.834	90.000	65.1578	1.0000	0.0000	6.8000
uR	497.834	90.000	0.0183	1.0000	0.0000	6.8000
E	499.450	90.000	44.6513	6.2702	0.0823	0.1209	0.0000	6.8000
dPolE	499.450	90.000	64.9906	1.0000	0.0000	6.8000
uR	499.450	90.000	0.0186	1.0000	0.0000	6.8000
E	501.065	90.000	44.9141	6.1382	0.0778	0.1140	0.0000	6.8000
dPolE	501.065	90.000	66.7901	1.0000	0.0000	6.8000
uR	501.065	90.000	0.0186	1.0000	0.0000	6.8000
E	502.680	90.000	45.0173	6.2961	0.0792	0.1159	0.0000	6.8000
dPolE	502.680	90.000	65.6235	1.0000	0.0000	6.8000
uR	502.680	90.000	0.0188	1.0000	0.0000	6.8000
E	504.296	90.000	45.1565	5.6267	0.0772	0.1132	0.0000	6.8000
dPolE	504.296	90.000	65.6686	1.0000	0.0000	6.8000
uR	504.296	90.000	0.0189	1.0000	0.0000	6.8000
E	505.911	90.000	45.3083	5.4848	0.0768	0.1126	0.0000	6.8000
dPolE	505.911	90.000	64.5300	1.0000	0.0000	6.8000
uR	505.911	90.000	0.0193	1.0000	0.0000	6.8000
E	507.526	90.000	44.8943	5.8942	0.0769	0.1126	0.0000	6.8000
dPolE	507.526	90.000	63.3581	1.0000	0.0000	6.8000
uR	507.526	90.000	0.0192	1.0000	0.0000	6.8000
E	509.141	90.000	44.5743	5.4344	0.0782	0.1138	0.0000	6.8000
dPolE	509.141	90.000	62.8221	1.0000	0.0000	6.8000
uR	509.141	90.000	0.0194	1.0000	0.0000	6.8000
E	510.756	90.000	44.8471	6.0906	0.0773	0.1117	0.0000	6.8000
dPolE	510.756	90.000	62.6437	1.0000	0.0000	6.8000
uR	510.756	90.000	0.0198	1.0000	0.0000	6.8000
E	512.372	90.000	45.0813	5.5023	0.0792	0.1131	0.0000	6.8000
dPolE	512.372	90.000	63.4987	1.0000	0.0000	6.8000
uR	512.372	90.000	0.0203	1.0000	0.0000	6.8000
E	513.987	90.000	44.9346	5.6962	0.0781	0.1104	0.0000	6.8000
dPolE	513.987	90.000	63.1645	1.0000	0.0000	6.8000
uR	513.987	90.000	0.0214	1.0000	0.0000	6.8000
E	515.602	90.000	44.8546	5.4570	0.0809	0.1134	0.0000	6.8000
dPolE	515.602	90.000	63.6655	1.0000	0.0000	6.8000
uR	515.602	90.000	0.0222	1.0000	0.0000	6.8000
E	517.217	90.000	44.9488	5.1783	0.0854	0.1189	0.0000	6.8000
dPolE	517.217	90.000	64.0886	1.0000	0.0000	6.8000
uR	517.217	90.000	0.0219	1.0000	0.0000	6.8000
E	518.832	90.000	45.0446	5.5439	0.0891	0.1239	0.0000	6.8000
dPolE	518.832	90.000	66.9454	1.0000	0.0000	6.8000
uR	518.832	90.000	0.0206	1.0000	0.0000	6.8000
E	520.447	90.000	44.8388	5.4386	0.0873	0.1213	0.0000	6.8000
dPolE	520.447	90.000	68.4440	1.0000	0.0000	6.8000
uR	520.447	90.000	0.0196	1.0000	0.0000	6.8000
E	522.062	90.000	44.5717	5.3155	0.0882	0.1227	0.0000	6.8000
dPolE	522.062	90.000	65.9921	1.0000	0.0000	6.8000
uR	522.062	90.000	0.0192	1.0000	0.0000	6.8000
E	523.677	90.000	44.9633	5.0071	0.0816	0.1135	0.0000	6.8000
dPolE	523.677	90.000	62.3101	1.0000	0.0000	6.8000
uR	523.677	90.000	0.0199	1.0000	0.0000	6.8000
E	525.292	90.000	44.9510	4.9262	0.0810	0.1123	0.0000	6.8000
dPolE	525.292	90.000	62.3121	1.0000	0.0000	6.8000
uR	525.292	90.000	0.0203	1.0000	0.0000	6.8000
E	526.907	90.000	44.8016	5.0911	0.0791	0.1092	0.0000	6.8000
dPolE	526.907	90.000	59.8028	1.0000	0.0000	6.8000
uR	526.907	90.000	0.0207	1.0000	0.0000	6.8000
E	528.521	90.000	44.9635	4.8374	0.0809	0.1110	0.0000	6.8000
dPolE	528.521	90.000	62.1466	1.0000	0.0000	6.8000
uR	528.521	90.000	0.0206	1.0000	0.0000	6.8000
E	530.136	90.000	44.8340	4.8125	0.0861	0.1168	0.0000	6.8000
dPolE	530.136	90.000	58.7841	1.0000	0.0000	6.8000
uR	530.136	90.000	0.0210	1.0000	0.0000	6.8000
E	531.751	90.000	44.9037	5.0825	0.0802	0.1078	0.0000	6.8000
dPolE	531.751	90.000	60.8302	1.0000	0.0000	6.8000
uR	531.751	90.000	0.0212	1.0000	0.0000	6.8000
E	533.366	90.000	44.8002	4.7000	0.0841	0.1120	0.0000	6.8000
dPolE	533.366	90.000	59.5929	1.0000	0.0000	6.8000
uR	533.366	90.000	0.0215	1.0000	0.0000	6.8000
E	534.980	90.000	44.9963	4.5880	0.0845	0.1117	0.0000	6.8000
dPolE	534.980	90.000	59.2043	1.0000	0.0000	6.8000
uR	534.980	90.000	0.0214	1.0000	0.0000	6.8000
E	536.595	90.000	45.0463	4.7819	0.0846	0.1114	0.0000	6.8000
dPolE	536.595	90.000	58.6007	1.0000	0.0000	6.8000
uR	536.595	90.000	0.0216	1.0000	0.0000	6.8000
E	538.210	90.000	44.9081	4.4001	0.0812	0.1067	0.0000	6.8000
dPolE	538.210	90.000	61.0945	1.0000	0.0000	6.8000
uR	538.210	90.000	0.0214	1.0000	0.0000	6.8000
E	539.824	90.000	44.9920	4.7656	0.0835	0.1098	0.0000	6.8000
dPolE	539.824	90.000	58.3789	1.0000	0.0000	6.8000
uR	539.824	90.000	0.0215	1.0000	0.0000	6.8000
E	541.439	90.000	45.0922	4.3626	0.0795	0.1046	0.0000	6.8000
dPolE	541.439	90.000	58.5442	1.0000	0.0000	6.8000
uR	541.439	90.000	0.0216	1.0000	0.0000	6.8000
E	543.053	90.000	44.8549	4.2733	0.0773	0.1017	0.0000	6.8000
dPolE	543.053	90.000	59.1445	1.0000	0.0000	6.8000
uR	543.053	90.000	0.0216	1.0000	0.0000	6.8000
E	544.668	90.000	45.2286	4.6927	0.0817	0.1074	0.0000	6.8000
dPolE	544.668	90.000	58.6367	1.0000	0.0000	6.8000
uR	544.668	90.000	0.0212	1.0000	0.0000	6.8000
E	546.282	90.000	44.9060	4.1331	0.0812	0.1061	0.0000	6.8000
dPolE	546.282	90.000	59.3860	1.0000	0.0000	6.8000
uR	546.282	90.000	0.0216	1.0000	0.0000	6.8000
E	547.896	90.000	45.0225	4.3723	0.0890	0.1154	0.0000	6.8000
dPolE	547.896	90.000	57.9904	1.0000	0.0000	6.8000
uR	547.896	90.000	0.0216	1.0000	0.0000	6.8000
E	549.511	90.000	44.9861	4.2564	0.0808	0.1039	0.0000	6.8000
dPolE	549.511	90.000	58.1441	1.0000	0.0000	6.8000
uR	549.511	90.000	0.0220	1.0000	0.0000	6.8000
E	551.125	90.000	44.8464	4.4093	0.0848	0.1079	0.0000	6.8000
dPolE	551.125	90.000	57.6610	1.0000	0.0000	6.8000
uR	551.125	90.000	0.0220	1.0000	0.0000	6.8000
E	552.739	90.000	45.0380	4.0168	0.0822	0.1035	0.0000	6.8000
dPolE	552.739	90.000	57.2741	1.0000	0.0000	6.8000
uR	552.739	90.000	0.0219	1.0000	0.0000	6.8000
E	554.353	90.000	44.8446	3.8968	0.0837	0.1049	0.0000	6.8000
dPolE	554.353	90.000	58.0729	1.0000	0.0000	6.8000
uR	554.353	90.000	0.0218	1.0000	0.0000	6.8000
E	555.968	90.000	44.9333	4.3300	0.0882	0.1100	0.0000	6.8000
dPolE	555.968	90.000	57.3116	1.0000	0.0000	6.8000
uR	555.968	90.000	0.0214	1.0000	0.0000	6.8000
E	557.582	90.000	45.0074	3.8958	0.0863	0.1072	0.0000	6.8000
dPolE	557.582	90.000	55.8662	1.0000	0.0000	6.8000
uR	557.582	90.000	0.0218	1.0000	0.0000	6.8000
E	559.196	90.000	45.1091	4.4306	0.0832	0.1034	0.0000	6.8000
dPolE	559.196	90.000	56.4850	1.0000	0.0000	6.8000
uR	559.196	90.000	0.0219	1.0000	0.0000	6.8000
E	560.810	90.000	45.0538	3.8298	0.0807	0.1002	0.0000	6.8000
dPolE	560.810	90.000	57.2618	1.0000	0.0000	6.8000
uR	560.810	90.000	0.0221	1.0000	0.0000	6.8000
E	562.424	90.000	44.8851	3.9476	0.0821	0.1021	0.0000	6.8000
dPolE	562.424	90.000	55.0915	1.0000	0.0000	6.8000
uR	562.424	90.000	0.0222	1.0000	0.0000	6.8000
E	564.038	90.000	44.7349	4.0132	0.0871	0.1082	0.0000	6.8000
dPolE	564.038	90.000	53.7835	1.0000	0.0000	6.8000
uR	564.038	90.000	0.0224	1.0000	0.0000	6.8000
E	565.651	90.000	44.9945	4.1670	0.0828	0.1027	0.0000	6.8000
dPolE	565.651	90.000	56.6902	1.0000	0.0000	6.8000
uR	565.651	90.000	0.0222	1.0000	0.0000	6.8000
E	567.265	90.000	45.2397	4.0622	0.0828	0.1022	0.0000	6.8000
dPolE	567.265	90.000	53.0185	1.0000	0.0000	6.8000
uR	567.265	90.000	0.0221	1.0000	0.0000	6.8000
E	568.879	90.000	44.8201	3.9207	0.0838	0.1027	0.0000	6.8000
dPolE	568.879	90.000	54.3560	1.0000	0.0000	6.8000
uR	568.879	90.000	0.0221	1.0000	0.0000	6.8000
E	570.493	90.000	44.9804	3.5854	0.0901	0.1095	0.0000	6.8000
dPolE	570.493	90.000	52.6756	1.0000	0.0000	6.8000
uR	570.493	90.000	0.0223	1.0000	0.0000	6.8000
E	572.106	90.000	45.1398	3.6321	0.0903	0.1088	0.0000	6.8000
dPolE	572.106	90.000	52.2612	1.0000	0.0000	6.8000
uR	572.106	90.000	0.0219	1.0000	0.0000	6.8000
E	573.720	90.000	44.8960	3.6483	0.0923	0.1102	0.0000	6.8000
dPolE	573.720	90.000	51.9475	1.0000	0.0000	6.8000
uR	573.720	90.000	0.0220	1.0000	0.0000	6.8000
E	575.333	90.000	44.9311	3.5266	0.0872	0.1032	0.0000	6.8000
dPolE	575.333	90.000	53.1690	1.0000	0.0000	6.8000
uR	575.333	90.000	0.0220	1.0000	0.0000	6.8000
E	576.947	90.000	44.9797	3.5055	0.0901	0.1061	0.0000	6.8000
dPolE	576.947	90.000	53.1460	1.0000	0.0000	6.8000
uR	576.947	90.000	0.0224	1.0000	0.0000	6.8000
E	578.560	90.000	45.0510	3.5588	0.0870	0.1020	0.0000	6.8000
dPolE	578.560	90.000	54.0752	1.0000	0.0000	6.8000
uR	578.560	90.000	0.0217	1.0000	0.0000	6.8000
E	580.174	90.000	44.7583	3.4283	0.0921	0.1076	0.0000	6.8000
dPolE	580.174	90.000	53.1470	1.0000	0.0000	6.8000
uR	580.174	90.000	0.0218	1.0000	0.0000	6.8000
E	581.787	90.000	44.7972	3.9355	0.0888	0.1038	0.0000	6.8000
dPolE	581.787	90.000	54.0685	1.0000	0.0000	6.8000
uR	581.787	90.000	0.0217	1.0000	0.0000	6.8000
E	583.400	90.000	44.7956	3.8349	0.0840	0.0982	0.0000	6.8000
dPolE	583.400	90.000	53.1940	1.0000	0.0000	6.8000
uR	583.400	90.000	0.0218	1.0000	0.0000	6.8000
E	585.014	90.000	44.6811	3.4862	0.0849	0.0992	0.0000	6.8000
dPolE	585.014	90.000	54.1368	1.0000	0.0000	6.8000
uR	585.014	90.000	0.0216	1.0000	0.0000	6.8000
E	586.627	90.000	45.1263	3.2977	0.0866	0.1011	0.0000	6.8000
dPolE	586.627	90.000	52.6751	1.0000	0.0000	6.8000
uR	586.627	90.000	0.0220	1.0000	0.0000	6.8000
E	588.240	90.000	44.7517	3.3294	0.0848	0.0988	0.0000	6.8000
dPolE	588.240	90.000	53.1219	1.0000	0.0000	6.8000
uR	588.240	90.000	0.0222	1.0000	0.0000	6.8000
E	589.853	90.000	45.0189	3.1492	0.0893	0.1036	0.0000	6.8000
dPolE	589.853	90.000	51.1149	1.0000	0.0000	6.8000
uR	589.853	90.000	0.0223	1.0000	0.0000	6.8000
E	591.466	90.000	45.0662	3.2382	0.0868	0.1001	0.0000	6.8000
dPolE	591.466	90.000	52.8244	1.0000	0.0000	6.8000
uR	591.466	90.000	0.0221	1.0000	0.0000	6.8000
E	593.079	90.000	44.8184	3.2921	0.0882	0.1011	0.0000	6.8000
dPolE	593.079	90.000	51.6511	1.0000	0.0000	6.8000
uR	593.079	90.000	0.0222	1.0000	0.0000	6.8000
E	594.692	90.000	44.8486	3.2589	0.0921	0.1046	0.0000	6.8000
dPolE	594.692	90.000	51.8430	1.0000	0.0000	6.8000
uR	594.692	90.000	0.0219	1.0000	0.0000	6.8000
E	596.305	90.000	45.0804	3.3416	0.0926	0.1044	0.0000	6.8000
dPolE	596.305	90.000	50.9487	1.0000	0.0000	6.8000
uR	596.305	90.000	0.0224	1.0000	0.0000	6.8000
E	597.918	90.000	45.0967	3.4052	0.0911	0.1020	0.0000	6.8000
dPolE	597.918	90.000	54.1669	1.0000	0.0000	6.8000
uR	597.918	90.000	0.0224	1.0000	0.0000	6.8000
E	599.530	90.000	44.8764	3.2162	0.0959	0.1066	0.0000	6.8000
dPolE	599.530	90.000	52.0576	1.0000	0.0000	6.8000
uR	599.530	90.000	0.0225	1.0000	0.0000	6.8000
E	601.143	90.000	44.8269	3.1905	0.0919	0.1018	0.0000	6.8000
dPolE	601.143	90.000	49.7934	1.0000	0.0000	6.8000
uR	601.143	90.000	0.0229	1.0000	0.0000	6.8000
E	602.755	90.000	45.1918	2.8851	0.0957	0.1054	0.0000	6.8000
dPolE	602.755	90.000	49.2002	1.0000	0.0000	6.8000
uR	602.755	90.000	0.0228	1.0000	0.0000	6.8000
E	604.368	90.000	44.9877	3.2338	0.0953	0.1046	0.0000	6.8000
dPolE	604.368	90.000	50.5371	1.0000	0.0000	6.8000
uR	604.368	90.000	0.0226	1.0000	0.0000	6.8000
E	605.981	90.000	44.8406	3.1317	0.0978	0.1074	0.0000	6.8000
dPolE	605.981	90.000	50.3943	1.0000	0.0000	6.8000
uR	605.981	90.000	0.0227	1.0000	0.0000	6.8000
E	607.593	90.000	44.7403	2.8687	0.0963	0.1057	0.0000	6.8000
dPolE	607.593	90.000	50.9782	1.0000	0.0000	6.8000
uR	607.593	90.000	0.0224	1.0000	0.0000	6.8000
E	609.205	90.000	44.7781	2.6795	0.0991	0.1087	0.0000	6.8000
dPolE	609.205	90.000	49.6502	1.0000	0.0000	6.8000
uR	609.205	90.000	0.0222	1.0000	0.0000	6.8000
E	610.818	90.000	44.6581	2.6573	0.0919	0.1008	0.0000	6.8000
dPolE	610.818	90.000	53.3293	1.0000	0.0000	6.8000
uR	610.818	90.000	0.0225	1.0000	0.0000	6.8000
E	612.430	90.000	44.8955	2.9261	0.0947	0.1037	0.0000	6.8000
dPolE	612.430	90.000	50.0294	1.0000	0.0000	6.8000
uR	612.430	90.000	0.0223	1.0000	0.0000	6.8000
E	614.042	90.000	44.6885	3.3466	0.0929	0.1016	0.0000	6.8000
dPolE	614.042	90.000	53.6785	1.0000	0.0000	6.8000
uR	614.042	90.000	0.0221	1.0000	0.0000	6.8000
E	615.654	90.000	44.8812	2.7254	0.0955	0.1038	0.0000	6.8000
dPolE	615.654	90.000	46.8038	1.0000	0.0000	6.8000
uR	615.654	90.000	0.0225	1.0000	0.0000	6.8000
E	617.266	90.000	45.0212	3.0387	0.0922	0.0997	0.0000	6.8000
dPolE	617.266	90.000	49.7143	1.0000	0.0000	6.8000
uR	617.266	90.000	0.0227	1.0000	0.0000	6.8000
E	618.878	90.000	45.2363	2.9389	0.0913	0.0982	0.0000	6.8000
dPolE	618.878	90.000	50.2680	1.0000	0.0000	6.8000
uR	618.878	90.000	0.0223	1.0000	0.0000	6.8000
E	620.490	90.000	44.8676	3.0308	0.0942	0.1005	0.0000	6.8000
dPolE	620.490	90.000	48.3908	1.0000	0.0000	6.8000
uR	620.490	90.000	0.0223	1.0000	0.0000	6.8000
E	622.102	90.000	44.8441	3.0026	0.0962	0.1019	0.0000	6.8000
dPolE	622.102	90.000	47.2471	1.0000	0.0000	6.8000
uR	622.102	90.000	0.0224	1.0000	0.0000	6.8000
E	623.714	90.000	44.9491	2.7764	0.0961	0.1009	0.0000	6.8000
dPolE	623.714	90.000	47.6212	1.0000	0.0000	6.8000
uR	623.714	90.000	0.0226	1.0000	0.0000	6.8000
E	625.325	90.000	44.7759	2.7950	0.0952	0.0993	0.0000	6.8000
dPolE	625.325	90.000	49.9965	1.0000	0.0000	6.8000
uR	625.325	90.000	0.0226	1.0000	0.0000	6.8000
E	626.937	90.000	45.0642	2.6352	0.0983	0.1020	0.0000	6.8000
dPolE	626.937	90.000	46.4482	1.0000	0.0000	6.8000
uR	626.937	90.000	0.0228	1.0000	0.0000	6.8000
E	628.548	90.000	45.1562	2.6564	0.0978	0.1012	0.0000	6.8000
dPolE	628.548	90.000	46.1983	1.0000	0.0000	6.8000
uR	628.548	90.000	0.0226	1.0000	0.0000	6.8000
E	630.160	90.000	44.8107	2.8173	0.1031	0.1063	0.0000	6.8000
dPolE	630.160	90.000	45.4227	1.0000	0.0000	6.8000
uR	630.160	90.000	0.0229	1.0000	0.0000	6.8000
E	631.771	90.000	45.0055	2.6097	0.0974	0.1004	0.0000	6.8000
dPolE	631.771	90.000	45.3630	1.0000	0.0000	6.8000
uR	631.771	90.000	0.0231	1.0000	0.0000	6.8000
E	633.383	90.000	44.8863	2.6277	0.0970	0.0998	0.0000	6.8000
dPolE	633.383	90.000	48.3468	1.0000	0.0000	6.8000
uR	633.383	90.000	0.0227	1.0000	0.0000	6.8000
E	634.994	90.000	44.7359	2.6086	0.1008	0.1036	0.0000	6.8000
dPolE	634.994	90.000	45.9196	1.0000	0.0000	6.8000
uR	634.994	90.000	0.0227	1.0000	0.0000	6.8000
E	636.605	90.000	44.8383	2.6527	0.0970	0.0998	0.0000	6.8000
dPolE	636.605	90.000	47.3236	1.0000	0.0000	6.8000
uR	636.605	90.000	0.0232	1.0000	0.0000	6.8000
E	638.216	90.000	44.7456	2.3753	0.1041	0.1070	0.0000	6.8000
dPolE	638.216	90.000	49.8908	1.0000	0.0000	6.8000
uR	638.216	90.000	0.0229	1.0000	0.0000	6.8000
E	639.827	90.000	45.0322	2.5332	0.1013	0.1039	0.0000	6.8000
dPolE	639.827	90.000	47.4169	1.0000	0.0000	6.8000
uR	639.827	90.000	0.0231	1.0000	0.0000	6.8000
E	641.438	90.000	44.9780	2.4212	0.1019	0.1042	0.0000	6.8000
dPolE	641.438	90.000	49.1163	1.0000	0.0000	6.8000
uR	641.438	90.000	0.0230	1.0000	0.0000	6.8000
E	643.049	90.000	44.7965	2.4915	0.1087	0.1108	0.0000	6.8000
dPolE	643.049	90.000	46.3369	1.0000	0.0000	6.8000
uR	643.049	90.000	0.0226	1.0000	0.0000	6.8000
E	644.660	90.000	45.0805	2.6041	0.1054	0.1070	0.0000	6.8000
dPolE	644.660	90.000	45.4775	1.0000	0.0000	6.8000
uR	644.660	90.000	0.0231	1.0000	0.0000	6.8000
E	646.271	90.000	44.9910	2.5122	0.1027	0.1035	0.0000	6.8000
dPolE	646.271	90.000	46.6986	1.0000	0.0000	6.8000
uR	646.271	90.000	0.0232	1.0000	0.0000	6.8000
E	647.881	90.000	45.0830	2.3722	0.1001	0.1002	0.0000	6.8000
dPolE	647.881	90.000	43.6904	1.0000	0.0000	6.8000
uR	647.881	90.000	0.0231	1.0000	0.0000	6.8000
E	649.492	90.000	44.7127	2.7406	0.1018	0.1013	0.0000	6.8000
dPolE	649.492	90.000	44.4486	1.0000	0.0000	6.8000
uR	649.492	90.000	0.0229	1.0000	0.0000	6.8000
E	651.103	90.000	44.8759	2.1721	0.1075	0.1061	0.0000	6.8000
dPolE	651.103	90.000	43.3668	1.0000	0.0000	6.8000
uR	651.103	90.000	0.0233	1.0000	0.0000	6.8000
E	652.713	90.000	45.0791	2.2545	0.1087	0.1066	0.0000	6.8000
dPolE	652.713	90.000	46.4242	1.0000	0.0000	6.8000
uR	652.713	90.000	0.0236	1.0000	0.0000	6.8000
E	654.323	90.000	45.3141	2.4771	0.1064	0.1037	0.0000	6.8000
dPolE	654.323	90.000	45.5454	1.0000	0.0000	6.8000
uR	654.323	90.000	0.0238	1.0000	0.0000	6.8000
E	655.934	90.000	44.7670	2.2811	0.1100	0.1069	0.0000	6.8000
dPolE	655.934	90.000	44.9723	1.0000	0.0000	6.8000
uR	655.934	90.000	0.0237	1.0000	0.0000	6.8000
E	657.544	90.000	45.0543	2.4616	0.1130	0.1094	0.0000	6.8000
dPolE	657.544	90.000	45.0970	1.0000	0.0000	6.8000
uR	657.544	90.000	0.0232	1.0000	0.0000	6.8000
E	659.154	90.000	45.2040	2.2670	0.1110	0.1072	0.0000	6.8000
dPolE	659.154	90.000	45.1932	1.0000	0.0000	6.8000
uR	659.154	90.000	0.0234	1.0000	0.0000	6.8000
E	660.764	90.000	44.5974	2.1411	0.1124	0.1083	0.0000	6.8000
dPolE	660.764	90.000	45.7962	1.0000	0.0000	6.8000
uR	660.764	90.000	0.0235	1.0000	0.0000	6.8000
E	662.374	90.000	44.9633	2.7045	0.1089	0.1051	0.0000	6.8000
dPolE	662.374	90.000	46.6513	1.0000	0.0000	6.8000
uR	662.374	90.000	0.0231	1.0000	0.0000	6.8000
E	663.984	90.000	44.7517	2.4181	0.1147	0.1105	0.0000	6.8000
dPolE	663.984	90.000	46.0697	1.0000	0.0000	6.8000
uR	663.984	90.000	0.0230	1.0000	0.0000	6.8000
E	665.594	90.000	44.7983	2.3807	0.1094	0.1054	0.0000	6.8000
dPolE	665.594	90.000	48.9448	1.0000	0.0000	6.8000
uR	665.594	90.000	0.0226	1.0000	0.0000	6.8000
E	667.204	90.000	45.1049	2.2617	0.1115	0.1073	0.0000	6.8000
dPolE	667.204	90.000	47.9988	1.0000	0.0000	6.8000
uR	667.204	90.000	0.0222	1.0000	0.0000	6.8000
E	668.813	90.000	45.0097	2.2279	0.1107	0.1063	0.0000	6.8000
dPolE	668.813	90.000	43.5739	1.0000	0.0000	6.8000
uR	668.813	90.000	0.0225	1.0000	0.0000	6.8000
E	670.423	90.000	44.3898	2.3719	0.1102	0.1056	0.0000	6.8000
dPolE	670.423	90.000	45.0067	1.0000	0.0000	6.8000
uR	670.423	90.000	0.0228	1.0000	0.0000	6.8000
E	672.032	90.000	44.8748	2.3115	0.1125	0.1076	0.0000	6.8000
dPolE	672.032	90.000	44.2010	1.0000	0.0000	6.8000
uR	672.032	90.000	0.0229	1.0000	0.0000	6.8000
E	673.642	90.000	45.1896	2.3398	0.1103	0.1052	0.0000	6.8000
dPolE	673.642	90.000	42.5170	1.0000	0.0000	6.8000
uR	673.642	90.000	0.0229	1.0000	0.0000	6.8000
E	675.251	90.000	44.6371	2.4471	0.1096	0.1040	0.0000	6.8000
dPolE	675.251	90.000	47.1451	1.0000	0.0000	6.8000
uR	675.251	90.000	0.0233	1.0000	0.0000	6.8000
E	676.860	90.000	45.0177	2.0819	0.1137	0.1073	0.0000	6.8000
dPolE	676.860	90.000	44.2672	1.0000	0.0000	6.8000
uR	676.860	90.000	0.0233	1.0000	0.0000	6.8000
E	678.469	90.000	45.2116	2.2147	0.1186	0.1112	0.0000	6.8000
dPolE	678.469	90.000	42.2362	1.0000	0.0000	6.8000
uR	678.469	90.000	0.0232	1.0000	0.0000	6.8000
E	680.079	90.000	44.8551	2.1748	0.1140	0.1063	0.0000	6.8000
dPolE	680.079	90.000	43.1690	1.0000	0.0000	6.8000
uR	680.079	90.000	0.0226	1.0000	0.0000	6.8000
E	681.688	90.000	44.8597	1.9137	0.1134	0.1049	0.0000	6.8000
dPolE	681.688	90.000	44.0633	1.0000	0.0000	6.8000
uR	681.688	90.000	0.0229	1.0000	0.0000	6.8000
E	683.296	90.000	44.9485	2.0719	0.1117	0.1027	0.0000	6.8000
dPolE	683.296	90.000	40.4713	1.0000	0.0000	6.8000
uR	683.296	90.000	0.0229	1.0000	0.0000	6.8000
E	684.905	90.000	44.9803	2.1350	0.1044	0.0954	0.0000	6.8000
dPolE	684.905	90.000	38.1699	1.0000	0.0000	6.8000
uR	684.905	90.000	0.0229	1.0000	0.0000	6.8000
E	686.514	90.000	44.5706	2.1395	0.1094	0.0995	0.0000	6.8000
dPolE	686.514	90.000	39.6039	1.0000	0.0000	6.8000
uR	686.514	90.000	0.0225	1.0000	0.0000	6.8000
E	688.123	90.000	45.1722	2.1391	0.1032	0.0935	0.0000	6.8000
dPolE	688.123	90.000	41.1087	1.0000	0.0000	6.8000
uR	688.123	90.000	0.0225	1.0000	0.0000	6.8000
E	689.731	90.000	44.6264	2.3075	0.1050	0.0949	0.0000	6.8000
dPolE	689.731	90.000	37.9206	1.0000	0.0000	6.8000
uR	689.731	90.000	0.0227	1.0000	0.0000	6.8000
E	691.340	90.000	44.6589	1.7556	0.1048	0.0942	0.0000	6.8000
dPolE	691.340	90.000	42.4296	1.0000	0.0000	6.8000
uR	691.340	90.000	0.0229	1.0000	0.0000	6.8000
E	692.948	90.000	45.1929	1.8647	0.1163	0.1044	0.0000	6.8000
dPolE	692.948	90.000	40.2527	1.0000	0.0000	6.8000
uR	692.948	90.000	0.0230	1.0000	0.0000	6.8000
E	694.556	90.000	44.9718	2.0412	0.1158	0.1040	0.0000	6.8000
dPolE	694.556	90.000	42.9274	1.0000	0.0000	6.8000
uR	694.556	90.000	0.0229	1.0000	0.0000	6.8000
E	696.164	90.000	44.9661	2.0037	0.1184	0.1063	0.0000	6.8000
dPolE	696.164	90.000	43.1927	1.0000	0.0000	6.8000
uR	696.164	90.000	0.0231	1.0000	0.0000	6.8000
E	697.772	90.000	45.0437	1.9965	0.1253	0.1125	0.0000	6.8000
dPolE	697.772	90.000	43.3254	1.0000	0.0000	6.8000
uR	697.772	90.000	0.0233	1.0000	0.0000	6.8000
E	699.380	90.000	45.1610	1.8459	0.1211	0.1087	0.0000	6.8000
dPolE	699.380	90.000	44.2595	1.0000	0.0000	6.8000
uR	699.380	90.000	0.0233	1.0000	0.0000	6.8000
E	700.988	90.000	45.0560	1.6648	0.1225	0.1097	0.0000	6.8000
dPolE	700.988	90.000	43.0659	1.0000	0.0000	6.8000
uR	700.988	90.000	0.0234	1.0000	0.0000	6.8000
E	702.596	90.000	45.0208	1.5748	0.1230	0.1099	0.0000	6.8000
dPolE	702.596	90.000	43.5082	1.0000	0.0000	6.8000
uR	702.596	90.000	0.0232	1.0000	0.0000	6.8000
E	704.204	90.000	44.7507	1.9896	0.1289	0.1152	0.0000	6.8000
dPolE	704.204	90.000	43.6019	1.0000	0.0000	6.8000
uR	704.204	90.000	0.0234	1.0000	0.0000	6.8000
E	705.811	90.000	44.9288	1.8932	0.1279	0.1136	0.0000	6.8000
dPolE	705.811	90.000	46.0435	1.0000	0.0000	6.8000
uR	705.811	90.000	0.0232	1.0000	0.0000	6.8000
E	707.419	90.000	44.7586	1.9692	0.1346	0.1194	0.0000	6.8000
dPolE	707.419	90.000	45.7096	1.0000	0.0000	6.8000
uR	707.419	90.000	0.0231	1.0000	0.0000	6.8000
E	709.026	90.000	44.8429	1.7400	0.1296	0.1144	0.0000	6.8000
dPolE	709.026	90.000	39.9446	1.0000	0.0000	6.8000
uR	709.026	90.000	0.0236	1.0000	0.0000	6.8000
E	710.634	90.000	44.6511	1.6547	0.1247	0.1096	0.0000	6.8000
dPolE	710.634	90.000	41.5412	1.0000	0.0000	6.8000
uR	710.634	90.000	0.0241	1.0000	0.0000	6.8000
E	712.241	90.000	44.9403	1.9525	0.1294	0.1132	0.0000	6.8000
dPolE	712.241	90.000	42.3736	1.0000	0.0000	6.8000
uR	712.241	90.000	0.0252	1.0000	0.0000	6.8000
E	713.848	90.000	44.5907	1.8160	0.1360	0.1183	0.0000	6.8000
dPolE	713.848	90.000	46.0349	1.0000	0.0000	6.8000
uR	713.848	90.000	0.0242	1.0000	0.0000	6.8000
E	715.455	90.000	44.7151	1.5974	0.1527	0.1319	0.0000	6.8000
dPolE	715.455	90.000	47.5676	1.0000	0.0000	6.8000
uR	715.455	90.000	0.0221	1.0000	0.0000	6.8000
E	717.062	90.000	44.9963	1.9612	0.1467	0.1262	0.0000	6.8000
dPolE	717.062	90.000	47.2332	1.0000	0.0000	6.8000
uR	717.062	90.000	0.0208	1.0000	0.0000	6.8000
E	718.669	90.000	44.8100	1.5829	0.1371	0.1174	0.0000	6.8000
dPolE	718.669	90.000	44.6566	1.0000	0.0000	6.8000
uR	718.669	90.000	0.0221	1.0000	0.0000	6.8000
E	720.276	90.000	45.1796	1.9686	0.1335	0.1139	0.0000	6.8000
dPolE	720.276	90.000	47.4261	1.0000	0.0000	6.8000
uR	720.276	90.000	0.0231	1.0000	0.0000	6.8000
E	721.882	90.000	44.7606	1.7979	0.1360	0.1154	0.0000	6.8000
dPolE	721.882	90.000	47.5767	1.0000	0.0000	6.8000
uR	721.882	90.000	0.0235	1.0000	0.0000	6.8000
E	723.489	90.000	45.0433	2.0126	0.1507	0.1273	0.0000	6.8000
dPolE	723.489	90.000	40.4638	1.0000	0.0000	6.8000
uR	723.489	90.000	0.0234	1.0000	0.0000	6.8000
E	725.095	90.000	45.1716	1.6200	0.1530	0.1289	0.0000	6.8000
dPolE	725.095	90.000	45.7504	1.0000	0.0000	6.8000
uR	725.095	90.000	0.0234	1.0000	0.0000	6.8000
E	726.701	90.000	45.4417	1.7704	0.1483	0.1247	0.0000	6.8000
dPolE	726.701	90.000	45.1884	1.0000	0.0000	6.8000
uR	726.701	90.000	0.0232	1.0000	0.0000	6.8000
E	728.308	90.000	45.3491	1.8557	0.1440	0.1208	0.0000	6.8000
dPolE	728.308	90.000	43.9478	1.0000	0.0000	6.8000
uR	728.308	90.000	0.0231	1.0000	0.0000	6.8000
E	729.914	90.000	44.9453	1.7555	0.1457	0.1219	0.0000	6.8000
dPolE	729.914	90.000	42.6126	1.0000	0.0000	6.8000
uR	729.914	90.000	0.0228	1.0000	0.0000	6.8000
E	731.520	90.000	45.1221	1.8843	0.1337	0.1119	0.0000	6.8000
dPolE	731.520	90.000	40.4931	1.0000	0.0000	6.8000
uR	731.520	90.000	0.0226	1.0000	0.0000	6.8000
E	733.126	90.000	44.7434	1.5556	0.1361	0.1139	0.0000	6.8000
dPolE	733.126	90.000	39.8413	1.0000	0.0000	6.8000
uR	733.126	90.000	0.0233	1.0000	0.0000	6.8000
E	734.732	90.000	44.6941	1.6874	0.1341	0.1122	0.0000	6.8000
dPolE	734.732	90.000	37.5689	1.0000	0.0000	6.8000
uR	734.732	90.000	0.0235	1.0000	0.0000	6.8000
E	736.337	90.000	44.6788	1.5435	0.1369	0.1144	0.0000	6.8000
dPolE	736.337	90.000	43.6963	1.0000	0.0000	6.8000
uR	736.337	90.000	0.0233	1.0000	0.0000	6.8000
E	737.943	90.000	45.0647	1.6567	0.1353	0.1130	0.0000	6.8000
dPolE	737.943	90.000	45.0283	1.0000	0.0000	6.8000
uR	737.943	90.000	0.0225	1.0000	0.0000	6.8000
E	739.548	90.000	44.6965	1.8689	0.1406	0.1171	0.0000	6.8000
dPolE	739.548	90.000	40.6752	1.0000	0.0000	6.8000
uR	739.548	90.000	0.0225	1.0000	0.0000	6.8000
E	741.154	90.000	45.1062	1.6629	0.1470	0.1224	0.0000	6.8000
dPolE	741.154	90.000	38.9369	1.0000	0.0000	6.8000
uR	741.154	90.000	0.0231	1.0000	0.0000	6.8000
E	742.759	90.000	45.0815	1.7105	0.1395	0.1158	0.0000	6.8000
dPolE	742.759	90.000	38.3507	1.0000	0.0000	6.8000
uR	742.759	90.000	0.0229	1.0000	0.0000	6.8000
E	744.364	90.000	45.2010	1.5404	0.1444	0.1193	0.0000	6.8000
dPolE	744.364	90.000	39.5444	1.0000	0.0000	6.8000
uR	744.364	90.000	0.0230	1.0000	0.0000	6.8000
E	745.969	90.000	45.2114	1.6903	0.1491	0.1228	0.0000	6.8000
dPolE	745.969	90.000	44.1665	1.0000	0.0000	6.8000
uR	745.969	90.000	0.0229	1.0000	0.0000	6.8000
E	747.574	90.000	44.7723	1.7406	0.1564	0.1283	0.0000	6.8000
dPolE	747.574	90.000	42.2482	1.0000	0.0000	6.8000
uR	747.574	90.000	0.0231	1.0000	0.0000	6.8000
E	749.179	90.000	44.9089	1.5426	0.1578	0.1288	0.0000	6.8000
dPolE	749.179	90.000	45.4159	1.0000	0.0000	6.8000
uR	749.179	90.000	0.0229	1.0000	0.0000	6.8000
E	750.784	90.000	45.0387	1.8489	0.1477	0.1201	0.0000	6.8000
dPolE	750.784	90.000	40.0522	1.0000	0.0000	6.8000
uR	750.784	90.000	0.0231	1.0000	0.0000	6.8000
E	752.388	90.000	45.1787	1.5856	0.1457	0.1177	0.0000	6.8000
dPolE	752.388	90.000	38.5596	1.0000	0.0000	6.8000
uR	752.388	90.000	0.0242	1.0000	0.0000	6.8000
E	753.993	90.000	44.5569	1.5366	0.1513	0.1217	0.0000	6.8000
dPolE	753.993	90.000	44.9827	1.0000	0.0000	6.8000
uR	753.993	90.000	0.0237	1.0000	0.0000	6.8000
E	755.597	90.000	45.2169	1.0892	0.1456	0.1163	0.0000	6.8000
dPolE	755.597	90.000	38.4978	1.0000	0.0000	6.8000
uR	755.597	90.000	0.0243	1.0000	0.0000	6.8000
E	757.202	90.000	44.8670	1.2715	0.1472	0.1173	0.0000	6.8000
dPolE	757.202	90.000	42.1981	1.0000	0.0000	6.8000
uR	757.202	90.000	0.0232	1.0000	0.0000	6.8000
E	758.806	90.000	44.7260	1.5387	0.1550	0.1228	0.0000	6.8000
dPolE	758.806	90.000	45.9533	1.0000	0.0000	6.8000
uR	758.806	90.000	0.0218	1.0000	0.0000	6.8000
E	760.410	90.000	45.2914	1.4712	0.1535	0.1213	0.0000	6.8000
dPolE	760.410	90.000	38.8220	1.0000	0.0000	6.8000
uR	760.410	90.000	0.0224	1.0000	0.0000	6.8000
E	762.014	90.000	44.4845	1.3738	0.1379	0.1082	0.0000	6.8000
dPolE	762.014	90.000	39.3076	1.0000	0.0000	6.8000
uR	762.014	90.000	0.0226	1.0000	0.0000	6.8000
E	763.618	90.000	45.0649	1.4738	0.1299	0.1018	0.0000	6.8000
dPolE	763.618	90.000	29.7870	1.0000	0.0000	6.8000
uR	763.618	90.000	0.0235	1.0000	0.0000	6.8000
E	765.221	90.000	44.9751	1.5072	0.1143	0.0894	0.0000	6.8000
dPolE	765.221	90.000	31.6114	1.0000	0.0000	6.8000
uR	765.221	90.000	0.0230	1.0000	0.0000	6.8000
E	766.825	90.000	44.8517	1.3136	0.1196	0.0933	0.0000	6.8000
dPolE	766.825	90.000	34.3911	1.0000	0.0000	6.8000
uR	766.825	90.000	0.0224	1.0000	0.0000	6.8000
E	768.429	90.000	45.0212	1.4726	0.1454	0.1133	0.0000	6.8000
dPolE	768.429	90.000	40.6348	1.0000	0.0000	6.8000
uR	768.429	90.000	0.0223	1.0000	0.0000	6.8000
E	770.032	90.000	45.1535	1.5957	0.1555	0.1211	0.0000	6.8000
dPolE	770.032	90.000	46.2097	1.0000	0.0000	6.8000
uR	770.032	90.000	0.0224	1.0000	0.0000	6.8000
E	771.635	90.000	45.2145	1.3191	0.1727	0.1343	0.0000	6.8000
dPolE	771.635	90.000	39.8694	1.0000	0.0000	6.8000
uR	771.635	90.000	0.0234	1.0000	0.0000	6.8000
E	773.238	90.000	44.9165	1.4228	0.1846	0.1435	0.0000	6.8000
dPolE	773.238	90.000	42.9541	1.0000	0.0000	6.8000
uR	773.238	90.000	0.0241	1.0000	0.0000	6.8000
E	774.841	90.000	45.3854	1.7718	0.1883	0.1465	0.0000	6.8000
dPolE	774.841	90.000	40.8974	1.0000	0.0000	6.8000
uR	774.841	90.000	0.0259	1.0000	0.0000	6.8000
E	776.444	90.000	45.3872	1.5606	0.1874	0.1456	0.0000	6.8000
dPolE	776.444	90.000	46.8703	1.0000	0.0000	6.8000
uR	776.444	90.000	0.0258	1.0000	0.0000	6.8000
E	778.047	90.000	44.6216	1.7547	0.1990	0.1541	0.0000	6.8000
dPolE	778.047	90.000	49.9955	1.0000	0.0000	6.8000
uR	778.047	90.000	0.0246	1.0000	0.0000	6.8000
E	779.650	90.000	45.1090	0.8549	0.1970	0.1521	0.0000	6.8000
dPolE	779.650	90.000	52.5517	1.0000	0.0000	6.8000
uR	779.650	90.000	0.0237	1.0000	0.0000	6.8000
E	781.252	90.000	44.8661	1.2316	0.2079	0.1608	0.0000	6.8000
dPolE	781.252	90.000	48.5326	1.0000	0.0000	6.8000
uR	781.252	90.000	0.0241	1.0000	0.0000	6.8000
E	782.855	90.000	45.2888	1.4443	0.1870	0.1443	0.0000	6.8000
dPolE	782.855	90.000	54.5239	1.0000	0.0000	6.8000
uR	782.855	90.000	0.0240	1.0000	0.0000	6.8000
E	784.457	90.000	45.1328	1.4772	0.1979	0.1527	0.0000	6.8000
dPolE	784.457	90.000	47.8577	1.0000	0.0000	6.8000
uR	784.457	90.000	0.0250	1.0000	0.0000	6.8000
E	786.059	90.000	45.1790	1.5009	0.2024	0.1555	0.0000	6.8000
dPolE	786.059	90.000	48.7257	1.0000	0.0000	6.8000
uR	786.059	90.000	0.0243	1.0000	0.0000	6.8000
E	787.661	90.000	45.4085	1.3751	0.1932	0.1473	0.0000	6.8000
dPolE	787.661	90.000	48.3523	1.0000	0.0000	6.8000
uR	787.661	90.000	0.0226	1.0000	0.0000	6.8000
E	789.263	90.000	44.9193	1.0893	0.1708	0.1302	0.0000	6.8000
dPolE	789.263	90.000	49.1670	1.0000	0.0000	6.8000
uR	789.263	90.000	0.0224	1.0000	0.0000	6.8000
E	790.865	90.000	44.8447	1.3944	0.1747	0.1326	0.0000	6.8000
dPolE	790.865	90.000	46.0088	1.0000	0.0000	6.8000
uR	790.865	90.000	0.0218	1.0000	0.0000	6.8000
E	792.467	90.000	45.0143	1.6359	0.1950	0.1477	0.0000	6.8000
dPolE	792.467	90.000	41.1455	1.0000	0.0000	6.8000
uR	792.467	90.000	0.0224	1.0000	0.0000	6.8000
E	794.068	90.000	44.4434	1.2852	0.1887	0.1420	0.0000	6.8000
dPolE	794.068	90.000	49.2332	1.0000	0.0000	6.8000
uR	794.068	90.000	0.0230	1.0000	0.0000	6.8000
E	795.670	90.000	45.5523	1.5915	0.1903	0.1427	0.0000	6.8000
dPolE	795.670	90.000	46.7086	1.0000	0.0000	6.8000
uR	795.670	90.000	0.0236	1.0000	0.0000	6.8000
E	797.271	90.000	45.0716	1.3185	0.1743	0.1302	0.0000	6.8000
dPolE	797.271	90.000	43.8953	1.0000	0.0000	6.8000
uR	797.271	90.000	0.0246	1.0000	0.0000	6.8000
E	798.872	90.000	44.7025	1.4563	0.1819	0.1353	0.0000	6.8000
dPolE	798.872	90.000	39.1729	1.0000	0.0000	6.8000
uR	798.872	90.000	0.0240	1.0000	0.0000	6.8000
E	800.473	90.000	44.8549	1.2878	0.1763	0.1307	0.0000	6.8000
dPolE	800.473	90.000	41.3665	1.0000	0.0000	6.8000
uR	800.473	90.000	0.0246	1.0000	0.0000	6.8000
E	802.074	90.000	45.1424	1.2823	0.1904	0.1404	0.0000	6.8000
dPolE	802.074	90.000	41.3767	1.0000	0.0000	6.8000
uR	802.074	90.000	0.0239	1.0000	0.0000	6.8000
E	803.675	90.000	45.0537	1.8684	0.1956	0.1435	0.0000	6.8000
dPolE	803.675	90.000	44.1813	1.0000	0.0000	6.8000
uR	803.675	90.000	0.0254	1.0000	0.0000	6.8000
E	805.276	90.000	45.0224	1.4326	0.2018	0.1474	0.0000	6.8000
dPolE	805.276	90.000	42.0234	1.0000	0.0000	6.8000
uR	805.276	90.000	0.0254	1.0000	0.0000	6.8000
E	806.876	90.000	44.6151	1.6306	0.1838	0.1343	0.0000	6.8000
dPolE	806.876	90.000	47.3453	1.0000	0.0000	6.8000
uR	806.876	90.000	0.0240	1.0000	0.0000	6.8000
E	808.477	90.000	44.8408	1.2888	0.1844	0.1342	0.0000	6.8000
dPolE	808.477	90.000	43.6768	1.0000	0.0000	6.8000
uR	808.477	90.000	0.0238	1.0000	0.0000	6.8000
E	810.077	90.000	44.8828	1.3899	0.1899	0.1378	0.0000	6.8000
dPolE	810.077	90.000	40.7770	1.0000	0.0000	6.8000
uR	810.077	90.000	0.0249	1.0000	0.0000	6.8000
E	811.677	90.000	45.4907	1.1608	0.1828	0.1324	0.0000	6.8000
dPolE	811.677	90.000	40.0620	1.0000	0.0000	6.8000
uR	811.677	90.000	0.0261	1.0000	0.0000	6.8000
E	813.277	90.000	44.9944	1.2346	0.1975	0.1431	0.0000	6.8000
dPolE	813.277	90.000	43.2402	1.0000	0.0000	6.8000
uR	813.277	90.000	0.0242	1.0000	0.0000	6.8000
E	814.877	90.000	45.3722	1.8311	0.1893	0.1371	0.0000	6.8000
dPolE	814.877	90.000	43.0557	1.0000	0.0000	6.8000
uR	814.877	90.000	0.0230	1.0000	0.0000	6.8000
E	816.477	90.000	45.1088	1.1248	0.1811	0.1305	0.0000	6.8000
dPolE	816.477	90.000	37.0983	1.0000	0.0000	6.8000
uR	816.477	90.000	0.0234	1.0000	0.0000	6.8000
E	818.077	90.000	44.6527	0.8408	0.1574	0.1136	0.0000	6.8000
dPolE	818.077	90.000	35.7902	1.0000	0.0000	6.8000
uR	818.077	90.000	0.0214	1.0000	0.0000	6.8000
E	819.676	90.000	44.8800	1.2363	0.1162	0.0838	0.0000	6.8000
dPolE	819.676	90.000	25.9120	1.0000	0.0000	6.8000
uR	819.676	90.000	0.0195	1.0000	0.0000	6.8000
E	821.276	90.000	44.8127	1.1010	0.0753	0.0542	0.0000	6.8000
dPolE	821.276	90.000	14.0084	1.0000	0.0000	6.8000
uR	821.276	90.000	0.0203	1.0000	0.0000	6.8000
E	822.875	90.000	44.9654	1.1327	0.0528	0.0380	0.0000	6.8000
dPolE	822.875	90.000	7.7494	1.0000	0.0000	6.8000
uR	822.875	90.000	0.0229	1.0000	0.0000	6.8000
E	824.474	90.000	44.9226	1.1223	0.0470	0.0338	0.0000	6.8000
dPolE	824.474	90.000	4.5088	1.0000	0.0000	6.8000
uR	824.474	90.000	0.0238	1.0000	0.0000	6.8000
E	826.073	90.000	44.9336	1.2080	0.0466	0.0335	0.0000	6.8000
dPolE	826.073	90.000	5.1787	1.0000	0.0000	6.8000
uR	826.073	90.000	0.0227	1.0000	0.0000	6.8000
E	827.672	90.000	44.8308	1.1937	0.0619	0.0444	0.0000	6.8000
dPolE	827.672	90.000	7.9615	1.0000	0.0000	6.8000
uR	827.672	90.000	0.0224	1.0000	0.0000	6.8000
E	829.271	90.000	44.9640	1.3143	0.0683	0.0489	0.0000	6.8000
dPolE	829.271	90.000	11.5393	1.0000	0.0000	6.8000
uR	829.271	90.000	0.0229	1.0000	0.0000	6.8000
E	830.869	90.000	44.6963	1.2515	0.0905	0.0646	0.0000	6.8000
dPolE	830.869	90.000	19.6451	1.0000	0.0000	6.8000
uR	830.869	90.000	0.0212	1.0000	0.0000	6.8000
E	832.468	90.000	45.1426	1.1280	0.1044	0.0744	0.0000	6.8000
dPolE	832.468	90.000	24.8210	1.0000	0.0000	6.8000
uR	832.468	90.000	0.0205	1.0000	0.0000	6.8000
E	834.066	90.000	44.8704	1.3081	0.1034	0.0735	0.0000	6.8000
dPolE	834.066	90.000	24.4241	1.0000	0.0000	6.8000
uR	834.066	90.000	0.0214	1.0000	0.0000	6.8000
E	835.664	90.000	44.7572	1.1132	0.0933	0.0661	0.0000	6.8000
dPolE	835.664	90.000	21.8508	1.0000	0.0000	6.8000
uR	835.664	90.000	0.0225	1.0000	0.0000	6.8000
E	837.262	90.000	44.7625	1.1776	0.1088	0.0768	0.0000	6.8000
dPolE	837.262	90.000	25.5542	1.0000	0.0000	6.8000
uR	837.262	90.000	0.0232	1.0000	0.0000	6.8000
E	838.860	90.000	45.0848	1.2808	0.1259	0.0886	0.0000	6.8000
dPolE	838.860	90.000	34.2379	1.0000	0.0000	6.8000
uR	838.860	90.000	0.0226	1.0000	0.0000	6.8000
E	840.458	90.000	44.7017	1.0457	0.1375	0.0961	0.0000	6.8000
dPolE	840.458	90.000	42.4734	1.0000	0.0000	6.8000
uR	840.458	90.000	0.0237	1.0000	0.0000	6.8000
E	842.055	90.000	44.6409	1.1916	0.1369	0.0957	0.0000	6.8000
dPolE	842.055	90.000	43.8150	1.0000	0.0000	6.8000
uR	842.055	90.000	0.0250	1.0000	0.0000	6.8000
E	843.653	90.000	45.0137	0.9172	0.1626	0.1132	0.0000	6.8000
dPolE	843.653	90.000	44.6698	1.0000	0.0000	6.8000
uR	843.653	90.000	0.0237	1.0000	0.0000	6.8000
E	845.250	90.000	44.3859	0.8652	0.1963	0.1357	0.0000	6.8000
dPolE	845.250	90.000	53.9450	1.0000	0.0000	6.8000
uR	845.250	90.000	0.0234	1.0000	0.0000	6.8000
E	846.847	90.000	44.7072	1.1526	0.2325	0.1602	0.0000	6.8000
dPolE	846.847	90.000	52.6502	1.0000	0.0000	6.8000
uR	846.847	90.000	0.0249	1.0000	0.0000	6.8000
E	848.444	90.000	44.5330	1.5648	0.2658	0.1828	0.0000	6.8000
dPolE	848.444	90.000	59.0165	1.0000	0.0000	6.8000
uR	848.444	90.000	0.0257	1.0000	0.0000	6.8000
E	850.041	90.000	44.7520	1.2672	0.2606	0.1782	0.0000	6.8000
dPolE	850.041	90.000	63.1963	1.0000	0.0000	6.8000
uR	850.041	90.000	0.0264	1.0000	0.0000	6.8000
E	851.638	90.000	44.3871	0.9807	0.2645	0.1802	0.0000	6.8000
dPolE	851.638	90.000	60.6707	1.0000	0.0000	6.8000
uR	851.638	90.000	0.0265	1.0000	0.0000	6.8000
E	853.234	90.000	44.2575	1.0208	0.2716	0.1843	0.0000	6.8000
dPolE	853.234	90.000	61.3784	1.0000	0.0000	6.8000
uR	853.234	90.000	0.0261	1.0000	0.0000	6.8000
E	854.831	90.000	45.6307	0.8738	0.2775	0.1872	0.0000	6.8000
dPolE	854.831	90.000	58.0542	1.0000	0.0000	6.8000
uR	854.831	90.000	0.0243	1.0000	0.0000	6.8000
E	856.427	90.000	44.9528	1.1228	0.2679	0.1809	0.0000	6.8000
dPolE	856.427	90.000	62.1312	1.0000	0.0000	6.8000
uR	856.427	90.000	0.0235	1.0000	0.0000	6.8000
E	858.023	90.000	45.1204	0.3400	0.2706	0.1820	0.0000	6.8000
dPolE	858.023	90.000	55.6838	1.0000	0.0000	6.8000
uR	858.023	90.000	0.0246	1.0000	0.0000	6.8000
E	859.619	90.000	44.6578	0.9442	0.2766	0.1854	0.0000	6.8000
dPolE	859.619	90.000	58.8132	1.0000	0.0000	6.8000
uR	859.619	90.000	0.0232	1.0000	0.0000	6.8000
E	861.215	90.000	44.9330	0.3943	0.2568	0.1718	0.0000	6.8000
dPolE	861.215	90.000	52.8926	1.0000	0.0000	6.8000
uR	861.215	90.000	0.0246	1.0000	0.0000	6.8000
E	862.811	90.000	45.4018	1.4625	0.2537	0.1702	0.0000	6.8000
dPolE	862.811	90.000	50.3053	1.0000	0.0000	6.8000
uR	862.811	90.000	0.0245	1.0000	0.0000	6.8000
E	864.407	90.000	45.4830	1.1987	0.2393	0.1599	0.0000	6.8000
dPolE	864.407	90.000	51.9470	1.0000	0.0000	6.8000
uR	864.407	90.000	0.0243	1.0000	0.0000	6.8000
E	866.002	90.000	45.4038	1.2597	0.2369	0.1583	0.0000	6.8000
dPolE	866.002	90.000	48.4424	1.0000	0.0000	6.8000
uR	866.002	90.000	0.0246	1.0000	0.0000	6.8000
E	867.597	90.000	45.2133	1.0335	0.2293	0.1532	0.0000	6.8000
dPolE	867.597	90.000	42.3266	1.0000	0.0000	6.8000
uR	867.597	90.000	0.0245	1.0000	0.0000	6.8000
E	869.192	90.000	45.0966	1.2195	0.2297	0.1533	0.0000	6.8000
dPolE	869.192	90.000	41.3826	1.0000	0.0000	6.8000
uR	869.192	90.000	0.0241	1.0000	0.0000	6.8000
E	870.787	90.000	45.4605	1.3602	0.2046	0.1366	0.0000	6.8000
dPolE	870.787	90.000	39.1716	1.0000	0.0000	6.8000
uR	870.787	90.000	0.0238	1.0000	0.0000	6.8000
E	872.382	90.000	45.2143	0.9056	0.1953	0.1300	0.0000	6.8000
dPolE	872.382	90.000	36.2693	1.0000	0.0000	6.8000
uR	872.382	90.000	0.0232	1.0000	0.0000	6.8000
E	873.977	90.000	45.2744	0.9671	0.1794	0.1196	0.0000	6.8000
dPolE	873.977	90.000	31.2970	1.0000	0.0000	6.8000
uR	873.977	90.000	0.0234	1.0000	0.0000	6.8000
E	875.571	90.000	44.6640	1.1035	0.1564	0.1042	0.0000	6.8000
dPolE	875.571	90.000	32.8324	1.0000	0.0000	6.8000
uR	875.571	90.000	0.0226	1.0000	0.0000	6.8000
E	877.166	90.000	44.9266	0.9281	0.1341	0.0892	0.0000	6.8000
dPolE	877.166	90.000	32.0552	1.0000	0.0000	6.8000
uR	877.166	90.000	0.0209	1.0000	0.0000	6.8000
E	878.760	90.000	45.0546	0.9845	0.1016	0.0676	0.0000	6.8000
dPolE	878.760	90.000	17.2947	1.0000	0.0000	6.8000
uR	878.760	90.000	0.0203	1.0000	0.0000	6.8000
E	880.354	90.000	44.8477	0.9699	0.0676	0.0448	0.0000	6.8000
dPolE	880.354	90.000	8.5461	1.0000	0.0000	6.8000
uR	880.354	90.000	0.0210	1.0000	0.0000	6.8000
E	881.948	90.000	44.9126	0.8434	0.0534	0.0353	0.0000	6.8000
dPolE	881.948	90.000	6.3446	1.0000	0.0000	6.8000
uR	881.948	90.000	0.0230	1.0000	0.0000	6.8000
E	883.542	90.000	45.0136	0.9205	0.0522	0.0344	0.0000	6.8000
dPolE	883.542	90.000	4.4015	1.0000	0.0000	6.8000
uR	883.542	90.000	0.0241	1.0000	0.0000	6.8000
E	885.135	90.000	44.9729	1.0469	0.0601	0.0397	0.0000	6.8000
dPolE	885.135	90.000	4.6394	1.0000	0.0000	6.8000
uR	885.135	90.000	0.0236	1.0000	0.0000	6.8000
E	886.729	90.000	44.8389	0.9168	0.0742	0.0488	0.0000	6.8000
dPolE	886.729	90.000	11.1990	1.0000	0.0000	6.8000
uR	886.729	90.000	0.0224	1.0000	0.0000	6.8000
E	888.322	90.000	44.8295	1.0680	0.0996	0.0654	0.0000	6.8000
dPolE	888.322	90.000	21.8753	1.0000	0.0000	6.8000
uR	888.322	90.000	0.0222	1.0000	0.0000	6.8000
E	889.915	90.000	45.0130	0.9327	0.1130	0.0739	0.0000	6.8000
dPolE	889.915	90.000	23.8030	1.0000	0.0000	6.8000
uR	889.915	90.000	0.0219	1.0000	0.0000	6.8000
E	891.508	90.000	44.9021	0.9878	0.1198	0.0780	0.0000	6.8000
dPolE	891.508	90.000	23.1298	1.0000	0.0000	6.8000
uR	891.508	90.000	0.0224	1.0000	0.0000	6.8000
E	893.101	90.000	44.8816	1.0032	0.1112	0.0722	0.0000	6.8000
dPolE	893.101	90.000	21.5541	1.0000	0.0000	6.8000
uR	893.101	90.000	0.0219	1.0000	0.0000	6.8000
E	894.694	90.000	45.0709	0.8977	0.0945	0.0611	0.0000	6.8000
dPolE	894.694	90.000	15.5416	1.0000	0.0000	6.8000
uR	894.694	90.000	0.0238	1.0000	0.0000	6.8000
E	896.286	90.000	44.8584	0.9059	0.0879	0.0566	0.0000	6.8000
dPolE	896.286	90.000	17.1430	1.0000	0.0000	6.8000
uR	896.286	90.000	0.0236	1.0000	0.0000	6.8000
E	897.879	90.000	45.1643	1.0064	0.0955	0.0613	0.0000	6.8000
dPolE	897.879	90.000	17.8433	1.0000	0.0000	6.8000
uR	897.879	90.000	0.0229	1.0000	0.0000	6.8000
E	899.471	90.000	44.9709	0.9623	0.1090	0.0697	0.0000	6.8000
dPolE	899.471	90.000	22.2908	1.0000	0.0000	6.8000
uR	899.471	90.000	0.0226	1.0000	0.0000	6.8000
E	901.063	90.000	44.9791	1.1242	0.1172	0.0746	0.0000	6.8000
dPolE	901.063	90.000	21.4056	1.0000	0.0000	6.8000
uR	901.063	90.000	0.0221	1.0000	0.0000	6.8000
E	902.655	90.000	45.0400	1.0575	0.1111	0.0705	0.0000	6.8000
dPolE	902.655	90.000	17.4491	1.0000	0.0000	6.8000
uR	902.655	90.000	0.0232	1.0000	0.0000	6.8000
E	904.247	90.000	44.8143	0.8812	0.0943	0.0596	0.0000	6.8000
dPolE	904.247	90.000	13.8523	1.0000	0.0000	6.8000
uR	904.247	90.000	0.0247	1.0000	0.0000	6.8000
E	905.838	90.000	45.0654	0.7463	0.0954	0.0602	0.0000	6.8000
dPolE	905.838	90.000	15.3626	1.0000	0.0000	6.8000
uR	905.838	90.000	0.0243	1.0000	0.0000	6.8000
E	907.429	90.000	45.1449	1.0544	0.1144	0.0720	0.0000	6.8000
dPolE	907.429	90.000	19.7844	1.0000	0.0000	6.8000
uR	907.429	90.000	0.0230	1.0000	0.0000	6.8000
E	909.021	90.000	44.9572	0.7981	0.1374	0.0863	0.0000	6.8000
dPolE	909.021	90.000	27.5854	1.0000	0.0000	6.8000
uR	909.021	90.000	0.0210	1.0000	0.0000	6.8000
E	910.612	90.000	44.9641	0.9666	0.1522	0.0950	0.0000	6.8000
dPolE	910.612	90.000	30.8106	1.0000	0.0000	6.8000
uR	910.612	90.000	0.0208	1.0000	0.0000	6.8000
E	912.203	90.000	45.1762	0.7126	0.1415	0.0883	0.0000	6.8000
dPolE	912.203	90.000	29.9517	1.0000	0.0000	6.8000
uR	912.203	90.000	0.0205	1.0000	0.0000	6.8000
E	913.793	90.000	45.0281	0.8652	0.1190	0.0739	0.0000	6.8000
dPolE	913.793	90.000	20.6649	1.0000	0.0000	6.8000
uR	913.793	90.000	0.0216	1.0000	0.0000	6.8000
E	915.384	90.000	45.0498	0.7887	0.0912	0.0566	0.0000	6.8000
dPolE	915.384	90.000	13.6666	1.0000	0.0000	6.8000
uR	915.384	90.000	0.0227	1.0000	0.0000	6.8000
E	916.974	90.000	44.8463	0.8322	0.0821	0.0509	0.0000	6.8000
dPolE	916.974	90.000	13.0128	1.0000	0.0000	6.8000
uR	916.974	90.000	0.0233	1.0000	0.0000	6.8000
E	918.565	90.000	44.8557	0.9746	0.0926	0.0574	0.0000	6.8000
dPolE	918.565	90.000	15.9168	1.0000	0.0000	6.8000
uR	918.565	90.000	0.0229	1.0000	0.0000	6.8000
E	920.155	90.000	45.1345	0.9929	0.1054	0.0652	0.0000	6.8000
dPolE	920.155	90.000	21.8891	1.0000	0.0000	6.8000
uR	920.155	90.000	0.0214	1.0000	0.0000	6.8000
E	921.745	90.000	45.0946	1.1114	0.1286	0.0794	0.0000	6.8000
dPolE	921.745	90.000	24.2500	1.0000	0.0000	6.8000
uR	921.745	90.000	0.0221	1.0000	0.0000	6.8000
E	923.334	90.000	45.2644	0.8802	0.1577	0.0972	0.0000	6.8000
dPolE	923.334	90.000	27.8175	1.0000	0.0000	6.8000
uR	923.334	90.000	0.0234	1.0000	0.0000	6.8000
E	924.924	90.000	45.0922	0.7537	0.1846	0.1136	0.0000	6.8000
dPolE	924.924	90.000	40.4429	1.0000	0.0000	6.8000
uR	924.924	90.000	0.0218	1.0000	0.0000	6.8000
E	926.513	90.000	44.7261	0.9008	0.2121	0.1303	0.0000	6.8000
dPolE	926.513	90.000	46.2953	1.0000	0.0000	6.8000
uR	926.513	90.000	0.0229	1.0000	0.0000	6.8000
E	928.103	90.000	45.1631	1.0211	0.2231	0.1371	0.0000	6.8000
dPolE	928.103	90.000	42.1008	1.0000	0.0000	6.8000
uR	928.103	90.000	0.0229	1.0000	0.0000	6.8000
E	929.692	90.000	45.0321	0.6977	0.2433	0.1490	0.0000	6.8000
dPolE	929.692	90.000	45.4330	1.0000	0.0000	6.8000
uR	929.692	90.000	0.0239	1.0000	0.0000	6.8000
E	931.280	90.000	44.9778	0.7479	0.2579	0.1584	0.0000	6.8000
dPolE	931.280	90.000	40.9438	1.0000	0.0000	6.8000
uR	931.280	90.000	0.0249	1.0000	0.0000	6.8000
E	932.869	90.000	44.4945	0.6805	0.2452	0.1504	0.0000	6.8000
dPolE	932.869	90.000	37.6713	1.0000	0.0000	6.8000
uR	932.869	90.000	0.0255	1.0000	0.0000	6.8000
E	934.458	90.000	45.5478	0.8604	0.2425	0.1482	0.0000	6.8000
dPolE	934.458	90.000	37.4191	1.0000	0.0000	6.8000
uR	934.458	90.000	0.0257	1.0000	0.0000	6.8000
E	936.046	90.000	45.2292	1.0894	0.2272	0.1391	0.0000	6.8000
dPolE	936.046	90.000	42.9853	1.0000	0.0000	6.8000
uR	936.046	90.000	0.0245	1.0000	0.0000	6.8000
E	937.634	90.000	44.6572	0.7820	0.2142	0.1309	0.0000	6.8000
dPolE	937.634	90.000	38.7875	1.0000	0.0000	6.8000
uR	937.634	90.000	0.0241	1.0000	0.0000	6.8000
E	939.222	90.000	45.0188	0.6865	0.2173	0.1326	0.0000	6.8000
dPolE	939.222	90.000	40.9979	1.0000	0.0000	6.8000
uR	939.222	90.000	0.0242	1.0000	0.0000	6.8000
E	940.810	90.000	44.4318	0.7819	0.2402	0.1455	0.0000	6.8000
dPolE	940.810	90.000	42.1115	1.0000	0.0000	6.8000
uR	940.810	90.000	0.0238	1.0000	0.0000	6.8000
E	942.398	90.000	44.5280	0.5735	0.2439	0.1472	0.0000	6.8000
dPolE	942.398	90.000	42.4973	1.0000	0.0000	6.8000
uR	942.398	90.000	0.0240	1.0000	0.0000	6.8000
E	943.985	90.000	44.4100	1.1240	0.2608	0.1585	0.0000	6.8000
dPolE	943.985	90.000	38.5394	1.0000	0.0000	6.8000
uR	943.985	90.000	0.0244	1.0000	0.0000	6.8000
E	945.573	90.000	45.2823	1.3148	0.2551	0.1549	0.0000	6.8000
dPolE	945.573	90.000	42.0780	1.0000	0.0000	6.8000
uR	945.573	90.000	0.0247	1.0000	0.0000	6.8000
E	947.160	90.000	44.9643	0.6269	0.2594	0.1569	0.0000	6.8000
dPolE	947.160	90.000	36.1824	1.0000	0.0000	6.8000
uR	947.160	90.000	0.0241	1.0000	0.0000	6.8000
E	948.747	90.000	45.1501	0.7157	0.2351	0.1415	0.0000	6.8000
dPolE	948.747	90.000	43.4210	1.0000	0.0000	6.8000
uR	948.747	90.000	0.0240	1.0000	0.0000	6.8000
E	950.334	90.000	45.3617	0.7127	0.2251	0.1355	0.0000	6.8000
dPolE	950.334	90.000	36.0678	1.0000	0.0000	6.8000
uR	950.334	90.000	0.0254	1.0000	0.0000	6.8000
E	951.920	90.000	44.8291	0.8100	0.2339	0.1400	0.0000	6.8000
dPolE	951.920	90.000	36.3370	1.0000	0.0000	6.8000
uR	951.920	90.000	0.0245	1.0000	0.0000	6.8000
E	953.507	90.000	44.9438	0.8115	0.2470	0.1475	0.0000	6.8000
dPolE	953.507	90.000	39.1139	1.0000	0.0000	6.8000
uR	953.507	90.000	0.0249	1.0000	0.0000	6.8000
E	955.093	90.000	45.8391	0.9085	0.2585	0.1535	0.0000	6.8000
dPolE	955.093	90.000	39.4953	1.0000	0.0000	6.8000
uR	955.093	90.000	0.0243	1.0000	0.0000	6.8000
E	956.679	90.000	45.9113	0.7462	0.2818	0.1678	0.0000	6.8000
dPolE	956.679	90.000	36.9492	1.0000	0.0000	6.8000
uR	956.679	90.000	0.0258	1.0000	0.0000	6.8000
E	958.265	90.000	45.6007	0.4082	0.3120	0.1848	0.0000	6.8000
dPolE	958.265	90.000	51.5547	1.0000	0.0000	6.8000
uR	958.265	90.000	0.0242	1.0000	0.0000	6.8000
E	959.851	90.000	45.2307	0.4463	0.3333	0.1963	0.0000	6.8000
dPolE	959.851	90.000	56.3136	1.0000	0.0000	6.8000
uR	959.851	90.000	0.0236	1.0000	0.0000	6.8000
E	961.436	90.000	45.0176	0.8646	0.3291	0.1934	0.0000	6.8000
dPolE	961.436	90.000	62.2346	1.0000	0.0000	6.8000
uR	961.436	90.000	0.0239	1.0000	0.0000	6.8000
E	963.022	90.000	44.6894	1.1711	0.3475	0.2044	0.0000	6.8000
dPolE	963.022	90.000	60.5659	1.0000	0.0000	6.8000
uR	963.022	90.000	0.0240	1.0000	0.0000	6.8000
E	964.607	90.000	45.3057	0.4995	0.3511	0.2052	0.0000	6.8000
dPolE	964.607	90.000	56.5515	1.0000	0.0000	6.8000
uR	964.607	90.000	0.0227	1.0000	0.0000	6.8000
E	966.192	90.000	44.8863	1.0319	0.3260	0.1903	0.0000	6.8000
dPolE	966.192	90.000	56.1678	1.0000	0.0000	6.8000
uR	966.192	90.000	0.0236	1.0000	0.0000	6.8000
E	967.777	90.000	44.3570	0.9563	0.2970	0.1723	0.0000	6.8000
dPolE	967.777	90.000	54.0953	1.0000	0.0000	6.8000
uR	967.777	90.000	0.0227	1.0000	0.0000	6.8000
E	969.361	90.000	45.0345	1.1100	0.2880	0.1670	0.0000	6.8000
dPolE	969.361	90.000	44.4894	1.0000	0.0000	6.8000
uR	969.361	90.000	0.0236	1.0000	0.0000	6.8000
E	970.946	90.000	44.2682	1.0386	0.2780	0.1605	0.0000	6.8000
dPolE	970.946	90.000	41.6049	1.0000	0.0000	6.8000
uR	970.946	90.000	0.0236	1.0000	0.0000	6.8000
E	972.530	90.000	44.5152	0.6359	0.2403	0.1386	0.0000	6.8000
dPolE	972.530	90.000	40.2147	1.0000	0.0000	6.8000
uR	972.530	90.000	0.0240	1.0000	0.0000	6.8000
E	974.114	90.000	44.8569	0.5077	0.2342	0.1348	0.0000	6.8000
dPolE	974.114	90.000	37.1512	1.0000	0.0000	6.8000
uR	974.114	90.000	0.0224	1.0000	0.0000	6.8000
E	975.698	90.000	44.9395	0.6798	0.2092	0.1199	0.0000	6.8000
dPolE	975.698	90.000	31.1009	1.0000	0.0000	6.8000
uR	975.698	90.000	0.0215	1.0000	0.0000	6.8000
E	977.282	90.000	44.9623	0.5013	0.1675	0.0957	0.0000	6.8000
dPolE	977.282	90.000	28.2964	1.0000	0.0000	6.8000
uR	977.282	90.000	0.0229	1.0000	0.0000	6.8000
E	978.865	90.000	45.0434	0.5515	0.1387	0.0788	0.0000	6.8000
dPolE	978.865	90.000	20.5015	1.0000	0.0000	6.8000
uR	978.865	90.000	0.0237	1.0000	0.0000	6.8000
E	980.449	90.000	45.1556	0.7985	0.1463	0.0833	0.0000	6.8000
dPolE	980.449	90.000	18.9966	1.0000	0.0000	6.8000
uR	980.449	90.000	0.0240	1.0000	0.0000	6.8000
E	982.032	90.000	44.9812	0.6611	0.1642	0.0936	0.0000	6.8000
dPolE	982.032	90.000	27.1056	1.0000	0.0000	6.8000
uR	982.032	90.000	0.0233	1.0000	0.0000	6.8000
E	983.615	90.000	45.1242	0.6827	0.1979	0.1127	0.0000	6.8000
dPolE	983.615	90.000	27.7569	1.0000	0.0000	6.8000
uR	983.615	90.000	0.0213	1.0000	0.0000	6.8000
E	985.198	90.000	44.4829	0.8433	0.2167	0.1232	0.0000	6.8000
dPolE	985.198	90.000	39.8850	1.0000	0.0000	6.8000
uR	985.198	90.000	0.0209	1.0000	0.0000	6.8000
E	986.780	90.000	45.2928	0.7097	0.2336	0.1329	0.0000	6.8000
dPolE	986.780	90.000	35.5115	1.0000	0.0000	6.8000
uR	986.780	90.000	0.0210	1.0000	0.0000	6.8000
E	988.363	90.000	44.7588	0.7738	0.2033	0.1153	0.0000	6.8000
dPolE	988.363	90.000	34.2855	1.0000	0.0000	6.8000
uR	988.363	90.000	0.0224	1.0000	0.0000	6.8000
E	989.945	90.000	44.9737	0.6301	0.1831	0.1037	0.0000	6.8000
dPolE	989.945	90.000	27.9034	1.0000	0.0000	6.8000
uR	989.945	90.000	0.0222	1.0000	0.0000	6.8000
E	991.527	90.000	44.8500	0.5001	0.1565	0.0883	0.0000	6.8000
dPolE	991.527	90.000	28.3698	1.0000	0.0000	6.8000
uR	991.527	90.000	0.0239	1.0000	0.0000	6.8000
E	993.109	90.000	45.0477	0.7239	0.1627	0.0920	0.0000	6.8000
dPolE	993.109	90.000	23.4432	1.0000	0.0000	6.8000
uR	993.109	90.000	0.0236	1.0000	0.0000	6.8000
E	994.690	90.000	44.8188	0.7492	0.1690	0.0953	0.0000	6.8000
dPolE	994.690	90.000	25.3629	1.0000	0.0000	6.8000
uR	994.690	90.000	0.0232	1.0000	0.0000	6.8000
E	996.272	90.000	45.3444	0.5383	0.1894	0.1067	0.0000	6.8000
dPolE	996.272	90.000	26.8610	1.0000	0.0000	6.8000
uR	996.272	90.000	0.0231	1.0000	0.0000	6.8000
E	997.853	90.000	45.4656	0.7378	0.2288	0.1285	0.0000	6.8000
dPolE	997.853	90.000	37.0473	1.0000	0.0000	6.8000
uR	997.853	90.000	0.0215	1.0000	0.0000	6.8000
E	999.434	90.000	45.8810	0.8745	0.2559	0.1437	0.0000	6.8000
dPolE	999.434	90.000	42.0162	1.0000	0.0000	6.8000
uR	999.434	90.000	0.0223	1.0000	0.0000	6.8000
