
FM-removed
XY-Scan
nm
E	210.379	90.000	76.2520	109.6937	0.2515	1.1151	0.0000	6.8000
dPolE	210.379	90.000	99.9229	1.0000	0.0000	6.8000
uR	210.379	90.000	0.0343	1.0000	0.0000	6.8000
E	211.990	90.000	11.9542	231.7243	0.2754	1.3668	0.0000	6.8000
dPolE	211.990	90.000	99.9816	1.0000	0.0000	6.8000
uR	211.990	90.000	0.0188	1.0000	0.0000	6.8000
E	213.602	90.000	65.6807	15.6669	0.2617	0.6573	0.0000	6.8000
dPolE	213.602	90.000	99.9184	1.0000	0.0000	6.8000
uR	213.602	90.000	0.0134	1.0000	0.0000	6.8000
E	215.214	90.000	56.9257	204.2770	0.2365	0.4807	0.0000	6.8000
dPolE	215.214	90.000	99.9885	1.0000	0.0000	6.8000
uR	215.214	90.000	0.0073	1.0000	0.0000	6.8000
E	216.826	90.000	29.5603	89.0721	0.2628	0.6311	0.0000	6.8000
dPolE	216.826	90.000	99.9835	1.0000	0.0000	6.8000
uR	216.826	90.000	0.0070	1.0000	0.0000	6.8000
E	218.438	90.000	64.1158	277.1711	0.2654	0.7123	0.0000	6.8000
dPolE	218.438	90.000	99.9495	1.0000	0.0000	6.8000
uR	218.438	90.000	0.0077	1.0000	0.0000	6.8000
E	220.050	90.000	14.9175	101.6044	0.2342	1.0690	0.0000	6.8000
dPolE	220.050	90.000	99.9877	1.0000	0.0000	6.8000
uR	220.050	90.000	0.0056	1.0000	0.0000	6.8000
E	221.662	90.000	78.3797	54.9208	0.2292	1.2252	0.0000	6.8000
dPolE	221.662	90.000	99.9276	1.0000	0.0000	6.8000
uR	221.662	90.000	0.0056	1.0000	0.0000	6.8000
E	223.274	90.000	26.4520	122.7331	0.2609	0.6489	0.0000	6.8000
dPolE	223.274	90.000	99.9998	1.0000	0.0000	6.8000
uR	223.274	90.000	0.0034	1.0000	0.0000	6.8000
E	224.886	90.000	55.0205	138.9684	0.2981	0.5515	0.0000	6.8000
dPolE	224.886	90.000	99.9856	1.0000	0.0000	6.8000
uR	224.886	90.000	0.0037	1.0000	0.0000	6.8000
E	226.498	90.000	18.5360	341.2475	0.2897	0.7258	0.0000	6.8000
dPolE	226.498	90.000	99.9856	1.0000	0.0000	6.8000
uR	226.498	90.000	0.0029	1.0000	0.0000	6.8000
E	228.111	90.000	48.5470	324.2442	0.2539	0.4125	0.0000	6.8000
dPolE	228.111	90.000	99.9316	1.0000	0.0000	6.8000
uR	228.111	90.000	0.0037	1.0000	0.0000	6.8000
E	229.723	90.000	14.9806	22.9549	0.2855	0.8529	0.0000	6.8000
dPolE	229.723	90.000	99.9554	1.0000	0.0000	6.8000
uR	229.723	90.000	0.0025	1.0000	0.0000	6.8000
E	231.335	90.000	53.7624	195.3627	0.2925	0.4120	0.0000	6.8000
dPolE	231.335	90.000	99.9809	1.0000	0.0000	6.8000
uR	231.335	90.000	0.0015	1.0000	0.0000	6.8000
E	232.948	90.000	48.6637	172.0839	0.2705	0.3433	0.0000	6.8000
dPolE	232.948	90.000	99.9882	1.0000	0.0000	6.8000
uR	232.948	90.000	0.0014	1.0000	0.0000	6.8000
E	234.560	90.000	68.5363	245.0668	0.2372	0.7731	0.0000	6.8000
dPolE	234.560	90.000	99.9827	1.0000	0.0000	6.8000
uR	234.560	90.000	0.0024	1.0000	0.0000	6.8000
E	236.173	90.000	65.9720	300.3898	0.2895	0.8028	0.0000	6.8000
dPolE	236.173	90.000	99.9756	1.0000	0.0000	6.8000
uR	236.173	90.000	0.0011	1.0000	0.0000	6.8000
E	237.786	90.000	27.2416	31.7104	0.3107	0.5655	0.0000	6.8000
dPolE	237.786	90.000	99.9122	1.0000	0.0000	6.8000
uR	237.786	90.000	0.0018	1.0000	0.0000	6.8000
E	239.398	90.000	38.0230	183.1065	0.3074	0.3563	0.0000	6.8000
dPolE	239.398	90.000	99.9103	1.0000	0.0000	6.8000
uR	239.398	90.000	0.0017	1.0000	0.0000	6.8000
E	241.011	90.000	38.4088	349.5074	0.3245	0.3803	0.0000	6.8000
dPolE	241.011	90.000	99.9219	1.0000	0.0000	6.8000
uR	241.011	90.000	0.0016	1.0000	0.0000	6.8000
E	242.624	90.000	70.2861	117.8138	0.2630	0.9311	0.0000	6.8000
dPolE	242.624	90.000	99.9863	1.0000	0.0000	6.8000
uR	242.624	90.000	0.0013	1.0000	0.0000	6.8000
E	244.237	90.000	56.0803	29.1865	0.3154	0.4643	0.0000	6.8000
dPolE	244.237	90.000	99.9827	1.0000	0.0000	6.8000
uR	244.237	90.000	0.0008	1.0000	0.0000	6.8000
E	245.850	90.000	44.7072	351.3109	0.2984	0.3226	0.0000	6.8000
dPolE	245.850	90.000	99.9789	1.0000	0.0000	6.8000
uR	245.850	90.000	0.0009	1.0000	0.0000	6.8000
E	247.463	90.000	19.8380	59.7034	0.2489	0.8548	0.0000	6.8000
dPolE	247.463	90.000	99.9790	1.0000	0.0000	6.8000
uR	247.463	90.000	0.0008	1.0000	0.0000	6.8000
E	249.076	90.000	64.4163	171.1325	0.3242	0.4436	0.0000	6.8000
dPolE	249.076	90.000	99.8912	1.0000	0.0000	6.8000
uR	249.076	90.000	0.0012	1.0000	0.0000	6.8000
E	250.689	90.000	35.8956	203.2118	0.3209	0.4163	0.0000	6.8000
dPolE	250.689	90.000	99.8753	1.0000	0.0000	6.8000
uR	250.689	90.000	0.0014	1.0000	0.0000	6.8000
E	252.302	90.000	61.6940	171.5712	0.3340	0.4192	0.0000	6.8000
dPolE	252.302	90.000	99.9988	1.0000	0.0000	6.8000
uR	252.302	90.000	0.0005	1.0000	0.0000	6.8000
E	253.916	90.000	6.9990	312.9447	0.2294	1.9421	0.0000	6.8000
dPolE	253.916	90.000	99.9673	1.0000	0.0000	6.8000
uR	253.916	90.000	0.0008	1.0000	0.0000	6.8000
E	255.529	90.000	71.9478	79.1534	0.2137	0.9834	0.0000	6.8000
dPolE	255.529	90.000	99.9901	1.0000	0.0000	6.8000
uR	255.529	90.000	0.0006	1.0000	0.0000	6.8000
E	257.142	90.000	40.5156	167.3950	0.3275	0.3559	0.0000	6.8000
dPolE	257.142	90.000	99.9407	1.0000	0.0000	6.8000
uR	257.142	90.000	0.0008	1.0000	0.0000	6.8000
E	258.756	90.000	72.3032	184.5541	0.3222	0.5639	0.0000	6.8000
dPolE	258.756	90.000	99.9723	1.0000	0.0000	6.8000
uR	258.756	90.000	0.0008	1.0000	0.0000	6.8000
E	260.369	90.000	47.0420	80.3577	0.3338	0.6635	0.0000	6.8000
dPolE	260.369	90.000	99.9662	1.0000	0.0000	6.8000
uR	260.369	90.000	0.0007	1.0000	0.0000	6.8000
E	261.983	90.000	26.8877	188.6173	0.2921	0.3767	0.0000	6.8000
dPolE	261.983	90.000	99.9852	1.0000	0.0000	6.8000
uR	261.983	90.000	0.0005	1.0000	0.0000	6.8000
E	263.596	90.000	89.9900	90.4563	0.1532	1744.9315	0.0000	6.8000
dPolE	263.596	90.000	99.8554	1.0000	0.0000	6.8000
uR	263.596	90.000	0.0011	1.0000	0.0000	6.8000
E	265.210	90.000	35.0429	62.6770	0.2925	0.5920	0.0000	6.8000
dPolE	265.210	90.000	99.9696	1.0000	0.0000	6.8000
uR	265.210	90.000	0.0010	1.0000	0.0000	6.8000
E	266.823	90.000	23.8914	346.2716	0.3064	0.4568	0.0000	6.8000
dPolE	266.823	90.000	99.9824	1.0000	0.0000	6.8000
uR	266.823	90.000	0.0010	1.0000	0.0000	6.8000
E	268.437	90.000	36.5550	50.0685	0.2914	0.5176	0.0000	6.8000
dPolE	268.437	90.000	99.9731	1.0000	0.0000	6.8000
uR	268.437	90.000	0.0005	1.0000	0.0000	6.8000
E	270.051	90.000	80.4735	150.6071	0.2575	1.1427	0.0000	6.8000
dPolE	270.051	90.000	99.9167	1.0000	0.0000	6.8000
uR	270.051	90.000	0.0009	1.0000	0.0000	6.8000
E	271.665	90.000	30.8181	347.4716	0.2746	0.3452	0.0000	6.8000
dPolE	271.665	90.000	99.9912	1.0000	0.0000	6.8000
uR	271.665	90.000	0.0004	1.0000	0.0000	6.8000
E	273.279	90.000	65.4364	273.8352	0.2347	0.7462	0.0000	6.8000
dPolE	273.279	90.000	99.9902	1.0000	0.0000	6.8000
uR	273.279	90.000	0.0008	1.0000	0.0000	6.8000
E	274.892	90.000	52.2725	350.1281	0.2837	0.3210	0.0000	6.8000
dPolE	274.892	90.000	99.9119	1.0000	0.0000	6.8000
uR	274.892	90.000	0.0010	1.0000	0.0000	6.8000
E	276.506	90.000	80.4649	275.5833	0.1542	1.5570	0.0000	6.8000
dPolE	276.506	90.000	99.9633	1.0000	0.0000	6.8000
uR	276.506	90.000	0.0006	1.0000	0.0000	6.8000
E	278.120	90.000	37.7552	334.1515	0.2591	0.3498	0.0000	6.8000
dPolE	278.120	90.000	99.9822	1.0000	0.0000	6.8000
uR	278.120	90.000	0.0005	1.0000	0.0000	6.8000
E	279.734	90.000	36.9971	182.4612	0.2685	0.3038	0.0000	6.8000
dPolE	279.734	90.000	99.9456	1.0000	0.0000	6.8000
uR	279.734	90.000	0.0009	1.0000	0.0000	6.8000
E	281.349	90.000	6.2523	241.1870	0.1812	2.1919	0.0000	6.8000
dPolE	281.349	90.000	99.9547	1.0000	0.0000	6.8000
uR	281.349	90.000	0.0006	1.0000	0.0000	6.8000
E	282.963	90.000	45.5412	321.6988	0.2659	0.4029	0.0000	6.8000
dPolE	282.963	90.000	99.9830	1.0000	0.0000	6.8000
uR	282.963	90.000	0.0004	1.0000	0.0000	6.8000
E	284.577	90.000	75.5674	172.1521	0.2613	0.6222	0.0000	6.8000
dPolE	284.577	90.000	99.9202	1.0000	0.0000	6.8000
uR	284.577	90.000	0.0006	1.0000	0.0000	6.8000
E	286.191	90.000	31.9931	156.9827	0.2415	0.3536	0.0000	6.8000
dPolE	286.191	90.000	99.9940	1.0000	0.0000	6.8000
uR	286.191	90.000	0.0005	1.0000	0.0000	6.8000
E	287.805	90.000	61.6991	220.8154	0.2345	0.4610	0.0000	6.8000
dPolE	287.805	90.000	99.9838	1.0000	0.0000	6.8000
uR	287.805	90.000	0.0005	1.0000	0.0000	6.8000
E	289.420	90.000	22.8014	28.4291	0.2274	0.4606	0.0000	6.8000
dPolE	289.420	90.000	99.9805	1.0000	0.0000	6.8000
uR	289.420	90.000	0.0004	1.0000	0.0000	6.8000
E	291.034	90.000	38.0534	146.8245	0.2401	0.3653	0.0000	6.8000
dPolE	291.034	90.000	99.9999	1.0000	0.0000	6.8000
uR	291.034	90.000	0.0003	1.0000	0.0000	6.8000
E	292.649	90.000	15.1320	147.0909	0.2097	0.6620	0.0000	6.8000
dPolE	292.649	90.000	99.9998	1.0000	0.0000	6.8000
uR	292.649	90.000	0.0006	1.0000	0.0000	6.8000
E	294.263	90.000	32.9185	148.9382	0.2206	0.3571	0.0000	6.8000
dPolE	294.263	90.000	99.9999	1.0000	0.0000	6.8000
uR	294.263	90.000	0.0005	1.0000	0.0000	6.8000
E	295.877	90.000	18.9019	143.4375	0.2058	0.5576	0.0000	6.8000
dPolE	295.877	90.000	99.9914	1.0000	0.0000	6.8000
uR	295.877	90.000	0.0005	1.0000	0.0000	6.8000
E	297.492	90.000	30.4559	234.0824	0.2085	0.4450	0.0000	6.8000
dPolE	297.492	90.000	99.9905	1.0000	0.0000	6.8000
uR	297.492	90.000	0.0006	1.0000	0.0000	6.8000
E	299.107	90.000	61.8625	174.0988	0.1974	0.2980	0.0000	6.8000
dPolE	299.107	90.000	99.9955	1.0000	0.0000	6.8000
uR	299.107	90.000	0.0003	1.0000	0.0000	6.8000
E	300.721	90.000	43.5925	272.0773	0.2123	0.4252	0.0000	6.8000
dPolE	300.721	90.000	99.9962	1.0000	0.0000	6.8000
uR	300.721	90.000	0.0005	1.0000	0.0000	6.8000
E	302.336	90.000	53.3429	285.0770	0.1987	0.4161	0.0000	6.8000
dPolE	302.336	90.000	99.9903	1.0000	0.0000	6.8000
uR	302.336	90.000	0.0003	1.0000	0.0000	6.8000
E	303.950	90.000	43.2960	251.8325	0.2009	0.3914	0.0000	6.8000
dPolE	303.950	90.000	99.9939	1.0000	0.0000	6.8000
uR	303.950	90.000	0.0004	1.0000	0.0000	6.8000
E	305.565	90.000	58.7793	201.1100	0.2079	0.3361	0.0000	6.8000
dPolE	305.565	90.000	99.9816	1.0000	0.0000	6.8000
uR	305.565	90.000	0.0003	1.0000	0.0000	6.8000
E	307.180	90.000	69.2072	166.2960	0.1907	0.3980	0.0000	6.8000
dPolE	307.180	90.000	99.9825	1.0000	0.0000	6.8000
uR	307.180	90.000	0.0004	1.0000	0.0000	6.8000
E	308.795	90.000	37.6604	318.1736	0.1942	0.3375	0.0000	6.8000
dPolE	308.795	90.000	99.9864	1.0000	0.0000	6.8000
uR	308.795	90.000	0.0005	1.0000	0.0000	6.8000
E	310.410	90.000	10.6921	0.5164	0.1908	0.7143	0.0000	6.8000
dPolE	310.410	90.000	99.9951	1.0000	0.0000	6.8000
uR	310.410	90.000	0.0003	1.0000	0.0000	6.8000
E	312.024	90.000	61.1967	174.3780	0.1965	0.3221	0.0000	6.8000
dPolE	312.024	90.000	99.9532	1.0000	0.0000	6.8000
uR	312.024	90.000	0.0005	1.0000	0.0000	6.8000
E	313.639	90.000	7.5616	152.7697	0.1776	1.1048	0.0000	6.8000
dPolE	313.639	90.000	99.9725	1.0000	0.0000	6.8000
uR	313.639	90.000	0.0004	1.0000	0.0000	6.8000
E	315.254	90.000	15.4298	283.4818	0.1472	0.7012	0.0000	6.8000
dPolE	315.254	90.000	99.9818	1.0000	0.0000	6.8000
uR	315.254	90.000	0.0003	1.0000	0.0000	6.8000
E	316.869	90.000	19.8005	77.4462	0.1602	0.5848	0.0000	6.8000
dPolE	316.869	90.000	99.9999	1.0000	0.0000	6.8000
uR	316.869	90.000	0.0004	1.0000	0.0000	6.8000
E	318.484	90.000	76.8018	83.1892	0.1319	0.7519	0.0000	6.8000
dPolE	318.484	90.000	99.9943	1.0000	0.0000	6.8000
uR	318.484	90.000	0.0002	1.0000	0.0000	6.8000
E	320.099	90.000	21.9063	116.9876	0.1530	0.4675	0.0000	6.8000
dPolE	320.099	90.000	99.9999	1.0000	0.0000	6.8000
uR	320.099	90.000	0.0004	1.0000	0.0000	6.8000
E	321.714	90.000	38.8381	20.6609	0.1694	0.2695	0.0000	6.8000
dPolE	321.714	90.000	99.9865	1.0000	0.0000	6.8000
uR	321.714	90.000	0.0003	1.0000	0.0000	6.8000
E	323.330	90.000	25.6216	274.6085	0.1588	0.4476	0.0000	6.8000
dPolE	323.330	90.000	99.9939	1.0000	0.0000	6.8000
uR	323.330	90.000	0.0004	1.0000	0.0000	6.8000
E	324.945	90.000	64.3017	110.6818	0.1673	0.4508	0.0000	6.8000
dPolE	324.945	90.000	99.9885	1.0000	0.0000	6.8000
uR	324.945	90.000	0.0004	1.0000	0.0000	6.8000
E	326.560	90.000	18.7939	324.8354	0.1611	0.4700	0.0000	6.8000
dPolE	326.560	90.000	99.9897	1.0000	0.0000	6.8000
uR	326.560	90.000	0.0005	1.0000	0.0000	6.8000
E	328.175	90.000	42.2249	195.1543	0.1753	0.2772	0.0000	6.8000
dPolE	328.175	90.000	99.9622	1.0000	0.0000	6.8000
uR	328.175	90.000	0.0005	1.0000	0.0000	6.8000
E	329.790	90.000	48.0029	309.2576	0.1634	0.3017	0.0000	6.8000
dPolE	329.790	90.000	99.9935	1.0000	0.0000	6.8000
uR	329.790	90.000	0.0003	1.0000	0.0000	6.8000
E	331.406	90.000	31.9954	98.2578	0.1485	0.3416	0.0000	6.8000
dPolE	331.406	90.000	99.9983	1.0000	0.0000	6.8000
uR	331.406	90.000	0.0003	1.0000	0.0000	6.8000
E	333.021	90.000	44.1765	32.0930	0.1611	0.2769	0.0000	6.8000
dPolE	333.021	90.000	99.9959	1.0000	0.0000	6.8000
uR	333.021	90.000	0.0004	1.0000	0.0000	6.8000
E	334.636	90.000	58.6627	13.5861	0.1410	0.2582	0.0000	6.8000
dPolE	334.636	90.000	99.9890	1.0000	0.0000	6.8000
uR	334.636	90.000	0.0003	1.0000	0.0000	6.8000
E	336.251	90.000	68.7918	326.3889	0.1449	0.3856	0.0000	6.8000
dPolE	336.251	90.000	99.9907	1.0000	0.0000	6.8000
uR	336.251	90.000	0.0004	1.0000	0.0000	6.8000
E	337.867	90.000	36.5046	182.7519	0.1552	0.2666	0.0000	6.8000
dPolE	337.867	90.000	99.9976	1.0000	0.0000	6.8000
uR	337.867	90.000	0.0003	1.0000	0.0000	6.8000
E	339.482	90.000	14.9031	279.4443	0.1358	0.6204	0.0000	6.8000
dPolE	339.482	90.000	99.9936	1.0000	0.0000	6.8000
uR	339.482	90.000	0.0002	1.0000	0.0000	6.8000
E	341.098	90.000	45.4167	319.8945	0.1490	0.2693	0.0000	6.8000
dPolE	341.098	90.000	99.9807	1.0000	0.0000	6.8000
uR	341.098	90.000	0.0004	1.0000	0.0000	6.8000
E	342.713	90.000	63.3288	260.0153	0.1484	0.3891	0.0000	6.8000
dPolE	342.713	90.000	99.9843	1.0000	0.0000	6.8000
uR	342.713	90.000	0.0003	1.0000	0.0000	6.8000
E	344.329	90.000	23.6249	63.7870	0.1468	0.4106	0.0000	6.8000
dPolE	344.329	90.000	99.9802	1.0000	0.0000	6.8000
uR	344.329	90.000	0.0004	1.0000	0.0000	6.8000
E	345.944	90.000	38.6511	168.1318	0.1453	0.2569	0.0000	6.8000
dPolE	345.944	90.000	99.9816	1.0000	0.0000	6.8000
uR	345.944	90.000	0.0005	1.0000	0.0000	6.8000
E	347.560	90.000	40.6615	283.4088	0.1362	0.2743	0.0000	6.8000
dPolE	347.560	90.000	99.9955	1.0000	0.0000	6.8000
uR	347.560	90.000	0.0003	1.0000	0.0000	6.8000
E	349.175	90.000	70.0030	34.0057	0.1440	0.4163	0.0000	6.8000
dPolE	349.175	90.000	99.9768	1.0000	0.0000	6.8000
uR	349.175	90.000	0.0004	1.0000	0.0000	6.8000
E	350.791	90.000	36.8666	93.1212	0.1482	0.3114	0.0000	6.8000
dPolE	350.791	90.000	99.9987	1.0000	0.0000	6.8000
uR	350.791	90.000	0.0004	1.0000	0.0000	6.8000
E	352.406	90.000	62.3778	214.5125	0.1430	0.3249	0.0000	6.8000
dPolE	352.406	90.000	99.9985	1.0000	0.0000	6.8000
uR	352.406	90.000	0.0002	1.0000	0.0000	6.8000
E	354.022	90.000	17.4904	277.7970	0.1362	0.5123	0.0000	6.8000
dPolE	354.022	90.000	99.9999	1.0000	0.0000	6.8000
uR	354.022	90.000	0.0003	1.0000	0.0000	6.8000
E	355.638	90.000	49.9900	343.6788	0.1438	0.2620	0.0000	6.8000
dPolE	355.638	90.000	99.9989	1.0000	0.0000	6.8000
uR	355.638	90.000	0.0003	1.0000	0.0000	6.8000
E	357.253	90.000	40.0891	70.2227	0.1418	0.2853	0.0000	6.8000
dPolE	357.253	90.000	99.9864	1.0000	0.0000	6.8000
uR	357.253	90.000	0.0004	1.0000	0.0000	6.8000
E	358.869	90.000	82.0218	4.9513	0.1408	0.9332	0.0000	6.8000
dPolE	358.869	90.000	99.9920	1.0000	0.0000	6.8000
uR	358.869	90.000	0.0003	1.0000	0.0000	6.8000
E	360.485	90.000	8.6379	198.4982	0.1459	0.9123	0.0000	6.8000
dPolE	360.485	90.000	99.9937	1.0000	0.0000	6.8000
uR	360.485	90.000	0.0004	1.0000	0.0000	6.8000
E	362.100	90.000	27.1075	178.5801	0.1348	0.3015	0.0000	6.8000
dPolE	362.100	90.000	99.9914	1.0000	0.0000	6.8000
uR	362.100	90.000	0.0002	1.0000	0.0000	6.8000
E	363.716	90.000	26.1734	332.2544	0.1429	0.3379	0.0000	6.8000
dPolE	363.716	90.000	99.9960	1.0000	0.0000	6.8000
uR	363.716	90.000	0.0004	1.0000	0.0000	6.8000
E	365.332	90.000	49.1344	35.3403	0.1411	0.2699	0.0000	6.8000
dPolE	365.332	90.000	99.9758	1.0000	0.0000	6.8000
uR	365.332	90.000	0.0004	1.0000	0.0000	6.8000
E	366.948	90.000	26.7583	219.5546	0.1237	0.2970	0.0000	6.8000
dPolE	366.948	90.000	99.9993	1.0000	0.0000	6.8000
uR	366.948	90.000	0.0003	1.0000	0.0000	6.8000
E	368.563	90.000	56.4111	204.5918	0.1345	0.2733	0.0000	6.8000
dPolE	368.563	90.000	99.9774	1.0000	0.0000	6.8000
uR	368.563	90.000	0.0003	1.0000	0.0000	6.8000
E	370.179	90.000	31.9429	339.4846	0.1288	0.2663	0.0000	6.8000
dPolE	370.179	90.000	99.9963	1.0000	0.0000	6.8000
uR	370.179	90.000	0.0003	1.0000	0.0000	6.8000
E	371.795	90.000	60.9709	316.9490	0.1352	0.3081	0.0000	6.8000
dPolE	371.795	90.000	99.9909	1.0000	0.0000	6.8000
uR	371.795	90.000	0.0003	1.0000	0.0000	6.8000
E	373.411	90.000	44.0891	154.3478	0.1255	0.2363	0.0000	6.8000
dPolE	373.411	90.000	99.9968	1.0000	0.0000	6.8000
uR	373.411	90.000	0.0003	1.0000	0.0000	6.8000
E	375.027	90.000	52.1236	141.1087	0.1258	0.2508	0.0000	6.8000
dPolE	375.027	90.000	99.9904	1.0000	0.0000	6.8000
uR	375.027	90.000	0.0004	1.0000	0.0000	6.8000
E	376.643	90.000	52.1259	19.3812	0.1355	0.2649	0.0000	6.8000
dPolE	376.643	90.000	99.9976	1.0000	0.0000	6.8000
uR	376.643	90.000	0.0003	1.0000	0.0000	6.8000
E	378.258	90.000	41.9837	87.4338	0.1286	0.2587	0.0000	6.8000
dPolE	378.258	90.000	99.9996	1.0000	0.0000	6.8000
uR	378.258	90.000	0.0004	1.0000	0.0000	6.8000
E	379.874	90.000	89.9900	271.1080	0.1207	740.0273	0.0000	6.8000
dPolE	379.874	90.000	99.9963	1.0000	0.0000	6.8000
uR	379.874	90.000	0.0002	1.0000	0.0000	6.8000
E	381.490	90.000	29.1411	31.9331	0.1177	0.2664	0.0000	6.8000
dPolE	381.490	90.000	99.9926	1.0000	0.0000	6.8000
uR	381.490	90.000	0.0004	1.0000	0.0000	6.8000
E	383.106	90.000	15.0615	7.9876	0.1320	0.5003	0.0000	6.8000
dPolE	383.106	90.000	99.9905	1.0000	0.0000	6.8000
uR	383.106	90.000	0.0004	1.0000	0.0000	6.8000
E	384.722	90.000	89.9900	270.9939	0.1229	740.9827	0.0000	6.8000
dPolE	384.722	90.000	99.9900	1.0000	0.0000	6.8000
uR	384.722	90.000	0.0003	1.0000	0.0000	6.8000
E	386.338	90.000	40.6302	23.3874	0.1275	0.2459	0.0000	6.8000
dPolE	386.338	90.000	99.9870	1.0000	0.0000	6.8000
uR	386.338	90.000	0.0003	1.0000	0.0000	6.8000
E	387.954	90.000	8.3790	197.4731	0.1232	0.8103	0.0000	6.8000
dPolE	387.954	90.000	99.9950	1.0000	0.0000	6.8000
uR	387.954	90.000	0.0003	1.0000	0.0000	6.8000
E	389.570	90.000	19.8845	80.6081	0.1090	0.3523	0.0000	6.8000
dPolE	389.570	90.000	99.9934	1.0000	0.0000	6.8000
uR	389.570	90.000	0.0002	1.0000	0.0000	6.8000
E	391.186	90.000	45.6151	27.2695	0.1161	0.2227	0.0000	6.8000
dPolE	391.186	90.000	99.9931	1.0000	0.0000	6.8000
uR	391.186	90.000	0.0003	1.0000	0.0000	6.8000
E	392.802	90.000	40.1212	329.8650	0.1265	0.2478	0.0000	6.8000
dPolE	392.802	90.000	99.9952	1.0000	0.0000	6.8000
uR	392.802	90.000	0.0002	1.0000	0.0000	6.8000
E	394.418	90.000	29.9050	67.6039	0.1277	0.2965	0.0000	6.8000
dPolE	394.418	90.000	99.9807	1.0000	0.0000	6.8000
uR	394.418	90.000	0.0003	1.0000	0.0000	6.8000
E	396.034	90.000	39.0877	11.8666	0.1302	0.2512	0.0000	6.8000
dPolE	396.034	90.000	99.9732	1.0000	0.0000	6.8000
uR	396.034	90.000	0.0003	1.0000	0.0000	6.8000
E	397.650	90.000	40.8912	51.7171	0.1211	0.2392	0.0000	6.8000
dPolE	397.650	90.000	99.9624	1.0000	0.0000	6.8000
uR	397.650	90.000	0.0004	1.0000	0.0000	6.8000
E	399.266	90.000	45.1734	8.5912	0.1218	0.2291	0.0000	6.8000
dPolE	399.266	90.000	99.9926	1.0000	0.0000	6.8000
uR	399.266	90.000	0.0002	1.0000	0.0000	6.8000
E	400.882	90.000	43.4181	24.2027	0.1155	0.2212	0.0000	6.8000
dPolE	400.882	90.000	99.9496	1.0000	0.0000	6.8000
uR	400.882	90.000	0.0005	1.0000	0.0000	6.8000
E	402.498	90.000	44.3695	7.4190	0.1188	0.2262	0.0000	6.8000
dPolE	402.498	90.000	99.9640	1.0000	0.0000	6.8000
uR	402.498	90.000	0.0004	1.0000	0.0000	6.8000
E	404.114	90.000	46.8699	18.0524	0.1183	0.2260	0.0000	6.8000
dPolE	404.114	90.000	99.8049	1.0000	0.0000	6.8000
uR	404.114	90.000	0.0009	1.0000	0.0000	6.8000
E	405.730	90.000	46.3684	25.7165	0.1158	0.2203	0.0000	6.8000
dPolE	405.730	90.000	99.8586	1.0000	0.0000	6.8000
uR	405.730	90.000	0.0007	1.0000	0.0000	6.8000
E	407.346	90.000	47.9001	7.6523	0.1163	0.2183	0.0000	6.8000
dPolE	407.346	90.000	99.8143	1.0000	0.0000	6.8000
uR	407.346	90.000	0.0008	1.0000	0.0000	6.8000
E	408.962	90.000	48.3525	19.0247	0.1152	0.2178	0.0000	6.8000
dPolE	408.962	90.000	99.6305	1.0000	0.0000	6.8000
uR	408.962	90.000	0.0012	1.0000	0.0000	6.8000
E	410.578	90.000	46.6896	16.1989	0.1182	0.2230	0.0000	6.8000
dPolE	410.578	90.000	99.4058	1.0000	0.0000	6.8000
uR	410.578	90.000	0.0015	1.0000	0.0000	6.8000
E	412.194	90.000	47.3200	20.8228	0.1142	0.2177	0.0000	6.8000
dPolE	412.194	90.000	99.3189	1.0000	0.0000	6.8000
uR	412.194	90.000	0.0017	1.0000	0.0000	6.8000
E	413.810	90.000	45.6620	20.0940	0.1108	0.2102	0.0000	6.8000
dPolE	413.810	90.000	99.1242	1.0000	0.0000	6.8000
uR	413.810	90.000	0.0019	1.0000	0.0000	6.8000
E	415.426	90.000	43.2043	17.8796	0.1116	0.2099	0.0000	6.8000
dPolE	415.426	90.000	98.7803	1.0000	0.0000	6.8000
uR	415.426	90.000	0.0022	1.0000	0.0000	6.8000
E	417.042	90.000	45.2162	20.2601	0.1144	0.2133	0.0000	6.8000
dPolE	417.042	90.000	98.1903	1.0000	0.0000	6.8000
uR	417.042	90.000	0.0026	1.0000	0.0000	6.8000
E	418.658	90.000	45.3999	18.8268	0.1128	0.2089	0.0000	6.8000
dPolE	418.658	90.000	97.7098	1.0000	0.0000	6.8000
uR	418.658	90.000	0.0030	1.0000	0.0000	6.8000
E	420.274	90.000	45.1265	15.4877	0.1110	0.2052	0.0000	6.8000
dPolE	420.274	90.000	96.9088	1.0000	0.0000	6.8000
uR	420.274	90.000	0.0035	1.0000	0.0000	6.8000
E	421.890	90.000	45.6039	17.9318	0.0997	0.1855	0.0000	6.8000
dPolE	421.890	90.000	97.3149	1.0000	0.0000	6.8000
uR	421.890	90.000	0.0035	1.0000	0.0000	6.8000
E	423.506	90.000	45.7744	13.7102	0.0999	0.1858	0.0000	6.8000
dPolE	423.506	90.000	96.7957	1.0000	0.0000	6.8000
uR	423.506	90.000	0.0039	1.0000	0.0000	6.8000
E	425.122	90.000	45.5357	16.7284	0.1058	0.1965	0.0000	6.8000
dPolE	425.122	90.000	96.0744	1.0000	0.0000	6.8000
uR	425.122	90.000	0.0045	1.0000	0.0000	6.8000
E	426.738	90.000	44.6690	16.6373	0.1044	0.1922	0.0000	6.8000
dPolE	426.738	90.000	95.9827	1.0000	0.0000	6.8000
uR	426.738	90.000	0.0045	1.0000	0.0000	6.8000
E	428.355	90.000	46.0151	16.1671	0.1000	0.1821	0.0000	6.8000
dPolE	428.355	90.000	95.0571	1.0000	0.0000	6.8000
uR	428.355	90.000	0.0053	1.0000	0.0000	6.8000
E	429.971	90.000	44.2992	15.0875	0.0963	0.1737	0.0000	6.8000
dPolE	429.971	90.000	94.5717	1.0000	0.0000	6.8000
uR	429.971	90.000	0.0054	1.0000	0.0000	6.8000
E	431.587	90.000	44.8818	15.8103	0.1010	0.1824	0.0000	6.8000
dPolE	431.587	90.000	93.5520	1.0000	0.0000	6.8000
uR	431.587	90.000	0.0059	1.0000	0.0000	6.8000
E	433.203	90.000	44.6835	15.2837	0.0919	0.1665	0.0000	6.8000
dPolE	433.203	90.000	93.6194	1.0000	0.0000	6.8000
uR	433.203	90.000	0.0062	1.0000	0.0000	6.8000
E	434.819	90.000	44.8131	14.3833	0.0943	0.1713	0.0000	6.8000
dPolE	434.819	90.000	93.1504	1.0000	0.0000	6.8000
uR	434.819	90.000	0.0065	1.0000	0.0000	6.8000
E	436.435	90.000	45.2868	14.8994	0.0966	0.1749	0.0000	6.8000
dPolE	436.435	90.000	91.2394	1.0000	0.0000	6.8000
uR	436.435	90.000	0.0072	1.0000	0.0000	6.8000
E	438.051	90.000	45.0388	13.9491	0.0936	0.1679	0.0000	6.8000
dPolE	438.051	90.000	90.6520	1.0000	0.0000	6.8000
uR	438.051	90.000	0.0073	1.0000	0.0000	6.8000
E	439.667	90.000	44.5903	14.9174	0.0921	0.1636	0.0000	6.8000
dPolE	439.667	90.000	89.0985	1.0000	0.0000	6.8000
uR	439.667	90.000	0.0079	1.0000	0.0000	6.8000
E	441.283	90.000	45.3896	14.4416	0.0980	0.1724	0.0000	6.8000
dPolE	441.283	90.000	88.4790	1.0000	0.0000	6.8000
uR	441.283	90.000	0.0081	1.0000	0.0000	6.8000
E	442.899	90.000	45.1956	13.6978	0.0952	0.1667	0.0000	6.8000
dPolE	442.899	90.000	87.4189	1.0000	0.0000	6.8000
uR	442.899	90.000	0.0087	1.0000	0.0000	6.8000
E	444.515	90.000	44.9100	13.9059	0.0969	0.1699	0.0000	6.8000
dPolE	444.515	90.000	87.5414	1.0000	0.0000	6.8000
uR	444.515	90.000	0.0088	1.0000	0.0000	6.8000
E	446.131	90.000	44.0420	12.8611	0.0862	0.1516	0.0000	6.8000
dPolE	446.131	90.000	87.6645	1.0000	0.0000	6.8000
uR	446.131	90.000	0.0091	1.0000	0.0000	6.8000
E	447.747	90.000	45.2556	13.2055	0.0895	0.1574	0.0000	6.8000
dPolE	447.747	90.000	86.0384	1.0000	0.0000	6.8000
uR	447.747	90.000	0.0097	1.0000	0.0000	6.8000
E	449.363	90.000	44.8264	12.7076	0.0868	0.1517	0.0000	6.8000
dPolE	449.363	90.000	84.6079	1.0000	0.0000	6.8000
uR	449.363	90.000	0.0099	1.0000	0.0000	6.8000
E	450.979	90.000	44.6852	12.3919	0.0873	0.1510	0.0000	6.8000
dPolE	450.979	90.000	81.7019	1.0000	0.0000	6.8000
uR	450.979	90.000	0.0103	1.0000	0.0000	6.8000
E	452.594	90.000	44.8741	12.6465	0.0873	0.1494	0.0000	6.8000
dPolE	452.594	90.000	79.8495	1.0000	0.0000	6.8000
uR	452.594	90.000	0.0109	1.0000	0.0000	6.8000
E	454.210	90.000	44.6318	11.8014	0.0877	0.1484	0.0000	6.8000
dPolE	454.210	90.000	81.7387	1.0000	0.0000	6.8000
uR	454.210	90.000	0.0110	1.0000	0.0000	6.8000
E	455.826	90.000	45.0091	11.5251	0.0873	0.1471	0.0000	6.8000
dPolE	455.826	90.000	80.5782	1.0000	0.0000	6.8000
uR	455.826	90.000	0.0114	1.0000	0.0000	6.8000
E	457.442	90.000	45.0861	12.4285	0.0854	0.1444	0.0000	6.8000
dPolE	457.442	90.000	80.1649	1.0000	0.0000	6.8000
uR	457.442	90.000	0.0115	1.0000	0.0000	6.8000
E	459.058	90.000	44.7911	11.2670	0.0859	0.1452	0.0000	6.8000
dPolE	459.058	90.000	77.7642	1.0000	0.0000	6.8000
uR	459.058	90.000	0.0120	1.0000	0.0000	6.8000
E	460.674	90.000	44.7408	11.6715	0.0861	0.1459	0.0000	6.8000
dPolE	460.674	90.000	77.0335	1.0000	0.0000	6.8000
uR	460.674	90.000	0.0121	1.0000	0.0000	6.8000
E	462.290	90.000	45.2843	11.6994	0.0774	0.1306	0.0000	6.8000
dPolE	462.290	90.000	75.0088	1.0000	0.0000	6.8000
uR	462.290	90.000	0.0125	1.0000	0.0000	6.8000
E	463.906	90.000	45.1343	11.4911	0.0782	0.1307	0.0000	6.8000
dPolE	463.906	90.000	72.1342	1.0000	0.0000	6.8000
uR	463.906	90.000	0.0131	1.0000	0.0000	6.8000
E	465.521	90.000	44.9887	11.2934	0.0752	0.1243	0.0000	6.8000
dPolE	465.521	90.000	69.7805	1.0000	0.0000	6.8000
uR	465.521	90.000	0.0135	1.0000	0.0000	6.8000
E	467.137	90.000	45.0498	11.7294	0.0724	0.1183	0.0000	6.8000
dPolE	467.137	90.000	67.5023	1.0000	0.0000	6.8000
uR	467.137	90.000	0.0138	1.0000	0.0000	6.8000
E	468.753	90.000	45.0070	10.7964	0.0694	0.1125	0.0000	6.8000
dPolE	468.753	90.000	63.5499	1.0000	0.0000	6.8000
uR	468.753	90.000	0.0139	1.0000	0.0000	6.8000
E	470.369	90.000	45.0689	10.3788	0.0741	0.1198	0.0000	6.8000
dPolE	470.369	90.000	64.8994	1.0000	0.0000	6.8000
uR	470.369	90.000	0.0142	1.0000	0.0000	6.8000
E	471.985	90.000	44.8043	10.7638	0.0763	0.1236	0.0000	6.8000
dPolE	471.985	90.000	66.6845	1.0000	0.0000	6.8000
uR	471.985	90.000	0.0148	1.0000	0.0000	6.8000
E	473.600	90.000	44.9876	10.7675	0.0731	0.1187	0.0000	6.8000
dPolE	473.600	90.000	67.1023	1.0000	0.0000	6.8000
uR	473.600	90.000	0.0149	1.0000	0.0000	6.8000
E	475.216	90.000	45.3135	10.6248	0.0740	0.1201	0.0000	6.8000
dPolE	475.216	90.000	69.2673	1.0000	0.0000	6.8000
uR	475.216	90.000	0.0152	1.0000	0.0000	6.8000
E	476.832	90.000	44.8805	10.0714	0.0747	0.1206	0.0000	6.8000
dPolE	476.832	90.000	71.3769	1.0000	0.0000	6.8000
uR	476.832	90.000	0.0154	1.0000	0.0000	6.8000
E	478.448	90.000	44.7875	10.2126	0.0789	0.1262	0.0000	6.8000
dPolE	478.448	90.000	70.1901	1.0000	0.0000	6.8000
uR	478.448	90.000	0.0158	1.0000	0.0000	6.8000
E	480.063	90.000	44.7004	10.3904	0.0809	0.1280	0.0000	6.8000
dPolE	480.063	90.000	69.0622	1.0000	0.0000	6.8000
uR	480.063	90.000	0.0160	1.0000	0.0000	6.8000
E	481.679	90.000	44.9748	10.3821	0.0744	0.1163	0.0000	6.8000
dPolE	481.679	90.000	69.6364	1.0000	0.0000	6.8000
uR	481.679	90.000	0.0159	1.0000	0.0000	6.8000
E	483.294	90.000	45.2008	9.8043	0.0733	0.1136	0.0000	6.8000
dPolE	483.294	90.000	64.7977	1.0000	0.0000	6.8000
uR	483.294	90.000	0.0163	1.0000	0.0000	6.8000
E	484.910	90.000	45.1390	9.7470	0.0750	0.1158	0.0000	6.8000
dPolE	484.910	90.000	66.8519	1.0000	0.0000	6.8000
uR	484.910	90.000	0.0167	1.0000	0.0000	6.8000
E	486.526	90.000	44.9407	9.3598	0.0769	0.1189	0.0000	6.8000
dPolE	486.526	90.000	69.5647	1.0000	0.0000	6.8000
uR	486.526	90.000	0.0168	1.0000	0.0000	6.8000
E	488.141	90.000	44.8553	9.0976	0.0791	0.1226	0.0000	6.8000
dPolE	488.141	90.000	67.6866	1.0000	0.0000	6.8000
uR	488.141	90.000	0.0171	1.0000	0.0000	6.8000
E	489.757	90.000	44.7684	9.2492	0.0802	0.1242	0.0000	6.8000
dPolE	489.757	90.000	66.6718	1.0000	0.0000	6.8000
uR	489.757	90.000	0.0174	1.0000	0.0000	6.8000
E	491.372	90.000	44.9697	8.9264	0.0775	0.1197	0.0000	6.8000
dPolE	491.372	90.000	65.2692	1.0000	0.0000	6.8000
uR	491.372	90.000	0.0173	1.0000	0.0000	6.8000
E	492.988	90.000	44.7002	8.8972	0.0736	0.1128	0.0000	6.8000
dPolE	492.988	90.000	64.4811	1.0000	0.0000	6.8000
uR	492.988	90.000	0.0175	1.0000	0.0000	6.8000
E	494.603	90.000	44.9300	8.6711	0.0728	0.1106	0.0000	6.8000
dPolE	494.603	90.000	63.2423	1.0000	0.0000	6.8000
uR	494.603	90.000	0.0181	1.0000	0.0000	6.8000
E	496.219	90.000	44.9351	8.3476	0.0760	0.1140	0.0000	6.8000
dPolE	496.219	90.000	65.8094	1.0000	0.0000	6.8000
uR	496.219	90.000	0.0181	1.0000	0.0000	6.8000
E	497.834	90.000	44.9182	8.7842	0.0770	0.1145	0.0000	6.8000
dPolE	497.834	90.000	65.7059	1.0000	0.0000	6.8000
uR	497.834	90.000	0.0181	1.0000	0.0000	6.8000
E	499.450	90.000	45.0179	8.5748	0.0811	0.1197	0.0000	6.8000
dPolE	499.450	90.000	65.1250	1.0000	0.0000	6.8000
uR	499.450	90.000	0.0185	1.0000	0.0000	6.8000
E	501.065	90.000	44.8806	8.5155	0.0794	0.1169	0.0000	6.8000
dPolE	501.065	90.000	66.3509	1.0000	0.0000	6.8000
uR	501.065	90.000	0.0185	1.0000	0.0000	6.8000
E	502.680	90.000	44.8834	8.4720	0.0778	0.1144	0.0000	6.8000
dPolE	502.680	90.000	65.2342	1.0000	0.0000	6.8000
uR	502.680	90.000	0.0189	1.0000	0.0000	6.8000
E	504.296	90.000	45.0334	8.2020	0.0803	0.1183	0.0000	6.8000
dPolE	504.296	90.000	65.8974	1.0000	0.0000	6.8000
uR	504.296	90.000	0.0188	1.0000	0.0000	6.8000
E	505.911	90.000	44.9542	8.0321	0.0762	0.1122	0.0000	6.8000
dPolE	505.911	90.000	64.4977	1.0000	0.0000	6.8000
uR	505.911	90.000	0.0192	1.0000	0.0000	6.8000
E	507.526	90.000	44.9503	8.0293	0.0783	0.1151	0.0000	6.8000
dPolE	507.526	90.000	62.5031	1.0000	0.0000	6.8000
uR	507.526	90.000	0.0194	1.0000	0.0000	6.8000
E	509.141	90.000	44.6624	8.3147	0.0765	0.1121	0.0000	6.8000
dPolE	509.141	90.000	62.7208	1.0000	0.0000	6.8000
uR	509.141	90.000	0.0194	1.0000	0.0000	6.8000
E	510.756	90.000	45.0162	7.8548	0.0743	0.1077	0.0000	6.8000
dPolE	510.756	90.000	63.3122	1.0000	0.0000	6.8000
uR	510.756	90.000	0.0197	1.0000	0.0000	6.8000
E	512.372	90.000	45.0823	7.8276	0.0781	0.1121	0.0000	6.8000
dPolE	512.372	90.000	63.3158	1.0000	0.0000	6.8000
uR	512.372	90.000	0.0203	1.0000	0.0000	6.8000
E	513.987	90.000	44.9327	7.5248	0.0800	0.1135	0.0000	6.8000
dPolE	513.987	90.000	63.1062	1.0000	0.0000	6.8000
uR	513.987	90.000	0.0214	1.0000	0.0000	6.8000
E	515.602	90.000	45.0388	7.3890	0.0808	0.1137	0.0000	6.8000
dPolE	515.602	90.000	63.5973	1.0000	0.0000	6.8000
uR	515.602	90.000	0.0223	1.0000	0.0000	6.8000
E	517.217	90.000	45.1250	7.3525	0.0848	0.1187	0.0000	6.8000
dPolE	517.217	90.000	65.2132	1.0000	0.0000	6.8000
uR	517.217	90.000	0.0217	1.0000	0.0000	6.8000
E	518.832	90.000	44.7226	7.4083	0.0915	0.1277	0.0000	6.8000
dPolE	518.832	90.000	66.9877	1.0000	0.0000	6.8000
uR	518.832	90.000	0.0206	1.0000	0.0000	6.8000
E	520.447	90.000	44.4231	7.5256	0.0888	0.1239	0.0000	6.8000
dPolE	520.447	90.000	68.5309	1.0000	0.0000	6.8000
uR	520.447	90.000	0.0196	1.0000	0.0000	6.8000
E	522.062	90.000	44.5380	7.6959	0.0879	0.1229	0.0000	6.8000
dPolE	522.062	90.000	66.2622	1.0000	0.0000	6.8000
uR	522.062	90.000	0.0192	1.0000	0.0000	6.8000
E	523.677	90.000	44.8896	7.3260	0.0824	0.1151	0.0000	6.8000
dPolE	523.677	90.000	63.1244	1.0000	0.0000	6.8000
uR	523.677	90.000	0.0198	1.0000	0.0000	6.8000
E	525.292	90.000	44.6176	6.8550	0.0783	0.1090	0.0000	6.8000
dPolE	525.292	90.000	61.9259	1.0000	0.0000	6.8000
uR	525.292	90.000	0.0204	1.0000	0.0000	6.8000
E	526.907	90.000	45.0261	7.1983	0.0813	0.1128	0.0000	6.8000
dPolE	526.907	90.000	60.9242	1.0000	0.0000	6.8000
uR	526.907	90.000	0.0205	1.0000	0.0000	6.8000
E	528.521	90.000	45.1415	6.9994	0.0798	0.1098	0.0000	6.8000
dPolE	528.521	90.000	60.8347	1.0000	0.0000	6.8000
uR	528.521	90.000	0.0209	1.0000	0.0000	6.8000
E	530.136	90.000	45.0718	6.9834	0.0817	0.1113	0.0000	6.8000
dPolE	530.136	90.000	59.8841	1.0000	0.0000	6.8000
uR	530.136	90.000	0.0208	1.0000	0.0000	6.8000
E	531.751	90.000	44.8945	6.6152	0.0791	0.1067	0.0000	6.8000
dPolE	531.751	90.000	61.7139	1.0000	0.0000	6.8000
uR	531.751	90.000	0.0208	1.0000	0.0000	6.8000
E	533.366	90.000	45.1029	7.1364	0.0815	0.1091	0.0000	6.8000
dPolE	533.366	90.000	60.5115	1.0000	0.0000	6.8000
uR	533.366	90.000	0.0212	1.0000	0.0000	6.8000
E	534.980	90.000	44.9445	6.4364	0.0807	0.1071	0.0000	6.8000
dPolE	534.980	90.000	58.6799	1.0000	0.0000	6.8000
uR	534.980	90.000	0.0215	1.0000	0.0000	6.8000
E	536.595	90.000	45.0578	6.9298	0.0849	0.1124	0.0000	6.8000
dPolE	536.595	90.000	59.0502	1.0000	0.0000	6.8000
uR	536.595	90.000	0.0215	1.0000	0.0000	6.8000
E	538.210	90.000	44.9265	7.0327	0.0815	0.1077	0.0000	6.8000
dPolE	538.210	90.000	60.9823	1.0000	0.0000	6.8000
uR	538.210	90.000	0.0216	1.0000	0.0000	6.8000
E	539.824	90.000	45.0926	6.5546	0.0851	0.1125	0.0000	6.8000
dPolE	539.824	90.000	58.5182	1.0000	0.0000	6.8000
uR	539.824	90.000	0.0215	1.0000	0.0000	6.8000
E	541.439	90.000	44.9307	6.7126	0.0840	0.1111	0.0000	6.8000
dPolE	541.439	90.000	58.9568	1.0000	0.0000	6.8000
uR	541.439	90.000	0.0214	1.0000	0.0000	6.8000
E	543.053	90.000	45.0003	6.0986	0.0807	0.1066	0.0000	6.8000
dPolE	543.053	90.000	60.0693	1.0000	0.0000	6.8000
uR	543.053	90.000	0.0215	1.0000	0.0000	6.8000
E	544.668	90.000	44.8967	6.3891	0.0811	0.1071	0.0000	6.8000
dPolE	544.668	90.000	57.8490	1.0000	0.0000	6.8000
uR	544.668	90.000	0.0214	1.0000	0.0000	6.8000
E	546.282	90.000	44.9797	6.1447	0.0846	0.1110	0.0000	6.8000
dPolE	546.282	90.000	60.2251	1.0000	0.0000	6.8000
uR	546.282	90.000	0.0215	1.0000	0.0000	6.8000
E	547.896	90.000	44.9815	6.3188	0.0848	0.1105	0.0000	6.8000
dPolE	547.896	90.000	57.1741	1.0000	0.0000	6.8000
uR	547.896	90.000	0.0219	1.0000	0.0000	6.8000
E	549.511	90.000	44.9072	6.1509	0.0879	0.1135	0.0000	6.8000
dPolE	549.511	90.000	58.2894	1.0000	0.0000	6.8000
uR	549.511	90.000	0.0218	1.0000	0.0000	6.8000
E	551.125	90.000	44.9264	5.8462	0.0852	0.1087	0.0000	6.8000
dPolE	551.125	90.000	58.5858	1.0000	0.0000	6.8000
uR	551.125	90.000	0.0217	1.0000	0.0000	6.8000
E	552.739	90.000	44.9268	5.9895	0.0823	0.1042	0.0000	6.8000
dPolE	552.739	90.000	57.6874	1.0000	0.0000	6.8000
uR	552.739	90.000	0.0217	1.0000	0.0000	6.8000
E	554.353	90.000	44.8790	6.1475	0.0853	0.1075	0.0000	6.8000
dPolE	554.353	90.000	58.2438	1.0000	0.0000	6.8000
uR	554.353	90.000	0.0216	1.0000	0.0000	6.8000
E	555.968	90.000	45.0027	5.6609	0.0872	0.1091	0.0000	6.8000
dPolE	555.968	90.000	56.4217	1.0000	0.0000	6.8000
uR	555.968	90.000	0.0216	1.0000	0.0000	6.8000
E	557.582	90.000	44.8438	6.0232	0.0866	0.1081	0.0000	6.8000
dPolE	557.582	90.000	54.9145	1.0000	0.0000	6.8000
uR	557.582	90.000	0.0221	1.0000	0.0000	6.8000
E	559.196	90.000	45.0146	5.8678	0.0861	0.1074	0.0000	6.8000
dPolE	559.196	90.000	55.8704	1.0000	0.0000	6.8000
uR	559.196	90.000	0.0221	1.0000	0.0000	6.8000
E	560.810	90.000	45.0163	5.7300	0.0843	0.1051	0.0000	6.8000
dPolE	560.810	90.000	56.2953	1.0000	0.0000	6.8000
uR	560.810	90.000	0.0224	1.0000	0.0000	6.8000
E	562.424	90.000	44.8468	5.9432	0.0868	0.1084	0.0000	6.8000
dPolE	562.424	90.000	55.1665	1.0000	0.0000	6.8000
uR	562.424	90.000	0.0222	1.0000	0.0000	6.8000
E	564.038	90.000	45.1307	5.4566	0.0855	0.1065	0.0000	6.8000
dPolE	564.038	90.000	53.6086	1.0000	0.0000	6.8000
uR	564.038	90.000	0.0223	1.0000	0.0000	6.8000
E	565.651	90.000	44.9396	5.6779	0.0834	0.1037	0.0000	6.8000
dPolE	565.651	90.000	57.0359	1.0000	0.0000	6.8000
uR	565.651	90.000	0.0221	1.0000	0.0000	6.8000
E	567.265	90.000	44.8775	5.4811	0.0855	0.1059	0.0000	6.8000
dPolE	567.265	90.000	54.4663	1.0000	0.0000	6.8000
uR	567.265	90.000	0.0219	1.0000	0.0000	6.8000
E	568.879	90.000	45.2187	5.1867	0.0875	0.1075	0.0000	6.8000
dPolE	568.879	90.000	54.4923	1.0000	0.0000	6.8000
uR	568.879	90.000	0.0220	1.0000	0.0000	6.8000
E	570.493	90.000	44.7344	5.3706	0.0864	0.1054	0.0000	6.8000
dPolE	570.493	90.000	53.1254	1.0000	0.0000	6.8000
uR	570.493	90.000	0.0222	1.0000	0.0000	6.8000
E	572.106	90.000	44.8864	5.1340	0.0878	0.1061	0.0000	6.8000
dPolE	572.106	90.000	52.1979	1.0000	0.0000	6.8000
uR	572.106	90.000	0.0219	1.0000	0.0000	6.8000
E	573.720	90.000	44.8134	5.3989	0.0884	0.1060	0.0000	6.8000
dPolE	573.720	90.000	51.7830	1.0000	0.0000	6.8000
uR	573.720	90.000	0.0221	1.0000	0.0000	6.8000
E	575.333	90.000	44.6931	5.2150	0.0878	0.1044	0.0000	6.8000
dPolE	575.333	90.000	53.2445	1.0000	0.0000	6.8000
uR	575.333	90.000	0.0220	1.0000	0.0000	6.8000
E	576.947	90.000	44.9982	5.3846	0.0863	0.1021	0.0000	6.8000
dPolE	576.947	90.000	53.6837	1.0000	0.0000	6.8000
uR	576.947	90.000	0.0222	1.0000	0.0000	6.8000
E	578.560	90.000	44.7877	5.0963	0.0873	0.1027	0.0000	6.8000
dPolE	578.560	90.000	53.0791	1.0000	0.0000	6.8000
uR	578.560	90.000	0.0218	1.0000	0.0000	6.8000
E	580.174	90.000	44.8267	5.0697	0.0940	0.1103	0.0000	6.8000
dPolE	580.174	90.000	54.2908	1.0000	0.0000	6.8000
uR	580.174	90.000	0.0216	1.0000	0.0000	6.8000
E	581.787	90.000	44.8433	5.0613	0.0893	0.1048	0.0000	6.8000
dPolE	581.787	90.000	53.4732	1.0000	0.0000	6.8000
uR	581.787	90.000	0.0218	1.0000	0.0000	6.8000
E	583.400	90.000	44.8626	4.8416	0.0848	0.0993	0.0000	6.8000
dPolE	583.400	90.000	53.7893	1.0000	0.0000	6.8000
uR	583.400	90.000	0.0215	1.0000	0.0000	6.8000
E	585.014	90.000	45.1210	4.8792	0.0845	0.0991	0.0000	6.8000
dPolE	585.014	90.000	52.7965	1.0000	0.0000	6.8000
uR	585.014	90.000	0.0218	1.0000	0.0000	6.8000
E	586.627	90.000	44.9254	4.8117	0.0842	0.0987	0.0000	6.8000
dPolE	586.627	90.000	51.7446	1.0000	0.0000	6.8000
uR	586.627	90.000	0.0222	1.0000	0.0000	6.8000
E	588.240	90.000	44.8788	4.9828	0.0858	0.1003	0.0000	6.8000
dPolE	588.240	90.000	52.0149	1.0000	0.0000	6.8000
uR	588.240	90.000	0.0224	1.0000	0.0000	6.8000
E	589.853	90.000	44.7613	4.6117	0.0892	0.1038	0.0000	6.8000
dPolE	589.853	90.000	50.9744	1.0000	0.0000	6.8000
uR	589.853	90.000	0.0224	1.0000	0.0000	6.8000
E	591.466	90.000	44.8874	4.9020	0.0840	0.0973	0.0000	6.8000
dPolE	591.466	90.000	51.7528	1.0000	0.0000	6.8000
uR	591.466	90.000	0.0223	1.0000	0.0000	6.8000
E	593.079	90.000	44.7820	4.5157	0.0885	0.1018	0.0000	6.8000
dPolE	593.079	90.000	51.3242	1.0000	0.0000	6.8000
uR	593.079	90.000	0.0222	1.0000	0.0000	6.8000
E	594.692	90.000	44.6961	4.6014	0.0913	0.1041	0.0000	6.8000
dPolE	594.692	90.000	50.9485	1.0000	0.0000	6.8000
uR	594.692	90.000	0.0223	1.0000	0.0000	6.8000
E	596.305	90.000	44.9990	4.2814	0.0920	0.1041	0.0000	6.8000
dPolE	596.305	90.000	51.8739	1.0000	0.0000	6.8000
uR	596.305	90.000	0.0223	1.0000	0.0000	6.8000
E	597.918	90.000	44.8177	4.9047	0.0917	0.1032	0.0000	6.8000
dPolE	597.918	90.000	55.3335	1.0000	0.0000	6.8000
uR	597.918	90.000	0.0223	1.0000	0.0000	6.8000
E	599.530	90.000	45.0576	4.8140	0.0917	0.1024	0.0000	6.8000
dPolE	599.530	90.000	49.8376	1.0000	0.0000	6.8000
uR	599.530	90.000	0.0231	1.0000	0.0000	6.8000
E	601.143	90.000	44.8314	4.5435	0.0935	0.1039	0.0000	6.8000
dPolE	601.143	90.000	51.1381	1.0000	0.0000	6.8000
uR	601.143	90.000	0.0226	1.0000	0.0000	6.8000
E	602.755	90.000	45.0616	4.4924	0.0920	0.1018	0.0000	6.8000
dPolE	602.755	90.000	48.5011	1.0000	0.0000	6.8000
uR	602.755	90.000	0.0230	1.0000	0.0000	6.8000
E	604.368	90.000	44.8837	4.3223	0.0949	0.1046	0.0000	6.8000
dPolE	604.368	90.000	51.9780	1.0000	0.0000	6.8000
uR	604.368	90.000	0.0223	1.0000	0.0000	6.8000
E	605.981	90.000	44.9941	4.1653	0.0992	0.1092	0.0000	6.8000
dPolE	605.981	90.000	51.4648	1.0000	0.0000	6.8000
uR	605.981	90.000	0.0223	1.0000	0.0000	6.8000
E	607.593	90.000	44.9874	4.2791	0.0916	0.1010	0.0000	6.8000
dPolE	607.593	90.000	51.2011	1.0000	0.0000	6.8000
uR	607.593	90.000	0.0223	1.0000	0.0000	6.8000
E	609.205	90.000	45.0335	3.9276	0.0955	0.1051	0.0000	6.8000
dPolE	609.205	90.000	49.8115	1.0000	0.0000	6.8000
uR	609.205	90.000	0.0222	1.0000	0.0000	6.8000
E	610.818	90.000	44.6553	3.8850	0.0936	0.1030	0.0000	6.8000
dPolE	610.818	90.000	53.3495	1.0000	0.0000	6.8000
uR	610.818	90.000	0.0227	1.0000	0.0000	6.8000
E	612.430	90.000	45.0668	4.2166	0.0879	0.0966	0.0000	6.8000
dPolE	612.430	90.000	49.2833	1.0000	0.0000	6.8000
uR	612.430	90.000	0.0224	1.0000	0.0000	6.8000
E	614.042	90.000	44.8148	4.4157	0.0890	0.0976	0.0000	6.8000
dPolE	614.042	90.000	52.0590	1.0000	0.0000	6.8000
uR	614.042	90.000	0.0223	1.0000	0.0000	6.8000
E	615.654	90.000	44.9279	4.0659	0.0950	0.1035	0.0000	6.8000
dPolE	615.654	90.000	47.6620	1.0000	0.0000	6.8000
uR	615.654	90.000	0.0223	1.0000	0.0000	6.8000
E	617.266	90.000	44.8683	4.2106	0.0946	0.1027	0.0000	6.8000
dPolE	617.266	90.000	50.5793	1.0000	0.0000	6.8000
uR	617.266	90.000	0.0224	1.0000	0.0000	6.8000
E	618.878	90.000	45.0512	4.3421	0.0928	0.1001	0.0000	6.8000
dPolE	618.878	90.000	50.5056	1.0000	0.0000	6.8000
uR	618.878	90.000	0.0223	1.0000	0.0000	6.8000
E	620.490	90.000	44.9724	4.0783	0.0929	0.0994	0.0000	6.8000
dPolE	620.490	90.000	47.5157	1.0000	0.0000	6.8000
uR	620.490	90.000	0.0225	1.0000	0.0000	6.8000
E	622.102	90.000	44.9366	3.9193	0.0981	0.1041	0.0000	6.8000
dPolE	622.102	90.000	48.5815	1.0000	0.0000	6.8000
uR	622.102	90.000	0.0222	1.0000	0.0000	6.8000
E	623.714	90.000	44.7783	3.9822	0.0937	0.0988	0.0000	6.8000
dPolE	623.714	90.000	47.7187	1.0000	0.0000	6.8000
uR	623.714	90.000	0.0225	1.0000	0.0000	6.8000
E	625.325	90.000	44.7121	3.7430	0.0917	0.0960	0.0000	6.8000
dPolE	625.325	90.000	50.1426	1.0000	0.0000	6.8000
uR	625.325	90.000	0.0228	1.0000	0.0000	6.8000
E	626.937	90.000	44.9077	4.0643	0.0986	0.1027	0.0000	6.8000
dPolE	626.937	90.000	46.1226	1.0000	0.0000	6.8000
uR	626.937	90.000	0.0228	1.0000	0.0000	6.8000
E	628.548	90.000	45.1393	3.7947	0.0994	0.1031	0.0000	6.8000
dPolE	628.548	90.000	47.8091	1.0000	0.0000	6.8000
uR	628.548	90.000	0.0224	1.0000	0.0000	6.8000
E	630.160	90.000	44.9548	4.0418	0.0995	0.1029	0.0000	6.8000
dPolE	630.160	90.000	45.9767	1.0000	0.0000	6.8000
uR	630.160	90.000	0.0227	1.0000	0.0000	6.8000
E	631.771	90.000	44.7924	3.6513	0.1049	0.1083	0.0000	6.8000
dPolE	631.771	90.000	47.1820	1.0000	0.0000	6.8000
uR	631.771	90.000	0.0229	1.0000	0.0000	6.8000
E	633.383	90.000	44.8012	3.6385	0.0947	0.0977	0.0000	6.8000
dPolE	633.383	90.000	47.7168	1.0000	0.0000	6.8000
uR	633.383	90.000	0.0230	1.0000	0.0000	6.8000
E	634.994	90.000	44.8510	3.7971	0.1004	0.1036	0.0000	6.8000
dPolE	634.994	90.000	44.1753	1.0000	0.0000	6.8000
uR	634.994	90.000	0.0231	1.0000	0.0000	6.8000
E	636.605	90.000	45.2583	3.3905	0.1006	0.1036	0.0000	6.8000
dPolE	636.605	90.000	46.8953	1.0000	0.0000	6.8000
uR	636.605	90.000	0.0231	1.0000	0.0000	6.8000
E	638.216	90.000	44.9494	3.4970	0.0985	0.1015	0.0000	6.8000
dPolE	638.216	90.000	49.4641	1.0000	0.0000	6.8000
uR	638.216	90.000	0.0229	1.0000	0.0000	6.8000
E	639.827	90.000	44.7558	4.1437	0.1000	0.1031	0.0000	6.8000
dPolE	639.827	90.000	48.5322	1.0000	0.0000	6.8000
uR	639.827	90.000	0.0229	1.0000	0.0000	6.8000
E	641.438	90.000	44.9291	3.7445	0.1034	0.1060	0.0000	6.8000
dPolE	641.438	90.000	49.6673	1.0000	0.0000	6.8000
uR	641.438	90.000	0.0229	1.0000	0.0000	6.8000
E	643.049	90.000	44.8837	3.7661	0.1094	0.1119	0.0000	6.8000
dPolE	643.049	90.000	46.3727	1.0000	0.0000	6.8000
uR	643.049	90.000	0.0227	1.0000	0.0000	6.8000
E	644.660	90.000	44.9221	3.6825	0.1018	0.1036	0.0000	6.8000
dPolE	644.660	90.000	44.7332	1.0000	0.0000	6.8000
uR	644.660	90.000	0.0231	1.0000	0.0000	6.8000
E	646.271	90.000	44.7849	3.4443	0.1042	0.1053	0.0000	6.8000
dPolE	646.271	90.000	48.4311	1.0000	0.0000	6.8000
uR	646.271	90.000	0.0227	1.0000	0.0000	6.8000
E	647.881	90.000	44.9122	3.5801	0.1019	0.1024	0.0000	6.8000
dPolE	647.881	90.000	45.0753	1.0000	0.0000	6.8000
uR	647.881	90.000	0.0228	1.0000	0.0000	6.8000
E	649.492	90.000	44.7974	3.4177	0.1020	0.1017	0.0000	6.8000
dPolE	649.492	90.000	44.4155	1.0000	0.0000	6.8000
uR	649.492	90.000	0.0229	1.0000	0.0000	6.8000
E	651.103	90.000	44.9608	3.3077	0.1072	0.1060	0.0000	6.8000
dPolE	651.103	90.000	44.5673	1.0000	0.0000	6.8000
uR	651.103	90.000	0.0231	1.0000	0.0000	6.8000
E	652.713	90.000	45.2773	3.6685	0.1093	0.1077	0.0000	6.8000
dPolE	652.713	90.000	46.1202	1.0000	0.0000	6.8000
uR	652.713	90.000	0.0236	1.0000	0.0000	6.8000
E	654.323	90.000	44.8184	3.6126	0.1074	0.1051	0.0000	6.8000
dPolE	654.323	90.000	47.0700	1.0000	0.0000	6.8000
uR	654.323	90.000	0.0237	1.0000	0.0000	6.8000
E	655.934	90.000	44.9155	3.5112	0.1120	0.1092	0.0000	6.8000
dPolE	655.934	90.000	45.6332	1.0000	0.0000	6.8000
uR	655.934	90.000	0.0235	1.0000	0.0000	6.8000
E	657.544	90.000	44.9801	3.5956	0.1130	0.1098	0.0000	6.8000
dPolE	657.544	90.000	46.1715	1.0000	0.0000	6.8000
uR	657.544	90.000	0.0231	1.0000	0.0000	6.8000
E	659.154	90.000	44.9738	3.4768	0.1132	0.1097	0.0000	6.8000
dPolE	659.154	90.000	45.9078	1.0000	0.0000	6.8000
uR	659.154	90.000	0.0234	1.0000	0.0000	6.8000
E	660.764	90.000	44.7347	3.5482	0.1112	0.1076	0.0000	6.8000
dPolE	660.764	90.000	44.5604	1.0000	0.0000	6.8000
uR	660.764	90.000	0.0238	1.0000	0.0000	6.8000
E	662.374	90.000	45.0606	3.1881	0.1095	0.1058	0.0000	6.8000
dPolE	662.374	90.000	46.5710	1.0000	0.0000	6.8000
uR	662.374	90.000	0.0231	1.0000	0.0000	6.8000
E	663.984	90.000	44.7847	3.0478	0.1117	0.1078	0.0000	6.8000
dPolE	663.984	90.000	48.2198	1.0000	0.0000	6.8000
uR	663.984	90.000	0.0226	1.0000	0.0000	6.8000
E	665.594	90.000	44.8242	2.9816	0.1073	0.1035	0.0000	6.8000
dPolE	665.594	90.000	49.5427	1.0000	0.0000	6.8000
uR	665.594	90.000	0.0224	1.0000	0.0000	6.8000
E	667.204	90.000	45.0832	3.1322	0.1129	0.1090	0.0000	6.8000
dPolE	667.204	90.000	49.1281	1.0000	0.0000	6.8000
uR	667.204	90.000	0.0219	1.0000	0.0000	6.8000
E	668.813	90.000	44.8377	3.2104	0.1184	0.1140	0.0000	6.8000
dPolE	668.813	90.000	44.5582	1.0000	0.0000	6.8000
uR	668.813	90.000	0.0225	1.0000	0.0000	6.8000
E	670.423	90.000	45.0891	3.1885	0.1078	0.1036	0.0000	6.8000
dPolE	670.423	90.000	45.5649	1.0000	0.0000	6.8000
uR	670.423	90.000	0.0226	1.0000	0.0000	6.8000
E	672.032	90.000	44.7668	3.2745	0.1107	0.1062	0.0000	6.8000
dPolE	672.032	90.000	43.8451	1.0000	0.0000	6.8000
uR	672.032	90.000	0.0229	1.0000	0.0000	6.8000
E	673.642	90.000	44.7258	3.2045	0.1140	0.1090	0.0000	6.8000
dPolE	673.642	90.000	42.7304	1.0000	0.0000	6.8000
uR	673.642	90.000	0.0231	1.0000	0.0000	6.8000
E	675.251	90.000	44.8541	3.1243	0.1052	0.1001	0.0000	6.8000
dPolE	675.251	90.000	45.8845	1.0000	0.0000	6.8000
uR	675.251	90.000	0.0235	1.0000	0.0000	6.8000
E	676.860	90.000	45.0957	3.0854	0.1130	0.1069	0.0000	6.8000
dPolE	676.860	90.000	44.8112	1.0000	0.0000	6.8000
uR	676.860	90.000	0.0233	1.0000	0.0000	6.8000
E	678.469	90.000	45.1213	3.0542	0.1152	0.1083	0.0000	6.8000
dPolE	678.469	90.000	44.2342	1.0000	0.0000	6.8000
uR	678.469	90.000	0.0228	1.0000	0.0000	6.8000
E	680.079	90.000	45.0690	3.1377	0.1168	0.1092	0.0000	6.8000
dPolE	680.079	90.000	44.2043	1.0000	0.0000	6.8000
uR	680.079	90.000	0.0224	1.0000	0.0000	6.8000
E	681.688	90.000	44.8810	3.0191	0.1129	0.1048	0.0000	6.8000
dPolE	681.688	90.000	44.1674	1.0000	0.0000	6.8000
uR	681.688	90.000	0.0228	1.0000	0.0000	6.8000
E	683.296	90.000	44.8359	3.2123	0.1144	0.1055	0.0000	6.8000
dPolE	683.296	90.000	41.8129	1.0000	0.0000	6.8000
uR	683.296	90.000	0.0228	1.0000	0.0000	6.8000
E	684.905	90.000	44.8968	2.9278	0.1117	0.1023	0.0000	6.8000
dPolE	684.905	90.000	38.7912	1.0000	0.0000	6.8000
uR	684.905	90.000	0.0227	1.0000	0.0000	6.8000
E	686.514	90.000	45.0564	2.9622	0.1081	0.0986	0.0000	6.8000
dPolE	686.514	90.000	39.5090	1.0000	0.0000	6.8000
uR	686.514	90.000	0.0224	1.0000	0.0000	6.8000
E	688.123	90.000	44.8186	3.1481	0.1082	0.0984	0.0000	6.8000
dPolE	688.123	90.000	41.8066	1.0000	0.0000	6.8000
uR	688.123	90.000	0.0227	1.0000	0.0000	6.8000
E	689.731	90.000	45.1107	2.9563	0.1098	0.0994	0.0000	6.8000
dPolE	689.731	90.000	37.4681	1.0000	0.0000	6.8000
uR	689.731	90.000	0.0225	1.0000	0.0000	6.8000
E	691.340	90.000	44.9696	2.9004	0.1077	0.0972	0.0000	6.8000
dPolE	691.340	90.000	41.6142	1.0000	0.0000	6.8000
uR	691.340	90.000	0.0229	1.0000	0.0000	6.8000
E	692.948	90.000	44.7131	2.9882	0.1155	0.1041	0.0000	6.8000
dPolE	692.948	90.000	40.0614	1.0000	0.0000	6.8000
uR	692.948	90.000	0.0231	1.0000	0.0000	6.8000
E	694.556	90.000	45.1302	2.7604	0.1191	0.1072	0.0000	6.8000
dPolE	694.556	90.000	43.4323	1.0000	0.0000	6.8000
uR	694.556	90.000	0.0229	1.0000	0.0000	6.8000
E	696.164	90.000	44.9573	3.0885	0.1252	0.1129	0.0000	6.8000
dPolE	696.164	90.000	41.8820	1.0000	0.0000	6.8000
uR	696.164	90.000	0.0233	1.0000	0.0000	6.8000
E	697.772	90.000	44.7753	2.7789	0.1266	0.1139	0.0000	6.8000
dPolE	697.772	90.000	43.0394	1.0000	0.0000	6.8000
uR	697.772	90.000	0.0235	1.0000	0.0000	6.8000
E	699.380	90.000	44.8050	2.8295	0.1218	0.1096	0.0000	6.8000
dPolE	699.380	90.000	43.6690	1.0000	0.0000	6.8000
uR	699.380	90.000	0.0235	1.0000	0.0000	6.8000
E	700.988	90.000	45.1222	2.8832	0.1271	0.1142	0.0000	6.8000
dPolE	700.988	90.000	43.9352	1.0000	0.0000	6.8000
uR	700.988	90.000	0.0231	1.0000	0.0000	6.8000
E	702.596	90.000	44.6391	2.7616	0.1263	0.1132	0.0000	6.8000
dPolE	702.596	90.000	44.3819	1.0000	0.0000	6.8000
uR	702.596	90.000	0.0232	1.0000	0.0000	6.8000
E	704.204	90.000	44.7814	2.6948	0.1293	0.1157	0.0000	6.8000
dPolE	704.204	90.000	44.1528	1.0000	0.0000	6.8000
uR	704.204	90.000	0.0231	1.0000	0.0000	6.8000
E	705.811	90.000	44.9589	2.6824	0.1297	0.1155	0.0000	6.8000
dPolE	705.811	90.000	45.5079	1.0000	0.0000	6.8000
uR	705.811	90.000	0.0232	1.0000	0.0000	6.8000
E	707.419	90.000	44.4043	2.8670	0.1286	0.1145	0.0000	6.8000
dPolE	707.419	90.000	45.9454	1.0000	0.0000	6.8000
uR	707.419	90.000	0.0233	1.0000	0.0000	6.8000
E	709.026	90.000	44.9901	2.9760	0.1292	0.1145	0.0000	6.8000
dPolE	709.026	90.000	40.7611	1.0000	0.0000	6.8000
uR	709.026	90.000	0.0235	1.0000	0.0000	6.8000
E	710.634	90.000	44.6226	2.9937	0.1255	0.1107	0.0000	6.8000
dPolE	710.634	90.000	41.7801	1.0000	0.0000	6.8000
uR	710.634	90.000	0.0240	1.0000	0.0000	6.8000
E	712.241	90.000	45.0680	2.7399	0.1242	0.1090	0.0000	6.8000
dPolE	712.241	90.000	43.9300	1.0000	0.0000	6.8000
uR	712.241	90.000	0.0248	1.0000	0.0000	6.8000
E	713.848	90.000	44.7198	2.5089	0.1431	0.1247	0.0000	6.8000
dPolE	713.848	90.000	44.6424	1.0000	0.0000	6.8000
uR	713.848	90.000	0.0245	1.0000	0.0000	6.8000
E	715.455	90.000	45.4163	2.4003	0.1546	0.1339	0.0000	6.8000
dPolE	715.455	90.000	48.0776	1.0000	0.0000	6.8000
uR	715.455	90.000	0.0216	1.0000	0.0000	6.8000
E	717.062	90.000	44.7529	2.5142	0.1422	0.1226	0.0000	6.8000
dPolE	717.062	90.000	48.6972	1.0000	0.0000	6.8000
uR	717.062	90.000	0.0206	1.0000	0.0000	6.8000
E	718.669	90.000	45.0800	2.5142	0.1379	0.1183	0.0000	6.8000
dPolE	718.669	90.000	44.2748	1.0000	0.0000	6.8000
uR	718.669	90.000	0.0219	1.0000	0.0000	6.8000
E	720.276	90.000	44.8597	2.6325	0.1370	0.1171	0.0000	6.8000
dPolE	720.276	90.000	45.2119	1.0000	0.0000	6.8000
uR	720.276	90.000	0.0239	1.0000	0.0000	6.8000
E	721.882	90.000	45.1565	2.6002	0.1367	0.1163	0.0000	6.8000
dPolE	721.882	90.000	47.1887	1.0000	0.0000	6.8000
uR	721.882	90.000	0.0235	1.0000	0.0000	6.8000
E	723.489	90.000	45.2715	2.6986	0.1420	0.1202	0.0000	6.8000
dPolE	723.489	90.000	42.6574	1.0000	0.0000	6.8000
uR	723.489	90.000	0.0230	1.0000	0.0000	6.8000
E	725.095	90.000	45.3287	2.7607	0.1457	0.1232	0.0000	6.8000
dPolE	725.095	90.000	45.7227	1.0000	0.0000	6.8000
uR	725.095	90.000	0.0235	1.0000	0.0000	6.8000
E	726.701	90.000	45.2536	2.3095	0.1495	0.1258	0.0000	6.8000
dPolE	726.701	90.000	44.0507	1.0000	0.0000	6.8000
uR	726.701	90.000	0.0234	1.0000	0.0000	6.8000
E	728.308	90.000	44.5691	2.4706	0.1400	0.1178	0.0000	6.8000
dPolE	728.308	90.000	45.9792	1.0000	0.0000	6.8000
uR	728.308	90.000	0.0231	1.0000	0.0000	6.8000
E	729.914	90.000	44.9805	2.3477	0.1408	0.1180	0.0000	6.8000
dPolE	729.914	90.000	40.8201	1.0000	0.0000	6.8000
uR	729.914	90.000	0.0231	1.0000	0.0000	6.8000
E	731.520	90.000	45.1371	2.3882	0.1365	0.1145	0.0000	6.8000
dPolE	731.520	90.000	39.6662	1.0000	0.0000	6.8000
uR	731.520	90.000	0.0228	1.0000	0.0000	6.8000
E	733.126	90.000	44.9937	2.5677	0.1311	0.1100	0.0000	6.8000
dPolE	733.126	90.000	40.2276	1.0000	0.0000	6.8000
uR	733.126	90.000	0.0230	1.0000	0.0000	6.8000
E	734.732	90.000	45.2531	2.3169	0.1298	0.1087	0.0000	6.8000
dPolE	734.732	90.000	38.2318	1.0000	0.0000	6.8000
uR	734.732	90.000	0.0232	1.0000	0.0000	6.8000
E	736.337	90.000	45.1179	2.2399	0.1378	0.1154	0.0000	6.8000
dPolE	736.337	90.000	43.9292	1.0000	0.0000	6.8000
uR	736.337	90.000	0.0231	1.0000	0.0000	6.8000
E	737.943	90.000	45.2085	2.5446	0.1447	0.1212	0.0000	6.8000
dPolE	737.943	90.000	42.6036	1.0000	0.0000	6.8000
uR	737.943	90.000	0.0229	1.0000	0.0000	6.8000
E	739.548	90.000	45.0035	2.3313	0.1469	0.1225	0.0000	6.8000
dPolE	739.548	90.000	38.6940	1.0000	0.0000	6.8000
uR	739.548	90.000	0.0228	1.0000	0.0000	6.8000
E	741.154	90.000	44.8834	2.2990	0.1397	0.1165	0.0000	6.8000
dPolE	741.154	90.000	42.0031	1.0000	0.0000	6.8000
uR	741.154	90.000	0.0223	1.0000	0.0000	6.8000
E	742.759	90.000	44.9162	2.3453	0.1358	0.1129	0.0000	6.8000
dPolE	742.759	90.000	40.6978	1.0000	0.0000	6.8000
uR	742.759	90.000	0.0226	1.0000	0.0000	6.8000
E	744.364	90.000	45.0715	2.3020	0.1450	0.1200	0.0000	6.8000
dPolE	744.364	90.000	37.9847	1.0000	0.0000	6.8000
uR	744.364	90.000	0.0231	1.0000	0.0000	6.8000
E	745.969	90.000	45.2292	2.4129	0.1452	0.1198	0.0000	6.8000
dPolE	745.969	90.000	41.7567	1.0000	0.0000	6.8000
uR	745.969	90.000	0.0233	1.0000	0.0000	6.8000
E	747.574	90.000	45.2853	2.3373	0.1423	0.1169	0.0000	6.8000
dPolE	747.574	90.000	39.4126	1.0000	0.0000	6.8000
uR	747.574	90.000	0.0236	1.0000	0.0000	6.8000
E	749.179	90.000	45.0737	2.2939	0.1502	0.1229	0.0000	6.8000
dPolE	749.179	90.000	46.2837	1.0000	0.0000	6.8000
uR	749.179	90.000	0.0225	1.0000	0.0000	6.8000
E	750.784	90.000	45.0793	2.7177	0.1532	0.1249	0.0000	6.8000
dPolE	750.784	90.000	39.2621	1.0000	0.0000	6.8000
uR	750.784	90.000	0.0230	1.0000	0.0000	6.8000
E	752.388	90.000	44.8162	2.0258	0.1607	0.1300	0.0000	6.8000
dPolE	752.388	90.000	42.0378	1.0000	0.0000	6.8000
uR	752.388	90.000	0.0236	1.0000	0.0000	6.8000
E	753.993	90.000	45.3006	2.2915	0.1523	0.1227	0.0000	6.8000
dPolE	753.993	90.000	41.1568	1.0000	0.0000	6.8000
uR	753.993	90.000	0.0240	1.0000	0.0000	6.8000
E	755.597	90.000	45.0668	2.3871	0.1489	0.1194	0.0000	6.8000
dPolE	755.597	90.000	40.0002	1.0000	0.0000	6.8000
uR	755.597	90.000	0.0241	1.0000	0.0000	6.8000
E	757.202	90.000	44.8397	1.9550	0.1542	0.1231	0.0000	6.8000
dPolE	757.202	90.000	41.9377	1.0000	0.0000	6.8000
uR	757.202	90.000	0.0232	1.0000	0.0000	6.8000
E	758.806	90.000	45.3480	2.4152	0.1620	0.1287	0.0000	6.8000
dPolE	758.806	90.000	44.7160	1.0000	0.0000	6.8000
uR	758.806	90.000	0.0220	1.0000	0.0000	6.8000
E	760.410	90.000	44.8164	2.1707	0.1532	0.1213	0.0000	6.8000
dPolE	760.410	90.000	39.0671	1.0000	0.0000	6.8000
uR	760.410	90.000	0.0224	1.0000	0.0000	6.8000
E	762.014	90.000	45.2336	1.9096	0.1351	0.1062	0.0000	6.8000
dPolE	762.014	90.000	38.8269	1.0000	0.0000	6.8000
uR	762.014	90.000	0.0223	1.0000	0.0000	6.8000
E	763.618	90.000	45.1179	2.1245	0.1281	0.1006	0.0000	6.8000
dPolE	763.618	90.000	29.1431	1.0000	0.0000	6.8000
uR	763.618	90.000	0.0235	1.0000	0.0000	6.8000
E	765.221	90.000	45.0286	2.1758	0.1054	0.0826	0.0000	6.8000
dPolE	765.221	90.000	32.3432	1.0000	0.0000	6.8000
uR	765.221	90.000	0.0230	1.0000	0.0000	6.8000
E	766.825	90.000	44.8273	2.2472	0.1172	0.0917	0.0000	6.8000
dPolE	766.825	90.000	32.9028	1.0000	0.0000	6.8000
uR	766.825	90.000	0.0226	1.0000	0.0000	6.8000
E	768.429	90.000	45.2570	2.3853	0.1461	0.1141	0.0000	6.8000
dPolE	768.429	90.000	37.7449	1.0000	0.0000	6.8000
uR	768.429	90.000	0.0224	1.0000	0.0000	6.8000
E	770.032	90.000	45.2405	2.1002	0.1606	0.1253	0.0000	6.8000
dPolE	770.032	90.000	45.0523	1.0000	0.0000	6.8000
uR	770.032	90.000	0.0225	1.0000	0.0000	6.8000
E	771.635	90.000	45.3003	2.0629	0.1714	0.1336	0.0000	6.8000
dPolE	771.635	90.000	42.6946	1.0000	0.0000	6.8000
uR	771.635	90.000	0.0228	1.0000	0.0000	6.8000
E	773.238	90.000	44.9958	1.9746	0.1730	0.1347	0.0000	6.8000
dPolE	773.238	90.000	41.5155	1.0000	0.0000	6.8000
uR	773.238	90.000	0.0244	1.0000	0.0000	6.8000
E	774.841	90.000	45.4025	1.8619	0.1825	0.1421	0.0000	6.8000
dPolE	774.841	90.000	45.2256	1.0000	0.0000	6.8000
uR	774.841	90.000	0.0246	1.0000	0.0000	6.8000
E	776.444	90.000	44.7963	1.8474	0.1882	0.1463	0.0000	6.8000
dPolE	776.444	90.000	49.7627	1.0000	0.0000	6.8000
uR	776.444	90.000	0.0251	1.0000	0.0000	6.8000
E	778.047	90.000	45.1581	2.5671	0.1956	0.1519	0.0000	6.8000
dPolE	778.047	90.000	50.5177	1.0000	0.0000	6.8000
uR	778.047	90.000	0.0242	1.0000	0.0000	6.8000
E	779.650	90.000	44.5899	1.7700	0.1951	0.1510	0.0000	6.8000
dPolE	779.650	90.000	52.0369	1.0000	0.0000	6.8000
uR	779.650	90.000	0.0241	1.0000	0.0000	6.8000
E	781.252	90.000	45.2882	2.0282	0.2044	0.1585	0.0000	6.8000
dPolE	781.252	90.000	48.1757	1.0000	0.0000	6.8000
uR	781.252	90.000	0.0241	1.0000	0.0000	6.8000
E	782.855	90.000	45.0151	2.3850	0.1894	0.1466	0.0000	6.8000
dPolE	782.855	90.000	53.7845	1.0000	0.0000	6.8000
uR	782.855	90.000	0.0246	1.0000	0.0000	6.8000
E	784.457	90.000	44.5951	1.9975	0.2009	0.1552	0.0000	6.8000
dPolE	784.457	90.000	47.4165	1.0000	0.0000	6.8000
uR	784.457	90.000	0.0253	1.0000	0.0000	6.8000
E	786.059	90.000	44.8929	1.7489	0.1969	0.1514	0.0000	6.8000
dPolE	786.059	90.000	48.2746	1.0000	0.0000	6.8000
uR	786.059	90.000	0.0245	1.0000	0.0000	6.8000
E	787.661	90.000	44.7702	2.2472	0.1930	0.1476	0.0000	6.8000
dPolE	787.661	90.000	48.9534	1.0000	0.0000	6.8000
uR	787.661	90.000	0.0229	1.0000	0.0000	6.8000
E	789.263	90.000	45.1882	1.8745	0.1782	0.1361	0.0000	6.8000
dPolE	789.263	90.000	47.4636	1.0000	0.0000	6.8000
uR	789.263	90.000	0.0226	1.0000	0.0000	6.8000
E	790.865	90.000	45.0599	2.0736	0.1729	0.1315	0.0000	6.8000
dPolE	790.865	90.000	44.9941	1.0000	0.0000	6.8000
uR	790.865	90.000	0.0218	1.0000	0.0000	6.8000
E	792.467	90.000	44.3888	1.9928	0.1936	0.1469	0.0000	6.8000
dPolE	792.467	90.000	46.4494	1.0000	0.0000	6.8000
uR	792.467	90.000	0.0216	1.0000	0.0000	6.8000
E	794.068	90.000	44.6104	2.2537	0.1808	0.1364	0.0000	6.8000
dPolE	794.068	90.000	47.1350	1.0000	0.0000	6.8000
uR	794.068	90.000	0.0233	1.0000	0.0000	6.8000
E	795.670	90.000	44.4609	1.6260	0.1908	0.1431	0.0000	6.8000
dPolE	795.670	90.000	48.7643	1.0000	0.0000	6.8000
uR	795.670	90.000	0.0231	1.0000	0.0000	6.8000
E	797.271	90.000	44.7650	2.0026	0.1833	0.1372	0.0000	6.8000
dPolE	797.271	90.000	44.1322	1.0000	0.0000	6.8000
uR	797.271	90.000	0.0244	1.0000	0.0000	6.8000
E	798.872	90.000	45.2298	2.4210	0.1793	0.1338	0.0000	6.8000
dPolE	798.872	90.000	38.0469	1.0000	0.0000	6.8000
uR	798.872	90.000	0.0244	1.0000	0.0000	6.8000
E	800.473	90.000	45.4770	1.9173	0.1790	0.1330	0.0000	6.8000
dPolE	800.473	90.000	41.5994	1.0000	0.0000	6.8000
uR	800.473	90.000	0.0243	1.0000	0.0000	6.8000
E	802.074	90.000	44.5293	1.8990	0.1896	0.1401	0.0000	6.8000
dPolE	802.074	90.000	41.9768	1.0000	0.0000	6.8000
uR	802.074	90.000	0.0241	1.0000	0.0000	6.8000
E	803.675	90.000	45.2061	2.2475	0.1865	0.1370	0.0000	6.8000
dPolE	803.675	90.000	46.7571	1.0000	0.0000	6.8000
uR	803.675	90.000	0.0251	1.0000	0.0000	6.8000
E	805.276	90.000	44.6364	2.1681	0.1894	0.1387	0.0000	6.8000
dPolE	805.276	90.000	45.9665	1.0000	0.0000	6.8000
uR	805.276	90.000	0.0246	1.0000	0.0000	6.8000
E	806.876	90.000	45.0340	2.1692	0.1906	0.1395	0.0000	6.8000
dPolE	806.876	90.000	46.5368	1.0000	0.0000	6.8000
uR	806.876	90.000	0.0239	1.0000	0.0000	6.8000
E	808.477	90.000	45.2124	1.8309	0.1952	0.1424	0.0000	6.8000
dPolE	808.477	90.000	43.2348	1.0000	0.0000	6.8000
uR	808.477	90.000	0.0235	1.0000	0.0000	6.8000
E	810.077	90.000	45.1090	1.8357	0.1914	0.1391	0.0000	6.8000
dPolE	810.077	90.000	40.4361	1.0000	0.0000	6.8000
uR	810.077	90.000	0.0248	1.0000	0.0000	6.8000
E	811.677	90.000	45.2389	1.7218	0.1975	0.1432	0.0000	6.8000
dPolE	811.677	90.000	42.0174	1.0000	0.0000	6.8000
uR	811.677	90.000	0.0255	1.0000	0.0000	6.8000
E	813.277	90.000	45.0250	1.5799	0.1814	0.1315	0.0000	6.8000
dPolE	813.277	90.000	42.6107	1.0000	0.0000	6.8000
uR	813.277	90.000	0.0240	1.0000	0.0000	6.8000
E	814.877	90.000	44.9018	2.0009	0.1845	0.1337	0.0000	6.8000
dPolE	814.877	90.000	42.0878	1.0000	0.0000	6.8000
uR	814.877	90.000	0.0233	1.0000	0.0000	6.8000
E	816.477	90.000	45.2967	1.6036	0.1782	0.1287	0.0000	6.8000
dPolE	816.477	90.000	36.4172	1.0000	0.0000	6.8000
uR	816.477	90.000	0.0233	1.0000	0.0000	6.8000
E	818.077	90.000	45.2534	1.7537	0.1592	0.1152	0.0000	6.8000
dPolE	818.077	90.000	33.6041	1.0000	0.0000	6.8000
uR	818.077	90.000	0.0215	1.0000	0.0000	6.8000
E	819.676	90.000	44.8512	1.8294	0.1162	0.0840	0.0000	6.8000
dPolE	819.676	90.000	25.6963	1.0000	0.0000	6.8000
uR	819.676	90.000	0.0195	1.0000	0.0000	6.8000
E	821.276	90.000	44.8733	1.8062	0.0724	0.0523	0.0000	6.8000
dPolE	821.276	90.000	12.9464	1.0000	0.0000	6.8000
uR	821.276	90.000	0.0204	1.0000	0.0000	6.8000
E	822.875	90.000	45.0795	1.7546	0.0535	0.0386	0.0000	6.8000
dPolE	822.875	90.000	7.5083	1.0000	0.0000	6.8000
uR	822.875	90.000	0.0228	1.0000	0.0000	6.8000
E	824.474	90.000	44.9446	1.7165	0.0442	0.0318	0.0000	6.8000
dPolE	824.474	90.000	3.6259	1.0000	0.0000	6.8000
uR	824.474	90.000	0.0239	1.0000	0.0000	6.8000
E	826.073	90.000	44.8610	1.7479	0.0505	0.0363	0.0000	6.8000
dPolE	826.073	90.000	4.6251	1.0000	0.0000	6.8000
uR	826.073	90.000	0.0227	1.0000	0.0000	6.8000
E	827.672	90.000	44.7499	1.7238	0.0582	0.0418	0.0000	6.8000
dPolE	827.672	90.000	9.0390	1.0000	0.0000	6.8000
uR	827.672	90.000	0.0222	1.0000	0.0000	6.8000
E	829.271	90.000	44.9684	1.8482	0.0662	0.0475	0.0000	6.8000
dPolE	829.271	90.000	11.7758	1.0000	0.0000	6.8000
uR	829.271	90.000	0.0229	1.0000	0.0000	6.8000
E	830.869	90.000	44.8019	1.7216	0.0865	0.0619	0.0000	6.8000
dPolE	830.869	90.000	19.0470	1.0000	0.0000	6.8000
uR	830.869	90.000	0.0214	1.0000	0.0000	6.8000
E	832.468	90.000	44.9553	1.6206	0.1066	0.0761	0.0000	6.8000
dPolE	832.468	90.000	26.9842	1.0000	0.0000	6.8000
uR	832.468	90.000	0.0203	1.0000	0.0000	6.8000
E	834.066	90.000	45.0189	1.7600	0.1008	0.0718	0.0000	6.8000
dPolE	834.066	90.000	23.0957	1.0000	0.0000	6.8000
uR	834.066	90.000	0.0215	1.0000	0.0000	6.8000
E	835.664	90.000	45.0970	1.8194	0.0978	0.0695	0.0000	6.8000
dPolE	835.664	90.000	20.0449	1.0000	0.0000	6.8000
uR	835.664	90.000	0.0225	1.0000	0.0000	6.8000
E	837.262	90.000	44.9682	1.6560	0.1086	0.0768	0.0000	6.8000
dPolE	837.262	90.000	22.8881	1.0000	0.0000	6.8000
uR	837.262	90.000	0.0236	1.0000	0.0000	6.8000
E	838.860	90.000	44.8435	1.7297	0.1303	0.0918	0.0000	6.8000
dPolE	838.860	90.000	33.8425	1.0000	0.0000	6.8000
uR	838.860	90.000	0.0229	1.0000	0.0000	6.8000
E	840.458	90.000	44.8544	1.6599	0.1354	0.0948	0.0000	6.8000
dPolE	840.458	90.000	41.6647	1.0000	0.0000	6.8000
uR	840.458	90.000	0.0237	1.0000	0.0000	6.8000
E	842.055	90.000	45.0865	1.6059	0.1349	0.0944	0.0000	6.8000
dPolE	842.055	90.000	42.1378	1.0000	0.0000	6.8000
uR	842.055	90.000	0.0252	1.0000	0.0000	6.8000
E	843.653	90.000	45.6860	1.7693	0.1665	0.1163	0.0000	6.8000
dPolE	843.653	90.000	46.1628	1.0000	0.0000	6.8000
uR	843.653	90.000	0.0232	1.0000	0.0000	6.8000
E	845.250	90.000	44.9491	2.3482	0.2013	0.1399	0.0000	6.8000
dPolE	845.250	90.000	52.6831	1.0000	0.0000	6.8000
uR	845.250	90.000	0.0235	1.0000	0.0000	6.8000
E	846.847	90.000	44.2729	2.0285	0.2334	0.1614	0.0000	6.8000
dPolE	846.847	90.000	53.6506	1.0000	0.0000	6.8000
uR	846.847	90.000	0.0246	1.0000	0.0000	6.8000
E	848.444	90.000	44.7004	2.2043	0.2554	0.1761	0.0000	6.8000
dPolE	848.444	90.000	59.3370	1.0000	0.0000	6.8000
uR	848.444	90.000	0.0257	1.0000	0.0000	6.8000
E	850.041	90.000	44.8730	1.7443	0.2548	0.1745	0.0000	6.8000
dPolE	850.041	90.000	64.2822	1.0000	0.0000	6.8000
uR	850.041	90.000	0.0258	1.0000	0.0000	6.8000
E	851.638	90.000	44.7833	1.6625	0.2701	0.1843	0.0000	6.8000
dPolE	851.638	90.000	64.3105	1.0000	0.0000	6.8000
uR	851.638	90.000	0.0251	1.0000	0.0000	6.8000
E	853.234	90.000	44.1132	1.4321	0.2724	0.1851	0.0000	6.8000
dPolE	853.234	90.000	60.3339	1.0000	0.0000	6.8000
uR	853.234	90.000	0.0263	1.0000	0.0000	6.8000
E	854.831	90.000	45.0352	1.7686	0.2850	0.1927	0.0000	6.8000
dPolE	854.831	90.000	58.5958	1.0000	0.0000	6.8000
uR	854.831	90.000	0.0244	1.0000	0.0000	6.8000
E	856.427	90.000	44.9216	1.6702	0.2677	0.1811	0.0000	6.8000
dPolE	856.427	90.000	65.3495	1.0000	0.0000	6.8000
uR	856.427	90.000	0.0224	1.0000	0.0000	6.8000
E	858.023	90.000	45.3293	2.0801	0.2881	0.1947	0.0000	6.8000
dPolE	858.023	90.000	56.6331	1.0000	0.0000	6.8000
uR	858.023	90.000	0.0241	1.0000	0.0000	6.8000
E	859.619	90.000	44.7362	1.4464	0.2673	0.1794	0.0000	6.8000
dPolE	859.619	90.000	56.7412	1.0000	0.0000	6.8000
uR	859.619	90.000	0.0238	1.0000	0.0000	6.8000
E	861.215	90.000	45.2612	1.8663	0.2601	0.1748	0.0000	6.8000
dPolE	861.215	90.000	56.5232	1.0000	0.0000	6.8000
uR	861.215	90.000	0.0235	1.0000	0.0000	6.8000
E	862.811	90.000	45.0387	1.3997	0.2579	0.1729	0.0000	6.8000
dPolE	862.811	90.000	49.9487	1.0000	0.0000	6.8000
uR	862.811	90.000	0.0248	1.0000	0.0000	6.8000
E	864.407	90.000	45.5750	1.5707	0.2389	0.1599	0.0000	6.8000
dPolE	864.407	90.000	55.2205	1.0000	0.0000	6.8000
uR	864.407	90.000	0.0240	1.0000	0.0000	6.8000
E	866.002	90.000	44.7848	1.3643	0.2349	0.1570	0.0000	6.8000
dPolE	866.002	90.000	49.8058	1.0000	0.0000	6.8000
uR	866.002	90.000	0.0246	1.0000	0.0000	6.8000
E	867.597	90.000	44.0202	1.7171	0.2205	0.1477	0.0000	6.8000
dPolE	867.597	90.000	42.7675	1.0000	0.0000	6.8000
uR	867.597	90.000	0.0250	1.0000	0.0000	6.8000
E	869.192	90.000	45.2541	1.9126	0.2248	0.1504	0.0000	6.8000
dPolE	869.192	90.000	39.2966	1.0000	0.0000	6.8000
uR	869.192	90.000	0.0244	1.0000	0.0000	6.8000
E	870.787	90.000	44.8731	1.7085	0.2060	0.1377	0.0000	6.8000
dPolE	870.787	90.000	37.9107	1.0000	0.0000	6.8000
uR	870.787	90.000	0.0243	1.0000	0.0000	6.8000
E	872.382	90.000	45.0671	1.2557	0.1944	0.1295	0.0000	6.8000
dPolE	872.382	90.000	34.2830	1.0000	0.0000	6.8000
uR	872.382	90.000	0.0235	1.0000	0.0000	6.8000
E	873.977	90.000	45.3982	1.8338	0.1856	0.1241	0.0000	6.8000
dPolE	873.977	90.000	31.8914	1.0000	0.0000	6.8000
uR	873.977	90.000	0.0232	1.0000	0.0000	6.8000
E	875.571	90.000	45.7504	1.6500	0.1592	0.1063	0.0000	6.8000
dPolE	875.571	90.000	33.2994	1.0000	0.0000	6.8000
uR	875.571	90.000	0.0221	1.0000	0.0000	6.8000
E	877.166	90.000	44.7696	1.5900	0.1321	0.0881	0.0000	6.8000
dPolE	877.166	90.000	32.5945	1.0000	0.0000	6.8000
uR	877.166	90.000	0.0208	1.0000	0.0000	6.8000
E	878.760	90.000	45.1002	1.6422	0.0966	0.0644	0.0000	6.8000
dPolE	878.760	90.000	18.3412	1.0000	0.0000	6.8000
uR	878.760	90.000	0.0201	1.0000	0.0000	6.8000
E	880.354	90.000	44.7576	1.3989	0.0687	0.0456	0.0000	6.8000
dPolE	880.354	90.000	9.6183	1.0000	0.0000	6.8000
uR	880.354	90.000	0.0209	1.0000	0.0000	6.8000
E	881.948	90.000	44.9023	1.4384	0.0541	0.0358	0.0000	6.8000
dPolE	881.948	90.000	6.3272	1.0000	0.0000	6.8000
uR	881.948	90.000	0.0230	1.0000	0.0000	6.8000
E	883.542	90.000	44.9826	1.4372	0.0527	0.0348	0.0000	6.8000
dPolE	883.542	90.000	3.8142	1.0000	0.0000	6.8000
uR	883.542	90.000	0.0242	1.0000	0.0000	6.8000
E	885.135	90.000	44.7766	1.4485	0.0577	0.0381	0.0000	6.8000
dPolE	885.135	90.000	5.6087	1.0000	0.0000	6.8000
uR	885.135	90.000	0.0235	1.0000	0.0000	6.8000
E	886.729	90.000	45.0554	1.3829	0.0778	0.0512	0.0000	6.8000
dPolE	886.729	90.000	10.6941	1.0000	0.0000	6.8000
uR	886.729	90.000	0.0225	1.0000	0.0000	6.8000
E	888.322	90.000	44.9892	1.6551	0.0963	0.0633	0.0000	6.8000
dPolE	888.322	90.000	20.8270	1.0000	0.0000	6.8000
uR	888.322	90.000	0.0223	1.0000	0.0000	6.8000
E	889.915	90.000	44.6731	1.4618	0.1157	0.0758	0.0000	6.8000
dPolE	889.915	90.000	23.6231	1.0000	0.0000	6.8000
uR	889.915	90.000	0.0220	1.0000	0.0000	6.8000
E	891.508	90.000	44.6516	1.7493	0.1194	0.0779	0.0000	6.8000
dPolE	891.508	90.000	24.6007	1.0000	0.0000	6.8000
uR	891.508	90.000	0.0223	1.0000	0.0000	6.8000
E	893.101	90.000	44.8729	1.3217	0.1083	0.0704	0.0000	6.8000
dPolE	893.101	90.000	23.4238	1.0000	0.0000	6.8000
uR	893.101	90.000	0.0217	1.0000	0.0000	6.8000
E	894.694	90.000	45.1482	1.3628	0.0949	0.0614	0.0000	6.8000
dPolE	894.694	90.000	15.4522	1.0000	0.0000	6.8000
uR	894.694	90.000	0.0238	1.0000	0.0000	6.8000
E	896.286	90.000	44.9771	1.4957	0.0928	0.0598	0.0000	6.8000
dPolE	896.286	90.000	16.3536	1.0000	0.0000	6.8000
uR	896.286	90.000	0.0237	1.0000	0.0000	6.8000
E	897.879	90.000	44.8863	1.4268	0.0993	0.0638	0.0000	6.8000
dPolE	897.879	90.000	16.3827	1.0000	0.0000	6.8000
uR	897.879	90.000	0.0233	1.0000	0.0000	6.8000
E	899.471	90.000	45.0078	1.5062	0.1111	0.0711	0.0000	6.8000
dPolE	899.471	90.000	21.9374	1.0000	0.0000	6.8000
uR	899.471	90.000	0.0226	1.0000	0.0000	6.8000
E	901.063	90.000	45.1205	1.7118	0.1181	0.0753	0.0000	6.8000
dPolE	901.063	90.000	20.6874	1.0000	0.0000	6.8000
uR	901.063	90.000	0.0222	1.0000	0.0000	6.8000
E	902.655	90.000	45.0702	1.3777	0.1109	0.0705	0.0000	6.8000
dPolE	902.655	90.000	16.6154	1.0000	0.0000	6.8000
uR	902.655	90.000	0.0233	1.0000	0.0000	6.8000
E	904.247	90.000	44.8981	1.2759	0.0996	0.0630	0.0000	6.8000
dPolE	904.247	90.000	14.7733	1.0000	0.0000	6.8000
uR	904.247	90.000	0.0244	1.0000	0.0000	6.8000
E	905.838	90.000	45.0154	1.3550	0.0962	0.0608	0.0000	6.8000
dPolE	905.838	90.000	19.2209	1.0000	0.0000	6.8000
uR	905.838	90.000	0.0238	1.0000	0.0000	6.8000
E	907.429	90.000	44.8480	1.4407	0.1087	0.0685	0.0000	6.8000
dPolE	907.429	90.000	20.1791	1.0000	0.0000	6.8000
uR	907.429	90.000	0.0231	1.0000	0.0000	6.8000
E	909.021	90.000	45.2492	1.4185	0.1375	0.0865	0.0000	6.8000
dPolE	909.021	90.000	27.6036	1.0000	0.0000	6.8000
uR	909.021	90.000	0.0208	1.0000	0.0000	6.8000
E	910.612	90.000	45.1259	1.3330	0.1586	0.0991	0.0000	6.8000
dPolE	910.612	90.000	30.3890	1.0000	0.0000	6.8000
uR	910.612	90.000	0.0208	1.0000	0.0000	6.8000
E	912.203	90.000	44.4892	1.5167	0.1470	0.0919	0.0000	6.8000
dPolE	912.203	90.000	30.9280	1.0000	0.0000	6.8000
uR	912.203	90.000	0.0207	1.0000	0.0000	6.8000
E	913.793	90.000	45.2751	1.4115	0.1160	0.0722	0.0000	6.8000
dPolE	913.793	90.000	19.8351	1.0000	0.0000	6.8000
uR	913.793	90.000	0.0216	1.0000	0.0000	6.8000
E	915.384	90.000	45.1840	1.3181	0.0907	0.0564	0.0000	6.8000
dPolE	915.384	90.000	12.2296	1.0000	0.0000	6.8000
uR	915.384	90.000	0.0228	1.0000	0.0000	6.8000
E	916.974	90.000	44.7619	1.3445	0.0815	0.0506	0.0000	6.8000
dPolE	916.974	90.000	13.6201	1.0000	0.0000	6.8000
uR	916.974	90.000	0.0232	1.0000	0.0000	6.8000
E	918.565	90.000	45.0112	1.3515	0.0904	0.0560	0.0000	6.8000
dPolE	918.565	90.000	14.6124	1.0000	0.0000	6.8000
uR	918.565	90.000	0.0230	1.0000	0.0000	6.8000
E	920.155	90.000	44.9499	1.3672	0.1135	0.0703	0.0000	6.8000
dPolE	920.155	90.000	21.6932	1.0000	0.0000	6.8000
uR	920.155	90.000	0.0216	1.0000	0.0000	6.8000
E	921.745	90.000	44.8146	1.5091	0.1356	0.0838	0.0000	6.8000
dPolE	921.745	90.000	25.2383	1.0000	0.0000	6.8000
uR	921.745	90.000	0.0221	1.0000	0.0000	6.8000
E	923.334	90.000	44.9244	1.2450	0.1587	0.0980	0.0000	6.8000
dPolE	923.334	90.000	31.7333	1.0000	0.0000	6.8000
uR	923.334	90.000	0.0230	1.0000	0.0000	6.8000
E	924.924	90.000	44.7100	1.2265	0.1920	0.1183	0.0000	6.8000
dPolE	924.924	90.000	41.2934	1.0000	0.0000	6.8000
uR	924.924	90.000	0.0218	1.0000	0.0000	6.8000
E	926.513	90.000	44.9810	1.2552	0.2030	0.1249	0.0000	6.8000
dPolE	926.513	90.000	47.2142	1.0000	0.0000	6.8000
uR	926.513	90.000	0.0226	1.0000	0.0000	6.8000
E	928.103	90.000	44.4519	1.6064	0.2393	0.1474	0.0000	6.8000
dPolE	928.103	90.000	41.7917	1.0000	0.0000	6.8000
uR	928.103	90.000	0.0232	1.0000	0.0000	6.8000
E	929.692	90.000	45.0439	1.1756	0.2420	0.1484	0.0000	6.8000
dPolE	929.692	90.000	44.0278	1.0000	0.0000	6.8000
uR	929.692	90.000	0.0240	1.0000	0.0000	6.8000
E	931.280	90.000	44.7490	1.4094	0.2540	0.1564	0.0000	6.8000
dPolE	931.280	90.000	41.2524	1.0000	0.0000	6.8000
uR	931.280	90.000	0.0248	1.0000	0.0000	6.8000
E	932.869	90.000	45.2660	1.3187	0.2528	0.1553	0.0000	6.8000
dPolE	932.869	90.000	38.9444	1.0000	0.0000	6.8000
uR	932.869	90.000	0.0247	1.0000	0.0000	6.8000
E	934.458	90.000	44.8823	1.3431	0.2417	0.1479	0.0000	6.8000
dPolE	934.458	90.000	42.8816	1.0000	0.0000	6.8000
uR	934.458	90.000	0.0250	1.0000	0.0000	6.8000
E	936.046	90.000	45.0340	1.2753	0.2280	0.1396	0.0000	6.8000
dPolE	936.046	90.000	41.3662	1.0000	0.0000	6.8000
uR	936.046	90.000	0.0249	1.0000	0.0000	6.8000
E	937.634	90.000	45.0201	1.3721	0.2269	0.1389	0.0000	6.8000
dPolE	937.634	90.000	34.2707	1.0000	0.0000	6.8000
uR	937.634	90.000	0.0248	1.0000	0.0000	6.8000
E	939.222	90.000	44.8956	1.2950	0.2062	0.1261	0.0000	6.8000
dPolE	939.222	90.000	39.9408	1.0000	0.0000	6.8000
uR	939.222	90.000	0.0245	1.0000	0.0000	6.8000
E	940.810	90.000	44.7002	1.3891	0.2318	0.1406	0.0000	6.8000
dPolE	940.810	90.000	42.0309	1.0000	0.0000	6.8000
uR	940.810	90.000	0.0237	1.0000	0.0000	6.8000
E	942.398	90.000	45.4085	0.9045	0.2566	0.1550	0.0000	6.8000
dPolE	942.398	90.000	44.1078	1.0000	0.0000	6.8000
uR	942.398	90.000	0.0232	1.0000	0.0000	6.8000
E	943.985	90.000	44.6567	1.0843	0.2709	0.1647	0.0000	6.8000
dPolE	943.985	90.000	38.8330	1.0000	0.0000	6.8000
uR	943.985	90.000	0.0244	1.0000	0.0000	6.8000
E	945.573	90.000	44.9002	1.0538	0.2630	0.1595	0.0000	6.8000
dPolE	945.573	90.000	45.3082	1.0000	0.0000	6.8000
uR	945.573	90.000	0.0241	1.0000	0.0000	6.8000
E	947.160	90.000	45.3035	1.4129	0.2563	0.1554	0.0000	6.8000
dPolE	947.160	90.000	36.9184	1.0000	0.0000	6.8000
uR	947.160	90.000	0.0236	1.0000	0.0000	6.8000
E	948.747	90.000	44.9138	1.3509	0.2453	0.1479	0.0000	6.8000
dPolE	948.747	90.000	40.7200	1.0000	0.0000	6.8000
uR	948.747	90.000	0.0245	1.0000	0.0000	6.8000
E	950.334	90.000	45.1945	1.3704	0.2426	0.1463	0.0000	6.8000
dPolE	950.334	90.000	36.7879	1.0000	0.0000	6.8000
uR	950.334	90.000	0.0254	1.0000	0.0000	6.8000
E	951.920	90.000	45.2304	1.1891	0.2339	0.1402	0.0000	6.8000
dPolE	951.920	90.000	40.4919	1.0000	0.0000	6.8000
uR	951.920	90.000	0.0236	1.0000	0.0000	6.8000
E	953.507	90.000	44.6536	1.0817	0.2405	0.1437	0.0000	6.8000
dPolE	953.507	90.000	39.4045	1.0000	0.0000	6.8000
uR	953.507	90.000	0.0250	1.0000	0.0000	6.8000
E	955.093	90.000	44.9711	1.4528	0.2648	0.1575	0.0000	6.8000
dPolE	955.093	90.000	38.1378	1.0000	0.0000	6.8000
uR	955.093	90.000	0.0250	1.0000	0.0000	6.8000
E	956.679	90.000	45.4479	1.2978	0.2855	0.1703	0.0000	6.8000
dPolE	956.679	90.000	41.4470	1.0000	0.0000	6.8000
uR	956.679	90.000	0.0254	1.0000	0.0000	6.8000
E	958.265	90.000	44.8349	1.6526	0.3197	0.1900	0.0000	6.8000
dPolE	958.265	90.000	50.0269	1.0000	0.0000	6.8000
uR	958.265	90.000	0.0250	1.0000	0.0000	6.8000
E	959.851	90.000	45.5769	1.4387	0.3349	0.1978	0.0000	6.8000
dPolE	959.851	90.000	56.4956	1.0000	0.0000	6.8000
uR	959.851	90.000	0.0236	1.0000	0.0000	6.8000
E	961.436	90.000	44.8455	1.7350	0.3355	0.1979	0.0000	6.8000
dPolE	961.436	90.000	63.8051	1.0000	0.0000	6.8000
uR	961.436	90.000	0.0235	1.0000	0.0000	6.8000
E	963.022	90.000	45.1000	1.0871	0.3468	0.2039	0.0000	6.8000
dPolE	963.022	90.000	62.2131	1.0000	0.0000	6.8000
uR	963.022	90.000	0.0234	1.0000	0.0000	6.8000
E	964.607	90.000	44.5433	0.6913	0.3419	0.1999	0.0000	6.8000
dPolE	964.607	90.000	59.3129	1.0000	0.0000	6.8000
uR	964.607	90.000	0.0227	1.0000	0.0000	6.8000
E	966.192	90.000	44.4330	0.5243	0.3149	0.1836	0.0000	6.8000
dPolE	966.192	90.000	59.5160	1.0000	0.0000	6.8000
uR	966.192	90.000	0.0228	1.0000	0.0000	6.8000
E	967.777	90.000	44.3744	1.2416	0.3013	0.1750	0.0000	6.8000
dPolE	967.777	90.000	51.7863	1.0000	0.0000	6.8000
uR	967.777	90.000	0.0234	1.0000	0.0000	6.8000
E	969.361	90.000	45.1552	1.4976	0.2770	0.1609	0.0000	6.8000
dPolE	969.361	90.000	39.4403	1.0000	0.0000	6.8000
uR	969.361	90.000	0.0243	1.0000	0.0000	6.8000
E	970.946	90.000	44.7766	1.1842	0.2632	0.1520	0.0000	6.8000
dPolE	970.946	90.000	42.9329	1.0000	0.0000	6.8000
uR	970.946	90.000	0.0234	1.0000	0.0000	6.8000
E	972.530	90.000	44.8546	1.1551	0.2414	0.1394	0.0000	6.8000
dPolE	972.530	90.000	40.7223	1.0000	0.0000	6.8000
uR	972.530	90.000	0.0238	1.0000	0.0000	6.8000
E	974.114	90.000	44.5627	0.8576	0.2223	0.1281	0.0000	6.8000
dPolE	974.114	90.000	33.9276	1.0000	0.0000	6.8000
uR	974.114	90.000	0.0230	1.0000	0.0000	6.8000
E	975.698	90.000	44.9159	1.1705	0.2187	0.1255	0.0000	6.8000
dPolE	975.698	90.000	31.9616	1.0000	0.0000	6.8000
uR	975.698	90.000	0.0214	1.0000	0.0000	6.8000
E	977.282	90.000	44.4169	1.0345	0.1682	0.0963	0.0000	6.8000
dPolE	977.282	90.000	27.3599	1.0000	0.0000	6.8000
uR	977.282	90.000	0.0232	1.0000	0.0000	6.8000
E	978.865	90.000	44.8536	1.0914	0.1478	0.0842	0.0000	6.8000
dPolE	978.865	90.000	20.8375	1.0000	0.0000	6.8000
uR	978.865	90.000	0.0237	1.0000	0.0000	6.8000
E	980.449	90.000	45.1321	1.2129	0.1457	0.0831	0.0000	6.8000
dPolE	980.449	90.000	21.4124	1.0000	0.0000	6.8000
uR	980.449	90.000	0.0238	1.0000	0.0000	6.8000
E	982.032	90.000	44.6120	1.0091	0.1620	0.0925	0.0000	6.8000
dPolE	982.032	90.000	27.4854	1.0000	0.0000	6.8000
uR	982.032	90.000	0.0235	1.0000	0.0000	6.8000
E	983.615	90.000	45.2184	1.4378	0.1987	0.1134	0.0000	6.8000
dPolE	983.615	90.000	27.6281	1.0000	0.0000	6.8000
uR	983.615	90.000	0.0214	1.0000	0.0000	6.8000
E	985.198	90.000	44.7534	1.2589	0.2182	0.1242	0.0000	6.8000
dPolE	985.198	90.000	38.8346	1.0000	0.0000	6.8000
uR	985.198	90.000	0.0210	1.0000	0.0000	6.8000
E	986.780	90.000	44.8907	1.1774	0.2343	0.1335	0.0000	6.8000
dPolE	986.780	90.000	33.7734	1.0000	0.0000	6.8000
uR	986.780	90.000	0.0214	1.0000	0.0000	6.8000
E	988.363	90.000	44.9036	0.9675	0.1940	0.1101	0.0000	6.8000
dPolE	988.363	90.000	32.8205	1.0000	0.0000	6.8000
uR	988.363	90.000	0.0225	1.0000	0.0000	6.8000
E	989.945	90.000	44.8622	1.1898	0.1814	0.1029	0.0000	6.8000
dPolE	989.945	90.000	26.7479	1.0000	0.0000	6.8000
uR	989.945	90.000	0.0226	1.0000	0.0000	6.8000
E	991.527	90.000	45.1579	1.0070	0.1640	0.0927	0.0000	6.8000
dPolE	991.527	90.000	27.2532	1.0000	0.0000	6.8000
uR	991.527	90.000	0.0240	1.0000	0.0000	6.8000
E	993.109	90.000	44.9627	1.3231	0.1616	0.0916	0.0000	6.8000
dPolE	993.109	90.000	21.1101	1.0000	0.0000	6.8000
uR	993.109	90.000	0.0238	1.0000	0.0000	6.8000
E	994.690	90.000	44.8198	1.0238	0.1674	0.0944	0.0000	6.8000
dPolE	994.690	90.000	24.5538	1.0000	0.0000	6.8000
uR	994.690	90.000	0.0231	1.0000	0.0000	6.8000
E	996.272	90.000	44.7925	0.8456	0.1821	0.1027	0.0000	6.8000
dPolE	996.272	90.000	33.8180	1.0000	0.0000	6.8000
uR	996.272	90.000	0.0222	1.0000	0.0000	6.8000
E	997.853	90.000	45.5367	1.3182	0.2393	0.1347	0.0000	6.8000
dPolE	997.853	90.000	38.7891	1.0000	0.0000	6.8000
uR	997.853	90.000	0.0211	1.0000	0.0000	6.8000
E	999.434	90.000	45.2937	1.2808	0.2620	0.1474	0.0000	6.8000
dPolE	999.434	90.000	41.7679	1.0000	0.0000	6.8000
uR	999.434	90.000	0.0227	1.0000	0.0000	6.8000
