
FM-removed
XY-Scan
nm
E	210.379	90.000	20.7610	117.3197	0.2622	0.7984	0.0000	6.8000
dPolE	210.379	90.000	99.9381	1.0000	0.0000	6.8000
uR	210.379	90.000	0.0281	1.0000	0.0000	6.8000
E	211.990	90.000	45.8985	157.0967	0.2739	0.5278	0.0000	6.8000
dPolE	211.990	90.000	99.9794	1.0000	0.0000	6.8000
uR	211.990	90.000	0.0127	1.0000	0.0000	6.8000
E	213.602	90.000	36.2880	339.1138	0.2654	0.5257	0.0000	6.8000
dPolE	213.602	90.000	99.9938	1.0000	0.0000	6.8000
uR	213.602	90.000	0.0094	1.0000	0.0000	6.8000
E	215.214	90.000	59.1029	279.9673	0.2339	0.5395	0.0000	6.8000
dPolE	215.214	90.000	99.9944	1.0000	0.0000	6.8000
uR	215.214	90.000	0.0076	1.0000	0.0000	6.8000
E	216.826	90.000	44.9050	251.2784	0.2688	0.5314	0.0000	6.8000
dPolE	216.826	90.000	99.9815	1.0000	0.0000	6.8000
uR	216.826	90.000	0.0095	1.0000	0.0000	6.8000
E	218.438	90.000	41.8452	81.0041	0.2886	0.5796	0.0000	6.8000
dPolE	218.438	90.000	99.9916	1.0000	0.0000	6.8000
uR	218.438	90.000	0.0067	1.0000	0.0000	6.8000
E	220.050	90.000	46.3027	9.6298	0.2671	0.4423	0.0000	6.8000
dPolE	220.050	90.000	99.9567	1.0000	0.0000	6.8000
uR	220.050	90.000	0.0053	1.0000	0.0000	6.8000
E	221.662	90.000	61.6812	169.1992	0.2469	0.4730	0.0000	6.8000
dPolE	221.662	90.000	99.9727	1.0000	0.0000	6.8000
uR	221.662	90.000	0.0052	1.0000	0.0000	6.8000
E	223.274	90.000	72.6548	112.4899	0.2362	0.9242	0.0000	6.8000
dPolE	223.274	90.000	99.9754	1.0000	0.0000	6.8000
uR	223.274	90.000	0.0036	1.0000	0.0000	6.8000
E	224.886	90.000	30.2008	308.5115	0.2933	0.6335	0.0000	6.8000
dPolE	224.886	90.000	99.9919	1.0000	0.0000	6.8000
uR	224.886	90.000	0.0025	1.0000	0.0000	6.8000
E	226.498	90.000	27.6264	283.5992	0.2731	0.7125	0.0000	6.8000
dPolE	226.498	90.000	99.9821	1.0000	0.0000	6.8000
uR	226.498	90.000	0.0022	1.0000	0.0000	6.8000
E	228.111	90.000	46.4461	260.7260	0.2594	0.5161	0.0000	6.8000
dPolE	228.111	90.000	99.9978	1.0000	0.0000	6.8000
uR	228.111	90.000	0.0024	1.0000	0.0000	6.8000
E	229.723	90.000	49.7441	179.1062	0.2976	0.3979	0.0000	6.8000
dPolE	229.723	90.000	99.8937	1.0000	0.0000	6.8000
uR	229.723	90.000	0.0032	1.0000	0.0000	6.8000
E	231.335	90.000	48.1052	351.0180	0.2881	0.3767	0.0000	6.8000
dPolE	231.335	90.000	99.9336	1.0000	0.0000	6.8000
uR	231.335	90.000	0.0025	1.0000	0.0000	6.8000
E	232.948	90.000	44.5628	187.4075	0.2808	0.3528	0.0000	6.8000
dPolE	232.948	90.000	99.9879	1.0000	0.0000	6.8000
uR	232.948	90.000	0.0011	1.0000	0.0000	6.8000
E	234.560	90.000	51.1380	240.1774	0.2836	0.5387	0.0000	6.8000
dPolE	234.560	90.000	99.9382	1.0000	0.0000	6.8000
uR	234.560	90.000	0.0028	1.0000	0.0000	6.8000
E	236.173	90.000	48.0384	196.1424	0.3051	0.3864	0.0000	6.8000
dPolE	236.173	90.000	99.8579	1.0000	0.0000	6.8000
uR	236.173	90.000	0.0026	1.0000	0.0000	6.8000
E	237.786	90.000	9.4220	156.0809	0.3003	1.2984	0.0000	6.8000
dPolE	237.786	90.000	99.9923	1.0000	0.0000	6.8000
uR	237.786	90.000	0.0012	1.0000	0.0000	6.8000
E	239.398	90.000	33.8164	218.5194	0.3151	0.5294	0.0000	6.8000
dPolE	239.398	90.000	99.9334	1.0000	0.0000	6.8000
uR	239.398	90.000	0.0017	1.0000	0.0000	6.8000
E	241.011	90.000	44.0852	359.6086	0.3131	0.3443	0.0000	6.8000
dPolE	241.011	90.000	99.9171	1.0000	0.0000	6.8000
uR	241.011	90.000	0.0018	1.0000	0.0000	6.8000
E	242.624	90.000	35.8270	297.0506	0.2963	0.5935	0.0000	6.8000
dPolE	242.624	90.000	99.9961	1.0000	0.0000	6.8000
uR	242.624	90.000	0.0011	1.0000	0.0000	6.8000
E	244.237	90.000	57.6480	331.1185	0.3125	0.4711	0.0000	6.8000
dPolE	244.237	90.000	99.9593	1.0000	0.0000	6.8000
uR	244.237	90.000	0.0016	1.0000	0.0000	6.8000
E	245.850	90.000	23.9353	155.9353	0.2997	0.5230	0.0000	6.8000
dPolE	245.850	90.000	99.9368	1.0000	0.0000	6.8000
uR	245.850	90.000	0.0013	1.0000	0.0000	6.8000
E	247.463	90.000	38.3158	188.3904	0.3049	0.3346	0.0000	6.8000
dPolE	247.463	90.000	99.9961	1.0000	0.0000	6.8000
uR	247.463	90.000	0.0006	1.0000	0.0000	6.8000
E	249.076	90.000	80.0241	176.4512	0.3472	1.0535	0.0000	6.8000
dPolE	249.076	90.000	99.9044	1.0000	0.0000	6.8000
uR	249.076	90.000	0.0011	1.0000	0.0000	6.8000
E	250.689	90.000	57.6590	236.0782	0.3081	0.6279	0.0000	6.8000
dPolE	250.689	90.000	99.9776	1.0000	0.0000	6.8000
uR	250.689	90.000	0.0008	1.0000	0.0000	6.8000
E	252.302	90.000	63.9123	72.3085	0.2855	0.8075	0.0000	6.8000
dPolE	252.302	90.000	99.9703	1.0000	0.0000	6.8000
uR	252.302	90.000	0.0011	1.0000	0.0000	6.8000
E	253.916	90.000	60.0009	278.5235	0.2687	0.6807	0.0000	6.8000
dPolE	253.916	90.000	99.9958	1.0000	0.0000	6.8000
uR	253.916	90.000	0.0006	1.0000	0.0000	6.8000
E	255.529	90.000	51.9955	184.0025	0.3006	0.3139	0.0000	6.8000
dPolE	255.529	90.000	99.9900	1.0000	0.0000	6.8000
uR	255.529	90.000	0.0006	1.0000	0.0000	6.8000
E	257.142	90.000	10.5099	286.7971	0.2059	1.7514	0.0000	6.8000
dPolE	257.142	90.000	99.9628	1.0000	0.0000	6.8000
uR	257.142	90.000	0.0006	1.0000	0.0000	6.8000
E	258.756	90.000	65.1363	340.7907	0.3046	0.4684	0.0000	6.8000
dPolE	258.756	90.000	99.9492	1.0000	0.0000	6.8000
uR	258.756	90.000	0.0008	1.0000	0.0000	6.8000
E	260.369	90.000	65.8393	243.8189	0.2831	0.8180	0.0000	6.8000
dPolE	260.369	90.000	99.9577	1.0000	0.0000	6.8000
uR	260.369	90.000	0.0007	1.0000	0.0000	6.8000
E	261.983	90.000	32.8725	152.9058	0.2833	0.4020	0.0000	6.8000
dPolE	261.983	90.000	99.9794	1.0000	0.0000	6.8000
uR	261.983	90.000	0.0008	1.0000	0.0000	6.8000
E	263.596	90.000	42.4987	155.0330	0.3032	0.3784	0.0000	6.8000
dPolE	263.596	90.000	99.9772	1.0000	0.0000	6.8000
uR	263.596	90.000	0.0005	1.0000	0.0000	6.8000
E	265.210	90.000	18.6095	176.9188	0.3020	0.5073	0.0000	6.8000
dPolE	265.210	90.000	99.9771	1.0000	0.0000	6.8000
uR	265.210	90.000	0.0006	1.0000	0.0000	6.8000
E	266.823	90.000	33.0965	324.6341	0.2840	0.4508	0.0000	6.8000
dPolE	266.823	90.000	99.9996	1.0000	0.0000	6.8000
uR	266.823	90.000	0.0006	1.0000	0.0000	6.8000
E	268.437	90.000	40.6650	12.4536	0.2984	0.3284	0.0000	6.8000
dPolE	268.437	90.000	99.9925	1.0000	0.0000	6.8000
uR	268.437	90.000	0.0005	1.0000	0.0000	6.8000
E	270.051	90.000	79.5174	173.6393	0.2693	0.7898	0.0000	6.8000
dPolE	270.051	90.000	99.9449	1.0000	0.0000	6.8000
uR	270.051	90.000	0.0008	1.0000	0.0000	6.8000
E	271.665	90.000	33.2746	206.6235	0.2751	0.3913	0.0000	6.8000
dPolE	271.665	90.000	99.9548	1.0000	0.0000	6.8000
uR	271.665	90.000	0.0009	1.0000	0.0000	6.8000
E	273.279	90.000	22.3831	36.9957	0.2690	0.6007	0.0000	6.8000
dPolE	273.279	90.000	99.9712	1.0000	0.0000	6.8000
uR	273.279	90.000	0.0008	1.0000	0.0000	6.8000
E	274.892	90.000	54.2949	5.9532	0.2907	0.3281	0.0000	6.8000
dPolE	274.892	90.000	99.9814	1.0000	0.0000	6.8000
uR	274.892	90.000	0.0005	1.0000	0.0000	6.8000
E	276.506	90.000	18.1189	148.6376	0.2453	0.6132	0.0000	6.8000
dPolE	276.506	90.000	99.9763	1.0000	0.0000	6.8000
uR	276.506	90.000	0.0006	1.0000	0.0000	6.8000
E	278.120	90.000	16.9868	333.6288	0.2589	0.6380	0.0000	6.8000
dPolE	278.120	90.000	99.9999	1.0000	0.0000	6.8000
uR	278.120	90.000	0.0008	1.0000	0.0000	6.8000
E	279.734	90.000	76.6755	325.5386	0.2287	0.8125	0.0000	6.8000
dPolE	279.734	90.000	99.9961	1.0000	0.0000	6.8000
uR	279.734	90.000	0.0004	1.0000	0.0000	6.8000
E	281.349	90.000	31.8985	257.1200	0.2394	0.5621	0.0000	6.8000
dPolE	281.349	90.000	99.9757	1.0000	0.0000	6.8000
uR	281.349	90.000	0.0006	1.0000	0.0000	6.8000
E	282.963	90.000	89.9900	180.7048	0.2546	809.6074	0.0000	6.8000
dPolE	282.963	90.000	99.9963	1.0000	0.0000	6.8000
uR	282.963	90.000	0.0005	1.0000	0.0000	6.8000
E	284.577	90.000	47.9912	163.0034	0.2479	0.3046	0.0000	6.8000
dPolE	284.577	90.000	99.9886	1.0000	0.0000	6.8000
uR	284.577	90.000	0.0006	1.0000	0.0000	6.8000
E	286.191	90.000	28.3319	142.0008	0.2320	0.4397	0.0000	6.8000
dPolE	286.191	90.000	99.9904	1.0000	0.0000	6.8000
uR	286.191	90.000	0.0004	1.0000	0.0000	6.8000
E	287.805	90.000	24.3741	95.0623	0.2054	0.6469	0.0000	6.8000
dPolE	287.805	90.000	99.9975	1.0000	0.0000	6.8000
uR	287.805	90.000	0.0003	1.0000	0.0000	6.8000
E	289.420	90.000	71.0314	63.1411	0.1955	0.7219	0.0000	6.8000
dPolE	289.420	90.000	99.9486	1.0000	0.0000	6.8000
uR	289.420	90.000	0.0006	1.0000	0.0000	6.8000
E	291.034	90.000	45.7341	3.2746	0.2329	0.2734	0.0000	6.8000
dPolE	291.034	90.000	99.9566	1.0000	0.0000	6.8000
uR	291.034	90.000	0.0005	1.0000	0.0000	6.8000
E	292.649	90.000	40.8920	310.3171	0.2138	0.3701	0.0000	6.8000
dPolE	292.649	90.000	99.9949	1.0000	0.0000	6.8000
uR	292.649	90.000	0.0004	1.0000	0.0000	6.8000
E	294.263	90.000	58.2755	174.7419	0.2308	0.3116	0.0000	6.8000
dPolE	294.263	90.000	99.9854	1.0000	0.0000	6.8000
uR	294.263	90.000	0.0004	1.0000	0.0000	6.8000
E	295.877	90.000	6.9394	114.2540	0.1684	1.8660	0.0000	6.8000
dPolE	295.877	90.000	99.9999	1.0000	0.0000	6.8000
uR	295.877	90.000	0.0006	1.0000	0.0000	6.8000
E	297.492	90.000	77.2485	175.7626	0.2198	0.6311	0.0000	6.8000
dPolE	297.492	90.000	99.9780	1.0000	0.0000	6.8000
uR	297.492	90.000	0.0005	1.0000	0.0000	6.8000
E	299.107	90.000	38.6467	322.5701	0.1977	0.3192	0.0000	6.8000
dPolE	299.107	90.000	99.9816	1.0000	0.0000	6.8000
uR	299.107	90.000	0.0004	1.0000	0.0000	6.8000
E	300.721	90.000	45.4599	146.5184	0.2191	0.3343	0.0000	6.8000
dPolE	300.721	90.000	99.9895	1.0000	0.0000	6.8000
uR	300.721	90.000	0.0005	1.0000	0.0000	6.8000
E	302.336	90.000	6.4659	172.2913	0.2104	1.2225	0.0000	6.8000
dPolE	302.336	90.000	99.9999	1.0000	0.0000	6.8000
uR	302.336	90.000	0.0003	1.0000	0.0000	6.8000
E	303.950	90.000	8.8861	106.9648	0.1468	1.3034	0.0000	6.8000
dPolE	303.950	90.000	99.9999	1.0000	0.0000	6.8000
uR	303.950	90.000	0.0005	1.0000	0.0000	6.8000
E	305.565	90.000	27.1458	25.6005	0.2057	0.3784	0.0000	6.8000
dPolE	305.565	90.000	99.9842	1.0000	0.0000	6.8000
uR	305.565	90.000	0.0004	1.0000	0.0000	6.8000
E	307.180	90.000	46.5824	308.8347	0.1843	0.3262	0.0000	6.8000
dPolE	307.180	90.000	99.9878	1.0000	0.0000	6.8000
uR	307.180	90.000	0.0003	1.0000	0.0000	6.8000
E	308.795	90.000	81.4074	64.4145	0.1467	1.2220	0.0000	6.8000
dPolE	308.795	90.000	99.9866	1.0000	0.0000	6.8000
uR	308.795	90.000	0.0006	1.0000	0.0000	6.8000
E	310.410	90.000	72.5077	27.9802	0.1757	0.4876	0.0000	6.8000
dPolE	310.410	90.000	99.9789	1.0000	0.0000	6.8000
uR	310.410	90.000	0.0003	1.0000	0.0000	6.8000
E	312.024	90.000	34.7956	3.6020	0.2052	0.3019	0.0000	6.8000
dPolE	312.024	90.000	99.9891	1.0000	0.0000	6.8000
uR	312.024	90.000	0.0005	1.0000	0.0000	6.8000
E	313.639	90.000	59.9215	98.8675	0.1795	0.4396	0.0000	6.8000
dPolE	313.639	90.000	99.9835	1.0000	0.0000	6.8000
uR	313.639	90.000	0.0004	1.0000	0.0000	6.8000
E	315.254	90.000	53.0610	349.4848	0.1938	0.2905	0.0000	6.8000
dPolE	315.254	90.000	99.9634	1.0000	0.0000	6.8000
uR	315.254	90.000	0.0005	1.0000	0.0000	6.8000
E	316.869	90.000	89.9900	0.4117	0.1907	778.6379	0.0000	6.8000
dPolE	316.869	90.000	99.9742	1.0000	0.0000	6.8000
uR	316.869	90.000	0.0004	1.0000	0.0000	6.8000
E	318.484	90.000	47.9078	11.4887	0.1708	0.2517	0.0000	6.8000
dPolE	318.484	90.000	99.9868	1.0000	0.0000	6.8000
uR	318.484	90.000	0.0003	1.0000	0.0000	6.8000
E	320.099	90.000	63.4242	0.0288	0.1728	0.3160	0.0000	6.8000
dPolE	320.099	90.000	99.9889	1.0000	0.0000	6.8000
uR	320.099	90.000	0.0003	1.0000	0.0000	6.8000
E	321.714	90.000	26.7585	245.4149	0.1590	0.4076	0.0000	6.8000
dPolE	321.714	90.000	99.9952	1.0000	0.0000	6.8000
uR	321.714	90.000	0.0004	1.0000	0.0000	6.8000
E	323.330	90.000	64.6712	240.6373	0.1570	0.4129	0.0000	6.8000
dPolE	323.330	90.000	99.9985	1.0000	0.0000	6.8000
uR	323.330	90.000	0.0002	1.0000	0.0000	6.8000
E	324.945	90.000	21.5653	81.5445	0.1559	0.5155	0.0000	6.8000
dPolE	324.945	90.000	99.9931	1.0000	0.0000	6.8000
uR	324.945	90.000	0.0002	1.0000	0.0000	6.8000
E	326.560	90.000	38.0674	305.3193	0.1622	0.3126	0.0000	6.8000
dPolE	326.560	90.000	99.9999	1.0000	0.0000	6.8000
uR	326.560	90.000	0.0005	1.0000	0.0000	6.8000
E	328.175	90.000	58.6238	332.4016	0.1705	0.3191	0.0000	6.8000
dPolE	328.175	90.000	99.9822	1.0000	0.0000	6.8000
uR	328.175	90.000	0.0004	1.0000	0.0000	6.8000
E	329.790	90.000	37.6586	270.5447	0.1613	0.3378	0.0000	6.8000
dPolE	329.790	90.000	99.9971	1.0000	0.0000	6.8000
uR	329.790	90.000	0.0002	1.0000	0.0000	6.8000
E	331.406	90.000	51.7984	273.6955	0.1627	0.3381	0.0000	6.8000
dPolE	331.406	90.000	99.9989	1.0000	0.0000	6.8000
uR	331.406	90.000	0.0001	1.0000	0.0000	6.8000
E	333.021	90.000	5.4939	180.1879	0.1674	1.3998	0.0000	6.8000
dPolE	333.021	90.000	99.9966	1.0000	0.0000	6.8000
uR	333.021	90.000	0.0003	1.0000	0.0000	6.8000
E	334.636	90.000	62.3688	357.6387	0.1407	0.2740	0.0000	6.8000
dPolE	334.636	90.000	99.9914	1.0000	0.0000	6.8000
uR	334.636	90.000	0.0003	1.0000	0.0000	6.8000
E	336.251	90.000	28.2976	351.1981	0.1470	0.2866	0.0000	6.8000
dPolE	336.251	90.000	99.9936	1.0000	0.0000	6.8000
uR	336.251	90.000	0.0002	1.0000	0.0000	6.8000
E	337.867	90.000	41.3567	23.0789	0.1475	0.2531	0.0000	6.8000
dPolE	337.867	90.000	99.9696	1.0000	0.0000	6.8000
uR	337.867	90.000	0.0004	1.0000	0.0000	6.8000
E	339.482	90.000	6.9156	146.0845	0.1501	1.1663	0.0000	6.8000
dPolE	339.482	90.000	99.9855	1.0000	0.0000	6.8000
uR	339.482	90.000	0.0005	1.0000	0.0000	6.8000
E	341.098	90.000	66.3875	6.2279	0.1547	0.3504	0.0000	6.8000
dPolE	341.098	90.000	99.9993	1.0000	0.0000	6.8000
uR	341.098	90.000	0.0003	1.0000	0.0000	6.8000
E	342.713	90.000	31.3097	339.8926	0.1593	0.3085	0.0000	6.8000
dPolE	342.713	90.000	99.9884	1.0000	0.0000	6.8000
uR	342.713	90.000	0.0003	1.0000	0.0000	6.8000
E	344.329	90.000	63.2809	177.3171	0.1565	0.3309	0.0000	6.8000
dPolE	344.329	90.000	99.9786	1.0000	0.0000	6.8000
uR	344.329	90.000	0.0003	1.0000	0.0000	6.8000
E	345.944	90.000	38.2428	344.1183	0.1572	0.2806	0.0000	6.8000
dPolE	345.944	90.000	99.9725	1.0000	0.0000	6.8000
uR	345.944	90.000	0.0005	1.0000	0.0000	6.8000
E	347.560	90.000	39.3183	292.2144	0.1434	0.2881	0.0000	6.8000
dPolE	347.560	90.000	99.9990	1.0000	0.0000	6.8000
uR	347.560	90.000	0.0003	1.0000	0.0000	6.8000
E	349.175	90.000	57.8811	358.0356	0.1468	0.2809	0.0000	6.8000
dPolE	349.175	90.000	99.9897	1.0000	0.0000	6.8000
uR	349.175	90.000	0.0004	1.0000	0.0000	6.8000
E	350.791	90.000	42.9994	67.8046	0.1464	0.2887	0.0000	6.8000
dPolE	350.791	90.000	99.9949	1.0000	0.0000	6.8000
uR	350.791	90.000	0.0003	1.0000	0.0000	6.8000
E	352.406	90.000	73.5783	224.2123	0.1431	0.5169	0.0000	6.8000
dPolE	352.406	90.000	99.9942	1.0000	0.0000	6.8000
uR	352.406	90.000	0.0002	1.0000	0.0000	6.8000
E	354.022	90.000	53.6775	145.4455	0.1408	0.2732	0.0000	6.8000
dPolE	354.022	90.000	99.9974	1.0000	0.0000	6.8000
uR	354.022	90.000	0.0002	1.0000	0.0000	6.8000
E	355.638	90.000	41.8425	80.2180	0.1492	0.2997	0.0000	6.8000
dPolE	355.638	90.000	99.9874	1.0000	0.0000	6.8000
uR	355.638	90.000	0.0003	1.0000	0.0000	6.8000
E	357.253	90.000	17.8462	54.3583	0.1376	0.4762	0.0000	6.8000
dPolE	357.253	90.000	99.9963	1.0000	0.0000	6.8000
uR	357.253	90.000	0.0003	1.0000	0.0000	6.8000
E	358.869	90.000	9.3515	323.0213	0.1366	0.8271	0.0000	6.8000
dPolE	358.869	90.000	99.9857	1.0000	0.0000	6.8000
uR	358.869	90.000	0.0004	1.0000	0.0000	6.8000
E	360.485	90.000	52.5031	94.4657	0.1360	0.2831	0.0000	6.8000
dPolE	360.485	90.000	99.9985	1.0000	0.0000	6.8000
uR	360.485	90.000	0.0005	1.0000	0.0000	6.8000
E	362.100	90.000	17.2600	169.0158	0.1400	0.4510	0.0000	6.8000
dPolE	362.100	90.000	99.9955	1.0000	0.0000	6.8000
uR	362.100	90.000	0.0003	1.0000	0.0000	6.8000
E	363.716	90.000	36.3331	337.3734	0.1388	0.2686	0.0000	6.8000
dPolE	363.716	90.000	99.9974	1.0000	0.0000	6.8000
uR	363.716	90.000	0.0002	1.0000	0.0000	6.8000
E	365.332	90.000	1.6764	301.5284	0.1265	4.4981	0.0000	6.8000
dPolE	365.332	90.000	99.9911	1.0000	0.0000	6.8000
uR	365.332	90.000	0.0003	1.0000	0.0000	6.8000
E	366.948	90.000	63.7375	344.6660	0.1242	0.2911	0.0000	6.8000
dPolE	366.948	90.000	99.9955	1.0000	0.0000	6.8000
uR	366.948	90.000	0.0003	1.0000	0.0000	6.8000
E	368.563	90.000	45.3252	67.5108	0.1405	0.2778	0.0000	6.8000
dPolE	368.563	90.000	99.9936	1.0000	0.0000	6.8000
uR	368.563	90.000	0.0005	1.0000	0.0000	6.8000
E	370.179	90.000	7.2119	118.8729	0.1228	1.0285	0.0000	6.8000
dPolE	370.179	90.000	99.9968	1.0000	0.0000	6.8000
uR	370.179	90.000	0.0004	1.0000	0.0000	6.8000
E	371.795	90.000	25.3898	203.5133	0.1377	0.3329	0.0000	6.8000
dPolE	371.795	90.000	99.9999	1.0000	0.0000	6.8000
uR	371.795	90.000	0.0002	1.0000	0.0000	6.8000
E	373.411	90.000	41.2153	36.6966	0.1238	0.2384	0.0000	6.8000
dPolE	373.411	90.000	99.9999	1.0000	0.0000	6.8000
uR	373.411	90.000	0.0004	1.0000	0.0000	6.8000
E	375.027	90.000	42.6338	291.9593	0.1283	0.2555	0.0000	6.8000
dPolE	375.027	90.000	99.9953	1.0000	0.0000	6.8000
uR	375.027	90.000	0.0004	1.0000	0.0000	6.8000
E	376.643	90.000	6.7474	137.6910	0.1310	1.1146	0.0000	6.8000
dPolE	376.643	90.000	99.9982	1.0000	0.0000	6.8000
uR	376.643	90.000	0.0003	1.0000	0.0000	6.8000
E	378.258	90.000	68.4479	22.9459	0.1247	0.3465	0.0000	6.8000
dPolE	378.258	90.000	99.9881	1.0000	0.0000	6.8000
uR	378.258	90.000	0.0003	1.0000	0.0000	6.8000
E	379.874	90.000	36.0584	339.0916	0.1367	0.2712	0.0000	6.8000
dPolE	379.874	90.000	99.9999	1.0000	0.0000	6.8000
uR	379.874	90.000	0.0002	1.0000	0.0000	6.8000
E	381.490	90.000	43.4465	23.7149	0.1216	0.2318	0.0000	6.8000
dPolE	381.490	90.000	99.9994	1.0000	0.0000	6.8000
uR	381.490	90.000	0.0003	1.0000	0.0000	6.8000
E	383.106	90.000	32.8670	167.5907	0.1268	0.2650	0.0000	6.8000
dPolE	383.106	90.000	99.9996	1.0000	0.0000	6.8000
uR	383.106	90.000	0.0003	1.0000	0.0000	6.8000
E	384.722	90.000	40.9612	120.9804	0.1345	0.2683	0.0000	6.8000
dPolE	384.722	90.000	99.9945	1.0000	0.0000	6.8000
uR	384.722	90.000	0.0005	1.0000	0.0000	6.8000
E	386.338	90.000	29.0535	352.2835	0.1221	0.2718	0.0000	6.8000
dPolE	386.338	90.000	99.9918	1.0000	0.0000	6.8000
uR	386.338	90.000	0.0004	1.0000	0.0000	6.8000
E	387.954	90.000	53.2065	158.1428	0.1255	0.2480	0.0000	6.8000
dPolE	387.954	90.000	99.9898	1.0000	0.0000	6.8000
uR	387.954	90.000	0.0004	1.0000	0.0000	6.8000
E	389.570	90.000	20.9570	89.7965	0.1126	0.3486	0.0000	6.8000
dPolE	389.570	90.000	99.9806	1.0000	0.0000	6.8000
uR	389.570	90.000	0.0004	1.0000	0.0000	6.8000
E	391.186	90.000	25.9541	82.7051	0.1195	0.3094	0.0000	6.8000
dPolE	391.186	90.000	99.9915	1.0000	0.0000	6.8000
uR	391.186	90.000	0.0002	1.0000	0.0000	6.8000
E	392.802	90.000	37.1762	66.7073	0.1187	0.2455	0.0000	6.8000
dPolE	392.802	90.000	99.9960	1.0000	0.0000	6.8000
uR	392.802	90.000	0.0002	1.0000	0.0000	6.8000
E	394.418	90.000	54.6004	349.7691	0.1249	0.2517	0.0000	6.8000
dPolE	394.418	90.000	99.9739	1.0000	0.0000	6.8000
uR	394.418	90.000	0.0003	1.0000	0.0000	6.8000
E	396.034	90.000	66.4497	329.3197	0.1243	0.3270	0.0000	6.8000
dPolE	396.034	90.000	99.9835	1.0000	0.0000	6.8000
uR	396.034	90.000	0.0003	1.0000	0.0000	6.8000
E	397.650	90.000	31.5266	348.0239	0.1181	0.2492	0.0000	6.8000
dPolE	397.650	90.000	99.9966	1.0000	0.0000	6.8000
uR	397.650	90.000	0.0002	1.0000	0.0000	6.8000
E	399.266	90.000	44.8754	49.1286	0.1210	0.2359	0.0000	6.8000
dPolE	399.266	90.000	99.9740	1.0000	0.0000	6.8000
uR	399.266	90.000	0.0003	1.0000	0.0000	6.8000
E	400.882	90.000	45.1855	21.7155	0.1159	0.2211	0.0000	6.8000
dPolE	400.882	90.000	99.9646	1.0000	0.0000	6.8000
uR	400.882	90.000	0.0004	1.0000	0.0000	6.8000
E	402.498	90.000	41.0977	27.2910	0.1139	0.2210	0.0000	6.8000
dPolE	402.498	90.000	99.8797	1.0000	0.0000	6.8000
uR	402.498	90.000	0.0007	1.0000	0.0000	6.8000
E	404.114	90.000	46.4082	25.0126	0.1153	0.2211	0.0000	6.8000
dPolE	404.114	90.000	99.8967	1.0000	0.0000	6.8000
uR	404.114	90.000	0.0006	1.0000	0.0000	6.8000
E	405.730	90.000	46.1295	25.2240	0.1155	0.2196	0.0000	6.8000
dPolE	405.730	90.000	99.7593	1.0000	0.0000	6.8000
uR	405.730	90.000	0.0010	1.0000	0.0000	6.8000
E	407.346	90.000	46.8452	24.0560	0.1180	0.2232	0.0000	6.8000
dPolE	407.346	90.000	99.6651	1.0000	0.0000	6.8000
uR	407.346	90.000	0.0011	1.0000	0.0000	6.8000
E	408.962	90.000	40.2170	23.8813	0.1150	0.2200	0.0000	6.8000
dPolE	408.962	90.000	99.7561	1.0000	0.0000	6.8000
uR	408.962	90.000	0.0010	1.0000	0.0000	6.8000
E	410.578	90.000	42.3145	20.3678	0.1215	0.2305	0.0000	6.8000
dPolE	410.578	90.000	99.4392	1.0000	0.0000	6.8000
uR	410.578	90.000	0.0014	1.0000	0.0000	6.8000
E	412.194	90.000	44.7552	20.5725	0.1138	0.2160	0.0000	6.8000
dPolE	412.194	90.000	99.2843	1.0000	0.0000	6.8000
uR	412.194	90.000	0.0017	1.0000	0.0000	6.8000
E	413.810	90.000	43.8410	24.0625	0.1120	0.2132	0.0000	6.8000
dPolE	413.810	90.000	99.0175	1.0000	0.0000	6.8000
uR	413.810	90.000	0.0020	1.0000	0.0000	6.8000
E	415.426	90.000	43.2579	23.3541	0.1105	0.2088	0.0000	6.8000
dPolE	415.426	90.000	98.6447	1.0000	0.0000	6.8000
uR	415.426	90.000	0.0023	1.0000	0.0000	6.8000
E	417.042	90.000	45.9033	23.2437	0.1194	0.2233	0.0000	6.8000
dPolE	417.042	90.000	98.1035	1.0000	0.0000	6.8000
uR	417.042	90.000	0.0027	1.0000	0.0000	6.8000
E	418.658	90.000	44.9972	21.0676	0.1120	0.2079	0.0000	6.8000
dPolE	418.658	90.000	97.9311	1.0000	0.0000	6.8000
uR	418.658	90.000	0.0029	1.0000	0.0000	6.8000
E	420.274	90.000	43.8600	21.3124	0.1096	0.2038	0.0000	6.8000
dPolE	420.274	90.000	97.1282	1.0000	0.0000	6.8000
uR	420.274	90.000	0.0033	1.0000	0.0000	6.8000
E	421.890	90.000	44.8113	21.6194	0.1066	0.1991	0.0000	6.8000
dPolE	421.890	90.000	97.1702	1.0000	0.0000	6.8000
uR	421.890	90.000	0.0036	1.0000	0.0000	6.8000
E	423.506	90.000	45.0735	24.0525	0.1016	0.1906	0.0000	6.8000
dPolE	423.506	90.000	96.9811	1.0000	0.0000	6.8000
uR	423.506	90.000	0.0038	1.0000	0.0000	6.8000
E	425.122	90.000	43.8647	19.9448	0.1018	0.1896	0.0000	6.8000
dPolE	425.122	90.000	96.5105	1.0000	0.0000	6.8000
uR	425.122	90.000	0.0042	1.0000	0.0000	6.8000
E	426.738	90.000	44.2126	19.5326	0.1022	0.1886	0.0000	6.8000
dPolE	426.738	90.000	95.1783	1.0000	0.0000	6.8000
uR	426.738	90.000	0.0049	1.0000	0.0000	6.8000
E	428.355	90.000	45.4331	20.2511	0.0986	0.1803	0.0000	6.8000
dPolE	428.355	90.000	95.1959	1.0000	0.0000	6.8000
uR	428.355	90.000	0.0052	1.0000	0.0000	6.8000
E	429.971	90.000	45.2485	20.8598	0.0989	0.1796	0.0000	6.8000
dPolE	429.971	90.000	94.5755	1.0000	0.0000	6.8000
uR	429.971	90.000	0.0054	1.0000	0.0000	6.8000
E	431.587	90.000	44.3111	19.4257	0.0989	0.1796	0.0000	6.8000
dPolE	431.587	90.000	94.1668	1.0000	0.0000	6.8000
uR	431.587	90.000	0.0057	1.0000	0.0000	6.8000
E	433.203	90.000	45.0465	20.6300	0.0975	0.1779	0.0000	6.8000
dPolE	433.203	90.000	93.4402	1.0000	0.0000	6.8000
uR	433.203	90.000	0.0063	1.0000	0.0000	6.8000
E	434.819	90.000	44.4002	19.0829	0.0948	0.1730	0.0000	6.8000
dPolE	434.819	90.000	93.3756	1.0000	0.0000	6.8000
uR	434.819	90.000	0.0065	1.0000	0.0000	6.8000
E	436.435	90.000	44.5880	18.0065	0.0958	0.1742	0.0000	6.8000
dPolE	436.435	90.000	91.9613	1.0000	0.0000	6.8000
uR	436.435	90.000	0.0069	1.0000	0.0000	6.8000
E	438.051	90.000	44.9394	18.3300	0.0952	0.1717	0.0000	6.8000
dPolE	438.051	90.000	90.7597	1.0000	0.0000	6.8000
uR	438.051	90.000	0.0073	1.0000	0.0000	6.8000
E	439.667	90.000	45.5235	17.4588	0.0962	0.1714	0.0000	6.8000
dPolE	439.667	90.000	89.5102	1.0000	0.0000	6.8000
uR	439.667	90.000	0.0078	1.0000	0.0000	6.8000
E	441.283	90.000	44.8877	17.7484	0.0968	0.1711	0.0000	6.8000
dPolE	441.283	90.000	88.9236	1.0000	0.0000	6.8000
uR	441.283	90.000	0.0080	1.0000	0.0000	6.8000
E	442.899	90.000	44.5584	17.0244	0.0948	0.1668	0.0000	6.8000
dPolE	442.899	90.000	87.9856	1.0000	0.0000	6.8000
uR	442.899	90.000	0.0085	1.0000	0.0000	6.8000
E	444.515	90.000	45.3978	17.0595	0.0945	0.1664	0.0000	6.8000
dPolE	444.515	90.000	87.7536	1.0000	0.0000	6.8000
uR	444.515	90.000	0.0087	1.0000	0.0000	6.8000
E	446.131	90.000	44.8718	17.4864	0.0881	0.1557	0.0000	6.8000
dPolE	446.131	90.000	87.8118	1.0000	0.0000	6.8000
uR	446.131	90.000	0.0091	1.0000	0.0000	6.8000
E	447.747	90.000	44.7804	16.4604	0.0937	0.1655	0.0000	6.8000
dPolE	447.747	90.000	86.6040	1.0000	0.0000	6.8000
uR	447.747	90.000	0.0095	1.0000	0.0000	6.8000
E	449.363	90.000	44.7944	16.9049	0.0873	0.1536	0.0000	6.8000
dPolE	449.363	90.000	84.8642	1.0000	0.0000	6.8000
uR	449.363	90.000	0.0098	1.0000	0.0000	6.8000
E	450.979	90.000	45.1689	16.4394	0.0876	0.1526	0.0000	6.8000
dPolE	450.979	90.000	81.8855	1.0000	0.0000	6.8000
uR	450.979	90.000	0.0102	1.0000	0.0000	6.8000
E	452.594	90.000	45.0287	15.3974	0.0898	0.1544	0.0000	6.8000
dPolE	452.594	90.000	80.7282	1.0000	0.0000	6.8000
uR	452.594	90.000	0.0106	1.0000	0.0000	6.8000
E	454.210	90.000	45.2304	16.0494	0.0864	0.1472	0.0000	6.8000
dPolE	454.210	90.000	81.7842	1.0000	0.0000	6.8000
uR	454.210	90.000	0.0111	1.0000	0.0000	6.8000
E	455.826	90.000	44.8433	15.6924	0.0861	0.1461	0.0000	6.8000
dPolE	455.826	90.000	80.8179	1.0000	0.0000	6.8000
uR	455.826	90.000	0.0113	1.0000	0.0000	6.8000
E	457.442	90.000	44.9225	15.1150	0.0869	0.1475	0.0000	6.8000
dPolE	457.442	90.000	79.3214	1.0000	0.0000	6.8000
uR	457.442	90.000	0.0116	1.0000	0.0000	6.8000
E	459.058	90.000	44.3991	14.6050	0.0856	0.1455	0.0000	6.8000
dPolE	459.058	90.000	78.2776	1.0000	0.0000	6.8000
uR	459.058	90.000	0.0118	1.0000	0.0000	6.8000
E	460.674	90.000	44.9498	15.0309	0.0861	0.1466	0.0000	6.8000
dPolE	460.674	90.000	76.8802	1.0000	0.0000	6.8000
uR	460.674	90.000	0.0121	1.0000	0.0000	6.8000
E	462.290	90.000	45.1618	14.4501	0.0778	0.1318	0.0000	6.8000
dPolE	462.290	90.000	75.9577	1.0000	0.0000	6.8000
uR	462.290	90.000	0.0122	1.0000	0.0000	6.8000
E	463.906	90.000	44.9169	14.4730	0.0778	0.1308	0.0000	6.8000
dPolE	463.906	90.000	71.9963	1.0000	0.0000	6.8000
uR	463.906	90.000	0.0131	1.0000	0.0000	6.8000
E	465.521	90.000	44.3975	14.5679	0.0775	0.1288	0.0000	6.8000
dPolE	465.521	90.000	70.4701	1.0000	0.0000	6.8000
uR	465.521	90.000	0.0132	1.0000	0.0000	6.8000
E	467.137	90.000	44.9080	14.1918	0.0748	0.1229	0.0000	6.8000
dPolE	467.137	90.000	67.6890	1.0000	0.0000	6.8000
uR	467.137	90.000	0.0136	1.0000	0.0000	6.8000
E	468.753	90.000	44.9011	14.2708	0.0733	0.1197	0.0000	6.8000
dPolE	468.753	90.000	64.1680	1.0000	0.0000	6.8000
uR	468.753	90.000	0.0137	1.0000	0.0000	6.8000
E	470.369	90.000	44.8959	13.6505	0.0729	0.1186	0.0000	6.8000
dPolE	470.369	90.000	65.1932	1.0000	0.0000	6.8000
uR	470.369	90.000	0.0141	1.0000	0.0000	6.8000
E	471.985	90.000	44.8508	13.9512	0.0727	0.1185	0.0000	6.8000
dPolE	471.985	90.000	67.2407	1.0000	0.0000	6.8000
uR	471.985	90.000	0.0146	1.0000	0.0000	6.8000
E	473.600	90.000	44.7636	13.9022	0.0755	0.1234	0.0000	6.8000
dPolE	473.600	90.000	66.5685	1.0000	0.0000	6.8000
uR	473.600	90.000	0.0148	1.0000	0.0000	6.8000
E	475.216	90.000	44.5907	13.6566	0.0756	0.1234	0.0000	6.8000
dPolE	475.216	90.000	69.7831	1.0000	0.0000	6.8000
uR	475.216	90.000	0.0150	1.0000	0.0000	6.8000
E	476.832	90.000	45.1283	12.7586	0.0762	0.1237	0.0000	6.8000
dPolE	476.832	90.000	71.3425	1.0000	0.0000	6.8000
uR	476.832	90.000	0.0154	1.0000	0.0000	6.8000
E	478.448	90.000	45.0984	12.6554	0.0807	0.1297	0.0000	6.8000
dPolE	478.448	90.000	70.7378	1.0000	0.0000	6.8000
uR	478.448	90.000	0.0157	1.0000	0.0000	6.8000
E	480.063	90.000	45.1765	12.8864	0.0821	0.1306	0.0000	6.8000
dPolE	480.063	90.000	69.6197	1.0000	0.0000	6.8000
uR	480.063	90.000	0.0158	1.0000	0.0000	6.8000
E	481.679	90.000	45.1274	12.1382	0.0746	0.1171	0.0000	6.8000
dPolE	481.679	90.000	68.9573	1.0000	0.0000	6.8000
uR	481.679	90.000	0.0161	1.0000	0.0000	6.8000
E	483.294	90.000	45.0656	12.4971	0.0728	0.1136	0.0000	6.8000
dPolE	483.294	90.000	65.4057	1.0000	0.0000	6.8000
uR	483.294	90.000	0.0163	1.0000	0.0000	6.8000
E	484.910	90.000	44.8497	12.7953	0.0762	0.1185	0.0000	6.8000
dPolE	484.910	90.000	68.1662	1.0000	0.0000	6.8000
uR	484.910	90.000	0.0164	1.0000	0.0000	6.8000
E	486.526	90.000	44.9205	12.4198	0.0777	0.1209	0.0000	6.8000
dPolE	486.526	90.000	69.9578	1.0000	0.0000	6.8000
uR	486.526	90.000	0.0167	1.0000	0.0000	6.8000
E	488.141	90.000	45.1555	11.9288	0.0788	0.1227	0.0000	6.8000
dPolE	488.141	90.000	67.5686	1.0000	0.0000	6.8000
uR	488.141	90.000	0.0171	1.0000	0.0000	6.8000
E	489.757	90.000	44.7945	12.1202	0.0783	0.1221	0.0000	6.8000
dPolE	489.757	90.000	67.5164	1.0000	0.0000	6.8000
uR	489.757	90.000	0.0172	1.0000	0.0000	6.8000
E	491.372	90.000	44.9505	12.2356	0.0752	0.1169	0.0000	6.8000
dPolE	491.372	90.000	66.3980	1.0000	0.0000	6.8000
uR	491.372	90.000	0.0171	1.0000	0.0000	6.8000
E	492.988	90.000	44.9520	11.9139	0.0762	0.1176	0.0000	6.8000
dPolE	492.988	90.000	64.4204	1.0000	0.0000	6.8000
uR	492.988	90.000	0.0174	1.0000	0.0000	6.8000
E	494.603	90.000	44.7303	11.2365	0.0752	0.1149	0.0000	6.8000
dPolE	494.603	90.000	64.1760	1.0000	0.0000	6.8000
uR	494.603	90.000	0.0179	1.0000	0.0000	6.8000
E	496.219	90.000	44.7813	11.2318	0.0779	0.1178	0.0000	6.8000
dPolE	496.219	90.000	65.7702	1.0000	0.0000	6.8000
uR	496.219	90.000	0.0180	1.0000	0.0000	6.8000
E	497.834	90.000	45.1333	11.2162	0.0785	0.1174	0.0000	6.8000
dPolE	497.834	90.000	65.5204	1.0000	0.0000	6.8000
uR	497.834	90.000	0.0181	1.0000	0.0000	6.8000
E	499.450	90.000	44.6047	11.2183	0.0841	0.1249	0.0000	6.8000
dPolE	499.450	90.000	66.1064	1.0000	0.0000	6.8000
uR	499.450	90.000	0.0182	1.0000	0.0000	6.8000
E	501.065	90.000	45.0860	11.4356	0.0763	0.1131	0.0000	6.8000
dPolE	501.065	90.000	66.3950	1.0000	0.0000	6.8000
uR	501.065	90.000	0.0186	1.0000	0.0000	6.8000
E	502.680	90.000	44.9156	10.9469	0.0777	0.1150	0.0000	6.8000
dPolE	502.680	90.000	66.5281	1.0000	0.0000	6.8000
uR	502.680	90.000	0.0185	1.0000	0.0000	6.8000
E	504.296	90.000	45.1091	10.7135	0.0784	0.1162	0.0000	6.8000
dPolE	504.296	90.000	65.7520	1.0000	0.0000	6.8000
uR	504.296	90.000	0.0188	1.0000	0.0000	6.8000
E	505.911	90.000	44.9859	10.7236	0.0778	0.1154	0.0000	6.8000
dPolE	505.911	90.000	65.2228	1.0000	0.0000	6.8000
uR	505.911	90.000	0.0191	1.0000	0.0000	6.8000
E	507.526	90.000	45.0143	10.3902	0.0795	0.1176	0.0000	6.8000
dPolE	507.526	90.000	63.6362	1.0000	0.0000	6.8000
uR	507.526	90.000	0.0190	1.0000	0.0000	6.8000
E	509.141	90.000	45.0252	10.5221	0.0788	0.1160	0.0000	6.8000
dPolE	509.141	90.000	63.6534	1.0000	0.0000	6.8000
uR	509.141	90.000	0.0191	1.0000	0.0000	6.8000
E	510.756	90.000	44.8719	10.2135	0.0756	0.1104	0.0000	6.8000
dPolE	510.756	90.000	63.4219	1.0000	0.0000	6.8000
uR	510.756	90.000	0.0196	1.0000	0.0000	6.8000
E	512.372	90.000	45.1402	9.8477	0.0773	0.1114	0.0000	6.8000
dPolE	512.372	90.000	63.8279	1.0000	0.0000	6.8000
uR	512.372	90.000	0.0202	1.0000	0.0000	6.8000
E	513.987	90.000	44.7660	10.2889	0.0764	0.1091	0.0000	6.8000
dPolE	513.987	90.000	64.0344	1.0000	0.0000	6.8000
uR	513.987	90.000	0.0212	1.0000	0.0000	6.8000
E	515.602	90.000	45.0428	9.7765	0.0818	0.1158	0.0000	6.8000
dPolE	515.602	90.000	63.8085	1.0000	0.0000	6.8000
uR	515.602	90.000	0.0221	1.0000	0.0000	6.8000
E	517.217	90.000	44.8629	10.0306	0.0842	0.1187	0.0000	6.8000
dPolE	517.217	90.000	65.0209	1.0000	0.0000	6.8000
uR	517.217	90.000	0.0218	1.0000	0.0000	6.8000
E	518.832	90.000	44.9571	9.6089	0.0866	0.1216	0.0000	6.8000
dPolE	518.832	90.000	67.2418	1.0000	0.0000	6.8000
uR	518.832	90.000	0.0204	1.0000	0.0000	6.8000
E	520.447	90.000	44.6914	9.7091	0.0864	0.1213	0.0000	6.8000
dPolE	520.447	90.000	68.3947	1.0000	0.0000	6.8000
uR	520.447	90.000	0.0196	1.0000	0.0000	6.8000
E	522.062	90.000	45.0004	9.6700	0.0865	0.1216	0.0000	6.8000
dPolE	522.062	90.000	65.5676	1.0000	0.0000	6.8000
uR	522.062	90.000	0.0191	1.0000	0.0000	6.8000
E	523.677	90.000	44.8892	9.0157	0.0867	0.1216	0.0000	6.8000
dPolE	523.677	90.000	64.0799	1.0000	0.0000	6.8000
uR	523.677	90.000	0.0195	1.0000	0.0000	6.8000
E	525.292	90.000	44.9935	9.4259	0.0824	0.1155	0.0000	6.8000
dPolE	525.292	90.000	62.1144	1.0000	0.0000	6.8000
uR	525.292	90.000	0.0203	1.0000	0.0000	6.8000
E	526.907	90.000	44.9197	9.6801	0.0823	0.1149	0.0000	6.8000
dPolE	526.907	90.000	61.2264	1.0000	0.0000	6.8000
uR	526.907	90.000	0.0203	1.0000	0.0000	6.8000
E	528.521	90.000	44.9446	8.8647	0.0819	0.1133	0.0000	6.8000
dPolE	528.521	90.000	61.4181	1.0000	0.0000	6.8000
uR	528.521	90.000	0.0207	1.0000	0.0000	6.8000
E	530.136	90.000	44.8870	8.7721	0.0800	0.1096	0.0000	6.8000
dPolE	530.136	90.000	60.2556	1.0000	0.0000	6.8000
uR	530.136	90.000	0.0205	1.0000	0.0000	6.8000
E	531.751	90.000	45.0125	9.1033	0.0802	0.1090	0.0000	6.8000
dPolE	531.751	90.000	62.0130	1.0000	0.0000	6.8000
uR	531.751	90.000	0.0208	1.0000	0.0000	6.8000
E	533.366	90.000	44.5776	8.5954	0.0844	0.1135	0.0000	6.8000
dPolE	533.366	90.000	60.8147	1.0000	0.0000	6.8000
uR	533.366	90.000	0.0211	1.0000	0.0000	6.8000
E	534.980	90.000	45.2173	8.8452	0.0848	0.1134	0.0000	6.8000
dPolE	534.980	90.000	59.4281	1.0000	0.0000	6.8000
uR	534.980	90.000	0.0212	1.0000	0.0000	6.8000
E	536.595	90.000	45.1437	8.6566	0.0821	0.1093	0.0000	6.8000
dPolE	536.595	90.000	60.2669	1.0000	0.0000	6.8000
uR	536.595	90.000	0.0213	1.0000	0.0000	6.8000
E	538.210	90.000	44.9521	8.4247	0.0832	0.1105	0.0000	6.8000
dPolE	538.210	90.000	61.9016	1.0000	0.0000	6.8000
uR	538.210	90.000	0.0212	1.0000	0.0000	6.8000
E	539.824	90.000	44.6355	8.1114	0.0807	0.1072	0.0000	6.8000
dPolE	539.824	90.000	58.4436	1.0000	0.0000	6.8000
uR	539.824	90.000	0.0216	1.0000	0.0000	6.8000
E	541.439	90.000	44.6268	8.3690	0.0830	0.1104	0.0000	6.8000
dPolE	541.439	90.000	59.1565	1.0000	0.0000	6.8000
uR	541.439	90.000	0.0214	1.0000	0.0000	6.8000
E	543.053	90.000	44.9627	8.3393	0.0846	0.1124	0.0000	6.8000
dPolE	543.053	90.000	60.4644	1.0000	0.0000	6.8000
uR	543.053	90.000	0.0213	1.0000	0.0000	6.8000
E	544.668	90.000	44.7684	8.2498	0.0823	0.1092	0.0000	6.8000
dPolE	544.668	90.000	58.1627	1.0000	0.0000	6.8000
uR	544.668	90.000	0.0214	1.0000	0.0000	6.8000
E	546.282	90.000	44.6892	8.5810	0.0821	0.1086	0.0000	6.8000
dPolE	546.282	90.000	60.6947	1.0000	0.0000	6.8000
uR	546.282	90.000	0.0214	1.0000	0.0000	6.8000
E	547.896	90.000	44.8905	8.1671	0.0859	0.1125	0.0000	6.8000
dPolE	547.896	90.000	58.3709	1.0000	0.0000	6.8000
uR	547.896	90.000	0.0215	1.0000	0.0000	6.8000
E	549.511	90.000	45.1554	8.1449	0.0816	0.1060	0.0000	6.8000
dPolE	549.511	90.000	58.8660	1.0000	0.0000	6.8000
uR	549.511	90.000	0.0218	1.0000	0.0000	6.8000
E	551.125	90.000	44.8732	8.0221	0.0841	0.1081	0.0000	6.8000
dPolE	551.125	90.000	58.3264	1.0000	0.0000	6.8000
uR	551.125	90.000	0.0218	1.0000	0.0000	6.8000
E	552.739	90.000	44.8407	7.7996	0.0820	0.1044	0.0000	6.8000
dPolE	552.739	90.000	57.3196	1.0000	0.0000	6.8000
uR	552.739	90.000	0.0218	1.0000	0.0000	6.8000
E	554.353	90.000	45.0928	7.6504	0.0869	0.1099	0.0000	6.8000
dPolE	554.353	90.000	58.8177	1.0000	0.0000	6.8000
uR	554.353	90.000	0.0215	1.0000	0.0000	6.8000
E	555.968	90.000	45.0683	7.7879	0.0833	0.1049	0.0000	6.8000
dPolE	555.968	90.000	56.5960	1.0000	0.0000	6.8000
uR	555.968	90.000	0.0215	1.0000	0.0000	6.8000
E	557.582	90.000	44.8318	8.0304	0.0824	0.1036	0.0000	6.8000
dPolE	557.582	90.000	56.6909	1.0000	0.0000	6.8000
uR	557.582	90.000	0.0215	1.0000	0.0000	6.8000
E	559.196	90.000	44.9753	7.7006	0.0860	0.1079	0.0000	6.8000
dPolE	559.196	90.000	56.0694	1.0000	0.0000	6.8000
uR	559.196	90.000	0.0220	1.0000	0.0000	6.8000
E	560.810	90.000	44.9911	7.4892	0.0833	0.1044	0.0000	6.8000
dPolE	560.810	90.000	57.7630	1.0000	0.0000	6.8000
uR	560.810	90.000	0.0220	1.0000	0.0000	6.8000
E	562.424	90.000	45.0267	7.4345	0.0843	0.1058	0.0000	6.8000
dPolE	562.424	90.000	55.6851	1.0000	0.0000	6.8000
uR	562.424	90.000	0.0221	1.0000	0.0000	6.8000
E	564.038	90.000	45.1431	7.1097	0.0869	0.1089	0.0000	6.8000
dPolE	564.038	90.000	53.9373	1.0000	0.0000	6.8000
uR	564.038	90.000	0.0223	1.0000	0.0000	6.8000
E	565.651	90.000	44.8972	7.4659	0.0817	0.1022	0.0000	6.8000
dPolE	565.651	90.000	57.0764	1.0000	0.0000	6.8000
uR	565.651	90.000	0.0222	1.0000	0.0000	6.8000
E	567.265	90.000	44.9898	7.3037	0.0881	0.1097	0.0000	6.8000
dPolE	567.265	90.000	53.2402	1.0000	0.0000	6.8000
uR	567.265	90.000	0.0220	1.0000	0.0000	6.8000
E	568.879	90.000	44.7310	7.0064	0.0828	0.1023	0.0000	6.8000
dPolE	568.879	90.000	55.2580	1.0000	0.0000	6.8000
uR	568.879	90.000	0.0219	1.0000	0.0000	6.8000
E	570.493	90.000	44.8581	7.0029	0.0876	0.1074	0.0000	6.8000
dPolE	570.493	90.000	53.5699	1.0000	0.0000	6.8000
uR	570.493	90.000	0.0222	1.0000	0.0000	6.8000
E	572.106	90.000	44.8703	7.0148	0.0874	0.1063	0.0000	6.8000
dPolE	572.106	90.000	52.0871	1.0000	0.0000	6.8000
uR	572.106	90.000	0.0222	1.0000	0.0000	6.8000
E	573.720	90.000	44.8451	6.7498	0.0907	0.1093	0.0000	6.8000
dPolE	573.720	90.000	52.5171	1.0000	0.0000	6.8000
uR	573.720	90.000	0.0218	1.0000	0.0000	6.8000
E	575.333	90.000	44.9888	6.9510	0.0863	0.1032	0.0000	6.8000
dPolE	575.333	90.000	53.4050	1.0000	0.0000	6.8000
uR	575.333	90.000	0.0219	1.0000	0.0000	6.8000
E	576.947	90.000	45.1949	6.8493	0.0873	0.1037	0.0000	6.8000
dPolE	576.947	90.000	55.2306	1.0000	0.0000	6.8000
uR	576.947	90.000	0.0218	1.0000	0.0000	6.8000
E	578.560	90.000	44.8635	6.3102	0.0896	0.1059	0.0000	6.8000
dPolE	578.560	90.000	53.3867	1.0000	0.0000	6.8000
uR	578.560	90.000	0.0219	1.0000	0.0000	6.8000
E	580.174	90.000	44.8644	6.5276	0.0871	0.1027	0.0000	6.8000
dPolE	580.174	90.000	52.6087	1.0000	0.0000	6.8000
uR	580.174	90.000	0.0217	1.0000	0.0000	6.8000
E	581.787	90.000	44.7935	6.7256	0.0911	0.1074	0.0000	6.8000
dPolE	581.787	90.000	54.1831	1.0000	0.0000	6.8000
uR	581.787	90.000	0.0216	1.0000	0.0000	6.8000
E	583.400	90.000	45.2620	6.4592	0.0872	0.1026	0.0000	6.8000
dPolE	583.400	90.000	52.3664	1.0000	0.0000	6.8000
uR	583.400	90.000	0.0218	1.0000	0.0000	6.8000
E	585.014	90.000	44.7196	6.4912	0.0875	0.1032	0.0000	6.8000
dPolE	585.014	90.000	53.3171	1.0000	0.0000	6.8000
uR	585.014	90.000	0.0216	1.0000	0.0000	6.8000
E	586.627	90.000	44.8215	6.3284	0.0864	0.1018	0.0000	6.8000
dPolE	586.627	90.000	52.1106	1.0000	0.0000	6.8000
uR	586.627	90.000	0.0221	1.0000	0.0000	6.8000
E	588.240	90.000	44.9174	6.1728	0.0872	0.1023	0.0000	6.8000
dPolE	588.240	90.000	51.5558	1.0000	0.0000	6.8000
uR	588.240	90.000	0.0224	1.0000	0.0000	6.8000
E	589.853	90.000	45.4840	5.7861	0.0867	0.1014	0.0000	6.8000
dPolE	589.853	90.000	50.9150	1.0000	0.0000	6.8000
uR	589.853	90.000	0.0222	1.0000	0.0000	6.8000
E	591.466	90.000	44.9896	6.3888	0.0844	0.0983	0.0000	6.8000
dPolE	591.466	90.000	52.2832	1.0000	0.0000	6.8000
uR	591.466	90.000	0.0221	1.0000	0.0000	6.8000
E	593.079	90.000	44.8886	5.9840	0.0876	0.1013	0.0000	6.8000
dPolE	593.079	90.000	50.3791	1.0000	0.0000	6.8000
uR	593.079	90.000	0.0224	1.0000	0.0000	6.8000
E	594.692	90.000	44.8187	5.9808	0.0918	0.1052	0.0000	6.8000
dPolE	594.692	90.000	52.2853	1.0000	0.0000	6.8000
uR	594.692	90.000	0.0220	1.0000	0.0000	6.8000
E	596.305	90.000	44.7810	5.9913	0.0895	0.1018	0.0000	6.8000
dPolE	596.305	90.000	52.1266	1.0000	0.0000	6.8000
uR	596.305	90.000	0.0223	1.0000	0.0000	6.8000
E	597.918	90.000	44.7868	5.9534	0.0887	0.1002	0.0000	6.8000
dPolE	597.918	90.000	54.1022	1.0000	0.0000	6.8000
uR	597.918	90.000	0.0224	1.0000	0.0000	6.8000
E	599.530	90.000	44.9690	6.1923	0.0943	0.1058	0.0000	6.8000
dPolE	599.530	90.000	51.0605	1.0000	0.0000	6.8000
uR	599.530	90.000	0.0227	1.0000	0.0000	6.8000
E	601.143	90.000	44.5934	6.0248	0.0942	0.1052	0.0000	6.8000
dPolE	601.143	90.000	50.1230	1.0000	0.0000	6.8000
uR	601.143	90.000	0.0229	1.0000	0.0000	6.8000
E	602.755	90.000	44.9287	6.1155	0.0948	0.1055	0.0000	6.8000
dPolE	602.755	90.000	50.5882	1.0000	0.0000	6.8000
uR	602.755	90.000	0.0225	1.0000	0.0000	6.8000
E	604.368	90.000	44.9516	5.7637	0.0907	0.1004	0.0000	6.8000
dPolE	604.368	90.000	51.6369	1.0000	0.0000	6.8000
uR	604.368	90.000	0.0225	1.0000	0.0000	6.8000
E	605.981	90.000	44.8376	5.6055	0.0959	0.1061	0.0000	6.8000
dPolE	605.981	90.000	51.4633	1.0000	0.0000	6.8000
uR	605.981	90.000	0.0224	1.0000	0.0000	6.8000
E	607.593	90.000	45.2159	5.7306	0.0942	0.1043	0.0000	6.8000
dPolE	607.593	90.000	52.5356	1.0000	0.0000	6.8000
uR	607.593	90.000	0.0220	1.0000	0.0000	6.8000
E	609.205	90.000	44.9176	5.6999	0.0943	0.1044	0.0000	6.8000
dPolE	609.205	90.000	49.5451	1.0000	0.0000	6.8000
uR	609.205	90.000	0.0222	1.0000	0.0000	6.8000
E	610.818	90.000	45.1214	5.7598	0.0940	0.1041	0.0000	6.8000
dPolE	610.818	90.000	53.8848	1.0000	0.0000	6.8000
uR	610.818	90.000	0.0222	1.0000	0.0000	6.8000
E	612.430	90.000	45.1104	5.4698	0.0932	0.1028	0.0000	6.8000
dPolE	612.430	90.000	49.2496	1.0000	0.0000	6.8000
uR	612.430	90.000	0.0225	1.0000	0.0000	6.8000
E	614.042	90.000	44.9945	5.6195	0.0868	0.0956	0.0000	6.8000
dPolE	614.042	90.000	52.7299	1.0000	0.0000	6.8000
uR	614.042	90.000	0.0222	1.0000	0.0000	6.8000
E	615.654	90.000	44.9679	5.7498	0.0918	0.1006	0.0000	6.8000
dPolE	615.654	90.000	48.3168	1.0000	0.0000	6.8000
uR	615.654	90.000	0.0220	1.0000	0.0000	6.8000
E	617.266	90.000	44.8297	5.5104	0.0945	0.1030	0.0000	6.8000
dPolE	617.266	90.000	50.6868	1.0000	0.0000	6.8000
uR	617.266	90.000	0.0223	1.0000	0.0000	6.8000
E	618.878	90.000	45.0159	5.1610	0.0949	0.1027	0.0000	6.8000
dPolE	618.878	90.000	50.0404	1.0000	0.0000	6.8000
uR	618.878	90.000	0.0224	1.0000	0.0000	6.8000
E	620.490	90.000	45.0892	5.2467	0.0947	0.1017	0.0000	6.8000
dPolE	620.490	90.000	47.2999	1.0000	0.0000	6.8000
uR	620.490	90.000	0.0224	1.0000	0.0000	6.8000
E	622.102	90.000	45.1243	5.4454	0.0864	0.0922	0.0000	6.8000
dPolE	622.102	90.000	48.4223	1.0000	0.0000	6.8000
uR	622.102	90.000	0.0222	1.0000	0.0000	6.8000
E	623.714	90.000	44.5926	5.0825	0.0969	0.1025	0.0000	6.8000
dPolE	623.714	90.000	47.6677	1.0000	0.0000	6.8000
uR	623.714	90.000	0.0224	1.0000	0.0000	6.8000
E	625.325	90.000	44.8196	5.3791	0.0962	0.1013	0.0000	6.8000
dPolE	625.325	90.000	49.5169	1.0000	0.0000	6.8000
uR	625.325	90.000	0.0226	1.0000	0.0000	6.8000
E	626.937	90.000	45.1421	5.1695	0.0984	0.1030	0.0000	6.8000
dPolE	626.937	90.000	46.3283	1.0000	0.0000	6.8000
uR	626.937	90.000	0.0228	1.0000	0.0000	6.8000
E	628.548	90.000	44.8852	5.0721	0.1019	0.1062	0.0000	6.8000
dPolE	628.548	90.000	48.0017	1.0000	0.0000	6.8000
uR	628.548	90.000	0.0224	1.0000	0.0000	6.8000
E	630.160	90.000	45.3341	4.9451	0.0973	0.1010	0.0000	6.8000
dPolE	630.160	90.000	45.9807	1.0000	0.0000	6.8000
uR	630.160	90.000	0.0226	1.0000	0.0000	6.8000
E	631.771	90.000	45.3240	4.7948	0.1005	0.1042	0.0000	6.8000
dPolE	631.771	90.000	46.3515	1.0000	0.0000	6.8000
uR	631.771	90.000	0.0229	1.0000	0.0000	6.8000
E	633.383	90.000	44.6886	4.9405	0.0967	0.1003	0.0000	6.8000
dPolE	633.383	90.000	49.7572	1.0000	0.0000	6.8000
uR	633.383	90.000	0.0227	1.0000	0.0000	6.8000
E	634.994	90.000	44.9357	4.8137	0.1046	0.1083	0.0000	6.8000
dPolE	634.994	90.000	44.0500	1.0000	0.0000	6.8000
uR	634.994	90.000	0.0231	1.0000	0.0000	6.8000
E	636.605	90.000	44.9853	4.7846	0.0973	0.1007	0.0000	6.8000
dPolE	636.605	90.000	46.9239	1.0000	0.0000	6.8000
uR	636.605	90.000	0.0232	1.0000	0.0000	6.8000
E	638.216	90.000	44.8036	4.7541	0.1014	0.1049	0.0000	6.8000
dPolE	638.216	90.000	50.1163	1.0000	0.0000	6.8000
uR	638.216	90.000	0.0228	1.0000	0.0000	6.8000
E	639.827	90.000	44.9181	4.9850	0.1047	0.1083	0.0000	6.8000
dPolE	639.827	90.000	48.9170	1.0000	0.0000	6.8000
uR	639.827	90.000	0.0228	1.0000	0.0000	6.8000
E	641.438	90.000	44.9497	4.8787	0.0976	0.1005	0.0000	6.8000
dPolE	641.438	90.000	50.3070	1.0000	0.0000	6.8000
uR	641.438	90.000	0.0226	1.0000	0.0000	6.8000
E	643.049	90.000	44.4267	4.8379	0.1068	0.1097	0.0000	6.8000
dPolE	643.049	90.000	46.5587	1.0000	0.0000	6.8000
uR	643.049	90.000	0.0226	1.0000	0.0000	6.8000
E	644.660	90.000	44.8174	4.4740	0.1044	0.1066	0.0000	6.8000
dPolE	644.660	90.000	46.3642	1.0000	0.0000	6.8000
uR	644.660	90.000	0.0227	1.0000	0.0000	6.8000
E	646.271	90.000	45.1923	4.5775	0.1038	0.1052	0.0000	6.8000
dPolE	646.271	90.000	47.3201	1.0000	0.0000	6.8000
uR	646.271	90.000	0.0230	1.0000	0.0000	6.8000
E	647.881	90.000	44.8190	4.6013	0.1015	0.1024	0.0000	6.8000
dPolE	647.881	90.000	44.4964	1.0000	0.0000	6.8000
uR	647.881	90.000	0.0230	1.0000	0.0000	6.8000
E	649.492	90.000	44.9595	4.5593	0.1007	0.1009	0.0000	6.8000
dPolE	649.492	90.000	45.5372	1.0000	0.0000	6.8000
uR	649.492	90.000	0.0225	1.0000	0.0000	6.8000
E	651.103	90.000	44.9309	4.4593	0.1035	0.1028	0.0000	6.8000
dPolE	651.103	90.000	44.1882	1.0000	0.0000	6.8000
uR	651.103	90.000	0.0231	1.0000	0.0000	6.8000
E	652.713	90.000	45.1687	4.9285	0.1047	0.1037	0.0000	6.8000
dPolE	652.713	90.000	47.2130	1.0000	0.0000	6.8000
uR	652.713	90.000	0.0233	1.0000	0.0000	6.8000
E	654.323	90.000	44.7655	4.6718	0.1059	0.1041	0.0000	6.8000
dPolE	654.323	90.000	46.8637	1.0000	0.0000	6.8000
uR	654.323	90.000	0.0237	1.0000	0.0000	6.8000
E	655.934	90.000	44.8001	4.4813	0.1083	0.1060	0.0000	6.8000
dPolE	655.934	90.000	47.0633	1.0000	0.0000	6.8000
uR	655.934	90.000	0.0232	1.0000	0.0000	6.8000
E	657.544	90.000	44.6682	4.2148	0.1111	0.1082	0.0000	6.8000
dPolE	657.544	90.000	46.7359	1.0000	0.0000	6.8000
uR	657.544	90.000	0.0230	1.0000	0.0000	6.8000
E	659.154	90.000	44.6133	4.4797	0.1134	0.1104	0.0000	6.8000
dPolE	659.154	90.000	47.1851	1.0000	0.0000	6.8000
uR	659.154	90.000	0.0232	1.0000	0.0000	6.8000
E	660.764	90.000	44.8011	4.0901	0.1137	0.1102	0.0000	6.8000
dPolE	660.764	90.000	45.4679	1.0000	0.0000	6.8000
uR	660.764	90.000	0.0235	1.0000	0.0000	6.8000
E	662.374	90.000	45.2651	4.4848	0.1072	0.1041	0.0000	6.8000
dPolE	662.374	90.000	46.8306	1.0000	0.0000	6.8000
uR	662.374	90.000	0.0230	1.0000	0.0000	6.8000
E	663.984	90.000	44.8319	4.1654	0.1106	0.1071	0.0000	6.8000
dPolE	663.984	90.000	47.6322	1.0000	0.0000	6.8000
uR	663.984	90.000	0.0226	1.0000	0.0000	6.8000
E	665.594	90.000	44.8587	4.1411	0.1139	0.1103	0.0000	6.8000
dPolE	665.594	90.000	49.3700	1.0000	0.0000	6.8000
uR	665.594	90.000	0.0223	1.0000	0.0000	6.8000
E	667.204	90.000	44.9793	4.2722	0.1098	0.1064	0.0000	6.8000
dPolE	667.204	90.000	48.7597	1.0000	0.0000	6.8000
uR	667.204	90.000	0.0222	1.0000	0.0000	6.8000
E	668.813	90.000	44.9247	4.0357	0.1090	0.1053	0.0000	6.8000
dPolE	668.813	90.000	44.6404	1.0000	0.0000	6.8000
uR	668.813	90.000	0.0224	1.0000	0.0000	6.8000
E	670.423	90.000	44.4492	4.2982	0.1055	0.1018	0.0000	6.8000
dPolE	670.423	90.000	46.1724	1.0000	0.0000	6.8000
uR	670.423	90.000	0.0225	1.0000	0.0000	6.8000
E	672.032	90.000	44.8719	4.1918	0.1155	0.1112	0.0000	6.8000
dPolE	672.032	90.000	43.7422	1.0000	0.0000	6.8000
uR	672.032	90.000	0.0229	1.0000	0.0000	6.8000
E	673.642	90.000	45.2165	4.1468	0.1114	0.1069	0.0000	6.8000
dPolE	673.642	90.000	42.1773	1.0000	0.0000	6.8000
uR	673.642	90.000	0.0228	1.0000	0.0000	6.8000
E	675.251	90.000	44.7762	4.3193	0.1081	0.1033	0.0000	6.8000
dPolE	675.251	90.000	46.2188	1.0000	0.0000	6.8000
uR	675.251	90.000	0.0234	1.0000	0.0000	6.8000
E	676.860	90.000	45.0328	3.9724	0.1106	0.1050	0.0000	6.8000
dPolE	676.860	90.000	44.3945	1.0000	0.0000	6.8000
uR	676.860	90.000	0.0234	1.0000	0.0000	6.8000
E	678.469	90.000	44.7296	4.0466	0.1138	0.1073	0.0000	6.8000
dPolE	678.469	90.000	44.1090	1.0000	0.0000	6.8000
uR	678.469	90.000	0.0230	1.0000	0.0000	6.8000
E	680.079	90.000	44.7448	4.2067	0.1180	0.1108	0.0000	6.8000
dPolE	680.079	90.000	43.3987	1.0000	0.0000	6.8000
uR	680.079	90.000	0.0226	1.0000	0.0000	6.8000
E	681.688	90.000	45.1550	4.0429	0.1094	0.1019	0.0000	6.8000
dPolE	681.688	90.000	43.3913	1.0000	0.0000	6.8000
uR	681.688	90.000	0.0228	1.0000	0.0000	6.8000
E	683.296	90.000	45.1071	4.0040	0.1140	0.1056	0.0000	6.8000
dPolE	683.296	90.000	39.4459	1.0000	0.0000	6.8000
uR	683.296	90.000	0.0230	1.0000	0.0000	6.8000
E	684.905	90.000	44.9326	3.9307	0.1102	0.1014	0.0000	6.8000
dPolE	684.905	90.000	38.9302	1.0000	0.0000	6.8000
uR	684.905	90.000	0.0227	1.0000	0.0000	6.8000
E	686.514	90.000	45.3023	3.8432	0.1073	0.0981	0.0000	6.8000
dPolE	686.514	90.000	39.2351	1.0000	0.0000	6.8000
uR	686.514	90.000	0.0223	1.0000	0.0000	6.8000
E	688.123	90.000	45.1839	3.9857	0.1090	0.0994	0.0000	6.8000
dPolE	688.123	90.000	40.1811	1.0000	0.0000	6.8000
uR	688.123	90.000	0.0227	1.0000	0.0000	6.8000
E	689.731	90.000	45.0994	3.8975	0.1113	0.1012	0.0000	6.8000
dPolE	689.731	90.000	35.7891	1.0000	0.0000	6.8000
uR	689.731	90.000	0.0226	1.0000	0.0000	6.8000
E	691.340	90.000	44.9229	3.7739	0.1055	0.0956	0.0000	6.8000
dPolE	691.340	90.000	42.1411	1.0000	0.0000	6.8000
uR	691.340	90.000	0.0226	1.0000	0.0000	6.8000
E	692.948	90.000	44.6748	3.9201	0.1135	0.1027	0.0000	6.8000
dPolE	692.948	90.000	39.5717	1.0000	0.0000	6.8000
uR	692.948	90.000	0.0231	1.0000	0.0000	6.8000
E	694.556	90.000	44.7971	4.1436	0.1150	0.1041	0.0000	6.8000
dPolE	694.556	90.000	43.2711	1.0000	0.0000	6.8000
uR	694.556	90.000	0.0229	1.0000	0.0000	6.8000
E	696.164	90.000	45.2838	3.9406	0.1270	0.1148	0.0000	6.8000
dPolE	696.164	90.000	42.1652	1.0000	0.0000	6.8000
uR	696.164	90.000	0.0231	1.0000	0.0000	6.8000
E	697.772	90.000	45.0843	4.3169	0.1276	0.1156	0.0000	6.8000
dPolE	697.772	90.000	43.5006	1.0000	0.0000	6.8000
uR	697.772	90.000	0.0232	1.0000	0.0000	6.8000
E	699.380	90.000	44.6682	3.7915	0.1234	0.1115	0.0000	6.8000
dPolE	699.380	90.000	45.0546	1.0000	0.0000	6.8000
uR	699.380	90.000	0.0232	1.0000	0.0000	6.8000
E	700.988	90.000	45.3333	3.8990	0.1246	0.1125	0.0000	6.8000
dPolE	700.988	90.000	42.8417	1.0000	0.0000	6.8000
uR	700.988	90.000	0.0232	1.0000	0.0000	6.8000
E	702.596	90.000	44.7778	3.6684	0.1251	0.1125	0.0000	6.8000
dPolE	702.596	90.000	45.2746	1.0000	0.0000	6.8000
uR	702.596	90.000	0.0228	1.0000	0.0000	6.8000
E	704.204	90.000	44.8849	3.7330	0.1317	0.1184	0.0000	6.8000
dPolE	704.204	90.000	45.3414	1.0000	0.0000	6.8000
uR	704.204	90.000	0.0228	1.0000	0.0000	6.8000
E	705.811	90.000	44.9914	3.6405	0.1342	0.1199	0.0000	6.8000
dPolE	705.811	90.000	46.5886	1.0000	0.0000	6.8000
uR	705.811	90.000	0.0230	1.0000	0.0000	6.8000
E	707.419	90.000	44.5842	3.9331	0.1296	0.1159	0.0000	6.8000
dPolE	707.419	90.000	46.1808	1.0000	0.0000	6.8000
uR	707.419	90.000	0.0231	1.0000	0.0000	6.8000
E	709.026	90.000	44.6876	3.4420	0.1279	0.1136	0.0000	6.8000
dPolE	709.026	90.000	41.2810	1.0000	0.0000	6.8000
uR	709.026	90.000	0.0234	1.0000	0.0000	6.8000
E	710.634	90.000	44.9232	3.6930	0.1255	0.1110	0.0000	6.8000
dPolE	710.634	90.000	42.7449	1.0000	0.0000	6.8000
uR	710.634	90.000	0.0237	1.0000	0.0000	6.8000
E	712.241	90.000	44.6843	3.7325	0.1213	0.1069	0.0000	6.8000
dPolE	712.241	90.000	43.6803	1.0000	0.0000	6.8000
uR	712.241	90.000	0.0250	1.0000	0.0000	6.8000
E	713.848	90.000	44.8658	3.7804	0.1451	0.1271	0.0000	6.8000
dPolE	713.848	90.000	45.1317	1.0000	0.0000	6.8000
uR	713.848	90.000	0.0243	1.0000	0.0000	6.8000
E	715.455	90.000	44.5801	3.7698	0.1625	0.1414	0.0000	6.8000
dPolE	715.455	90.000	49.6092	1.0000	0.0000	6.8000
uR	715.455	90.000	0.0214	1.0000	0.0000	6.8000
E	717.062	90.000	44.5227	3.7088	0.1422	0.1232	0.0000	6.8000
dPolE	717.062	90.000	47.8787	1.0000	0.0000	6.8000
uR	717.062	90.000	0.0206	1.0000	0.0000	6.8000
E	718.669	90.000	44.7238	3.2780	0.1366	0.1176	0.0000	6.8000
dPolE	718.669	90.000	45.9665	1.0000	0.0000	6.8000
uR	718.669	90.000	0.0219	1.0000	0.0000	6.8000
E	720.276	90.000	44.9892	3.4036	0.1312	0.1125	0.0000	6.8000
dPolE	720.276	90.000	46.2090	1.0000	0.0000	6.8000
uR	720.276	90.000	0.0233	1.0000	0.0000	6.8000
E	721.882	90.000	44.8143	3.3121	0.1414	0.1206	0.0000	6.8000
dPolE	721.882	90.000	48.1111	1.0000	0.0000	6.8000
uR	721.882	90.000	0.0234	1.0000	0.0000	6.8000
E	723.489	90.000	45.1179	3.3233	0.1481	0.1258	0.0000	6.8000
dPolE	723.489	90.000	41.3652	1.0000	0.0000	6.8000
uR	723.489	90.000	0.0233	1.0000	0.0000	6.8000
E	725.095	90.000	45.2184	3.0808	0.1495	0.1266	0.0000	6.8000
dPolE	725.095	90.000	45.4595	1.0000	0.0000	6.8000
uR	725.095	90.000	0.0234	1.0000	0.0000	6.8000
E	726.701	90.000	44.9881	3.3873	0.1491	0.1260	0.0000	6.8000
dPolE	726.701	90.000	46.0093	1.0000	0.0000	6.8000
uR	726.701	90.000	0.0233	1.0000	0.0000	6.8000
E	728.308	90.000	45.0003	3.1785	0.1410	0.1189	0.0000	6.8000
dPolE	728.308	90.000	44.0064	1.0000	0.0000	6.8000
uR	728.308	90.000	0.0232	1.0000	0.0000	6.8000
E	729.914	90.000	45.0288	3.3207	0.1426	0.1199	0.0000	6.8000
dPolE	729.914	90.000	41.9741	1.0000	0.0000	6.8000
uR	729.914	90.000	0.0228	1.0000	0.0000	6.8000
E	731.520	90.000	45.5334	3.3327	0.1370	0.1153	0.0000	6.8000
dPolE	731.520	90.000	41.6127	1.0000	0.0000	6.8000
uR	731.520	90.000	0.0224	1.0000	0.0000	6.8000
E	733.126	90.000	45.4766	3.3945	0.1358	0.1144	0.0000	6.8000
dPolE	733.126	90.000	40.2893	1.0000	0.0000	6.8000
uR	733.126	90.000	0.0228	1.0000	0.0000	6.8000
E	734.732	90.000	44.5924	3.2549	0.1388	0.1167	0.0000	6.8000
dPolE	734.732	90.000	41.2138	1.0000	0.0000	6.8000
uR	734.732	90.000	0.0226	1.0000	0.0000	6.8000
E	736.337	90.000	44.9877	2.9990	0.1395	0.1171	0.0000	6.8000
dPolE	736.337	90.000	44.4046	1.0000	0.0000	6.8000
uR	736.337	90.000	0.0231	1.0000	0.0000	6.8000
E	737.943	90.000	45.3227	3.4470	0.1425	0.1199	0.0000	6.8000
dPolE	737.943	90.000	43.8595	1.0000	0.0000	6.8000
uR	737.943	90.000	0.0225	1.0000	0.0000	6.8000
E	739.548	90.000	44.8264	3.1846	0.1404	0.1175	0.0000	6.8000
dPolE	739.548	90.000	37.9890	1.0000	0.0000	6.8000
uR	739.548	90.000	0.0229	1.0000	0.0000	6.8000
E	741.154	90.000	44.7541	3.3136	0.1380	0.1156	0.0000	6.8000
dPolE	741.154	90.000	40.6661	1.0000	0.0000	6.8000
uR	741.154	90.000	0.0227	1.0000	0.0000	6.8000
E	742.759	90.000	45.0546	3.3605	0.1416	0.1182	0.0000	6.8000
dPolE	742.759	90.000	39.8189	1.0000	0.0000	6.8000
uR	742.759	90.000	0.0226	1.0000	0.0000	6.8000
E	744.364	90.000	45.2134	3.0956	0.1441	0.1197	0.0000	6.8000
dPolE	744.364	90.000	39.1646	1.0000	0.0000	6.8000
uR	744.364	90.000	0.0229	1.0000	0.0000	6.8000
E	745.969	90.000	45.2455	3.0362	0.1511	0.1250	0.0000	6.8000
dPolE	745.969	90.000	42.5645	1.0000	0.0000	6.8000
uR	745.969	90.000	0.0232	1.0000	0.0000	6.8000
E	747.574	90.000	45.0062	2.9397	0.1530	0.1260	0.0000	6.8000
dPolE	747.574	90.000	42.1616	1.0000	0.0000	6.8000
uR	747.574	90.000	0.0230	1.0000	0.0000	6.8000
E	749.179	90.000	45.0839	2.8764	0.1517	0.1243	0.0000	6.8000
dPolE	749.179	90.000	46.4335	1.0000	0.0000	6.8000
uR	749.179	90.000	0.0224	1.0000	0.0000	6.8000
E	750.784	90.000	44.5218	2.6276	0.1457	0.1188	0.0000	6.8000
dPolE	750.784	90.000	40.5040	1.0000	0.0000	6.8000
uR	750.784	90.000	0.0232	1.0000	0.0000	6.8000
E	752.388	90.000	45.5335	3.1649	0.1552	0.1262	0.0000	6.8000
dPolE	752.388	90.000	39.8202	1.0000	0.0000	6.8000
uR	752.388	90.000	0.0237	1.0000	0.0000	6.8000
E	753.993	90.000	44.8676	3.2916	0.1550	0.1254	0.0000	6.8000
dPolE	753.993	90.000	46.7046	1.0000	0.0000	6.8000
uR	753.993	90.000	0.0231	1.0000	0.0000	6.8000
E	755.597	90.000	44.9919	2.9600	0.1548	0.1244	0.0000	6.8000
dPolE	755.597	90.000	39.8945	1.0000	0.0000	6.8000
uR	755.597	90.000	0.0239	1.0000	0.0000	6.8000
E	757.202	90.000	45.3034	3.3037	0.1548	0.1243	0.0000	6.8000
dPolE	757.202	90.000	43.6028	1.0000	0.0000	6.8000
uR	757.202	90.000	0.0227	1.0000	0.0000	6.8000
E	758.806	90.000	44.6927	2.8198	0.1569	0.1249	0.0000	6.8000
dPolE	758.806	90.000	44.0525	1.0000	0.0000	6.8000
uR	758.806	90.000	0.0221	1.0000	0.0000	6.8000
E	760.410	90.000	44.4542	3.2032	0.1556	0.1237	0.0000	6.8000
dPolE	760.410	90.000	43.5355	1.0000	0.0000	6.8000
uR	760.410	90.000	0.0217	1.0000	0.0000	6.8000
E	762.014	90.000	44.9440	2.6316	0.1374	0.1082	0.0000	6.8000
dPolE	762.014	90.000	37.8778	1.0000	0.0000	6.8000
uR	762.014	90.000	0.0226	1.0000	0.0000	6.8000
E	763.618	90.000	45.0459	3.0282	0.1189	0.0938	0.0000	6.8000
dPolE	763.618	90.000	28.8900	1.0000	0.0000	6.8000
uR	763.618	90.000	0.0234	1.0000	0.0000	6.8000
E	765.221	90.000	44.8141	2.8589	0.1085	0.0854	0.0000	6.8000
dPolE	765.221	90.000	30.1150	1.0000	0.0000	6.8000
uR	765.221	90.000	0.0234	1.0000	0.0000	6.8000
E	766.825	90.000	45.1424	2.9977	0.1240	0.0973	0.0000	6.8000
dPolE	766.825	90.000	34.2186	1.0000	0.0000	6.8000
uR	766.825	90.000	0.0225	1.0000	0.0000	6.8000
E	768.429	90.000	45.0391	2.9817	0.1453	0.1139	0.0000	6.8000
dPolE	768.429	90.000	39.7639	1.0000	0.0000	6.8000
uR	768.429	90.000	0.0226	1.0000	0.0000	6.8000
E	770.032	90.000	44.8883	3.0587	0.1622	0.1270	0.0000	6.8000
dPolE	770.032	90.000	45.8632	1.0000	0.0000	6.8000
uR	770.032	90.000	0.0223	1.0000	0.0000	6.8000
E	771.635	90.000	45.0122	2.5958	0.1767	0.1380	0.0000	6.8000
dPolE	771.635	90.000	44.6663	1.0000	0.0000	6.8000
uR	771.635	90.000	0.0225	1.0000	0.0000	6.8000
E	773.238	90.000	44.4942	3.1333	0.1785	0.1398	0.0000	6.8000
dPolE	773.238	90.000	43.1720	1.0000	0.0000	6.8000
uR	773.238	90.000	0.0242	1.0000	0.0000	6.8000
E	774.841	90.000	44.9124	3.2296	0.1935	0.1515	0.0000	6.8000
dPolE	774.841	90.000	44.2253	1.0000	0.0000	6.8000
uR	774.841	90.000	0.0249	1.0000	0.0000	6.8000
E	776.444	90.000	45.0674	2.7803	0.1822	0.1421	0.0000	6.8000
dPolE	776.444	90.000	47.8108	1.0000	0.0000	6.8000
uR	776.444	90.000	0.0255	1.0000	0.0000	6.8000
E	778.047	90.000	45.4391	2.9480	0.1980	0.1541	0.0000	6.8000
dPolE	778.047	90.000	47.9243	1.0000	0.0000	6.8000
uR	778.047	90.000	0.0246	1.0000	0.0000	6.8000
E	779.650	90.000	44.5953	2.3191	0.1961	0.1521	0.0000	6.8000
dPolE	779.650	90.000	54.1714	1.0000	0.0000	6.8000
uR	779.650	90.000	0.0234	1.0000	0.0000	6.8000
E	781.252	90.000	44.8404	2.8838	0.1957	0.1523	0.0000	6.8000
dPolE	781.252	90.000	50.2418	1.0000	0.0000	6.8000
uR	781.252	90.000	0.0237	1.0000	0.0000	6.8000
E	782.855	90.000	45.2605	2.5777	0.1991	0.1543	0.0000	6.8000
dPolE	782.855	90.000	55.7832	1.0000	0.0000	6.8000
uR	782.855	90.000	0.0242	1.0000	0.0000	6.8000
E	784.457	90.000	45.1292	2.7250	0.2069	0.1603	0.0000	6.8000
dPolE	784.457	90.000	49.6571	1.0000	0.0000	6.8000
uR	784.457	90.000	0.0246	1.0000	0.0000	6.8000
E	786.059	90.000	44.0734	2.9412	0.1953	0.1510	0.0000	6.8000
dPolE	786.059	90.000	51.9216	1.0000	0.0000	6.8000
uR	786.059	90.000	0.0239	1.0000	0.0000	6.8000
E	787.661	90.000	45.0916	2.8630	0.1910	0.1464	0.0000	6.8000
dPolE	787.661	90.000	47.9951	1.0000	0.0000	6.8000
uR	787.661	90.000	0.0229	1.0000	0.0000	6.8000
E	789.263	90.000	44.5661	2.4999	0.1780	0.1363	0.0000	6.8000
dPolE	789.263	90.000	50.0406	1.0000	0.0000	6.8000
uR	789.263	90.000	0.0224	1.0000	0.0000	6.8000
E	790.865	90.000	45.0070	2.9210	0.1802	0.1376	0.0000	6.8000
dPolE	790.865	90.000	46.0762	1.0000	0.0000	6.8000
uR	790.865	90.000	0.0215	1.0000	0.0000	6.8000
E	792.467	90.000	44.9780	2.6174	0.1944	0.1478	0.0000	6.8000
dPolE	792.467	90.000	41.1509	1.0000	0.0000	6.8000
uR	792.467	90.000	0.0224	1.0000	0.0000	6.8000
E	794.068	90.000	44.9103	3.0374	0.1893	0.1434	0.0000	6.8000
dPolE	794.068	90.000	46.3579	1.0000	0.0000	6.8000
uR	794.068	90.000	0.0230	1.0000	0.0000	6.8000
E	795.670	90.000	44.9898	2.4765	0.1858	0.1398	0.0000	6.8000
dPolE	795.670	90.000	48.1654	1.0000	0.0000	6.8000
uR	795.670	90.000	0.0235	1.0000	0.0000	6.8000
E	797.271	90.000	44.3479	2.7720	0.1812	0.1361	0.0000	6.8000
dPolE	797.271	90.000	47.3271	1.0000	0.0000	6.8000
uR	797.271	90.000	0.0240	1.0000	0.0000	6.8000
E	798.872	90.000	44.7218	3.0283	0.1846	0.1382	0.0000	6.8000
dPolE	798.872	90.000	41.1930	1.0000	0.0000	6.8000
uR	798.872	90.000	0.0237	1.0000	0.0000	6.8000
E	800.473	90.000	45.0318	2.4701	0.1766	0.1315	0.0000	6.8000
dPolE	800.473	90.000	42.7022	1.0000	0.0000	6.8000
uR	800.473	90.000	0.0242	1.0000	0.0000	6.8000
E	802.074	90.000	45.8489	2.9098	0.1941	0.1442	0.0000	6.8000
dPolE	802.074	90.000	40.9157	1.0000	0.0000	6.8000
uR	802.074	90.000	0.0240	1.0000	0.0000	6.8000
E	803.675	90.000	45.4454	2.5125	0.1891	0.1391	0.0000	6.8000
dPolE	803.675	90.000	48.4602	1.0000	0.0000	6.8000
uR	803.675	90.000	0.0241	1.0000	0.0000	6.8000
E	805.276	90.000	44.8379	2.6980	0.2016	0.1481	0.0000	6.8000
dPolE	805.276	90.000	45.3072	1.0000	0.0000	6.8000
uR	805.276	90.000	0.0247	1.0000	0.0000	6.8000
E	806.876	90.000	45.6672	2.6371	0.1911	0.1403	0.0000	6.8000
dPolE	806.876	90.000	43.7943	1.0000	0.0000	6.8000
uR	806.876	90.000	0.0239	1.0000	0.0000	6.8000
E	808.477	90.000	45.1262	2.3899	0.1867	0.1365	0.0000	6.8000
dPolE	808.477	90.000	45.6489	1.0000	0.0000	6.8000
uR	808.477	90.000	0.0230	1.0000	0.0000	6.8000
E	810.077	90.000	45.3531	2.4839	0.1912	0.1394	0.0000	6.8000
dPolE	810.077	90.000	41.8637	1.0000	0.0000	6.8000
uR	810.077	90.000	0.0245	1.0000	0.0000	6.8000
E	811.677	90.000	45.3586	2.3297	0.1864	0.1355	0.0000	6.8000
dPolE	811.677	90.000	41.7911	1.0000	0.0000	6.8000
uR	811.677	90.000	0.0258	1.0000	0.0000	6.8000
E	813.277	90.000	44.4685	2.1959	0.1920	0.1395	0.0000	6.8000
dPolE	813.277	90.000	44.0466	1.0000	0.0000	6.8000
uR	813.277	90.000	0.0242	1.0000	0.0000	6.8000
E	814.877	90.000	44.7189	2.5040	0.1863	0.1353	0.0000	6.8000
dPolE	814.877	90.000	42.1767	1.0000	0.0000	6.8000
uR	814.877	90.000	0.0235	1.0000	0.0000	6.8000
E	816.477	90.000	45.4518	2.3310	0.1791	0.1297	0.0000	6.8000
dPolE	816.477	90.000	36.0359	1.0000	0.0000	6.8000
uR	816.477	90.000	0.0233	1.0000	0.0000	6.8000
E	818.077	90.000	44.7987	2.6391	0.1648	0.1197	0.0000	6.8000
dPolE	818.077	90.000	35.6803	1.0000	0.0000	6.8000
uR	818.077	90.000	0.0212	1.0000	0.0000	6.8000
E	819.676	90.000	45.2102	2.5577	0.1199	0.0869	0.0000	6.8000
dPolE	819.676	90.000	23.6500	1.0000	0.0000	6.8000
uR	819.676	90.000	0.0195	1.0000	0.0000	6.8000
E	821.276	90.000	44.8953	2.3639	0.0779	0.0563	0.0000	6.8000
dPolE	821.276	90.000	13.5133	1.0000	0.0000	6.8000
uR	821.276	90.000	0.0202	1.0000	0.0000	6.8000
E	822.875	90.000	45.0328	2.2924	0.0528	0.0382	0.0000	6.8000
dPolE	822.875	90.000	7.4723	1.0000	0.0000	6.8000
uR	822.875	90.000	0.0227	1.0000	0.0000	6.8000
E	824.474	90.000	44.9731	2.3513	0.0463	0.0334	0.0000	6.8000
dPolE	824.474	90.000	3.7440	1.0000	0.0000	6.8000
uR	824.474	90.000	0.0236	1.0000	0.0000	6.8000
E	826.073	90.000	44.9855	2.3766	0.0488	0.0352	0.0000	6.8000
dPolE	826.073	90.000	4.4655	1.0000	0.0000	6.8000
uR	826.073	90.000	0.0226	1.0000	0.0000	6.8000
E	827.672	90.000	44.9471	2.4085	0.0600	0.0432	0.0000	6.8000
dPolE	827.672	90.000	8.3075	1.0000	0.0000	6.8000
uR	827.672	90.000	0.0222	1.0000	0.0000	6.8000
E	829.271	90.000	44.9939	2.4388	0.0674	0.0485	0.0000	6.8000
dPolE	829.271	90.000	11.6639	1.0000	0.0000	6.8000
uR	829.271	90.000	0.0228	1.0000	0.0000	6.8000
E	830.869	90.000	44.8574	2.4116	0.0843	0.0604	0.0000	6.8000
dPolE	830.869	90.000	17.9159	1.0000	0.0000	6.8000
uR	830.869	90.000	0.0214	1.0000	0.0000	6.8000
E	832.468	90.000	44.6110	2.3089	0.1021	0.0731	0.0000	6.8000
dPolE	832.468	90.000	27.5570	1.0000	0.0000	6.8000
uR	832.468	90.000	0.0203	1.0000	0.0000	6.8000
E	834.066	90.000	44.8883	2.3555	0.0999	0.0713	0.0000	6.8000
dPolE	834.066	90.000	24.7475	1.0000	0.0000	6.8000
uR	834.066	90.000	0.0214	1.0000	0.0000	6.8000
E	835.664	90.000	44.9376	2.4397	0.1013	0.0721	0.0000	6.8000
dPolE	835.664	90.000	22.5850	1.0000	0.0000	6.8000
uR	835.664	90.000	0.0223	1.0000	0.0000	6.8000
E	837.262	90.000	45.0221	2.4930	0.1052	0.0747	0.0000	6.8000
dPolE	837.262	90.000	24.9584	1.0000	0.0000	6.8000
uR	837.262	90.000	0.0231	1.0000	0.0000	6.8000
E	838.860	90.000	45.0015	2.1433	0.1255	0.0885	0.0000	6.8000
dPolE	838.860	90.000	31.8087	1.0000	0.0000	6.8000
uR	838.860	90.000	0.0232	1.0000	0.0000	6.8000
E	840.458	90.000	44.7763	2.3489	0.1370	0.0963	0.0000	6.8000
dPolE	840.458	90.000	43.1895	1.0000	0.0000	6.8000
uR	840.458	90.000	0.0235	1.0000	0.0000	6.8000
E	842.055	90.000	44.6516	2.0541	0.1396	0.0979	0.0000	6.8000
dPolE	842.055	90.000	45.3006	1.0000	0.0000	6.8000
uR	842.055	90.000	0.0248	1.0000	0.0000	6.8000
E	843.653	90.000	45.1779	2.3470	0.1624	0.1137	0.0000	6.8000
dPolE	843.653	90.000	46.9503	1.0000	0.0000	6.8000
uR	843.653	90.000	0.0230	1.0000	0.0000	6.8000
E	845.250	90.000	45.4610	2.4580	0.2041	0.1419	0.0000	6.8000
dPolE	845.250	90.000	52.9776	1.0000	0.0000	6.8000
uR	845.250	90.000	0.0232	1.0000	0.0000	6.8000
E	846.847	90.000	44.8719	2.4890	0.2324	0.1610	0.0000	6.8000
dPolE	846.847	90.000	52.0545	1.0000	0.0000	6.8000
uR	846.847	90.000	0.0250	1.0000	0.0000	6.8000
E	848.444	90.000	44.9656	2.1374	0.2538	0.1749	0.0000	6.8000
dPolE	848.444	90.000	58.0636	1.0000	0.0000	6.8000
uR	848.444	90.000	0.0261	1.0000	0.0000	6.8000
E	850.041	90.000	43.8956	2.4951	0.2484	0.1709	0.0000	6.8000
dPolE	850.041	90.000	62.7091	1.0000	0.0000	6.8000
uR	850.041	90.000	0.0266	1.0000	0.0000	6.8000
E	851.638	90.000	45.0194	1.6681	0.2694	0.1838	0.0000	6.8000
dPolE	851.638	90.000	61.5412	1.0000	0.0000	6.8000
uR	851.638	90.000	0.0257	1.0000	0.0000	6.8000
E	853.234	90.000	44.6218	2.2079	0.2627	0.1790	0.0000	6.8000
dPolE	853.234	90.000	60.6033	1.0000	0.0000	6.8000
uR	853.234	90.000	0.0259	1.0000	0.0000	6.8000
E	854.831	90.000	44.6718	2.3240	0.2740	0.1858	0.0000	6.8000
dPolE	854.831	90.000	60.1200	1.0000	0.0000	6.8000
uR	854.831	90.000	0.0243	1.0000	0.0000	6.8000
E	856.427	90.000	45.0899	3.2984	0.2683	0.1833	0.0000	6.8000
dPolE	856.427	90.000	65.0945	1.0000	0.0000	6.8000
uR	856.427	90.000	0.0226	1.0000	0.0000	6.8000
E	858.023	90.000	45.3517	1.9490	0.2763	0.1867	0.0000	6.8000
dPolE	858.023	90.000	56.6590	1.0000	0.0000	6.8000
uR	858.023	90.000	0.0242	1.0000	0.0000	6.8000
E	859.619	90.000	44.9902	2.0623	0.2728	0.1836	0.0000	6.8000
dPolE	859.619	90.000	58.4529	1.0000	0.0000	6.8000
uR	859.619	90.000	0.0231	1.0000	0.0000	6.8000
E	861.215	90.000	44.6102	2.0033	0.2562	0.1723	0.0000	6.8000
dPolE	861.215	90.000	56.1708	1.0000	0.0000	6.8000
uR	861.215	90.000	0.0239	1.0000	0.0000	6.8000
E	862.811	90.000	45.1275	2.5371	0.2661	0.1794	0.0000	6.8000
dPolE	862.811	90.000	51.5388	1.0000	0.0000	6.8000
uR	862.811	90.000	0.0245	1.0000	0.0000	6.8000
E	864.407	90.000	45.3530	2.4535	0.2376	0.1597	0.0000	6.8000
dPolE	864.407	90.000	55.2381	1.0000	0.0000	6.8000
uR	864.407	90.000	0.0239	1.0000	0.0000	6.8000
E	866.002	90.000	45.6017	2.1988	0.2322	0.1557	0.0000	6.8000
dPolE	866.002	90.000	51.0963	1.0000	0.0000	6.8000
uR	866.002	90.000	0.0238	1.0000	0.0000	6.8000
E	867.597	90.000	44.8390	2.1345	0.2299	0.1543	0.0000	6.8000
dPolE	867.597	90.000	44.7970	1.0000	0.0000	6.8000
uR	867.597	90.000	0.0241	1.0000	0.0000	6.8000
E	869.192	90.000	45.0522	2.3930	0.2162	0.1450	0.0000	6.8000
dPolE	869.192	90.000	41.5902	1.0000	0.0000	6.8000
uR	869.192	90.000	0.0239	1.0000	0.0000	6.8000
E	870.787	90.000	44.9475	1.9474	0.2017	0.1349	0.0000	6.8000
dPolE	870.787	90.000	38.2250	1.0000	0.0000	6.8000
uR	870.787	90.000	0.0244	1.0000	0.0000	6.8000
E	872.382	90.000	45.2266	2.3004	0.2026	0.1356	0.0000	6.8000
dPolE	872.382	90.000	35.9420	1.0000	0.0000	6.8000
uR	872.382	90.000	0.0233	1.0000	0.0000	6.8000
E	873.977	90.000	44.7862	1.9543	0.1859	0.1243	0.0000	6.8000
dPolE	873.977	90.000	34.1969	1.0000	0.0000	6.8000
uR	873.977	90.000	0.0232	1.0000	0.0000	6.8000
E	875.571	90.000	44.9859	2.2354	0.1595	0.1067	0.0000	6.8000
dPolE	875.571	90.000	31.9125	1.0000	0.0000	6.8000
uR	875.571	90.000	0.0225	1.0000	0.0000	6.8000
E	877.166	90.000	44.4773	2.2150	0.1295	0.0866	0.0000	6.8000
dPolE	877.166	90.000	32.5199	1.0000	0.0000	6.8000
uR	877.166	90.000	0.0209	1.0000	0.0000	6.8000
E	878.760	90.000	44.7305	2.1069	0.0987	0.0659	0.0000	6.8000
dPolE	878.760	90.000	18.4879	1.0000	0.0000	6.8000
uR	878.760	90.000	0.0202	1.0000	0.0000	6.8000
E	880.354	90.000	44.7381	2.0754	0.0674	0.0449	0.0000	6.8000
dPolE	880.354	90.000	10.4222	1.0000	0.0000	6.8000
uR	880.354	90.000	0.0207	1.0000	0.0000	6.8000
E	881.948	90.000	44.9332	1.9110	0.0543	0.0360	0.0000	6.8000
dPolE	881.948	90.000	7.2080	1.0000	0.0000	6.8000
uR	881.948	90.000	0.0228	1.0000	0.0000	6.8000
E	883.542	90.000	44.8304	2.0053	0.0529	0.0350	0.0000	6.8000
dPolE	883.542	90.000	4.7771	1.0000	0.0000	6.8000
uR	883.542	90.000	0.0241	1.0000	0.0000	6.8000
E	885.135	90.000	44.8823	2.1282	0.0602	0.0399	0.0000	6.8000
dPolE	885.135	90.000	6.4042	1.0000	0.0000	6.8000
uR	885.135	90.000	0.0233	1.0000	0.0000	6.8000
E	886.729	90.000	45.1358	2.0142	0.0770	0.0508	0.0000	6.8000
dPolE	886.729	90.000	9.8537	1.0000	0.0000	6.8000
uR	886.729	90.000	0.0224	1.0000	0.0000	6.8000
E	888.322	90.000	44.9593	2.0888	0.0990	0.0652	0.0000	6.8000
dPolE	888.322	90.000	21.9171	1.0000	0.0000	6.8000
uR	888.322	90.000	0.0221	1.0000	0.0000	6.8000
E	889.915	90.000	45.0556	2.3395	0.1192	0.0784	0.0000	6.8000
dPolE	889.915	90.000	22.4741	1.0000	0.0000	6.8000
uR	889.915	90.000	0.0219	1.0000	0.0000	6.8000
E	891.508	90.000	44.5122	2.0240	0.1216	0.0795	0.0000	6.8000
dPolE	891.508	90.000	24.8755	1.0000	0.0000	6.8000
uR	891.508	90.000	0.0224	1.0000	0.0000	6.8000
E	893.101	90.000	44.9336	2.0019	0.1109	0.0723	0.0000	6.8000
dPolE	893.101	90.000	19.9679	1.0000	0.0000	6.8000
uR	893.101	90.000	0.0222	1.0000	0.0000	6.8000
E	894.694	90.000	44.9276	1.9685	0.0959	0.0623	0.0000	6.8000
dPolE	894.694	90.000	16.2600	1.0000	0.0000	6.8000
uR	894.694	90.000	0.0237	1.0000	0.0000	6.8000
E	896.286	90.000	45.0972	1.9838	0.0887	0.0573	0.0000	6.8000
dPolE	896.286	90.000	15.1658	1.0000	0.0000	6.8000
uR	896.286	90.000	0.0236	1.0000	0.0000	6.8000
E	897.879	90.000	45.0142	2.0296	0.0918	0.0592	0.0000	6.8000
dPolE	897.879	90.000	17.7016	1.0000	0.0000	6.8000
uR	897.879	90.000	0.0229	1.0000	0.0000	6.8000
E	899.471	90.000	45.1079	2.0685	0.1095	0.0703	0.0000	6.8000
dPolE	899.471	90.000	21.5882	1.0000	0.0000	6.8000
uR	899.471	90.000	0.0226	1.0000	0.0000	6.8000
E	901.063	90.000	45.1074	2.0193	0.1200	0.0766	0.0000	6.8000
dPolE	901.063	90.000	21.1988	1.0000	0.0000	6.8000
uR	901.063	90.000	0.0221	1.0000	0.0000	6.8000
E	902.655	90.000	44.7989	1.8476	0.1109	0.0706	0.0000	6.8000
dPolE	902.655	90.000	20.9754	1.0000	0.0000	6.8000
uR	902.655	90.000	0.0228	1.0000	0.0000	6.8000
E	904.247	90.000	44.9891	1.9397	0.0974	0.0618	0.0000	6.8000
dPolE	904.247	90.000	14.1548	1.0000	0.0000	6.8000
uR	904.247	90.000	0.0243	1.0000	0.0000	6.8000
E	905.838	90.000	45.0426	1.9139	0.0976	0.0618	0.0000	6.8000
dPolE	905.838	90.000	16.9722	1.0000	0.0000	6.8000
uR	905.838	90.000	0.0240	1.0000	0.0000	6.8000
E	907.429	90.000	44.6608	1.9755	0.1107	0.0700	0.0000	6.8000
dPolE	907.429	90.000	20.1653	1.0000	0.0000	6.8000
uR	907.429	90.000	0.0231	1.0000	0.0000	6.8000
E	909.021	90.000	44.6402	2.0415	0.1373	0.0867	0.0000	6.8000
dPolE	909.021	90.000	28.1791	1.0000	0.0000	6.8000
uR	909.021	90.000	0.0210	1.0000	0.0000	6.8000
E	910.612	90.000	45.2165	1.9416	0.1637	0.1026	0.0000	6.8000
dPolE	910.612	90.000	27.4731	1.0000	0.0000	6.8000
uR	910.612	90.000	0.0212	1.0000	0.0000	6.8000
E	912.203	90.000	44.7568	1.9652	0.1447	0.0906	0.0000	6.8000
dPolE	912.203	90.000	31.4926	1.0000	0.0000	6.8000
uR	912.203	90.000	0.0203	1.0000	0.0000	6.8000
E	913.793	90.000	45.0231	2.0842	0.1112	0.0695	0.0000	6.8000
dPolE	913.793	90.000	20.9822	1.0000	0.0000	6.8000
uR	913.793	90.000	0.0217	1.0000	0.0000	6.8000
E	915.384	90.000	45.0619	1.8538	0.0906	0.0565	0.0000	6.8000
dPolE	915.384	90.000	12.4333	1.0000	0.0000	6.8000
uR	915.384	90.000	0.0228	1.0000	0.0000	6.8000
E	916.974	90.000	44.8342	1.8648	0.0807	0.0502	0.0000	6.8000
dPolE	916.974	90.000	13.6745	1.0000	0.0000	6.8000
uR	916.974	90.000	0.0232	1.0000	0.0000	6.8000
E	918.565	90.000	45.0019	1.8458	0.0932	0.0579	0.0000	6.8000
dPolE	918.565	90.000	13.9294	1.0000	0.0000	6.8000
uR	918.565	90.000	0.0231	1.0000	0.0000	6.8000
E	920.155	90.000	44.6621	1.7069	0.1119	0.0694	0.0000	6.8000
dPolE	920.155	90.000	22.3580	1.0000	0.0000	6.8000
uR	920.155	90.000	0.0215	1.0000	0.0000	6.8000
E	921.745	90.000	45.0002	1.9809	0.1295	0.0803	0.0000	6.8000
dPolE	921.745	90.000	25.2706	1.0000	0.0000	6.8000
uR	921.745	90.000	0.0221	1.0000	0.0000	6.8000
E	923.334	90.000	44.9180	1.8160	0.1612	0.0997	0.0000	6.8000
dPolE	923.334	90.000	31.7675	1.0000	0.0000	6.8000
uR	923.334	90.000	0.0229	1.0000	0.0000	6.8000
E	924.924	90.000	44.8699	1.8344	0.1957	0.1209	0.0000	6.8000
dPolE	924.924	90.000	40.5085	1.0000	0.0000	6.8000
uR	924.924	90.000	0.0219	1.0000	0.0000	6.8000
E	926.513	90.000	44.9350	2.0105	0.2145	0.1324	0.0000	6.8000
dPolE	926.513	90.000	45.8021	1.0000	0.0000	6.8000
uR	926.513	90.000	0.0229	1.0000	0.0000	6.8000
E	928.103	90.000	45.0621	1.9255	0.2384	0.1471	0.0000	6.8000
dPolE	928.103	90.000	42.5195	1.0000	0.0000	6.8000
uR	928.103	90.000	0.0229	1.0000	0.0000	6.8000
E	929.692	90.000	44.8822	1.8762	0.2301	0.1415	0.0000	6.8000
dPolE	929.692	90.000	46.6270	1.0000	0.0000	6.8000
uR	929.692	90.000	0.0238	1.0000	0.0000	6.8000
E	931.280	90.000	45.4014	1.9196	0.2494	0.1539	0.0000	6.8000
dPolE	931.280	90.000	46.5719	1.0000	0.0000	6.8000
uR	931.280	90.000	0.0234	1.0000	0.0000	6.8000
E	932.869	90.000	45.4190	2.1168	0.2547	0.1571	0.0000	6.8000
dPolE	932.869	90.000	38.5330	1.0000	0.0000	6.8000
uR	932.869	90.000	0.0247	1.0000	0.0000	6.8000
E	934.458	90.000	45.0370	1.6527	0.2449	0.1501	0.0000	6.8000
dPolE	934.458	90.000	45.0697	1.0000	0.0000	6.8000
uR	934.458	90.000	0.0244	1.0000	0.0000	6.8000
E	936.046	90.000	44.3461	1.6211	0.2373	0.1456	0.0000	6.8000
dPolE	936.046	90.000	43.2324	1.0000	0.0000	6.8000
uR	936.046	90.000	0.0248	1.0000	0.0000	6.8000
E	937.634	90.000	45.2834	1.8745	0.2212	0.1357	0.0000	6.8000
dPolE	937.634	90.000	37.3176	1.0000	0.0000	6.8000
uR	937.634	90.000	0.0239	1.0000	0.0000	6.8000
E	939.222	90.000	45.2414	1.7793	0.2186	0.1340	0.0000	6.8000
dPolE	939.222	90.000	39.7432	1.0000	0.0000	6.8000
uR	939.222	90.000	0.0242	1.0000	0.0000	6.8000
E	940.810	90.000	45.3722	1.8775	0.2276	0.1385	0.0000	6.8000
dPolE	940.810	90.000	41.1552	1.0000	0.0000	6.8000
uR	940.810	90.000	0.0235	1.0000	0.0000	6.8000
E	942.398	90.000	44.6432	1.5852	0.2377	0.1439	0.0000	6.8000
dPolE	942.398	90.000	45.9583	1.0000	0.0000	6.8000
uR	942.398	90.000	0.0230	1.0000	0.0000	6.8000
E	943.985	90.000	45.6073	1.2389	0.2536	0.1542	0.0000	6.8000
dPolE	943.985	90.000	38.4509	1.0000	0.0000	6.8000
uR	943.985	90.000	0.0240	1.0000	0.0000	6.8000
E	945.573	90.000	44.4394	1.6064	0.2540	0.1544	0.0000	6.8000
dPolE	945.573	90.000	43.3101	1.0000	0.0000	6.8000
uR	945.573	90.000	0.0251	1.0000	0.0000	6.8000
E	947.160	90.000	44.0265	1.8915	0.2635	0.1602	0.0000	6.8000
dPolE	947.160	90.000	40.5332	1.0000	0.0000	6.8000
uR	947.160	90.000	0.0235	1.0000	0.0000	6.8000
E	948.747	90.000	45.3284	1.5330	0.2480	0.1497	0.0000	6.8000
dPolE	948.747	90.000	37.2425	1.0000	0.0000	6.8000
uR	948.747	90.000	0.0251	1.0000	0.0000	6.8000
E	950.334	90.000	45.1724	2.0128	0.2383	0.1442	0.0000	6.8000
dPolE	950.334	90.000	36.3347	1.0000	0.0000	6.8000
uR	950.334	90.000	0.0257	1.0000	0.0000	6.8000
E	951.920	90.000	45.2411	2.1254	0.2361	0.1421	0.0000	6.8000
dPolE	951.920	90.000	37.3073	1.0000	0.0000	6.8000
uR	951.920	90.000	0.0243	1.0000	0.0000	6.8000
E	953.507	90.000	45.4517	1.7339	0.2388	0.1431	0.0000	6.8000
dPolE	953.507	90.000	38.6752	1.0000	0.0000	6.8000
uR	953.507	90.000	0.0247	1.0000	0.0000	6.8000
E	955.093	90.000	44.6243	1.9800	0.2613	0.1559	0.0000	6.8000
dPolE	955.093	90.000	43.8898	1.0000	0.0000	6.8000
uR	955.093	90.000	0.0239	1.0000	0.0000	6.8000
E	956.679	90.000	45.0607	1.9862	0.2842	0.1701	0.0000	6.8000
dPolE	956.679	90.000	45.8968	1.0000	0.0000	6.8000
uR	956.679	90.000	0.0243	1.0000	0.0000	6.8000
E	958.265	90.000	45.1151	1.2998	0.3141	0.1864	0.0000	6.8000
dPolE	958.265	90.000	50.7378	1.0000	0.0000	6.8000
uR	958.265	90.000	0.0246	1.0000	0.0000	6.8000
E	959.851	90.000	44.6037	1.0415	0.3352	0.1977	0.0000	6.8000
dPolE	959.851	90.000	57.0145	1.0000	0.0000	6.8000
uR	959.851	90.000	0.0236	1.0000	0.0000	6.8000
E	961.436	90.000	45.4962	1.5851	0.3419	0.2016	0.0000	6.8000
dPolE	961.436	90.000	62.9771	1.0000	0.0000	6.8000
uR	961.436	90.000	0.0236	1.0000	0.0000	6.8000
E	963.022	90.000	44.0048	1.2788	0.3407	0.2006	0.0000	6.8000
dPolE	963.022	90.000	63.7635	1.0000	0.0000	6.8000
uR	963.022	90.000	0.0232	1.0000	0.0000	6.8000
E	964.607	90.000	45.0931	1.4496	0.3510	0.2057	0.0000	6.8000
dPolE	964.607	90.000	60.9297	1.0000	0.0000	6.8000
uR	964.607	90.000	0.0219	1.0000	0.0000	6.8000
E	966.192	90.000	45.2728	1.7257	0.3248	0.1902	0.0000	6.8000
dPolE	966.192	90.000	57.6972	1.0000	0.0000	6.8000
uR	966.192	90.000	0.0228	1.0000	0.0000	6.8000
E	967.777	90.000	44.7299	2.0576	0.2942	0.1716	0.0000	6.8000
dPolE	967.777	90.000	56.3721	1.0000	0.0000	6.8000
uR	967.777	90.000	0.0223	1.0000	0.0000	6.8000
E	969.361	90.000	44.7192	1.6413	0.2873	0.1670	0.0000	6.8000
dPolE	969.361	90.000	45.3051	1.0000	0.0000	6.8000
uR	969.361	90.000	0.0233	1.0000	0.0000	6.8000
E	970.946	90.000	44.5417	1.5293	0.2691	0.1556	0.0000	6.8000
dPolE	970.946	90.000	39.8734	1.0000	0.0000	6.8000
uR	970.946	90.000	0.0238	1.0000	0.0000	6.8000
E	972.530	90.000	45.2247	1.8443	0.2410	0.1397	0.0000	6.8000
dPolE	972.530	90.000	37.4848	1.0000	0.0000	6.8000
uR	972.530	90.000	0.0240	1.0000	0.0000	6.8000
E	974.114	90.000	45.3596	1.8092	0.2347	0.1358	0.0000	6.8000
dPolE	974.114	90.000	35.6124	1.0000	0.0000	6.8000
uR	974.114	90.000	0.0224	1.0000	0.0000	6.8000
E	975.698	90.000	45.1511	1.6934	0.2044	0.1176	0.0000	6.8000
dPolE	975.698	90.000	33.1659	1.0000	0.0000	6.8000
uR	975.698	90.000	0.0211	1.0000	0.0000	6.8000
E	977.282	90.000	44.9562	1.3861	0.1719	0.0985	0.0000	6.8000
dPolE	977.282	90.000	26.7720	1.0000	0.0000	6.8000
uR	977.282	90.000	0.0229	1.0000	0.0000	6.8000
E	978.865	90.000	44.8501	1.6401	0.1415	0.0808	0.0000	6.8000
dPolE	978.865	90.000	20.5810	1.0000	0.0000	6.8000
uR	978.865	90.000	0.0236	1.0000	0.0000	6.8000
E	980.449	90.000	45.2305	1.5749	0.1415	0.0808	0.0000	6.8000
dPolE	980.449	90.000	18.7461	1.0000	0.0000	6.8000
uR	980.449	90.000	0.0241	1.0000	0.0000	6.8000
E	982.032	90.000	44.9764	1.5623	0.1589	0.0909	0.0000	6.8000
dPolE	982.032	90.000	25.9128	1.0000	0.0000	6.8000
uR	982.032	90.000	0.0235	1.0000	0.0000	6.8000
E	983.615	90.000	44.6890	1.7396	0.1975	0.1129	0.0000	6.8000
dPolE	983.615	90.000	27.7438	1.0000	0.0000	6.8000
uR	983.615	90.000	0.0215	1.0000	0.0000	6.8000
E	985.198	90.000	45.2073	1.5385	0.2240	0.1276	0.0000	6.8000
dPolE	985.198	90.000	36.7145	1.0000	0.0000	6.8000
uR	985.198	90.000	0.0209	1.0000	0.0000	6.8000
E	986.780	90.000	44.8900	1.6430	0.2164	0.1236	0.0000	6.8000
dPolE	986.780	90.000	36.1979	1.0000	0.0000	6.8000
uR	986.780	90.000	0.0210	1.0000	0.0000	6.8000
E	988.363	90.000	45.0587	1.8213	0.2011	0.1146	0.0000	6.8000
dPolE	988.363	90.000	33.2690	1.0000	0.0000	6.8000
uR	988.363	90.000	0.0220	1.0000	0.0000	6.8000
E	989.945	90.000	45.1895	1.5999	0.1822	0.1036	0.0000	6.8000
dPolE	989.945	90.000	28.4023	1.0000	0.0000	6.8000
uR	989.945	90.000	0.0222	1.0000	0.0000	6.8000
E	991.527	90.000	44.8270	1.5880	0.1632	0.0924	0.0000	6.8000
dPolE	991.527	90.000	26.7465	1.0000	0.0000	6.8000
uR	991.527	90.000	0.0242	1.0000	0.0000	6.8000
E	993.109	90.000	45.0469	1.4943	0.1616	0.0916	0.0000	6.8000
dPolE	993.109	90.000	23.6259	1.0000	0.0000	6.8000
uR	993.109	90.000	0.0232	1.0000	0.0000	6.8000
E	994.690	90.000	45.2098	1.4073	0.1720	0.0972	0.0000	6.8000
dPolE	994.690	90.000	27.8855	1.0000	0.0000	6.8000
uR	994.690	90.000	0.0223	1.0000	0.0000	6.8000
E	996.272	90.000	45.0849	1.5161	0.1885	0.1066	0.0000	6.8000
dPolE	996.272	90.000	30.7781	1.0000	0.0000	6.8000
uR	996.272	90.000	0.0224	1.0000	0.0000	6.8000
E	997.853	90.000	45.1733	1.6780	0.2420	0.1365	0.0000	6.8000
dPolE	997.853	90.000	38.6608	1.0000	0.0000	6.8000
uR	997.853	90.000	0.0212	1.0000	0.0000	6.8000
E	999.434	90.000	45.1656	1.7742	0.2650	0.1494	0.0000	6.8000
dPolE	999.434	90.000	44.2377	1.0000	0.0000	6.8000
uR	999.434	90.000	0.0220	1.0000	0.0000	6.8000
