
FM-removed
XY-Scan
nm
E	210.379	90.000	47.5922	330.6117	0.2546	0.4962	0.0000	6.8000
dPolE	210.379	90.000	99.9561	1.0000	0.0000	6.8000
uR	210.379	90.000	0.0243	1.0000	0.0000	6.8000
E	211.990	90.000	89.9900	269.2012	0.2624	1571.9482	0.0000	6.8000
dPolE	211.990	90.000	99.9530	1.0000	0.0000	6.8000
uR	211.990	90.000	0.0168	1.0000	0.0000	6.8000
E	213.602	90.000	40.6596	72.6021	0.2570	0.5178	0.0000	6.8000
dPolE	213.602	90.000	99.9934	1.0000	0.0000	6.8000
uR	213.602	90.000	0.0115	1.0000	0.0000	6.8000
E	215.214	90.000	59.9114	150.0820	0.2381	0.5158	0.0000	6.8000
dPolE	215.214	90.000	99.9875	1.0000	0.0000	6.8000
uR	215.214	90.000	0.0059	1.0000	0.0000	6.8000
E	216.826	90.000	64.5764	190.9448	0.2614	0.5988	0.0000	6.8000
dPolE	216.826	90.000	99.9629	1.0000	0.0000	6.8000
uR	216.826	90.000	0.0061	1.0000	0.0000	6.8000
E	218.438	90.000	35.6722	157.5014	0.2820	0.5220	0.0000	6.8000
dPolE	218.438	90.000	99.9534	1.0000	0.0000	6.8000
uR	218.438	90.000	0.0063	1.0000	0.0000	6.8000
E	220.050	90.000	44.0275	12.5830	0.2687	0.4467	0.0000	6.8000
dPolE	220.050	90.000	99.9702	1.0000	0.0000	6.8000
uR	220.050	90.000	0.0047	1.0000	0.0000	6.8000
E	221.662	90.000	82.8962	147.9638	0.2368	1.7377	0.0000	6.8000
dPolE	221.662	90.000	99.9627	1.0000	0.0000	6.8000
uR	221.662	90.000	0.0052	1.0000	0.0000	6.8000
E	223.274	90.000	49.6297	158.9012	0.2696	0.4353	0.0000	6.8000
dPolE	223.274	90.000	99.9753	1.0000	0.0000	6.8000
uR	223.274	90.000	0.0028	1.0000	0.0000	6.8000
E	224.886	90.000	46.0184	219.5268	0.2991	0.5100	0.0000	6.8000
dPolE	224.886	90.000	99.9895	1.0000	0.0000	6.8000
uR	224.886	90.000	0.0035	1.0000	0.0000	6.8000
E	226.498	90.000	54.4974	193.0363	0.3067	0.4708	0.0000	6.8000
dPolE	226.498	90.000	99.9644	1.0000	0.0000	6.8000
uR	226.498	90.000	0.0023	1.0000	0.0000	6.8000
E	228.111	90.000	27.7361	201.9532	0.2626	0.4743	0.0000	6.8000
dPolE	228.111	90.000	99.9964	1.0000	0.0000	6.8000
uR	228.111	90.000	0.0032	1.0000	0.0000	6.8000
E	229.723	90.000	56.7232	183.5911	0.2965	0.4274	0.0000	6.8000
dPolE	229.723	90.000	99.9444	1.0000	0.0000	6.8000
uR	229.723	90.000	0.0024	1.0000	0.0000	6.8000
E	231.335	90.000	30.6868	147.3545	0.2772	0.4909	0.0000	6.8000
dPolE	231.335	90.000	99.9555	1.0000	0.0000	6.8000
uR	231.335	90.000	0.0024	1.0000	0.0000	6.8000
E	232.948	90.000	35.9108	187.4520	0.2826	0.3739	0.0000	6.8000
dPolE	232.948	90.000	99.9873	1.0000	0.0000	6.8000
uR	232.948	90.000	0.0016	1.0000	0.0000	6.8000
E	234.560	90.000	31.2418	347.4355	0.2971	0.4221	0.0000	6.8000
dPolE	234.560	90.000	99.9999	1.0000	0.0000	6.8000
uR	234.560	90.000	0.0014	1.0000	0.0000	6.8000
E	236.173	90.000	10.2484	295.1581	0.2295	1.6914	0.0000	6.8000
dPolE	236.173	90.000	99.9641	1.0000	0.0000	6.8000
uR	236.173	90.000	0.0013	1.0000	0.0000	6.8000
E	237.786	90.000	49.4479	173.3094	0.3257	0.3835	0.0000	6.8000
dPolE	237.786	90.000	99.9851	1.0000	0.0000	6.8000
uR	237.786	90.000	0.0016	1.0000	0.0000	6.8000
E	239.398	90.000	19.5556	124.0690	0.2642	0.8765	0.0000	6.8000
dPolE	239.398	90.000	99.9902	1.0000	0.0000	6.8000
uR	239.398	90.000	0.0011	1.0000	0.0000	6.8000
E	241.011	90.000	54.2267	353.1638	0.3110	0.3663	0.0000	6.8000
dPolE	241.011	90.000	99.9668	1.0000	0.0000	6.8000
uR	241.011	90.000	0.0010	1.0000	0.0000	6.8000
E	242.624	90.000	12.0599	124.4891	0.2396	1.3318	0.0000	6.8000
dPolE	242.624	90.000	99.9790	1.0000	0.0000	6.8000
uR	242.624	90.000	0.0015	1.0000	0.0000	6.8000
E	244.237	90.000	37.0177	305.2440	0.3096	0.5723	0.0000	6.8000
dPolE	244.237	90.000	99.9899	1.0000	0.0000	6.8000
uR	244.237	90.000	0.0008	1.0000	0.0000	6.8000
E	245.850	90.000	19.4556	239.5396	0.2677	0.9364	0.0000	6.8000
dPolE	245.850	90.000	99.9799	1.0000	0.0000	6.8000
uR	245.850	90.000	0.0011	1.0000	0.0000	6.8000
E	247.463	90.000	57.7962	111.1493	0.2752	0.6184	0.0000	6.8000
dPolE	247.463	90.000	99.9999	1.0000	0.0000	6.8000
uR	247.463	90.000	0.0011	1.0000	0.0000	6.8000
E	249.076	90.000	13.9842	202.9509	0.3239	0.8869	0.0000	6.8000
dPolE	249.076	90.000	99.9639	1.0000	0.0000	6.8000
uR	249.076	90.000	0.0011	1.0000	0.0000	6.8000
E	250.689	90.000	7.7828	296.9590	0.2216	2.2555	0.0000	6.8000
dPolE	250.689	90.000	99.8889	1.0000	0.0000	6.8000
uR	250.689	90.000	0.0013	1.0000	0.0000	6.8000
E	252.302	90.000	23.8757	62.6628	0.2894	0.8376	0.0000	6.8000
dPolE	252.302	90.000	99.9993	1.0000	0.0000	6.8000
uR	252.302	90.000	0.0006	1.0000	0.0000	6.8000
E	253.916	90.000	35.5655	318.2211	0.2895	0.4767	0.0000	6.8000
dPolE	253.916	90.000	99.9950	1.0000	0.0000	6.8000
uR	253.916	90.000	0.0007	1.0000	0.0000	6.8000
E	255.529	90.000	68.1150	23.9053	0.2891	0.5296	0.0000	6.8000
dPolE	255.529	90.000	99.9314	1.0000	0.0000	6.8000
uR	255.529	90.000	0.0010	1.0000	0.0000	6.8000
E	257.142	90.000	21.3321	347.9364	0.3237	0.5144	0.0000	6.8000
dPolE	257.142	90.000	99.9212	1.0000	0.0000	6.8000
uR	257.142	90.000	0.0012	1.0000	0.0000	6.8000
E	258.756	90.000	24.3330	170.8195	0.3050	0.4242	0.0000	6.8000
dPolE	258.756	90.000	99.9788	1.0000	0.0000	6.8000
uR	258.756	90.000	0.0008	1.0000	0.0000	6.8000
E	260.369	90.000	75.7077	339.9071	0.3174	0.8013	0.0000	6.8000
dPolE	260.369	90.000	99.9799	1.0000	0.0000	6.8000
uR	260.369	90.000	0.0009	1.0000	0.0000	6.8000
E	261.983	90.000	35.6741	190.8707	0.2792	0.3116	0.0000	6.8000
dPolE	261.983	90.000	99.8978	1.0000	0.0000	6.8000
uR	261.983	90.000	0.0010	1.0000	0.0000	6.8000
E	263.596	90.000	29.0873	197.4639	0.3026	0.4069	0.0000	6.8000
dPolE	263.596	90.000	99.9947	1.0000	0.0000	6.8000
uR	263.596	90.000	0.0008	1.0000	0.0000	6.8000
E	265.210	90.000	47.6005	204.2648	0.3058	0.3794	0.0000	6.8000
dPolE	265.210	90.000	99.9450	1.0000	0.0000	6.8000
uR	265.210	90.000	0.0006	1.0000	0.0000	6.8000
E	266.823	90.000	10.5541	316.9149	0.2524	1.3031	0.0000	6.8000
dPolE	266.823	90.000	99.9761	1.0000	0.0000	6.8000
uR	266.823	90.000	0.0007	1.0000	0.0000	6.8000
E	268.437	90.000	21.3382	325.7002	0.2707	0.6018	0.0000	6.8000
dPolE	268.437	90.000	99.9942	1.0000	0.0000	6.8000
uR	268.437	90.000	0.0005	1.0000	0.0000	6.8000
E	270.051	90.000	58.4439	212.1327	0.2637	0.4153	0.0000	6.8000
dPolE	270.051	90.000	99.9956	1.0000	0.0000	6.8000
uR	270.051	90.000	0.0006	1.0000	0.0000	6.8000
E	271.665	90.000	60.4525	321.0507	0.2644	0.4790	0.0000	6.8000
dPolE	271.665	90.000	99.9808	1.0000	0.0000	6.8000
uR	271.665	90.000	0.0005	1.0000	0.0000	6.8000
E	273.279	90.000	26.9329	35.5677	0.2733	0.5099	0.0000	6.8000
dPolE	273.279	90.000	99.9680	1.0000	0.0000	6.8000
uR	273.279	90.000	0.0006	1.0000	0.0000	6.8000
E	274.892	90.000	69.9070	20.8153	0.2675	0.5180	0.0000	6.8000
dPolE	274.892	90.000	99.9647	1.0000	0.0000	6.8000
uR	274.892	90.000	0.0006	1.0000	0.0000	6.8000
E	276.506	90.000	36.5432	330.4598	0.2505	0.3566	0.0000	6.8000
dPolE	276.506	90.000	99.9900	1.0000	0.0000	6.8000
uR	276.506	90.000	0.0006	1.0000	0.0000	6.8000
E	278.120	90.000	11.9503	244.5291	0.1959	1.2559	0.0000	6.8000
dPolE	278.120	90.000	99.9898	1.0000	0.0000	6.8000
uR	278.120	90.000	0.0007	1.0000	0.0000	6.8000
E	279.734	90.000	53.9625	259.9410	0.2533	0.5446	0.0000	6.8000
dPolE	279.734	90.000	99.9997	1.0000	0.0000	6.8000
uR	279.734	90.000	0.0006	1.0000	0.0000	6.8000
E	281.349	90.000	30.2928	189.8480	0.2678	0.3492	0.0000	6.8000
dPolE	281.349	90.000	99.9948	1.0000	0.0000	6.8000
uR	281.349	90.000	0.0005	1.0000	0.0000	6.8000
E	282.963	90.000	64.9193	200.0372	0.2615	0.4324	0.0000	6.8000
dPolE	282.963	90.000	99.9931	1.0000	0.0000	6.8000
uR	282.963	90.000	0.0005	1.0000	0.0000	6.8000
E	284.577	90.000	12.8719	117.5030	0.1978	1.1222	0.0000	6.8000
dPolE	284.577	90.000	99.9865	1.0000	0.0000	6.8000
uR	284.577	90.000	0.0006	1.0000	0.0000	6.8000
E	286.191	90.000	41.2089	314.8567	0.2525	0.4156	0.0000	6.8000
dPolE	286.191	90.000	99.9890	1.0000	0.0000	6.8000
uR	286.191	90.000	0.0007	1.0000	0.0000	6.8000
E	287.805	90.000	66.7607	236.2847	0.2200	0.6120	0.0000	6.8000
dPolE	287.805	90.000	99.9748	1.0000	0.0000	6.8000
uR	287.805	90.000	0.0005	1.0000	0.0000	6.8000
E	289.420	90.000	25.9416	337.7290	0.2336	0.3966	0.0000	6.8000
dPolE	289.420	90.000	99.9766	1.0000	0.0000	6.8000
uR	289.420	90.000	0.0004	1.0000	0.0000	6.8000
E	291.034	90.000	35.3232	47.7436	0.2441	0.4425	0.0000	6.8000
dPolE	291.034	90.000	99.9999	1.0000	0.0000	6.8000
uR	291.034	90.000	0.0006	1.0000	0.0000	6.8000
E	292.649	90.000	30.5872	278.1588	0.2055	0.5048	0.0000	6.8000
dPolE	292.649	90.000	99.9999	1.0000	0.0000	6.8000
uR	292.649	90.000	0.0005	1.0000	0.0000	6.8000
E	294.263	90.000	53.4375	192.8857	0.2302	0.3011	0.0000	6.8000
dPolE	294.263	90.000	99.9757	1.0000	0.0000	6.8000
uR	294.263	90.000	0.0009	1.0000	0.0000	6.8000
E	295.877	90.000	14.5963	24.1007	0.2255	0.6640	0.0000	6.8000
dPolE	295.877	90.000	99.9791	1.0000	0.0000	6.8000
uR	295.877	90.000	0.0003	1.0000	0.0000	6.8000
E	297.492	90.000	44.5041	152.8138	0.2221	0.3165	0.0000	6.8000
dPolE	297.492	90.000	99.9960	1.0000	0.0000	6.8000
uR	297.492	90.000	0.0004	1.0000	0.0000	6.8000
E	299.107	90.000	9.5956	228.6424	0.1685	1.0545	0.0000	6.8000
dPolE	299.107	90.000	99.9935	1.0000	0.0000	6.8000
uR	299.107	90.000	0.0005	1.0000	0.0000	6.8000
E	300.721	90.000	56.3273	116.7673	0.2060	0.4340	0.0000	6.8000
dPolE	300.721	90.000	99.9895	1.0000	0.0000	6.8000
uR	300.721	90.000	0.0006	1.0000	0.0000	6.8000
E	302.336	90.000	15.0787	320.2731	0.1821	0.6457	0.0000	6.8000
dPolE	302.336	90.000	99.9934	1.0000	0.0000	6.8000
uR	302.336	90.000	0.0003	1.0000	0.0000	6.8000
E	303.950	90.000	51.6309	324.2752	0.2005	0.3252	0.0000	6.8000
dPolE	303.950	90.000	99.9785	1.0000	0.0000	6.8000
uR	303.950	90.000	0.0005	1.0000	0.0000	6.8000
E	305.565	90.000	64.6588	294.4412	0.1973	0.5381	0.0000	6.8000
dPolE	305.565	90.000	99.9964	1.0000	0.0000	6.8000
uR	305.565	90.000	0.0003	1.0000	0.0000	6.8000
E	307.180	90.000	41.9652	117.9571	0.1995	0.3767	0.0000	6.8000
dPolE	307.180	90.000	99.9957	1.0000	0.0000	6.8000
uR	307.180	90.000	0.0003	1.0000	0.0000	6.8000
E	308.795	90.000	68.9047	12.8196	0.2009	0.4170	0.0000	6.8000
dPolE	308.795	90.000	99.9699	1.0000	0.0000	6.8000
uR	308.795	90.000	0.0004	1.0000	0.0000	6.8000
E	310.410	90.000	79.1259	286.2829	0.1431	0.9965	0.0000	6.8000
dPolE	310.410	90.000	99.9668	1.0000	0.0000	6.8000
uR	310.410	90.000	0.0005	1.0000	0.0000	6.8000
E	312.024	90.000	12.2706	199.3127	0.2006	0.7211	0.0000	6.8000
dPolE	312.024	90.000	99.9967	1.0000	0.0000	6.8000
uR	312.024	90.000	0.0005	1.0000	0.0000	6.8000
E	313.639	90.000	37.8955	25.7063	0.1911	0.3015	0.0000	6.8000
dPolE	313.639	90.000	99.9716	1.0000	0.0000	6.8000
uR	313.639	90.000	0.0005	1.0000	0.0000	6.8000
E	315.254	90.000	18.1644	185.6328	0.1959	0.4710	0.0000	6.8000
dPolE	315.254	90.000	99.9901	1.0000	0.0000	6.8000
uR	315.254	90.000	0.0004	1.0000	0.0000	6.8000
E	316.869	90.000	49.2640	223.1053	0.1962	0.3417	0.0000	6.8000
dPolE	316.869	90.000	99.9864	1.0000	0.0000	6.8000
uR	316.869	90.000	0.0004	1.0000	0.0000	6.8000
E	318.484	90.000	65.5500	275.1876	0.1514	0.4504	0.0000	6.8000
dPolE	318.484	90.000	99.9999	1.0000	0.0000	6.8000
uR	318.484	90.000	0.0003	1.0000	0.0000	6.8000
E	320.099	90.000	69.0230	188.0240	0.1748	0.3867	0.0000	6.8000
dPolE	320.099	90.000	99.9879	1.0000	0.0000	6.8000
uR	320.099	90.000	0.0004	1.0000	0.0000	6.8000
E	321.714	90.000	74.0480	7.9474	0.1730	0.4892	0.0000	6.8000
dPolE	321.714	90.000	99.9964	1.0000	0.0000	6.8000
uR	321.714	90.000	0.0003	1.0000	0.0000	6.8000
E	323.330	90.000	61.3209	232.2475	0.1634	0.3693	0.0000	6.8000
dPolE	323.330	90.000	99.9796	1.0000	0.0000	6.8000
uR	323.330	90.000	0.0004	1.0000	0.0000	6.8000
E	324.945	90.000	20.6999	225.3456	0.1601	0.4586	0.0000	6.8000
dPolE	324.945	90.000	99.9941	1.0000	0.0000	6.8000
uR	324.945	90.000	0.0002	1.0000	0.0000	6.8000
E	326.560	90.000	56.1654	181.5968	0.1740	0.2881	0.0000	6.8000
dPolE	326.560	90.000	99.9584	1.0000	0.0000	6.8000
uR	326.560	90.000	0.0004	1.0000	0.0000	6.8000
E	328.175	90.000	39.0837	13.5805	0.1697	0.2718	0.0000	6.8000
dPolE	328.175	90.000	99.9927	1.0000	0.0000	6.8000
uR	328.175	90.000	0.0003	1.0000	0.0000	6.8000
E	329.790	90.000	53.2490	226.9614	0.1563	0.2967	0.0000	6.8000
dPolE	329.790	90.000	99.9996	1.0000	0.0000	6.8000
uR	329.790	90.000	0.0003	1.0000	0.0000	6.8000
E	331.406	90.000	47.0050	43.8051	0.1627	0.2925	0.0000	6.8000
dPolE	331.406	90.000	99.9935	1.0000	0.0000	6.8000
uR	331.406	90.000	0.0003	1.0000	0.0000	6.8000
E	333.021	90.000	24.5310	93.8521	0.1500	0.4318	0.0000	6.8000
dPolE	333.021	90.000	99.9860	1.0000	0.0000	6.8000
uR	333.021	90.000	0.0003	1.0000	0.0000	6.8000
E	334.636	90.000	55.0217	353.8830	0.1477	0.2523	0.0000	6.8000
dPolE	334.636	90.000	99.9971	1.0000	0.0000	6.8000
uR	334.636	90.000	0.0003	1.0000	0.0000	6.8000
E	336.251	90.000	23.1212	260.8194	0.1359	0.4093	0.0000	6.8000
dPolE	336.251	90.000	99.9801	1.0000	0.0000	6.8000
uR	336.251	90.000	0.0004	1.0000	0.0000	6.8000
E	337.867	90.000	46.6643	6.8970	0.1599	0.2639	0.0000	6.8000
dPolE	337.867	90.000	99.9779	1.0000	0.0000	6.8000
uR	337.867	90.000	0.0004	1.0000	0.0000	6.8000
E	339.482	90.000	42.5207	263.7339	0.1555	0.3119	0.0000	6.8000
dPolE	339.482	90.000	99.9967	1.0000	0.0000	6.8000
uR	339.482	90.000	0.0002	1.0000	0.0000	6.8000
E	341.098	90.000	53.9334	312.6521	0.1576	0.3088	0.0000	6.8000
dPolE	341.098	90.000	99.9940	1.0000	0.0000	6.8000
uR	341.098	90.000	0.0003	1.0000	0.0000	6.8000
E	342.713	90.000	29.3775	312.0962	0.1525	0.3393	0.0000	6.8000
dPolE	342.713	90.000	99.9826	1.0000	0.0000	6.8000
uR	342.713	90.000	0.0004	1.0000	0.0000	6.8000
E	344.329	90.000	24.1902	255.8845	0.1461	0.4121	0.0000	6.8000
dPolE	344.329	90.000	99.9794	1.0000	0.0000	6.8000
uR	344.329	90.000	0.0003	1.0000	0.0000	6.8000
E	345.944	90.000	34.4343	34.1837	0.1450	0.2824	0.0000	6.8000
dPolE	345.944	90.000	99.9958	1.0000	0.0000	6.8000
uR	345.944	90.000	0.0003	1.0000	0.0000	6.8000
E	347.560	90.000	51.5722	152.0044	0.1458	0.2666	0.0000	6.8000
dPolE	347.560	90.000	99.9961	1.0000	0.0000	6.8000
uR	347.560	90.000	0.0003	1.0000	0.0000	6.8000
E	349.175	90.000	11.7968	86.8928	0.1254	0.7072	0.0000	6.8000
dPolE	349.175	90.000	99.9977	1.0000	0.0000	6.8000
uR	349.175	90.000	0.0003	1.0000	0.0000	6.8000
E	350.791	90.000	64.9799	176.4901	0.1438	0.3287	0.0000	6.8000
dPolE	350.791	90.000	99.9986	1.0000	0.0000	6.8000
uR	350.791	90.000	0.0003	1.0000	0.0000	6.8000
E	352.406	90.000	38.2556	294.4263	0.1474	0.2988	0.0000	6.8000
dPolE	352.406	90.000	99.9904	1.0000	0.0000	6.8000
uR	352.406	90.000	0.0004	1.0000	0.0000	6.8000
E	354.022	90.000	69.4107	271.4201	0.1340	0.4346	0.0000	6.8000
dPolE	354.022	90.000	99.9984	1.0000	0.0000	6.8000
uR	354.022	90.000	0.0003	1.0000	0.0000	6.8000
E	355.638	90.000	55.8739	34.1454	0.1396	0.2793	0.0000	6.8000
dPolE	355.638	90.000	99.9848	1.0000	0.0000	6.8000
uR	355.638	90.000	0.0004	1.0000	0.0000	6.8000
E	357.253	90.000	70.1883	210.5708	0.1377	0.4062	0.0000	6.8000
dPolE	357.253	90.000	99.9805	1.0000	0.0000	6.8000
uR	357.253	90.000	0.0003	1.0000	0.0000	6.8000
E	358.869	90.000	51.6600	24.8224	0.1378	0.2627	0.0000	6.8000
dPolE	358.869	90.000	99.9970	1.0000	0.0000	6.8000
uR	358.869	90.000	0.0003	1.0000	0.0000	6.8000
E	360.485	90.000	64.8981	312.0049	0.1402	0.3577	0.0000	6.8000
dPolE	360.485	90.000	99.9829	1.0000	0.0000	6.8000
uR	360.485	90.000	0.0004	1.0000	0.0000	6.8000
E	362.100	90.000	39.4596	7.5671	0.1344	0.2489	0.0000	6.8000
dPolE	362.100	90.000	99.9958	1.0000	0.0000	6.8000
uR	362.100	90.000	0.0002	1.0000	0.0000	6.8000
E	363.716	90.000	42.1933	302.8373	0.1419	0.2779	0.0000	6.8000
dPolE	363.716	90.000	99.9966	1.0000	0.0000	6.8000
uR	363.716	90.000	0.0002	1.0000	0.0000	6.8000
E	365.332	90.000	27.1171	25.1365	0.1427	0.3297	0.0000	6.8000
dPolE	365.332	90.000	99.9993	1.0000	0.0000	6.8000
uR	365.332	90.000	0.0004	1.0000	0.0000	6.8000
E	366.948	90.000	62.4049	132.5186	0.1261	0.3006	0.0000	6.8000
dPolE	366.948	90.000	99.9895	1.0000	0.0000	6.8000
uR	366.948	90.000	0.0003	1.0000	0.0000	6.8000
E	368.563	90.000	14.6960	63.3213	0.1329	0.5598	0.0000	6.8000
dPolE	368.563	90.000	99.9967	1.0000	0.0000	6.8000
uR	368.563	90.000	0.0002	1.0000	0.0000	6.8000
E	370.179	90.000	64.6213	102.2220	0.1318	0.3501	0.0000	6.8000
dPolE	370.179	90.000	99.9848	1.0000	0.0000	6.8000
uR	370.179	90.000	0.0003	1.0000	0.0000	6.8000
E	371.795	90.000	60.9394	20.3422	0.1349	0.2956	0.0000	6.8000
dPolE	371.795	90.000	99.9846	1.0000	0.0000	6.8000
uR	371.795	90.000	0.0003	1.0000	0.0000	6.8000
E	373.411	90.000	37.4072	78.0442	0.1282	0.2662	0.0000	6.8000
dPolE	373.411	90.000	99.9972	1.0000	0.0000	6.8000
uR	373.411	90.000	0.0005	1.0000	0.0000	6.8000
E	375.027	90.000	51.6021	17.6900	0.1279	0.2487	0.0000	6.8000
dPolE	375.027	90.000	99.9910	1.0000	0.0000	6.8000
uR	375.027	90.000	0.0004	1.0000	0.0000	6.8000
E	376.643	90.000	30.3283	260.3277	0.1338	0.3108	0.0000	6.8000
dPolE	376.643	90.000	99.9861	1.0000	0.0000	6.8000
uR	376.643	90.000	0.0004	1.0000	0.0000	6.8000
E	378.258	90.000	52.7672	47.7718	0.1301	0.2629	0.0000	6.8000
dPolE	378.258	90.000	99.9939	1.0000	0.0000	6.8000
uR	378.258	90.000	0.0004	1.0000	0.0000	6.8000
E	379.874	90.000	30.0506	197.7948	0.1293	0.2811	0.0000	6.8000
dPolE	379.874	90.000	99.9919	1.0000	0.0000	6.8000
uR	379.874	90.000	0.0002	1.0000	0.0000	6.8000
E	381.490	90.000	42.9497	125.8941	0.1196	0.2351	0.0000	6.8000
dPolE	381.490	90.000	99.9992	1.0000	0.0000	6.8000
uR	381.490	90.000	0.0002	1.0000	0.0000	6.8000
E	383.106	90.000	34.4040	295.5194	0.1302	0.2782	0.0000	6.8000
dPolE	383.106	90.000	99.9998	1.0000	0.0000	6.8000
uR	383.106	90.000	0.0004	1.0000	0.0000	6.8000
E	384.722	90.000	62.1362	348.6595	0.1284	0.2960	0.0000	6.8000
dPolE	384.722	90.000	99.9939	1.0000	0.0000	6.8000
uR	384.722	90.000	0.0002	1.0000	0.0000	6.8000
E	386.338	90.000	32.3818	117.2167	0.1263	0.2782	0.0000	6.8000
dPolE	386.338	90.000	99.9969	1.0000	0.0000	6.8000
uR	386.338	90.000	0.0002	1.0000	0.0000	6.8000
E	387.954	90.000	60.4198	38.5541	0.1232	0.2780	0.0000	6.8000
dPolE	387.954	90.000	99.9905	1.0000	0.0000	6.8000
uR	387.954	90.000	0.0003	1.0000	0.0000	6.8000
E	389.570	90.000	28.8231	108.7385	0.1143	0.2731	0.0000	6.8000
dPolE	389.570	90.000	99.9973	1.0000	0.0000	6.8000
uR	389.570	90.000	0.0003	1.0000	0.0000	6.8000
E	391.186	90.000	55.6477	162.3785	0.1162	0.2377	0.0000	6.8000
dPolE	391.186	90.000	99.9863	1.0000	0.0000	6.8000
uR	391.186	90.000	0.0003	1.0000	0.0000	6.8000
E	392.802	90.000	52.7348	88.9893	0.1218	0.2536	0.0000	6.8000
dPolE	392.802	90.000	99.9997	1.0000	0.0000	6.8000
uR	392.802	90.000	0.0003	1.0000	0.0000	6.8000
E	394.418	90.000	56.3196	95.7916	0.1213	0.2646	0.0000	6.8000
dPolE	394.418	90.000	99.9926	1.0000	0.0000	6.8000
uR	394.418	90.000	0.0003	1.0000	0.0000	6.8000
E	396.034	90.000	41.0795	2.7053	0.1275	0.2425	0.0000	6.8000
dPolE	396.034	90.000	99.9830	1.0000	0.0000	6.8000
uR	396.034	90.000	0.0003	1.0000	0.0000	6.8000
E	397.650	90.000	41.8773	9.6525	0.1230	0.2325	0.0000	6.8000
dPolE	397.650	90.000	99.9773	1.0000	0.0000	6.8000
uR	397.650	90.000	0.0003	1.0000	0.0000	6.8000
E	399.266	90.000	48.7515	56.0168	0.1258	0.2492	0.0000	6.8000
dPolE	399.266	90.000	99.9536	1.0000	0.0000	6.8000
uR	399.266	90.000	0.0004	1.0000	0.0000	6.8000
E	400.882	90.000	51.6399	45.0629	0.1195	0.2394	0.0000	6.8000
dPolE	400.882	90.000	99.9738	1.0000	0.0000	6.8000
uR	400.882	90.000	0.0004	1.0000	0.0000	6.8000
E	402.498	90.000	42.3930	14.1188	0.1194	0.2288	0.0000	6.8000
dPolE	402.498	90.000	99.9165	1.0000	0.0000	6.8000
uR	402.498	90.000	0.0006	1.0000	0.0000	6.8000
E	404.114	90.000	41.4287	22.3814	0.1167	0.2247	0.0000	6.8000
dPolE	404.114	90.000	99.8931	1.0000	0.0000	6.8000
uR	404.114	90.000	0.0006	1.0000	0.0000	6.8000
E	405.730	90.000	43.8419	16.6031	0.1190	0.2247	0.0000	6.8000
dPolE	405.730	90.000	99.8924	1.0000	0.0000	6.8000
uR	405.730	90.000	0.0007	1.0000	0.0000	6.8000
E	407.346	90.000	43.2607	38.0555	0.1198	0.2301	0.0000	6.8000
dPolE	407.346	90.000	99.7884	1.0000	0.0000	6.8000
uR	407.346	90.000	0.0009	1.0000	0.0000	6.8000
E	408.962	90.000	43.5504	26.3066	0.1147	0.2172	0.0000	6.8000
dPolE	408.962	90.000	99.6114	1.0000	0.0000	6.8000
uR	408.962	90.000	0.0013	1.0000	0.0000	6.8000
E	410.578	90.000	45.7844	25.9091	0.1170	0.2220	0.0000	6.8000
dPolE	410.578	90.000	99.4297	1.0000	0.0000	6.8000
uR	410.578	90.000	0.0014	1.0000	0.0000	6.8000
E	412.194	90.000	42.8360	29.1917	0.1111	0.2132	0.0000	6.8000
dPolE	412.194	90.000	99.3301	1.0000	0.0000	6.8000
uR	412.194	90.000	0.0017	1.0000	0.0000	6.8000
E	413.810	90.000	44.6519	27.5104	0.1171	0.2234	0.0000	6.8000
dPolE	413.810	90.000	99.0753	1.0000	0.0000	6.8000
uR	413.810	90.000	0.0019	1.0000	0.0000	6.8000
E	415.426	90.000	44.9576	24.9001	0.1126	0.2127	0.0000	6.8000
dPolE	415.426	90.000	98.6641	1.0000	0.0000	6.8000
uR	415.426	90.000	0.0023	1.0000	0.0000	6.8000
E	417.042	90.000	45.7765	25.9942	0.1140	0.2139	0.0000	6.8000
dPolE	417.042	90.000	98.3486	1.0000	0.0000	6.8000
uR	417.042	90.000	0.0025	1.0000	0.0000	6.8000
E	418.658	90.000	46.7111	29.1803	0.1090	0.2047	0.0000	6.8000
dPolE	418.658	90.000	97.9886	1.0000	0.0000	6.8000
uR	418.658	90.000	0.0028	1.0000	0.0000	6.8000
E	420.274	90.000	44.1577	23.9067	0.1115	0.2080	0.0000	6.8000
dPolE	420.274	90.000	97.4220	1.0000	0.0000	6.8000
uR	420.274	90.000	0.0032	1.0000	0.0000	6.8000
E	421.890	90.000	45.3417	27.8099	0.1085	0.2040	0.0000	6.8000
dPolE	421.890	90.000	97.2351	1.0000	0.0000	6.8000
uR	421.890	90.000	0.0035	1.0000	0.0000	6.8000
E	423.506	90.000	44.4421	26.0538	0.1022	0.1922	0.0000	6.8000
dPolE	423.506	90.000	97.1676	1.0000	0.0000	6.8000
uR	423.506	90.000	0.0037	1.0000	0.0000	6.8000
E	425.122	90.000	45.3349	25.8279	0.1000	0.1873	0.0000	6.8000
dPolE	425.122	90.000	96.5777	1.0000	0.0000	6.8000
uR	425.122	90.000	0.0042	1.0000	0.0000	6.8000
E	426.738	90.000	44.1445	25.1706	0.1007	0.1872	0.0000	6.8000
dPolE	426.738	90.000	95.7246	1.0000	0.0000	6.8000
uR	426.738	90.000	0.0045	1.0000	0.0000	6.8000
E	428.355	90.000	44.2851	24.3080	0.0986	0.1813	0.0000	6.8000
dPolE	428.355	90.000	95.1596	1.0000	0.0000	6.8000
uR	428.355	90.000	0.0052	1.0000	0.0000	6.8000
E	429.971	90.000	45.7615	23.3561	0.1017	0.1855	0.0000	6.8000
dPolE	429.971	90.000	94.6794	1.0000	0.0000	6.8000
uR	429.971	90.000	0.0053	1.0000	0.0000	6.8000
E	431.587	90.000	45.2029	22.5701	0.1031	0.1879	0.0000	6.8000
dPolE	431.587	90.000	94.0182	1.0000	0.0000	6.8000
uR	431.587	90.000	0.0057	1.0000	0.0000	6.8000
E	433.203	90.000	44.4090	22.3343	0.0984	0.1800	0.0000	6.8000
dPolE	433.203	90.000	93.8894	1.0000	0.0000	6.8000
uR	433.203	90.000	0.0060	1.0000	0.0000	6.8000
E	434.819	90.000	44.9976	21.4977	0.0947	0.1733	0.0000	6.8000
dPolE	434.819	90.000	93.1015	1.0000	0.0000	6.8000
uR	434.819	90.000	0.0066	1.0000	0.0000	6.8000
E	436.435	90.000	45.0197	22.8106	0.0960	0.1757	0.0000	6.8000
dPolE	436.435	90.000	92.1547	1.0000	0.0000	6.8000
uR	436.435	90.000	0.0068	1.0000	0.0000	6.8000
E	438.051	90.000	44.5684	21.7376	0.0941	0.1706	0.0000	6.8000
dPolE	438.051	90.000	90.8127	1.0000	0.0000	6.8000
uR	438.051	90.000	0.0072	1.0000	0.0000	6.8000
E	439.667	90.000	44.5625	21.1604	0.0939	0.1683	0.0000	6.8000
dPolE	439.667	90.000	89.7628	1.0000	0.0000	6.8000
uR	439.667	90.000	0.0076	1.0000	0.0000	6.8000
E	441.283	90.000	45.0940	20.8137	0.0942	0.1675	0.0000	6.8000
dPolE	441.283	90.000	88.6425	1.0000	0.0000	6.8000
uR	441.283	90.000	0.0080	1.0000	0.0000	6.8000
E	442.899	90.000	45.0160	21.2196	0.0924	0.1637	0.0000	6.8000
dPolE	442.899	90.000	88.5438	1.0000	0.0000	6.8000
uR	442.899	90.000	0.0083	1.0000	0.0000	6.8000
E	444.515	90.000	44.6490	19.9046	0.0934	0.1652	0.0000	6.8000
dPolE	444.515	90.000	87.8286	1.0000	0.0000	6.8000
uR	444.515	90.000	0.0087	1.0000	0.0000	6.8000
E	446.131	90.000	45.2579	20.0157	0.0948	0.1683	0.0000	6.8000
dPolE	446.131	90.000	88.3942	1.0000	0.0000	6.8000
uR	446.131	90.000	0.0088	1.0000	0.0000	6.8000
E	447.747	90.000	44.7022	19.3683	0.0872	0.1548	0.0000	6.8000
dPolE	447.747	90.000	86.2766	1.0000	0.0000	6.8000
uR	447.747	90.000	0.0094	1.0000	0.0000	6.8000
E	449.363	90.000	45.4969	19.5843	0.0843	0.1490	0.0000	6.8000
dPolE	449.363	90.000	85.2605	1.0000	0.0000	6.8000
uR	449.363	90.000	0.0096	1.0000	0.0000	6.8000
E	450.979	90.000	45.0320	19.1665	0.0910	0.1591	0.0000	6.8000
dPolE	450.979	90.000	82.3002	1.0000	0.0000	6.8000
uR	450.979	90.000	0.0100	1.0000	0.0000	6.8000
E	452.594	90.000	44.8258	18.7544	0.0915	0.1582	0.0000	6.8000
dPolE	452.594	90.000	81.2557	1.0000	0.0000	6.8000
uR	452.594	90.000	0.0104	1.0000	0.0000	6.8000
E	454.210	90.000	45.3039	18.0652	0.0870	0.1489	0.0000	6.8000
dPolE	454.210	90.000	82.1365	1.0000	0.0000	6.8000
uR	454.210	90.000	0.0108	1.0000	0.0000	6.8000
E	455.826	90.000	44.7941	18.0816	0.0885	0.1509	0.0000	6.8000
dPolE	455.826	90.000	80.5806	1.0000	0.0000	6.8000
uR	455.826	90.000	0.0112	1.0000	0.0000	6.8000
E	457.442	90.000	44.7590	18.0857	0.0829	0.1416	0.0000	6.8000
dPolE	457.442	90.000	80.8656	1.0000	0.0000	6.8000
uR	457.442	90.000	0.0111	1.0000	0.0000	6.8000
E	459.058	90.000	44.3625	18.0544	0.0871	0.1491	0.0000	6.8000
dPolE	459.058	90.000	78.6429	1.0000	0.0000	6.8000
uR	459.058	90.000	0.0116	1.0000	0.0000	6.8000
E	460.674	90.000	44.8979	17.4501	0.0841	0.1439	0.0000	6.8000
dPolE	460.674	90.000	77.5707	1.0000	0.0000	6.8000
uR	460.674	90.000	0.0118	1.0000	0.0000	6.8000
E	462.290	90.000	44.9273	17.4015	0.0811	0.1382	0.0000	6.8000
dPolE	462.290	90.000	75.8447	1.0000	0.0000	6.8000
uR	462.290	90.000	0.0121	1.0000	0.0000	6.8000
E	463.906	90.000	45.0532	17.1536	0.0792	0.1339	0.0000	6.8000
dPolE	463.906	90.000	73.1397	1.0000	0.0000	6.8000
uR	463.906	90.000	0.0126	1.0000	0.0000	6.8000
E	465.521	90.000	44.9054	17.2043	0.0780	0.1304	0.0000	6.8000
dPolE	465.521	90.000	70.9140	1.0000	0.0000	6.8000
uR	465.521	90.000	0.0130	1.0000	0.0000	6.8000
E	467.137	90.000	44.9746	17.0358	0.0721	0.1193	0.0000	6.8000
dPolE	467.137	90.000	68.2232	1.0000	0.0000	6.8000
uR	467.137	90.000	0.0133	1.0000	0.0000	6.8000
E	468.753	90.000	44.9281	17.4323	0.0736	0.1210	0.0000	6.8000
dPolE	468.753	90.000	64.3290	1.0000	0.0000	6.8000
uR	468.753	90.000	0.0134	1.0000	0.0000	6.8000
E	470.369	90.000	45.1061	16.8539	0.0749	0.1227	0.0000	6.8000
dPolE	470.369	90.000	66.6713	1.0000	0.0000	6.8000
uR	470.369	90.000	0.0136	1.0000	0.0000	6.8000
E	471.985	90.000	44.7958	16.3035	0.0783	0.1283	0.0000	6.8000
dPolE	471.985	90.000	67.9116	1.0000	0.0000	6.8000
uR	471.985	90.000	0.0143	1.0000	0.0000	6.8000
E	473.600	90.000	44.6655	16.6467	0.0790	0.1299	0.0000	6.8000
dPolE	473.600	90.000	67.6724	1.0000	0.0000	6.8000
uR	473.600	90.000	0.0145	1.0000	0.0000	6.8000
E	475.216	90.000	45.0247	15.8861	0.0757	0.1242	0.0000	6.8000
dPolE	475.216	90.000	70.8702	1.0000	0.0000	6.8000
uR	475.216	90.000	0.0145	1.0000	0.0000	6.8000
E	476.832	90.000	44.8517	15.9908	0.0820	0.1341	0.0000	6.8000
dPolE	476.832	90.000	71.8475	1.0000	0.0000	6.8000
uR	476.832	90.000	0.0151	1.0000	0.0000	6.8000
E	478.448	90.000	44.9880	15.7576	0.0820	0.1328	0.0000	6.8000
dPolE	478.448	90.000	71.5333	1.0000	0.0000	6.8000
uR	478.448	90.000	0.0153	1.0000	0.0000	6.8000
E	480.063	90.000	44.9429	15.2432	0.0760	0.1216	0.0000	6.8000
dPolE	480.063	90.000	70.5892	1.0000	0.0000	6.8000
uR	480.063	90.000	0.0153	1.0000	0.0000	6.8000
E	481.679	90.000	44.7986	15.0980	0.0734	0.1160	0.0000	6.8000
dPolE	481.679	90.000	70.9930	1.0000	0.0000	6.8000
uR	481.679	90.000	0.0154	1.0000	0.0000	6.8000
E	483.294	90.000	44.9382	15.3344	0.0752	0.1182	0.0000	6.8000
dPolE	483.294	90.000	66.1508	1.0000	0.0000	6.8000
uR	483.294	90.000	0.0158	1.0000	0.0000	6.8000
E	484.910	90.000	44.9490	15.0375	0.0781	0.1222	0.0000	6.8000
dPolE	484.910	90.000	68.1753	1.0000	0.0000	6.8000
uR	484.910	90.000	0.0161	1.0000	0.0000	6.8000
E	486.526	90.000	44.6566	14.9852	0.0780	0.1223	0.0000	6.8000
dPolE	486.526	90.000	69.8912	1.0000	0.0000	6.8000
uR	486.526	90.000	0.0165	1.0000	0.0000	6.8000
E	488.141	90.000	45.2345	15.0173	0.0794	0.1247	0.0000	6.8000
dPolE	488.141	90.000	68.5798	1.0000	0.0000	6.8000
uR	488.141	90.000	0.0166	1.0000	0.0000	6.8000
E	489.757	90.000	44.8018	13.7658	0.0776	0.1215	0.0000	6.8000
dPolE	489.757	90.000	68.8173	1.0000	0.0000	6.8000
uR	489.757	90.000	0.0166	1.0000	0.0000	6.8000
E	491.372	90.000	44.7505	13.9329	0.0748	0.1168	0.0000	6.8000
dPolE	491.372	90.000	66.7412	1.0000	0.0000	6.8000
uR	491.372	90.000	0.0168	1.0000	0.0000	6.8000
E	492.988	90.000	44.9621	13.8936	0.0780	0.1210	0.0000	6.8000
dPolE	492.988	90.000	65.0328	1.0000	0.0000	6.8000
uR	492.988	90.000	0.0171	1.0000	0.0000	6.8000
E	494.603	90.000	45.0526	13.9256	0.0728	0.1122	0.0000	6.8000
dPolE	494.603	90.000	65.6391	1.0000	0.0000	6.8000
uR	494.603	90.000	0.0173	1.0000	0.0000	6.8000
E	496.219	90.000	44.9831	13.3816	0.0772	0.1173	0.0000	6.8000
dPolE	496.219	90.000	66.6478	1.0000	0.0000	6.8000
uR	496.219	90.000	0.0176	1.0000	0.0000	6.8000
E	497.834	90.000	44.9721	13.4078	0.0803	0.1209	0.0000	6.8000
dPolE	497.834	90.000	66.5996	1.0000	0.0000	6.8000
uR	497.834	90.000	0.0175	1.0000	0.0000	6.8000
E	499.450	90.000	44.6616	13.3842	0.0808	0.1208	0.0000	6.8000
dPolE	499.450	90.000	66.7471	1.0000	0.0000	6.8000
uR	499.450	90.000	0.0179	1.0000	0.0000	6.8000
E	501.065	90.000	44.6380	12.9576	0.0818	0.1218	0.0000	6.8000
dPolE	501.065	90.000	66.9830	1.0000	0.0000	6.8000
uR	501.065	90.000	0.0182	1.0000	0.0000	6.8000
E	502.680	90.000	44.7893	13.2048	0.0752	0.1120	0.0000	6.8000
dPolE	502.680	90.000	66.6200	1.0000	0.0000	6.8000
uR	502.680	90.000	0.0183	1.0000	0.0000	6.8000
E	504.296	90.000	45.1487	12.8038	0.0794	0.1183	0.0000	6.8000
dPolE	504.296	90.000	66.3193	1.0000	0.0000	6.8000
uR	504.296	90.000	0.0183	1.0000	0.0000	6.8000
E	505.911	90.000	45.2064	12.3997	0.0770	0.1146	0.0000	6.8000
dPolE	505.911	90.000	65.9575	1.0000	0.0000	6.8000
uR	505.911	90.000	0.0186	1.0000	0.0000	6.8000
E	507.526	90.000	45.0990	12.6387	0.0807	0.1201	0.0000	6.8000
dPolE	507.526	90.000	63.9562	1.0000	0.0000	6.8000
uR	507.526	90.000	0.0187	1.0000	0.0000	6.8000
E	509.141	90.000	44.7636	12.1473	0.0824	0.1218	0.0000	6.8000
dPolE	509.141	90.000	63.2249	1.0000	0.0000	6.8000
uR	509.141	90.000	0.0190	1.0000	0.0000	6.8000
E	510.756	90.000	44.6919	12.3625	0.0783	0.1149	0.0000	6.8000
dPolE	510.756	90.000	63.3731	1.0000	0.0000	6.8000
uR	510.756	90.000	0.0195	1.0000	0.0000	6.8000
E	512.372	90.000	45.3701	11.9760	0.0750	0.1088	0.0000	6.8000
dPolE	512.372	90.000	63.8838	1.0000	0.0000	6.8000
uR	512.372	90.000	0.0199	1.0000	0.0000	6.8000
E	513.987	90.000	45.0598	12.5324	0.0783	0.1128	0.0000	6.8000
dPolE	513.987	90.000	63.5174	1.0000	0.0000	6.8000
uR	513.987	90.000	0.0209	1.0000	0.0000	6.8000
E	515.602	90.000	45.4816	12.1430	0.0846	0.1207	0.0000	6.8000
dPolE	515.602	90.000	63.7355	1.0000	0.0000	6.8000
uR	515.602	90.000	0.0219	1.0000	0.0000	6.8000
E	517.217	90.000	45.4018	11.7688	0.0847	0.1201	0.0000	6.8000
dPolE	517.217	90.000	65.6131	1.0000	0.0000	6.8000
uR	517.217	90.000	0.0212	1.0000	0.0000	6.8000
E	518.832	90.000	45.1093	11.8273	0.0920	0.1302	0.0000	6.8000
dPolE	518.832	90.000	68.2731	1.0000	0.0000	6.8000
uR	518.832	90.000	0.0199	1.0000	0.0000	6.8000
E	520.447	90.000	44.6940	11.6537	0.0903	0.1275	0.0000	6.8000
dPolE	520.447	90.000	68.9148	1.0000	0.0000	6.8000
uR	520.447	90.000	0.0191	1.0000	0.0000	6.8000
E	522.062	90.000	45.0351	11.6571	0.0850	0.1203	0.0000	6.8000
dPolE	522.062	90.000	66.7012	1.0000	0.0000	6.8000
uR	522.062	90.000	0.0186	1.0000	0.0000	6.8000
E	523.677	90.000	45.0474	11.4201	0.0826	0.1168	0.0000	6.8000
dPolE	523.677	90.000	63.8888	1.0000	0.0000	6.8000
uR	523.677	90.000	0.0193	1.0000	0.0000	6.8000
E	525.292	90.000	44.9334	11.5511	0.0828	0.1168	0.0000	6.8000
dPolE	525.292	90.000	62.7979	1.0000	0.0000	6.8000
uR	525.292	90.000	0.0198	1.0000	0.0000	6.8000
E	526.907	90.000	44.8326	10.9401	0.0824	0.1155	0.0000	6.8000
dPolE	526.907	90.000	61.5866	1.0000	0.0000	6.8000
uR	526.907	90.000	0.0200	1.0000	0.0000	6.8000
E	528.521	90.000	45.0845	10.8448	0.0783	0.1091	0.0000	6.8000
dPolE	528.521	90.000	61.8127	1.0000	0.0000	6.8000
uR	528.521	90.000	0.0204	1.0000	0.0000	6.8000
E	530.136	90.000	44.9655	10.4424	0.0855	0.1178	0.0000	6.8000
dPolE	530.136	90.000	60.3890	1.0000	0.0000	6.8000
uR	530.136	90.000	0.0204	1.0000	0.0000	6.8000
E	531.751	90.000	45.0821	10.7496	0.0804	0.1099	0.0000	6.8000
dPolE	531.751	90.000	61.7554	1.0000	0.0000	6.8000
uR	531.751	90.000	0.0205	1.0000	0.0000	6.8000
E	533.366	90.000	45.0874	10.5400	0.0861	0.1166	0.0000	6.8000
dPolE	533.366	90.000	61.7804	1.0000	0.0000	6.8000
uR	533.366	90.000	0.0206	1.0000	0.0000	6.8000
E	534.980	90.000	45.0990	10.8105	0.0826	0.1113	0.0000	6.8000
dPolE	534.980	90.000	59.9032	1.0000	0.0000	6.8000
uR	534.980	90.000	0.0208	1.0000	0.0000	6.8000
E	536.595	90.000	45.0656	10.3215	0.0809	0.1083	0.0000	6.8000
dPolE	536.595	90.000	61.0156	1.0000	0.0000	6.8000
uR	536.595	90.000	0.0207	1.0000	0.0000	6.8000
E	538.210	90.000	45.0287	10.4266	0.0813	0.1087	0.0000	6.8000
dPolE	538.210	90.000	62.6137	1.0000	0.0000	6.8000
uR	538.210	90.000	0.0208	1.0000	0.0000	6.8000
E	539.824	90.000	44.7009	10.0651	0.0852	0.1139	0.0000	6.8000
dPolE	539.824	90.000	58.6371	1.0000	0.0000	6.8000
uR	539.824	90.000	0.0212	1.0000	0.0000	6.8000
E	541.439	90.000	44.9877	10.2869	0.0824	0.1104	0.0000	6.8000
dPolE	541.439	90.000	60.5574	1.0000	0.0000	6.8000
uR	541.439	90.000	0.0206	1.0000	0.0000	6.8000
E	543.053	90.000	44.7641	9.9233	0.0841	0.1124	0.0000	6.8000
dPolE	543.053	90.000	61.1600	1.0000	0.0000	6.8000
uR	543.053	90.000	0.0209	1.0000	0.0000	6.8000
E	544.668	90.000	44.9005	10.0720	0.0866	0.1156	0.0000	6.8000
dPolE	544.668	90.000	58.8310	1.0000	0.0000	6.8000
uR	544.668	90.000	0.0209	1.0000	0.0000	6.8000
E	546.282	90.000	44.6998	9.8237	0.0833	0.1106	0.0000	6.8000
dPolE	546.282	90.000	61.1828	1.0000	0.0000	6.8000
uR	546.282	90.000	0.0210	1.0000	0.0000	6.8000
E	547.896	90.000	44.7677	9.6301	0.0886	0.1167	0.0000	6.8000
dPolE	547.896	90.000	59.8913	1.0000	0.0000	6.8000
uR	547.896	90.000	0.0210	1.0000	0.0000	6.8000
E	549.511	90.000	44.7178	9.5868	0.0826	0.1079	0.0000	6.8000
dPolE	549.511	90.000	60.0708	1.0000	0.0000	6.8000
uR	549.511	90.000	0.0212	1.0000	0.0000	6.8000
E	551.125	90.000	44.8788	9.6244	0.0819	0.1060	0.0000	6.8000
dPolE	551.125	90.000	59.5287	1.0000	0.0000	6.8000
uR	551.125	90.000	0.0213	1.0000	0.0000	6.8000
E	552.739	90.000	44.9551	9.4433	0.0834	0.1068	0.0000	6.8000
dPolE	552.739	90.000	58.0530	1.0000	0.0000	6.8000
uR	552.739	90.000	0.0214	1.0000	0.0000	6.8000
E	554.353	90.000	44.8313	9.3652	0.0867	0.1105	0.0000	6.8000
dPolE	554.353	90.000	58.8796	1.0000	0.0000	6.8000
uR	554.353	90.000	0.0212	1.0000	0.0000	6.8000
E	555.968	90.000	44.8732	9.0233	0.0827	0.1047	0.0000	6.8000
dPolE	555.968	90.000	57.0244	1.0000	0.0000	6.8000
uR	555.968	90.000	0.0212	1.0000	0.0000	6.8000
E	557.582	90.000	44.9836	9.3322	0.0880	0.1112	0.0000	6.8000
dPolE	557.582	90.000	57.0450	1.0000	0.0000	6.8000
uR	557.582	90.000	0.0211	1.0000	0.0000	6.8000
E	559.196	90.000	44.7373	8.9993	0.0891	0.1123	0.0000	6.8000
dPolE	559.196	90.000	56.2107	1.0000	0.0000	6.8000
uR	559.196	90.000	0.0217	1.0000	0.0000	6.8000
E	560.810	90.000	44.9962	8.9148	0.0813	0.1025	0.0000	6.8000
dPolE	560.810	90.000	58.1564	1.0000	0.0000	6.8000
uR	560.810	90.000	0.0216	1.0000	0.0000	6.8000
E	562.424	90.000	44.8390	9.0175	0.0830	0.1048	0.0000	6.8000
dPolE	562.424	90.000	56.9175	1.0000	0.0000	6.8000
uR	562.424	90.000	0.0214	1.0000	0.0000	6.8000
E	564.038	90.000	44.9237	8.6662	0.0867	0.1092	0.0000	6.8000
dPolE	564.038	90.000	54.7449	1.0000	0.0000	6.8000
uR	564.038	90.000	0.0217	1.0000	0.0000	6.8000
E	565.651	90.000	44.7857	8.8080	0.0864	0.1087	0.0000	6.8000
dPolE	565.651	90.000	57.5740	1.0000	0.0000	6.8000
uR	565.651	90.000	0.0217	1.0000	0.0000	6.8000
E	567.265	90.000	44.9344	8.3797	0.0862	0.1078	0.0000	6.8000
dPolE	567.265	90.000	54.8857	1.0000	0.0000	6.8000
uR	567.265	90.000	0.0215	1.0000	0.0000	6.8000
E	568.879	90.000	45.0727	8.7629	0.0858	0.1067	0.0000	6.8000
dPolE	568.879	90.000	56.4957	1.0000	0.0000	6.8000
uR	568.879	90.000	0.0211	1.0000	0.0000	6.8000
E	570.493	90.000	44.8910	8.4835	0.0855	0.1054	0.0000	6.8000
dPolE	570.493	90.000	55.2165	1.0000	0.0000	6.8000
uR	570.493	90.000	0.0214	1.0000	0.0000	6.8000
E	572.106	90.000	44.8916	8.3519	0.0863	0.1056	0.0000	6.8000
dPolE	572.106	90.000	53.5125	1.0000	0.0000	6.8000
uR	572.106	90.000	0.0213	1.0000	0.0000	6.8000
E	573.720	90.000	44.8547	8.4945	0.0891	0.1081	0.0000	6.8000
dPolE	573.720	90.000	52.8996	1.0000	0.0000	6.8000
uR	573.720	90.000	0.0215	1.0000	0.0000	6.8000
E	575.333	90.000	45.0379	8.4092	0.0889	0.1069	0.0000	6.8000
dPolE	575.333	90.000	54.7671	1.0000	0.0000	6.8000
uR	575.333	90.000	0.0213	1.0000	0.0000	6.8000
E	576.947	90.000	45.0698	8.1958	0.0904	0.1080	0.0000	6.8000
dPolE	576.947	90.000	55.1559	1.0000	0.0000	6.8000
uR	576.947	90.000	0.0215	1.0000	0.0000	6.8000
E	578.560	90.000	44.8002	8.0379	0.0916	0.1091	0.0000	6.8000
dPolE	578.560	90.000	55.1351	1.0000	0.0000	6.8000
uR	578.560	90.000	0.0212	1.0000	0.0000	6.8000
E	580.174	90.000	44.9786	8.0211	0.0876	0.1039	0.0000	6.8000
dPolE	580.174	90.000	54.1207	1.0000	0.0000	6.8000
uR	580.174	90.000	0.0212	1.0000	0.0000	6.8000
E	581.787	90.000	44.9652	7.7135	0.0854	0.1012	0.0000	6.8000
dPolE	581.787	90.000	53.9313	1.0000	0.0000	6.8000
uR	581.787	90.000	0.0216	1.0000	0.0000	6.8000
E	583.400	90.000	44.7613	7.7851	0.0880	0.1042	0.0000	6.8000
dPolE	583.400	90.000	54.1475	1.0000	0.0000	6.8000
uR	583.400	90.000	0.0213	1.0000	0.0000	6.8000
E	585.014	90.000	45.0532	7.5771	0.0919	0.1089	0.0000	6.8000
dPolE	585.014	90.000	53.8438	1.0000	0.0000	6.8000
uR	585.014	90.000	0.0212	1.0000	0.0000	6.8000
E	586.627	90.000	44.8533	7.3967	0.0864	0.1021	0.0000	6.8000
dPolE	586.627	90.000	52.6117	1.0000	0.0000	6.8000
uR	586.627	90.000	0.0216	1.0000	0.0000	6.8000
E	588.240	90.000	44.6989	7.6256	0.0882	0.1041	0.0000	6.8000
dPolE	588.240	90.000	53.3250	1.0000	0.0000	6.8000
uR	588.240	90.000	0.0218	1.0000	0.0000	6.8000
E	589.853	90.000	44.8495	7.7862	0.0892	0.1051	0.0000	6.8000
dPolE	589.853	90.000	51.9757	1.0000	0.0000	6.8000
uR	589.853	90.000	0.0216	1.0000	0.0000	6.8000
E	591.466	90.000	45.2033	7.2675	0.0897	0.1048	0.0000	6.8000
dPolE	591.466	90.000	52.5692	1.0000	0.0000	6.8000
uR	591.466	90.000	0.0216	1.0000	0.0000	6.8000
E	593.079	90.000	44.6311	7.2066	0.0934	0.1085	0.0000	6.8000
dPolE	593.079	90.000	53.0824	1.0000	0.0000	6.8000
uR	593.079	90.000	0.0216	1.0000	0.0000	6.8000
E	594.692	90.000	45.1879	7.2903	0.0892	0.1028	0.0000	6.8000
dPolE	594.692	90.000	52.1973	1.0000	0.0000	6.8000
uR	594.692	90.000	0.0216	1.0000	0.0000	6.8000
E	596.305	90.000	45.1180	7.2592	0.0906	0.1036	0.0000	6.8000
dPolE	596.305	90.000	51.8185	1.0000	0.0000	6.8000
uR	596.305	90.000	0.0218	1.0000	0.0000	6.8000
E	597.918	90.000	44.7100	7.2090	0.0917	0.1040	0.0000	6.8000
dPolE	597.918	90.000	55.0701	1.0000	0.0000	6.8000
uR	597.918	90.000	0.0219	1.0000	0.0000	6.8000
E	599.530	90.000	44.8084	7.4265	0.0912	0.1030	0.0000	6.8000
dPolE	599.530	90.000	52.9431	1.0000	0.0000	6.8000
uR	599.530	90.000	0.0219	1.0000	0.0000	6.8000
E	601.143	90.000	44.8409	6.7357	0.0974	0.1091	0.0000	6.8000
dPolE	601.143	90.000	50.9413	1.0000	0.0000	6.8000
uR	601.143	90.000	0.0223	1.0000	0.0000	6.8000
E	602.755	90.000	44.9916	7.4667	0.0969	0.1085	0.0000	6.8000
dPolE	602.755	90.000	50.5161	1.0000	0.0000	6.8000
uR	602.755	90.000	0.0222	1.0000	0.0000	6.8000
E	604.368	90.000	45.1102	6.8080	0.0953	0.1059	0.0000	6.8000
dPolE	604.368	90.000	51.7137	1.0000	0.0000	6.8000
uR	604.368	90.000	0.0221	1.0000	0.0000	6.8000
E	605.981	90.000	44.6788	6.7331	0.0951	0.1057	0.0000	6.8000
dPolE	605.981	90.000	52.9883	1.0000	0.0000	6.8000
uR	605.981	90.000	0.0218	1.0000	0.0000	6.8000
E	607.593	90.000	45.1376	6.8750	0.0973	0.1083	0.0000	6.8000
dPolE	607.593	90.000	52.6609	1.0000	0.0000	6.8000
uR	607.593	90.000	0.0216	1.0000	0.0000	6.8000
E	609.205	90.000	44.6869	6.5696	0.0956	0.1062	0.0000	6.8000
dPolE	609.205	90.000	50.2446	1.0000	0.0000	6.8000
uR	609.205	90.000	0.0218	1.0000	0.0000	6.8000
E	610.818	90.000	44.7966	6.8293	0.0934	0.1038	0.0000	6.8000
dPolE	610.818	90.000	53.9776	1.0000	0.0000	6.8000
uR	610.818	90.000	0.0222	1.0000	0.0000	6.8000
E	612.430	90.000	45.0514	6.4120	0.0922	0.1021	0.0000	6.8000
dPolE	612.430	90.000	51.6607	1.0000	0.0000	6.8000
uR	612.430	90.000	0.0219	1.0000	0.0000	6.8000
E	614.042	90.000	44.7519	6.6039	0.0951	0.1052	0.0000	6.8000
dPolE	614.042	90.000	52.9750	1.0000	0.0000	6.8000
uR	614.042	90.000	0.0220	1.0000	0.0000	6.8000
E	615.654	90.000	45.0375	6.7335	0.0944	0.1040	0.0000	6.8000
dPolE	615.654	90.000	48.9070	1.0000	0.0000	6.8000
uR	615.654	90.000	0.0218	1.0000	0.0000	6.8000
E	617.266	90.000	44.7983	6.6105	0.0946	0.1036	0.0000	6.8000
dPolE	617.266	90.000	50.5242	1.0000	0.0000	6.8000
uR	617.266	90.000	0.0220	1.0000	0.0000	6.8000
E	618.878	90.000	44.9229	6.3696	0.0956	0.1039	0.0000	6.8000
dPolE	618.878	90.000	50.8177	1.0000	0.0000	6.8000
uR	618.878	90.000	0.0220	1.0000	0.0000	6.8000
E	620.490	90.000	45.0979	6.2598	0.0945	0.1020	0.0000	6.8000
dPolE	620.490	90.000	47.0250	1.0000	0.0000	6.8000
uR	620.490	90.000	0.0220	1.0000	0.0000	6.8000
E	622.102	90.000	45.0001	6.4273	0.0951	0.1020	0.0000	6.8000
dPolE	622.102	90.000	48.5053	1.0000	0.0000	6.8000
uR	622.102	90.000	0.0219	1.0000	0.0000	6.8000
E	623.714	90.000	44.7023	6.3320	0.0938	0.0998	0.0000	6.8000
dPolE	623.714	90.000	47.8899	1.0000	0.0000	6.8000
uR	623.714	90.000	0.0222	1.0000	0.0000	6.8000
E	625.325	90.000	44.8185	6.2235	0.0905	0.0956	0.0000	6.8000
dPolE	625.325	90.000	50.6229	1.0000	0.0000	6.8000
uR	625.325	90.000	0.0223	1.0000	0.0000	6.8000
E	626.937	90.000	45.0128	6.1701	0.0989	0.1039	0.0000	6.8000
dPolE	626.937	90.000	48.3295	1.0000	0.0000	6.8000
uR	626.937	90.000	0.0221	1.0000	0.0000	6.8000
E	628.548	90.000	44.8477	6.3773	0.1053	0.1104	0.0000	6.8000
dPolE	628.548	90.000	48.6544	1.0000	0.0000	6.8000
uR	628.548	90.000	0.0219	1.0000	0.0000	6.8000
E	630.160	90.000	44.6821	6.0380	0.1016	0.1060	0.0000	6.8000
dPolE	630.160	90.000	48.4119	1.0000	0.0000	6.8000
uR	630.160	90.000	0.0219	1.0000	0.0000	6.8000
E	631.771	90.000	44.9091	6.2538	0.1038	0.1083	0.0000	6.8000
dPolE	631.771	90.000	47.6493	1.0000	0.0000	6.8000
uR	631.771	90.000	0.0223	1.0000	0.0000	6.8000
E	633.383	90.000	44.8597	5.9843	0.1022	0.1065	0.0000	6.8000
dPolE	633.383	90.000	48.7115	1.0000	0.0000	6.8000
uR	633.383	90.000	0.0223	1.0000	0.0000	6.8000
E	634.994	90.000	45.1779	5.9039	0.1035	0.1077	0.0000	6.8000
dPolE	634.994	90.000	45.1574	1.0000	0.0000	6.8000
uR	634.994	90.000	0.0224	1.0000	0.0000	6.8000
E	636.605	90.000	45.0846	6.2360	0.1012	0.1055	0.0000	6.8000
dPolE	636.605	90.000	48.8050	1.0000	0.0000	6.8000
uR	636.605	90.000	0.0225	1.0000	0.0000	6.8000
E	638.216	90.000	44.8267	6.0691	0.1021	0.1063	0.0000	6.8000
dPolE	638.216	90.000	49.9392	1.0000	0.0000	6.8000
uR	638.216	90.000	0.0224	1.0000	0.0000	6.8000
E	639.827	90.000	45.0070	5.9429	0.1065	0.1106	0.0000	6.8000
dPolE	639.827	90.000	50.3223	1.0000	0.0000	6.8000
uR	639.827	90.000	0.0223	1.0000	0.0000	6.8000
E	641.438	90.000	44.6798	5.9924	0.1054	0.1092	0.0000	6.8000
dPolE	641.438	90.000	51.7072	1.0000	0.0000	6.8000
uR	641.438	90.000	0.0221	1.0000	0.0000	6.8000
E	643.049	90.000	44.7369	5.8963	0.1055	0.1088	0.0000	6.8000
dPolE	643.049	90.000	48.0133	1.0000	0.0000	6.8000
uR	643.049	90.000	0.0220	1.0000	0.0000	6.8000
E	644.660	90.000	44.8783	5.7832	0.1088	0.1117	0.0000	6.8000
dPolE	644.660	90.000	46.6102	1.0000	0.0000	6.8000
uR	644.660	90.000	0.0223	1.0000	0.0000	6.8000
E	646.271	90.000	45.0576	5.7620	0.1020	0.1040	0.0000	6.8000
dPolE	646.271	90.000	48.6576	1.0000	0.0000	6.8000
uR	646.271	90.000	0.0224	1.0000	0.0000	6.8000
E	647.881	90.000	44.9612	5.5577	0.1054	0.1068	0.0000	6.8000
dPolE	647.881	90.000	45.2416	1.0000	0.0000	6.8000
uR	647.881	90.000	0.0224	1.0000	0.0000	6.8000
E	649.492	90.000	45.0245	5.5797	0.1080	0.1086	0.0000	6.8000
dPolE	649.492	90.000	45.3504	1.0000	0.0000	6.8000
uR	649.492	90.000	0.0222	1.0000	0.0000	6.8000
E	651.103	90.000	44.8302	5.6102	0.1069	0.1068	0.0000	6.8000
dPolE	651.103	90.000	45.8440	1.0000	0.0000	6.8000
uR	651.103	90.000	0.0225	1.0000	0.0000	6.8000
E	652.713	90.000	44.6493	5.4333	0.1034	0.1027	0.0000	6.8000
dPolE	652.713	90.000	48.9565	1.0000	0.0000	6.8000
uR	652.713	90.000	0.0228	1.0000	0.0000	6.8000
E	654.323	90.000	44.7876	5.3663	0.1105	0.1089	0.0000	6.8000
dPolE	654.323	90.000	47.6360	1.0000	0.0000	6.8000
uR	654.323	90.000	0.0229	1.0000	0.0000	6.8000
E	655.934	90.000	44.6063	5.4621	0.1096	0.1078	0.0000	6.8000
dPolE	655.934	90.000	47.5476	1.0000	0.0000	6.8000
uR	655.934	90.000	0.0229	1.0000	0.0000	6.8000
E	657.544	90.000	44.5976	5.6205	0.1141	0.1118	0.0000	6.8000
dPolE	657.544	90.000	47.8324	1.0000	0.0000	6.8000
uR	657.544	90.000	0.0223	1.0000	0.0000	6.8000
E	659.154	90.000	44.9680	5.2514	0.1148	0.1121	0.0000	6.8000
dPolE	659.154	90.000	47.5695	1.0000	0.0000	6.8000
uR	659.154	90.000	0.0226	1.0000	0.0000	6.8000
E	660.764	90.000	44.8972	5.3718	0.1152	0.1123	0.0000	6.8000
dPolE	660.764	90.000	45.7535	1.0000	0.0000	6.8000
uR	660.764	90.000	0.0231	1.0000	0.0000	6.8000
E	662.374	90.000	44.8243	5.4458	0.1145	0.1117	0.0000	6.8000
dPolE	662.374	90.000	48.6143	1.0000	0.0000	6.8000
uR	662.374	90.000	0.0223	1.0000	0.0000	6.8000
E	663.984	90.000	44.9845	5.3690	0.1128	0.1099	0.0000	6.8000
dPolE	663.984	90.000	47.9579	1.0000	0.0000	6.8000
uR	663.984	90.000	0.0220	1.0000	0.0000	6.8000
E	665.594	90.000	44.9373	4.9930	0.1102	0.1072	0.0000	6.8000
dPolE	665.594	90.000	48.3590	1.0000	0.0000	6.8000
uR	665.594	90.000	0.0221	1.0000	0.0000	6.8000
E	667.204	90.000	44.7094	4.8906	0.1117	0.1085	0.0000	6.8000
dPolE	667.204	90.000	50.3609	1.0000	0.0000	6.8000
uR	667.204	90.000	0.0215	1.0000	0.0000	6.8000
E	668.813	90.000	45.1303	5.1097	0.1144	0.1110	0.0000	6.8000
dPolE	668.813	90.000	44.6060	1.0000	0.0000	6.8000
uR	668.813	90.000	0.0219	1.0000	0.0000	6.8000
E	670.423	90.000	44.9765	4.8132	0.1140	0.1102	0.0000	6.8000
dPolE	670.423	90.000	45.4356	1.0000	0.0000	6.8000
uR	670.423	90.000	0.0223	1.0000	0.0000	6.8000
E	672.032	90.000	44.6393	4.9700	0.1131	0.1093	0.0000	6.8000
dPolE	672.032	90.000	44.5013	1.0000	0.0000	6.8000
uR	672.032	90.000	0.0225	1.0000	0.0000	6.8000
E	673.642	90.000	44.7467	5.2987	0.1104	0.1065	0.0000	6.8000
dPolE	673.642	90.000	42.7265	1.0000	0.0000	6.8000
uR	673.642	90.000	0.0225	1.0000	0.0000	6.8000
E	675.251	90.000	45.0538	5.2598	0.1078	0.1035	0.0000	6.8000
dPolE	675.251	90.000	46.8583	1.0000	0.0000	6.8000
uR	675.251	90.000	0.0229	1.0000	0.0000	6.8000
E	676.860	90.000	44.9897	4.8871	0.1097	0.1046	0.0000	6.8000
dPolE	676.860	90.000	45.6355	1.0000	0.0000	6.8000
uR	676.860	90.000	0.0228	1.0000	0.0000	6.8000
E	678.469	90.000	44.9787	4.8314	0.1151	0.1090	0.0000	6.8000
dPolE	678.469	90.000	42.8031	1.0000	0.0000	6.8000
uR	678.469	90.000	0.0227	1.0000	0.0000	6.8000
E	680.079	90.000	44.9769	5.0399	0.1164	0.1098	0.0000	6.8000
dPolE	680.079	90.000	43.8162	1.0000	0.0000	6.8000
uR	680.079	90.000	0.0221	1.0000	0.0000	6.8000
E	681.688	90.000	44.6989	4.8321	0.1143	0.1069	0.0000	6.8000
dPolE	681.688	90.000	44.5546	1.0000	0.0000	6.8000
uR	681.688	90.000	0.0225	1.0000	0.0000	6.8000
E	683.296	90.000	44.9777	4.7386	0.1104	0.1026	0.0000	6.8000
dPolE	683.296	90.000	39.8043	1.0000	0.0000	6.8000
uR	683.296	90.000	0.0225	1.0000	0.0000	6.8000
E	684.905	90.000	44.7719	4.9270	0.1106	0.1023	0.0000	6.8000
dPolE	684.905	90.000	39.4053	1.0000	0.0000	6.8000
uR	684.905	90.000	0.0222	1.0000	0.0000	6.8000
E	686.514	90.000	44.7521	4.7414	0.1078	0.0991	0.0000	6.8000
dPolE	686.514	90.000	39.7189	1.0000	0.0000	6.8000
uR	686.514	90.000	0.0221	1.0000	0.0000	6.8000
E	688.123	90.000	44.9735	4.6054	0.1068	0.0977	0.0000	6.8000
dPolE	688.123	90.000	40.8069	1.0000	0.0000	6.8000
uR	688.123	90.000	0.0223	1.0000	0.0000	6.8000
E	689.731	90.000	45.2873	4.6254	0.1119	0.1021	0.0000	6.8000
dPolE	689.731	90.000	36.6146	1.0000	0.0000	6.8000
uR	689.731	90.000	0.0221	1.0000	0.0000	6.8000
E	691.340	90.000	44.8822	4.5939	0.1122	0.1020	0.0000	6.8000
dPolE	691.340	90.000	41.9019	1.0000	0.0000	6.8000
uR	691.340	90.000	0.0223	1.0000	0.0000	6.8000
E	692.948	90.000	45.0518	4.4547	0.1145	0.1038	0.0000	6.8000
dPolE	692.948	90.000	40.4068	1.0000	0.0000	6.8000
uR	692.948	90.000	0.0225	1.0000	0.0000	6.8000
E	694.556	90.000	44.8684	4.6168	0.1184	0.1075	0.0000	6.8000
dPolE	694.556	90.000	43.9394	1.0000	0.0000	6.8000
uR	694.556	90.000	0.0224	1.0000	0.0000	6.8000
E	696.164	90.000	44.9696	4.6954	0.1231	0.1118	0.0000	6.8000
dPolE	696.164	90.000	43.7117	1.0000	0.0000	6.8000
uR	696.164	90.000	0.0224	1.0000	0.0000	6.8000
E	697.772	90.000	44.8405	4.3729	0.1291	0.1170	0.0000	6.8000
dPolE	697.772	90.000	41.9081	1.0000	0.0000	6.8000
uR	697.772	90.000	0.0231	1.0000	0.0000	6.8000
E	699.380	90.000	44.7439	4.7230	0.1245	0.1130	0.0000	6.8000
dPolE	699.380	90.000	44.8102	1.0000	0.0000	6.8000
uR	699.380	90.000	0.0226	1.0000	0.0000	6.8000
E	700.988	90.000	44.9076	4.6737	0.1229	0.1113	0.0000	6.8000
dPolE	700.988	90.000	44.0037	1.0000	0.0000	6.8000
uR	700.988	90.000	0.0227	1.0000	0.0000	6.8000
E	702.596	90.000	45.0379	4.7682	0.1277	0.1155	0.0000	6.8000
dPolE	702.596	90.000	44.5814	1.0000	0.0000	6.8000
uR	702.596	90.000	0.0226	1.0000	0.0000	6.8000
E	704.204	90.000	44.6636	4.1649	0.1302	0.1173	0.0000	6.8000
dPolE	704.204	90.000	45.0247	1.0000	0.0000	6.8000
uR	704.204	90.000	0.0227	1.0000	0.0000	6.8000
E	705.811	90.000	45.0199	4.5179	0.1322	0.1186	0.0000	6.8000
dPolE	705.811	90.000	46.5470	1.0000	0.0000	6.8000
uR	705.811	90.000	0.0226	1.0000	0.0000	6.8000
E	707.419	90.000	44.7313	4.6668	0.1335	0.1198	0.0000	6.8000
dPolE	707.419	90.000	44.7684	1.0000	0.0000	6.8000
uR	707.419	90.000	0.0231	1.0000	0.0000	6.8000
E	709.026	90.000	44.8031	4.4174	0.1281	0.1143	0.0000	6.8000
dPolE	709.026	90.000	41.0060	1.0000	0.0000	6.8000
uR	709.026	90.000	0.0229	1.0000	0.0000	6.8000
E	710.634	90.000	44.6606	4.1959	0.1194	0.1059	0.0000	6.8000
dPolE	710.634	90.000	41.9223	1.0000	0.0000	6.8000
uR	710.634	90.000	0.0236	1.0000	0.0000	6.8000
E	712.241	90.000	44.8223	4.3738	0.1282	0.1133	0.0000	6.8000
dPolE	712.241	90.000	44.4310	1.0000	0.0000	6.8000
uR	712.241	90.000	0.0246	1.0000	0.0000	6.8000
E	713.848	90.000	44.5775	4.5636	0.1506	0.1324	0.0000	6.8000
dPolE	713.848	90.000	45.2547	1.0000	0.0000	6.8000
uR	713.848	90.000	0.0242	1.0000	0.0000	6.8000
E	715.455	90.000	45.6694	4.3006	0.1567	0.1368	0.0000	6.8000
dPolE	715.455	90.000	47.4587	1.0000	0.0000	6.8000
uR	715.455	90.000	0.0214	1.0000	0.0000	6.8000
E	717.062	90.000	44.9428	4.5030	0.1490	0.1296	0.0000	6.8000
dPolE	717.062	90.000	50.0863	1.0000	0.0000	6.8000
uR	717.062	90.000	0.0199	1.0000	0.0000	6.8000
E	718.669	90.000	45.1039	4.1802	0.1389	0.1201	0.0000	6.8000
dPolE	718.669	90.000	45.6455	1.0000	0.0000	6.8000
uR	718.669	90.000	0.0216	1.0000	0.0000	6.8000
E	720.276	90.000	45.4517	4.2970	0.1373	0.1183	0.0000	6.8000
dPolE	720.276	90.000	46.3048	1.0000	0.0000	6.8000
uR	720.276	90.000	0.0230	1.0000	0.0000	6.8000
E	721.882	90.000	44.5956	4.2460	0.1425	0.1221	0.0000	6.8000
dPolE	721.882	90.000	48.6283	1.0000	0.0000	6.8000
uR	721.882	90.000	0.0231	1.0000	0.0000	6.8000
E	723.489	90.000	44.6504	4.1097	0.1534	0.1308	0.0000	6.8000
dPolE	723.489	90.000	43.8452	1.0000	0.0000	6.8000
uR	723.489	90.000	0.0227	1.0000	0.0000	6.8000
E	725.095	90.000	45.0565	4.2225	0.1479	0.1259	0.0000	6.8000
dPolE	725.095	90.000	47.3868	1.0000	0.0000	6.8000
uR	725.095	90.000	0.0231	1.0000	0.0000	6.8000
E	726.701	90.000	45.0746	4.1706	0.1468	0.1246	0.0000	6.8000
dPolE	726.701	90.000	44.7499	1.0000	0.0000	6.8000
uR	726.701	90.000	0.0229	1.0000	0.0000	6.8000
E	728.308	90.000	44.8147	4.3878	0.1473	0.1250	0.0000	6.8000
dPolE	728.308	90.000	44.7796	1.0000	0.0000	6.8000
uR	728.308	90.000	0.0228	1.0000	0.0000	6.8000
E	729.914	90.000	44.7204	3.8727	0.1403	0.1184	0.0000	6.8000
dPolE	729.914	90.000	43.1445	1.0000	0.0000	6.8000
uR	729.914	90.000	0.0222	1.0000	0.0000	6.8000
E	731.520	90.000	45.1811	4.1394	0.1357	0.1147	0.0000	6.8000
dPolE	731.520	90.000	40.6646	1.0000	0.0000	6.8000
uR	731.520	90.000	0.0222	1.0000	0.0000	6.8000
E	733.126	90.000	44.8243	3.8393	0.1312	0.1107	0.0000	6.8000
dPolE	733.126	90.000	40.7572	1.0000	0.0000	6.8000
uR	733.126	90.000	0.0226	1.0000	0.0000	6.8000
E	734.732	90.000	45.2431	4.0859	0.1342	0.1134	0.0000	6.8000
dPolE	734.732	90.000	38.0107	1.0000	0.0000	6.8000
uR	734.732	90.000	0.0229	1.0000	0.0000	6.8000
E	736.337	90.000	45.1532	3.5924	0.1400	0.1179	0.0000	6.8000
dPolE	736.337	90.000	45.6390	1.0000	0.0000	6.8000
uR	736.337	90.000	0.0224	1.0000	0.0000	6.8000
E	737.943	90.000	44.5972	3.9289	0.1438	0.1213	0.0000	6.8000
dPolE	737.943	90.000	44.6230	1.0000	0.0000	6.8000
uR	737.943	90.000	0.0223	1.0000	0.0000	6.8000
E	739.548	90.000	44.8183	4.1290	0.1412	0.1188	0.0000	6.8000
dPolE	739.548	90.000	40.9739	1.0000	0.0000	6.8000
uR	739.548	90.000	0.0221	1.0000	0.0000	6.8000
E	741.154	90.000	44.9651	3.7609	0.1392	0.1169	0.0000	6.8000
dPolE	741.154	90.000	42.2627	1.0000	0.0000	6.8000
uR	741.154	90.000	0.0222	1.0000	0.0000	6.8000
E	742.759	90.000	44.6263	3.8614	0.1400	0.1172	0.0000	6.8000
dPolE	742.759	90.000	40.2826	1.0000	0.0000	6.8000
uR	742.759	90.000	0.0225	1.0000	0.0000	6.8000
E	744.364	90.000	45.0222	3.7096	0.1458	0.1214	0.0000	6.8000
dPolE	744.364	90.000	38.5371	1.0000	0.0000	6.8000
uR	744.364	90.000	0.0227	1.0000	0.0000	6.8000
E	745.969	90.000	45.5034	4.0370	0.1477	0.1228	0.0000	6.8000
dPolE	745.969	90.000	43.7000	1.0000	0.0000	6.8000
uR	745.969	90.000	0.0226	1.0000	0.0000	6.8000
E	747.574	90.000	44.8301	3.6754	0.1547	0.1279	0.0000	6.8000
dPolE	747.574	90.000	42.7301	1.0000	0.0000	6.8000
uR	747.574	90.000	0.0226	1.0000	0.0000	6.8000
E	749.179	90.000	45.3835	3.8152	0.1442	0.1188	0.0000	6.8000
dPolE	749.179	90.000	45.7206	1.0000	0.0000	6.8000
uR	749.179	90.000	0.0223	1.0000	0.0000	6.8000
E	750.784	90.000	45.2654	3.7486	0.1543	0.1265	0.0000	6.8000
dPolE	750.784	90.000	38.0679	1.0000	0.0000	6.8000
uR	750.784	90.000	0.0230	1.0000	0.0000	6.8000
E	752.388	90.000	45.4595	3.5916	0.1561	0.1272	0.0000	6.8000
dPolE	752.388	90.000	39.6564	1.0000	0.0000	6.8000
uR	752.388	90.000	0.0233	1.0000	0.0000	6.8000
E	753.993	90.000	45.1944	3.7367	0.1558	0.1264	0.0000	6.8000
dPolE	753.993	90.000	43.5279	1.0000	0.0000	6.8000
uR	753.993	90.000	0.0234	1.0000	0.0000	6.8000
E	755.597	90.000	44.7994	3.8101	0.1578	0.1274	0.0000	6.8000
dPolE	755.597	90.000	37.9228	1.0000	0.0000	6.8000
uR	755.597	90.000	0.0240	1.0000	0.0000	6.8000
E	757.202	90.000	45.6469	3.7785	0.1572	0.1267	0.0000	6.8000
dPolE	757.202	90.000	41.9038	1.0000	0.0000	6.8000
uR	757.202	90.000	0.0227	1.0000	0.0000	6.8000
E	758.806	90.000	44.8949	3.3966	0.1677	0.1339	0.0000	6.8000
dPolE	758.806	90.000	45.1313	1.0000	0.0000	6.8000
uR	758.806	90.000	0.0217	1.0000	0.0000	6.8000
E	760.410	90.000	44.8638	3.4687	0.1573	0.1253	0.0000	6.8000
dPolE	760.410	90.000	40.4788	1.0000	0.0000	6.8000
uR	760.410	90.000	0.0217	1.0000	0.0000	6.8000
E	762.014	90.000	44.8292	3.4361	0.1389	0.1099	0.0000	6.8000
dPolE	762.014	90.000	39.9865	1.0000	0.0000	6.8000
uR	762.014	90.000	0.0218	1.0000	0.0000	6.8000
E	763.618	90.000	45.0131	3.2977	0.1267	0.1000	0.0000	6.8000
dPolE	763.618	90.000	29.4242	1.0000	0.0000	6.8000
uR	763.618	90.000	0.0231	1.0000	0.0000	6.8000
E	765.221	90.000	44.9002	3.4726	0.1153	0.0910	0.0000	6.8000
dPolE	765.221	90.000	30.6149	1.0000	0.0000	6.8000
uR	765.221	90.000	0.0230	1.0000	0.0000	6.8000
E	766.825	90.000	44.8727	3.7492	0.1279	0.1008	0.0000	6.8000
dPolE	766.825	90.000	33.7270	1.0000	0.0000	6.8000
uR	766.825	90.000	0.0221	1.0000	0.0000	6.8000
E	768.429	90.000	44.3189	3.7034	0.1474	0.1160	0.0000	6.8000
dPolE	768.429	90.000	41.5252	1.0000	0.0000	6.8000
uR	768.429	90.000	0.0221	1.0000	0.0000	6.8000
E	770.032	90.000	45.1751	3.7750	0.1587	0.1248	0.0000	6.8000
dPolE	770.032	90.000	45.9729	1.0000	0.0000	6.8000
uR	770.032	90.000	0.0221	1.0000	0.0000	6.8000
E	771.635	90.000	44.6161	3.8207	0.1785	0.1403	0.0000	6.8000
dPolE	771.635	90.000	44.6114	1.0000	0.0000	6.8000
uR	771.635	90.000	0.0223	1.0000	0.0000	6.8000
E	773.238	90.000	45.1580	3.2953	0.1783	0.1397	0.0000	6.8000
dPolE	773.238	90.000	41.5653	1.0000	0.0000	6.8000
uR	773.238	90.000	0.0240	1.0000	0.0000	6.8000
E	774.841	90.000	44.9736	3.8226	0.1853	0.1456	0.0000	6.8000
dPolE	774.841	90.000	45.1283	1.0000	0.0000	6.8000
uR	774.841	90.000	0.0247	1.0000	0.0000	6.8000
E	776.444	90.000	45.1063	3.4749	0.1868	0.1463	0.0000	6.8000
dPolE	776.444	90.000	48.6630	1.0000	0.0000	6.8000
uR	776.444	90.000	0.0251	1.0000	0.0000	6.8000
E	778.047	90.000	45.0366	3.7758	0.1964	0.1535	0.0000	6.8000
dPolE	778.047	90.000	47.1788	1.0000	0.0000	6.8000
uR	778.047	90.000	0.0249	1.0000	0.0000	6.8000
E	779.650	90.000	44.4021	3.2354	0.2026	0.1578	0.0000	6.8000
dPolE	779.650	90.000	55.4670	1.0000	0.0000	6.8000
uR	779.650	90.000	0.0231	1.0000	0.0000	6.8000
E	781.252	90.000	45.3660	3.3915	0.2033	0.1587	0.0000	6.8000
dPolE	781.252	90.000	47.9887	1.0000	0.0000	6.8000
uR	781.252	90.000	0.0239	1.0000	0.0000	6.8000
E	782.855	90.000	45.0494	3.5311	0.1964	0.1530	0.0000	6.8000
dPolE	782.855	90.000	57.0967	1.0000	0.0000	6.8000
uR	782.855	90.000	0.0235	1.0000	0.0000	6.8000
E	784.457	90.000	44.9483	3.1953	0.2097	0.1629	0.0000	6.8000
dPolE	784.457	90.000	50.8117	1.0000	0.0000	6.8000
uR	784.457	90.000	0.0242	1.0000	0.0000	6.8000
E	786.059	90.000	44.8898	3.3127	0.2020	0.1564	0.0000	6.8000
dPolE	786.059	90.000	52.7976	1.0000	0.0000	6.8000
uR	786.059	90.000	0.0233	1.0000	0.0000	6.8000
E	787.661	90.000	44.7782	3.4494	0.2018	0.1552	0.0000	6.8000
dPolE	787.661	90.000	49.9751	1.0000	0.0000	6.8000
uR	787.661	90.000	0.0223	1.0000	0.0000	6.8000
E	789.263	90.000	44.9461	3.5068	0.1801	0.1387	0.0000	6.8000
dPolE	789.263	90.000	49.7398	1.0000	0.0000	6.8000
uR	789.263	90.000	0.0221	1.0000	0.0000	6.8000
E	790.865	90.000	45.5245	3.1161	0.1810	0.1383	0.0000	6.8000
dPolE	790.865	90.000	42.8823	1.0000	0.0000	6.8000
uR	790.865	90.000	0.0217	1.0000	0.0000	6.8000
E	792.467	90.000	44.6633	3.5235	0.1901	0.1454	0.0000	6.8000
dPolE	792.467	90.000	43.0354	1.0000	0.0000	6.8000
uR	792.467	90.000	0.0220	1.0000	0.0000	6.8000
E	794.068	90.000	44.3276	3.6367	0.1983	0.1508	0.0000	6.8000
dPolE	794.068	90.000	48.8847	1.0000	0.0000	6.8000
uR	794.068	90.000	0.0224	1.0000	0.0000	6.8000
E	795.670	90.000	44.9085	3.0724	0.1982	0.1496	0.0000	6.8000
dPolE	795.670	90.000	47.4616	1.0000	0.0000	6.8000
uR	795.670	90.000	0.0231	1.0000	0.0000	6.8000
E	797.271	90.000	45.0129	3.5562	0.1827	0.1379	0.0000	6.8000
dPolE	797.271	90.000	45.5908	1.0000	0.0000	6.8000
uR	797.271	90.000	0.0241	1.0000	0.0000	6.8000
E	798.872	90.000	45.5299	3.3966	0.1899	0.1425	0.0000	6.8000
dPolE	798.872	90.000	36.9229	1.0000	0.0000	6.8000
uR	798.872	90.000	0.0238	1.0000	0.0000	6.8000
E	800.473	90.000	44.8226	3.1993	0.1852	0.1385	0.0000	6.8000
dPolE	800.473	90.000	42.6520	1.0000	0.0000	6.8000
uR	800.473	90.000	0.0241	1.0000	0.0000	6.8000
E	802.074	90.000	44.9045	3.0830	0.1952	0.1450	0.0000	6.8000
dPolE	802.074	90.000	43.5569	1.0000	0.0000	6.8000
uR	802.074	90.000	0.0234	1.0000	0.0000	6.8000
E	803.675	90.000	45.0253	3.1915	0.1917	0.1416	0.0000	6.8000
dPolE	803.675	90.000	47.3679	1.0000	0.0000	6.8000
uR	803.675	90.000	0.0242	1.0000	0.0000	6.8000
E	805.276	90.000	45.2868	3.3987	0.2036	0.1502	0.0000	6.8000
dPolE	805.276	90.000	45.2585	1.0000	0.0000	6.8000
uR	805.276	90.000	0.0240	1.0000	0.0000	6.8000
E	806.876	90.000	45.3062	3.3556	0.1979	0.1459	0.0000	6.8000
dPolE	806.876	90.000	46.5609	1.0000	0.0000	6.8000
uR	806.876	90.000	0.0233	1.0000	0.0000	6.8000
E	808.477	90.000	45.5207	3.2474	0.1877	0.1379	0.0000	6.8000
dPolE	808.477	90.000	44.8996	1.0000	0.0000	6.8000
uR	808.477	90.000	0.0226	1.0000	0.0000	6.8000
E	810.077	90.000	45.0738	3.1769	0.1906	0.1395	0.0000	6.8000
dPolE	810.077	90.000	41.6293	1.0000	0.0000	6.8000
uR	810.077	90.000	0.0241	1.0000	0.0000	6.8000
E	811.677	90.000	45.0646	3.0772	0.1899	0.1386	0.0000	6.8000
dPolE	811.677	90.000	42.1758	1.0000	0.0000	6.8000
uR	811.677	90.000	0.0254	1.0000	0.0000	6.8000
E	813.277	90.000	45.5935	3.1124	0.1899	0.1388	0.0000	6.8000
dPolE	813.277	90.000	43.7924	1.0000	0.0000	6.8000
uR	813.277	90.000	0.0235	1.0000	0.0000	6.8000
E	814.877	90.000	45.2225	3.5136	0.1901	0.1389	0.0000	6.8000
dPolE	814.877	90.000	44.6852	1.0000	0.0000	6.8000
uR	814.877	90.000	0.0227	1.0000	0.0000	6.8000
E	816.477	90.000	44.9282	3.1519	0.1819	0.1323	0.0000	6.8000
dPolE	816.477	90.000	37.1363	1.0000	0.0000	6.8000
uR	816.477	90.000	0.0233	1.0000	0.0000	6.8000
E	818.077	90.000	44.9045	2.9582	0.1630	0.1186	0.0000	6.8000
dPolE	818.077	90.000	35.4306	1.0000	0.0000	6.8000
uR	818.077	90.000	0.0214	1.0000	0.0000	6.8000
E	819.676	90.000	44.8850	3.1178	0.1133	0.0824	0.0000	6.8000
dPolE	819.676	90.000	28.0267	1.0000	0.0000	6.8000
uR	819.676	90.000	0.0191	1.0000	0.0000	6.8000
E	821.276	90.000	44.8282	3.0728	0.0742	0.0539	0.0000	6.8000
dPolE	821.276	90.000	13.8456	1.0000	0.0000	6.8000
uR	821.276	90.000	0.0201	1.0000	0.0000	6.8000
E	822.875	90.000	44.9895	2.9559	0.0534	0.0387	0.0000	6.8000
dPolE	822.875	90.000	7.2111	1.0000	0.0000	6.8000
uR	822.875	90.000	0.0225	1.0000	0.0000	6.8000
E	824.474	90.000	44.9744	2.8298	0.0463	0.0335	0.0000	6.8000
dPolE	824.474	90.000	4.6480	1.0000	0.0000	6.8000
uR	824.474	90.000	0.0233	1.0000	0.0000	6.8000
E	826.073	90.000	44.8160	2.9928	0.0502	0.0363	0.0000	6.8000
dPolE	826.073	90.000	5.5614	1.0000	0.0000	6.8000
uR	826.073	90.000	0.0223	1.0000	0.0000	6.8000
E	827.672	90.000	44.9661	2.9297	0.0603	0.0435	0.0000	6.8000
dPolE	827.672	90.000	8.4171	1.0000	0.0000	6.8000
uR	827.672	90.000	0.0219	1.0000	0.0000	6.8000
E	829.271	90.000	44.9155	2.9601	0.0715	0.0515	0.0000	6.8000
dPolE	829.271	90.000	12.1858	1.0000	0.0000	6.8000
uR	829.271	90.000	0.0226	1.0000	0.0000	6.8000
E	830.869	90.000	44.8302	2.9718	0.0844	0.0607	0.0000	6.8000
dPolE	830.869	90.000	17.8289	1.0000	0.0000	6.8000
uR	830.869	90.000	0.0213	1.0000	0.0000	6.8000
E	832.468	90.000	44.8094	2.7763	0.1029	0.0738	0.0000	6.8000
dPolE	832.468	90.000	27.0132	1.0000	0.0000	6.8000
uR	832.468	90.000	0.0200	1.0000	0.0000	6.8000
E	834.066	90.000	44.9583	2.9046	0.0989	0.0709	0.0000	6.8000
dPolE	834.066	90.000	23.1640	1.0000	0.0000	6.8000
uR	834.066	90.000	0.0211	1.0000	0.0000	6.8000
E	835.664	90.000	44.9292	2.9265	0.0986	0.0704	0.0000	6.8000
dPolE	835.664	90.000	22.8838	1.0000	0.0000	6.8000
uR	835.664	90.000	0.0219	1.0000	0.0000	6.8000
E	837.262	90.000	44.8935	3.0463	0.1055	0.0751	0.0000	6.8000
dPolE	837.262	90.000	25.5932	1.0000	0.0000	6.8000
uR	837.262	90.000	0.0230	1.0000	0.0000	6.8000
E	838.860	90.000	44.6983	2.8955	0.1282	0.0908	0.0000	6.8000
dPolE	838.860	90.000	34.6604	1.0000	0.0000	6.8000
uR	838.860	90.000	0.0226	1.0000	0.0000	6.8000
E	840.458	90.000	44.8940	2.9844	0.1371	0.0967	0.0000	6.8000
dPolE	840.458	90.000	41.8072	1.0000	0.0000	6.8000
uR	840.458	90.000	0.0235	1.0000	0.0000	6.8000
E	842.055	90.000	45.0164	2.9951	0.1382	0.0974	0.0000	6.8000
dPolE	842.055	90.000	43.0466	1.0000	0.0000	6.8000
uR	842.055	90.000	0.0249	1.0000	0.0000	6.8000
E	843.653	90.000	45.1694	2.8252	0.1629	0.1143	0.0000	6.8000
dPolE	843.653	90.000	45.7217	1.0000	0.0000	6.8000
uR	843.653	90.000	0.0234	1.0000	0.0000	6.8000
E	845.250	90.000	45.7000	2.4151	0.2048	0.1424	0.0000	6.8000
dPolE	845.250	90.000	53.2658	1.0000	0.0000	6.8000
uR	845.250	90.000	0.0230	1.0000	0.0000	6.8000
E	846.847	90.000	45.8220	3.2585	0.2385	0.1661	0.0000	6.8000
dPolE	846.847	90.000	50.2236	1.0000	0.0000	6.8000
uR	846.847	90.000	0.0246	1.0000	0.0000	6.8000
E	848.444	90.000	45.0916	2.4754	0.2544	0.1756	0.0000	6.8000
dPolE	848.444	90.000	61.4194	1.0000	0.0000	6.8000
uR	848.444	90.000	0.0244	1.0000	0.0000	6.8000
E	850.041	90.000	45.0459	2.7028	0.2427	0.1670	0.0000	6.8000
dPolE	850.041	90.000	64.5145	1.0000	0.0000	6.8000
uR	850.041	90.000	0.0256	1.0000	0.0000	6.8000
E	851.638	90.000	44.6755	2.7845	0.2646	0.1816	0.0000	6.8000
dPolE	851.638	90.000	62.7992	1.0000	0.0000	6.8000
uR	851.638	90.000	0.0256	1.0000	0.0000	6.8000
E	853.234	90.000	45.8034	2.7177	0.2647	0.1810	0.0000	6.8000
dPolE	853.234	90.000	59.3009	1.0000	0.0000	6.8000
uR	853.234	90.000	0.0258	1.0000	0.0000	6.8000
E	854.831	90.000	45.8008	2.7710	0.2821	0.1919	0.0000	6.8000
dPolE	854.831	90.000	59.3280	1.0000	0.0000	6.8000
uR	854.831	90.000	0.0240	1.0000	0.0000	6.8000
E	856.427	90.000	44.3719	3.1243	0.2792	0.1905	0.0000	6.8000
dPolE	856.427	90.000	65.0769	1.0000	0.0000	6.8000
uR	856.427	90.000	0.0226	1.0000	0.0000	6.8000
E	858.023	90.000	44.9677	2.4830	0.2687	0.1821	0.0000	6.8000
dPolE	858.023	90.000	57.3256	1.0000	0.0000	6.8000
uR	858.023	90.000	0.0242	1.0000	0.0000	6.8000
E	859.619	90.000	45.0415	2.6909	0.2699	0.1823	0.0000	6.8000
dPolE	859.619	90.000	57.4301	1.0000	0.0000	6.8000
uR	859.619	90.000	0.0230	1.0000	0.0000	6.8000
E	861.215	90.000	45.3675	3.2078	0.2620	0.1775	0.0000	6.8000
dPolE	861.215	90.000	55.1781	1.0000	0.0000	6.8000
uR	861.215	90.000	0.0235	1.0000	0.0000	6.8000
E	862.811	90.000	45.2597	2.6626	0.2581	0.1741	0.0000	6.8000
dPolE	862.811	90.000	50.1937	1.0000	0.0000	6.8000
uR	862.811	90.000	0.0241	1.0000	0.0000	6.8000
E	864.407	90.000	44.6523	2.3379	0.2472	0.1660	0.0000	6.8000
dPolE	864.407	90.000	54.1396	1.0000	0.0000	6.8000
uR	864.407	90.000	0.0241	1.0000	0.0000	6.8000
E	866.002	90.000	45.4266	2.3072	0.2452	0.1646	0.0000	6.8000
dPolE	866.002	90.000	47.6951	1.0000	0.0000	6.8000
uR	866.002	90.000	0.0248	1.0000	0.0000	6.8000
E	867.597	90.000	44.7834	2.6677	0.2248	0.1513	0.0000	6.8000
dPolE	867.597	90.000	46.4615	1.0000	0.0000	6.8000
uR	867.597	90.000	0.0234	1.0000	0.0000	6.8000
E	869.192	90.000	45.0100	2.7960	0.2234	0.1502	0.0000	6.8000
dPolE	869.192	90.000	43.7458	1.0000	0.0000	6.8000
uR	869.192	90.000	0.0234	1.0000	0.0000	6.8000
E	870.787	90.000	44.7053	2.7596	0.2040	0.1372	0.0000	6.8000
dPolE	870.787	90.000	41.4467	1.0000	0.0000	6.8000
uR	870.787	90.000	0.0236	1.0000	0.0000	6.8000
E	872.382	90.000	44.7827	2.5648	0.1931	0.1294	0.0000	6.8000
dPolE	872.382	90.000	36.5450	1.0000	0.0000	6.8000
uR	872.382	90.000	0.0233	1.0000	0.0000	6.8000
E	873.977	90.000	45.4804	2.8148	0.1834	0.1233	0.0000	6.8000
dPolE	873.977	90.000	33.8194	1.0000	0.0000	6.8000
uR	873.977	90.000	0.0227	1.0000	0.0000	6.8000
E	875.571	90.000	44.9557	2.7118	0.1589	0.1067	0.0000	6.8000
dPolE	875.571	90.000	33.4949	1.0000	0.0000	6.8000
uR	875.571	90.000	0.0220	1.0000	0.0000	6.8000
E	877.166	90.000	45.3978	2.5424	0.1307	0.0876	0.0000	6.8000
dPolE	877.166	90.000	30.2025	1.0000	0.0000	6.8000
uR	877.166	90.000	0.0209	1.0000	0.0000	6.8000
E	878.760	90.000	44.9657	2.5960	0.0988	0.0661	0.0000	6.8000
dPolE	878.760	90.000	17.9475	1.0000	0.0000	6.8000
uR	878.760	90.000	0.0200	1.0000	0.0000	6.8000
E	880.354	90.000	44.7973	2.4779	0.0744	0.0496	0.0000	6.8000
dPolE	880.354	90.000	9.7010	1.0000	0.0000	6.8000
uR	880.354	90.000	0.0205	1.0000	0.0000	6.8000
E	881.948	90.000	44.9005	2.4940	0.0546	0.0363	0.0000	6.8000
dPolE	881.948	90.000	7.1275	1.0000	0.0000	6.8000
uR	881.948	90.000	0.0224	1.0000	0.0000	6.8000
E	883.542	90.000	44.9437	2.4934	0.0535	0.0355	0.0000	6.8000
dPolE	883.542	90.000	4.4077	1.0000	0.0000	6.8000
uR	883.542	90.000	0.0237	1.0000	0.0000	6.8000
E	885.135	90.000	44.9976	2.4641	0.0594	0.0394	0.0000	6.8000
dPolE	885.135	90.000	5.7403	1.0000	0.0000	6.8000
uR	885.135	90.000	0.0229	1.0000	0.0000	6.8000
E	886.729	90.000	45.0476	2.4687	0.0764	0.0505	0.0000	6.8000
dPolE	886.729	90.000	10.2491	1.0000	0.0000	6.8000
uR	886.729	90.000	0.0220	1.0000	0.0000	6.8000
E	888.322	90.000	44.9676	2.6416	0.0984	0.0650	0.0000	6.8000
dPolE	888.322	90.000	22.4220	1.0000	0.0000	6.8000
uR	888.322	90.000	0.0217	1.0000	0.0000	6.8000
E	889.915	90.000	44.8669	2.4710	0.1143	0.0752	0.0000	6.8000
dPolE	889.915	90.000	23.3631	1.0000	0.0000	6.8000
uR	889.915	90.000	0.0216	1.0000	0.0000	6.8000
E	891.508	90.000	45.0127	2.5694	0.1208	0.0792	0.0000	6.8000
dPolE	891.508	90.000	24.5861	1.0000	0.0000	6.8000
uR	891.508	90.000	0.0218	1.0000	0.0000	6.8000
E	893.101	90.000	45.0109	2.4816	0.1151	0.0752	0.0000	6.8000
dPolE	893.101	90.000	21.0796	1.0000	0.0000	6.8000
uR	893.101	90.000	0.0216	1.0000	0.0000	6.8000
E	894.694	90.000	44.9378	2.5865	0.0971	0.0632	0.0000	6.8000
dPolE	894.694	90.000	17.3435	1.0000	0.0000	6.8000
uR	894.694	90.000	0.0231	1.0000	0.0000	6.8000
E	896.286	90.000	45.1778	2.5449	0.0922	0.0598	0.0000	6.8000
dPolE	896.286	90.000	16.4610	1.0000	0.0000	6.8000
uR	896.286	90.000	0.0228	1.0000	0.0000	6.8000
E	897.879	90.000	45.1733	2.4796	0.0998	0.0645	0.0000	6.8000
dPolE	897.879	90.000	15.3071	1.0000	0.0000	6.8000
uR	897.879	90.000	0.0226	1.0000	0.0000	6.8000
E	899.471	90.000	44.8822	2.5602	0.1113	0.0717	0.0000	6.8000
dPolE	899.471	90.000	24.1625	1.0000	0.0000	6.8000
uR	899.471	90.000	0.0218	1.0000	0.0000	6.8000
E	901.063	90.000	44.7598	2.4368	0.1255	0.0804	0.0000	6.8000
dPolE	901.063	90.000	22.1035	1.0000	0.0000	6.8000
uR	901.063	90.000	0.0217	1.0000	0.0000	6.8000
E	902.655	90.000	45.1062	2.4125	0.1111	0.0710	0.0000	6.8000
dPolE	902.655	90.000	18.5082	1.0000	0.0000	6.8000
uR	902.655	90.000	0.0225	1.0000	0.0000	6.8000
E	904.247	90.000	44.9974	2.5473	0.1020	0.0650	0.0000	6.8000
dPolE	904.247	90.000	15.3448	1.0000	0.0000	6.8000
uR	904.247	90.000	0.0237	1.0000	0.0000	6.8000
E	905.838	90.000	44.9475	2.2608	0.0975	0.0619	0.0000	6.8000
dPolE	905.838	90.000	17.3213	1.0000	0.0000	6.8000
uR	905.838	90.000	0.0234	1.0000	0.0000	6.8000
E	907.429	90.000	44.9531	2.3876	0.1090	0.0691	0.0000	6.8000
dPolE	907.429	90.000	20.1724	1.0000	0.0000	6.8000
uR	907.429	90.000	0.0226	1.0000	0.0000	6.8000
E	909.021	90.000	45.4104	2.3034	0.1371	0.0867	0.0000	6.8000
dPolE	909.021	90.000	26.0877	1.0000	0.0000	6.8000
uR	909.021	90.000	0.0207	1.0000	0.0000	6.8000
E	910.612	90.000	45.0601	2.4125	0.1559	0.0980	0.0000	6.8000
dPolE	910.612	90.000	31.6185	1.0000	0.0000	6.8000
uR	910.612	90.000	0.0205	1.0000	0.0000	6.8000
E	912.203	90.000	45.2817	2.4220	0.1457	0.0916	0.0000	6.8000
dPolE	912.203	90.000	30.9957	1.0000	0.0000	6.8000
uR	912.203	90.000	0.0200	1.0000	0.0000	6.8000
E	913.793	90.000	44.9004	2.2114	0.1159	0.0724	0.0000	6.8000
dPolE	913.793	90.000	20.9261	1.0000	0.0000	6.8000
uR	913.793	90.000	0.0214	1.0000	0.0000	6.8000
E	915.384	90.000	45.3862	2.2420	0.0918	0.0573	0.0000	6.8000
dPolE	915.384	90.000	11.7022	1.0000	0.0000	6.8000
uR	915.384	90.000	0.0224	1.0000	0.0000	6.8000
E	916.974	90.000	44.9749	2.2049	0.0808	0.0503	0.0000	6.8000
dPolE	916.974	90.000	12.3639	1.0000	0.0000	6.8000
uR	916.974	90.000	0.0230	1.0000	0.0000	6.8000
E	918.565	90.000	45.0470	2.2138	0.0878	0.0547	0.0000	6.8000
dPolE	918.565	90.000	13.3725	1.0000	0.0000	6.8000
uR	918.565	90.000	0.0228	1.0000	0.0000	6.8000
E	920.155	90.000	44.7290	2.0464	0.1130	0.0702	0.0000	6.8000
dPolE	920.155	90.000	21.9362	1.0000	0.0000	6.8000
uR	920.155	90.000	0.0213	1.0000	0.0000	6.8000
E	921.745	90.000	44.8936	2.2848	0.1317	0.0818	0.0000	6.8000
dPolE	921.745	90.000	26.5614	1.0000	0.0000	6.8000
uR	921.745	90.000	0.0215	1.0000	0.0000	6.8000
E	923.334	90.000	44.8158	2.2856	0.1623	0.1007	0.0000	6.8000
dPolE	923.334	90.000	33.5869	1.0000	0.0000	6.8000
uR	923.334	90.000	0.0222	1.0000	0.0000	6.8000
E	924.924	90.000	44.8415	2.3710	0.1962	0.1216	0.0000	6.8000
dPolE	924.924	90.000	39.0736	1.0000	0.0000	6.8000
uR	924.924	90.000	0.0220	1.0000	0.0000	6.8000
E	926.513	90.000	45.0747	2.3800	0.2099	0.1299	0.0000	6.8000
dPolE	926.513	90.000	44.0403	1.0000	0.0000	6.8000
uR	926.513	90.000	0.0229	1.0000	0.0000	6.8000
E	928.103	90.000	45.1291	2.2736	0.2251	0.1392	0.0000	6.8000
dPolE	928.103	90.000	43.9206	1.0000	0.0000	6.8000
uR	928.103	90.000	0.0223	1.0000	0.0000	6.8000
E	929.692	90.000	44.7571	2.1947	0.2339	0.1441	0.0000	6.8000
dPolE	929.692	90.000	47.9838	1.0000	0.0000	6.8000
uR	929.692	90.000	0.0230	1.0000	0.0000	6.8000
E	931.280	90.000	44.4043	2.4648	0.2605	0.1613	0.0000	6.8000
dPolE	931.280	90.000	43.2581	1.0000	0.0000	6.8000
uR	931.280	90.000	0.0243	1.0000	0.0000	6.8000
E	932.869	90.000	45.1606	2.2313	0.2479	0.1530	0.0000	6.8000
dPolE	932.869	90.000	37.4878	1.0000	0.0000	6.8000
uR	932.869	90.000	0.0248	1.0000	0.0000	6.8000
E	934.458	90.000	45.1502	2.1102	0.2363	0.1451	0.0000	6.8000
dPolE	934.458	90.000	41.7561	1.0000	0.0000	6.8000
uR	934.458	90.000	0.0248	1.0000	0.0000	6.8000
E	936.046	90.000	45.0937	2.2831	0.2381	0.1466	0.0000	6.8000
dPolE	936.046	90.000	41.4737	1.0000	0.0000	6.8000
uR	936.046	90.000	0.0246	1.0000	0.0000	6.8000
E	937.634	90.000	45.0673	2.1467	0.2176	0.1337	0.0000	6.8000
dPolE	937.634	90.000	36.0198	1.0000	0.0000	6.8000
uR	937.634	90.000	0.0237	1.0000	0.0000	6.8000
E	939.222	90.000	45.3582	2.7685	0.2168	0.1337	0.0000	6.8000
dPolE	939.222	90.000	40.2629	1.0000	0.0000	6.8000
uR	939.222	90.000	0.0237	1.0000	0.0000	6.8000
E	940.810	90.000	45.3077	2.5165	0.2294	0.1401	0.0000	6.8000
dPolE	940.810	90.000	43.1214	1.0000	0.0000	6.8000
uR	940.810	90.000	0.0228	1.0000	0.0000	6.8000
E	942.398	90.000	44.4261	2.4376	0.2424	0.1476	0.0000	6.8000
dPolE	942.398	90.000	44.6927	1.0000	0.0000	6.8000
uR	942.398	90.000	0.0231	1.0000	0.0000	6.8000
E	943.985	90.000	44.1756	1.7884	0.2608	0.1590	0.0000	6.8000
dPolE	943.985	90.000	38.9982	1.0000	0.0000	6.8000
uR	943.985	90.000	0.0239	1.0000	0.0000	6.8000
E	945.573	90.000	44.9389	2.3589	0.2599	0.1586	0.0000	6.8000
dPolE	945.573	90.000	45.7815	1.0000	0.0000	6.8000
uR	945.573	90.000	0.0238	1.0000	0.0000	6.8000
E	947.160	90.000	45.5285	2.3979	0.2607	0.1590	0.0000	6.8000
dPolE	947.160	90.000	35.8087	1.0000	0.0000	6.8000
uR	947.160	90.000	0.0236	1.0000	0.0000	6.8000
E	948.747	90.000	45.3489	2.3215	0.2486	0.1507	0.0000	6.8000
dPolE	948.747	90.000	39.6456	1.0000	0.0000	6.8000
uR	948.747	90.000	0.0243	1.0000	0.0000	6.8000
E	950.334	90.000	44.6119	2.5508	0.2299	0.1396	0.0000	6.8000
dPolE	950.334	90.000	39.9837	1.0000	0.0000	6.8000
uR	950.334	90.000	0.0247	1.0000	0.0000	6.8000
E	951.920	90.000	44.3564	2.1642	0.2381	0.1434	0.0000	6.8000
dPolE	951.920	90.000	39.5119	1.0000	0.0000	6.8000
uR	951.920	90.000	0.0240	1.0000	0.0000	6.8000
E	953.507	90.000	45.1208	1.8079	0.2500	0.1499	0.0000	6.8000
dPolE	953.507	90.000	39.8396	1.0000	0.0000	6.8000
uR	953.507	90.000	0.0243	1.0000	0.0000	6.8000
E	955.093	90.000	45.4683	2.0352	0.2644	0.1578	0.0000	6.8000
dPolE	955.093	90.000	45.1505	1.0000	0.0000	6.8000
uR	955.093	90.000	0.0231	1.0000	0.0000	6.8000
E	956.679	90.000	44.7519	2.5304	0.2833	0.1702	0.0000	6.8000
dPolE	956.679	90.000	45.5231	1.0000	0.0000	6.8000
uR	956.679	90.000	0.0242	1.0000	0.0000	6.8000
E	958.265	90.000	45.3020	2.3900	0.3026	0.1807	0.0000	6.8000
dPolE	958.265	90.000	48.8032	1.0000	0.0000	6.8000
uR	958.265	90.000	0.0246	1.0000	0.0000	6.8000
E	959.851	90.000	45.3017	2.3361	0.3451	0.2050	0.0000	6.8000
dPolE	959.851	90.000	59.2496	1.0000	0.0000	6.8000
uR	959.851	90.000	0.0226	1.0000	0.0000	6.8000
E	961.436	90.000	44.8729	2.2661	0.3329	0.1970	0.0000	6.8000
dPolE	961.436	90.000	65.4593	1.0000	0.0000	6.8000
uR	961.436	90.000	0.0227	1.0000	0.0000	6.8000
E	963.022	90.000	45.6787	2.7930	0.3666	0.2179	0.0000	6.8000
dPolE	963.022	90.000	65.2714	1.0000	0.0000	6.8000
uR	963.022	90.000	0.0218	1.0000	0.0000	6.8000
E	964.607	90.000	44.6257	2.4223	0.3547	0.2092	0.0000	6.8000
dPolE	964.607	90.000	58.2941	1.0000	0.0000	6.8000
uR	964.607	90.000	0.0228	1.0000	0.0000	6.8000
E	966.192	90.000	44.5861	2.4025	0.3213	0.1890	0.0000	6.8000
dPolE	966.192	90.000	58.1503	1.0000	0.0000	6.8000
uR	966.192	90.000	0.0226	1.0000	0.0000	6.8000
E	967.777	90.000	45.2616	2.0607	0.3018	0.1760	0.0000	6.8000
dPolE	967.777	90.000	52.5853	1.0000	0.0000	6.8000
uR	967.777	90.000	0.0225	1.0000	0.0000	6.8000
E	969.361	90.000	45.3780	1.7016	0.2936	0.1706	0.0000	6.8000
dPolE	969.361	90.000	42.7570	1.0000	0.0000	6.8000
uR	969.361	90.000	0.0232	1.0000	0.0000	6.8000
E	970.946	90.000	45.7676	2.1109	0.2652	0.1539	0.0000	6.8000
dPolE	970.946	90.000	40.9584	1.0000	0.0000	6.8000
uR	970.946	90.000	0.0227	1.0000	0.0000	6.8000
E	972.530	90.000	44.2759	2.3671	0.2438	0.1419	0.0000	6.8000
dPolE	972.530	90.000	41.5111	1.0000	0.0000	6.8000
uR	972.530	90.000	0.0234	1.0000	0.0000	6.8000
E	974.114	90.000	45.4879	2.0239	0.2322	0.1346	0.0000	6.8000
dPolE	974.114	90.000	34.2811	1.0000	0.0000	6.8000
uR	974.114	90.000	0.0220	1.0000	0.0000	6.8000
E	975.698	90.000	44.4812	2.1261	0.2131	0.1230	0.0000	6.8000
dPolE	975.698	90.000	32.3593	1.0000	0.0000	6.8000
uR	975.698	90.000	0.0210	1.0000	0.0000	6.8000
E	977.282	90.000	45.0886	2.0848	0.1670	0.0961	0.0000	6.8000
dPolE	977.282	90.000	26.0737	1.0000	0.0000	6.8000
uR	977.282	90.000	0.0226	1.0000	0.0000	6.8000
E	978.865	90.000	44.7600	1.8649	0.1467	0.0839	0.0000	6.8000
dPolE	978.865	90.000	22.8544	1.0000	0.0000	6.8000
uR	978.865	90.000	0.0228	1.0000	0.0000	6.8000
E	980.449	90.000	44.9108	1.9880	0.1437	0.0822	0.0000	6.8000
dPolE	980.449	90.000	18.8669	1.0000	0.0000	6.8000
uR	980.449	90.000	0.0238	1.0000	0.0000	6.8000
E	982.032	90.000	45.4231	2.0979	0.1621	0.0931	0.0000	6.8000
dPolE	982.032	90.000	26.4242	1.0000	0.0000	6.8000
uR	982.032	90.000	0.0228	1.0000	0.0000	6.8000
E	983.615	90.000	44.8847	2.0582	0.1948	0.1116	0.0000	6.8000
dPolE	983.615	90.000	31.1632	1.0000	0.0000	6.8000
uR	983.615	90.000	0.0207	1.0000	0.0000	6.8000
E	985.198	90.000	45.0124	1.9441	0.2162	0.1235	0.0000	6.8000
dPolE	985.198	90.000	38.6207	1.0000	0.0000	6.8000
uR	985.198	90.000	0.0205	1.0000	0.0000	6.8000
E	986.780	90.000	44.7922	2.1457	0.2251	0.1290	0.0000	6.8000
dPolE	986.780	90.000	37.9718	1.0000	0.0000	6.8000
uR	986.780	90.000	0.0204	1.0000	0.0000	6.8000
E	988.363	90.000	44.4673	1.9455	0.2160	0.1232	0.0000	6.8000
dPolE	988.363	90.000	34.0094	1.0000	0.0000	6.8000
uR	988.363	90.000	0.0220	1.0000	0.0000	6.8000
E	989.945	90.000	44.7937	1.9659	0.1847	0.1052	0.0000	6.8000
dPolE	989.945	90.000	29.8293	1.0000	0.0000	6.8000
uR	989.945	90.000	0.0218	1.0000	0.0000	6.8000
E	991.527	90.000	45.2292	2.2220	0.1709	0.0972	0.0000	6.8000
dPolE	991.527	90.000	29.1672	1.0000	0.0000	6.8000
uR	991.527	90.000	0.0231	1.0000	0.0000	6.8000
E	993.109	90.000	45.0630	2.0343	0.1653	0.0940	0.0000	6.8000
dPolE	993.109	90.000	21.3042	1.0000	0.0000	6.8000
uR	993.109	90.000	0.0229	1.0000	0.0000	6.8000
E	994.690	90.000	45.1684	2.0247	0.1716	0.0973	0.0000	6.8000
dPolE	994.690	90.000	26.0128	1.0000	0.0000	6.8000
uR	994.690	90.000	0.0222	1.0000	0.0000	6.8000
E	996.272	90.000	44.6188	2.0780	0.1977	0.1122	0.0000	6.8000
dPolE	996.272	90.000	32.1687	1.0000	0.0000	6.8000
uR	996.272	90.000	0.0221	1.0000	0.0000	6.8000
E	997.853	90.000	44.8721	2.0946	0.2366	0.1338	0.0000	6.8000
dPolE	997.853	90.000	38.6868	1.0000	0.0000	6.8000
uR	997.853	90.000	0.0210	1.0000	0.0000	6.8000
E	999.434	90.000	44.3579	2.0094	0.2775	0.1568	0.0000	6.8000
dPolE	999.434	90.000	42.6179	1.0000	0.0000	6.8000
uR	999.434	90.000	0.0224	1.0000	0.0000	6.8000
