
FM-removed
XY-Scan
nm
E	210.379	90.000	25.1674	3.1385	0.2626	0.6556	0.0000	6.8000
dPolE	210.379	90.000	99.9696	1.0000	0.0000	6.8000
uR	210.379	90.000	0.0318	1.0000	0.0000	6.8000
E	211.990	90.000	37.0375	241.4397	0.2645	0.5461	0.0000	6.8000
dPolE	211.990	90.000	99.9727	1.0000	0.0000	6.8000
uR	211.990	90.000	0.0179	1.0000	0.0000	6.8000
E	213.602	90.000	27.5299	76.8034	0.2532	0.6280	0.0000	6.8000
dPolE	213.602	90.000	99.9963	1.0000	0.0000	6.8000
uR	213.602	90.000	0.0066	1.0000	0.0000	6.8000
E	215.214	90.000	41.5215	315.0847	0.2450	0.4725	0.0000	6.8000
dPolE	215.214	90.000	99.9983	1.0000	0.0000	6.8000
uR	215.214	90.000	0.0047	1.0000	0.0000	6.8000
E	216.826	90.000	49.3726	179.8433	0.2685	0.4794	0.0000	6.8000
dPolE	216.826	90.000	99.9422	1.0000	0.0000	6.8000
uR	216.826	90.000	0.0093	1.0000	0.0000	6.8000
E	218.438	90.000	24.0163	52.0175	0.2651	0.7023	0.0000	6.8000
dPolE	218.438	90.000	99.9110	1.0000	0.0000	6.8000
uR	218.438	90.000	0.0091	1.0000	0.0000	6.8000
E	220.050	90.000	10.0048	106.8297	0.2275	1.5277	0.0000	6.8000
dPolE	220.050	90.000	99.9761	1.0000	0.0000	6.8000
uR	220.050	90.000	0.0046	1.0000	0.0000	6.8000
E	221.662	90.000	32.7704	112.0085	0.2324	0.5113	0.0000	6.8000
dPolE	221.662	90.000	99.9902	1.0000	0.0000	6.8000
uR	221.662	90.000	0.0029	1.0000	0.0000	6.8000
E	223.274	90.000	4.8444	323.2259	0.2510	2.7583	0.0000	6.8000
dPolE	223.274	90.000	99.9875	1.0000	0.0000	6.8000
uR	223.274	90.000	0.0032	1.0000	0.0000	6.8000
E	224.886	90.000	38.8355	123.7804	0.2805	0.5356	0.0000	6.8000
dPolE	224.886	90.000	99.9979	1.0000	0.0000	6.8000
uR	224.886	90.000	0.0027	1.0000	0.0000	6.8000
E	226.498	90.000	70.8612	1.0652	0.2957	0.6750	0.0000	6.8000
dPolE	226.498	90.000	99.9803	1.0000	0.0000	6.8000
uR	226.498	90.000	0.0022	1.0000	0.0000	6.8000
E	228.111	90.000	34.4240	85.9812	0.2343	0.5200	0.0000	6.8000
dPolE	228.111	90.000	99.9830	1.0000	0.0000	6.8000
uR	228.111	90.000	0.0034	1.0000	0.0000	6.8000
E	229.723	90.000	37.8530	151.5236	0.2914	0.4531	0.0000	6.8000
dPolE	229.723	90.000	99.9687	1.0000	0.0000	6.8000
uR	229.723	90.000	0.0033	1.0000	0.0000	6.8000
E	231.335	90.000	77.0702	92.6600	0.2032	1.2896	0.0000	6.8000
dPolE	231.335	90.000	99.9697	1.0000	0.0000	6.8000
uR	231.335	90.000	0.0019	1.0000	0.0000	6.8000
E	232.948	90.000	49.8464	137.7306	0.2803	0.4649	0.0000	6.8000
dPolE	232.948	90.000	99.9752	1.0000	0.0000	6.8000
uR	232.948	90.000	0.0016	1.0000	0.0000	6.8000
E	234.560	90.000	82.8021	1.6340	0.2756	1.3396	0.0000	6.8000
dPolE	234.560	90.000	99.9824	1.0000	0.0000	6.8000
uR	234.560	90.000	0.0013	1.0000	0.0000	6.8000
E	236.173	90.000	42.2992	10.9074	0.3147	0.3840	0.0000	6.8000
dPolE	236.173	90.000	99.9993	1.0000	0.0000	6.8000
uR	236.173	90.000	0.0010	1.0000	0.0000	6.8000
E	237.786	90.000	24.3333	197.0561	0.3066	0.5144	0.0000	6.8000
dPolE	237.786	90.000	99.9787	1.0000	0.0000	6.8000
uR	237.786	90.000	0.0014	1.0000	0.0000	6.8000
E	239.398	90.000	51.0569	161.4182	0.2969	0.3769	0.0000	6.8000
dPolE	239.398	90.000	99.9866	1.0000	0.0000	6.8000
uR	239.398	90.000	0.0014	1.0000	0.0000	6.8000
E	241.011	90.000	41.8274	357.5478	0.3131	0.3469	0.0000	6.8000
dPolE	241.011	90.000	99.9930	1.0000	0.0000	6.8000
uR	241.011	90.000	0.0007	1.0000	0.0000	6.8000
E	242.624	90.000	62.7558	348.7236	0.3043	0.4239	0.0000	6.8000
dPolE	242.624	90.000	99.9697	1.0000	0.0000	6.8000
uR	242.624	90.000	0.0008	1.0000	0.0000	6.8000
E	244.237	90.000	7.4189	191.8263	0.3171	1.4055	0.0000	6.8000
dPolE	244.237	90.000	99.9864	1.0000	0.0000	6.8000
uR	244.237	90.000	0.0013	1.0000	0.0000	6.8000
E	245.850	90.000	27.8787	88.0696	0.2708	0.7458	0.0000	6.8000
dPolE	245.850	90.000	99.9962	1.0000	0.0000	6.8000
uR	245.850	90.000	0.0011	1.0000	0.0000	6.8000
E	247.463	90.000	19.8146	250.6527	0.2357	0.9044	0.0000	6.8000
dPolE	247.463	90.000	99.9876	1.0000	0.0000	6.8000
uR	247.463	90.000	0.0009	1.0000	0.0000	6.8000
E	249.076	90.000	10.2982	353.4395	0.3252	0.9721	0.0000	6.8000
dPolE	249.076	90.000	99.9705	1.0000	0.0000	6.8000
uR	249.076	90.000	0.0008	1.0000	0.0000	6.8000
E	250.689	90.000	32.6801	155.5625	0.3076	0.4258	0.0000	6.8000
dPolE	250.689	90.000	99.9482	1.0000	0.0000	6.8000
uR	250.689	90.000	0.0009	1.0000	0.0000	6.8000
E	252.302	90.000	49.6130	180.8383	0.3282	0.3374	0.0000	6.8000
dPolE	252.302	90.000	99.9466	1.0000	0.0000	6.8000
uR	252.302	90.000	0.0009	1.0000	0.0000	6.8000
E	253.916	90.000	21.6916	7.2186	0.2900	0.4375	0.0000	6.8000
dPolE	253.916	90.000	99.9533	1.0000	0.0000	6.8000
uR	253.916	90.000	0.0009	1.0000	0.0000	6.8000
E	255.529	90.000	43.6020	46.4524	0.2930	0.4715	0.0000	6.8000
dPolE	255.529	90.000	99.9955	1.0000	0.0000	6.8000
uR	255.529	90.000	0.0009	1.0000	0.0000	6.8000
E	257.142	90.000	50.9642	224.4960	0.3167	0.5136	0.0000	6.8000
dPolE	257.142	90.000	99.9882	1.0000	0.0000	6.8000
uR	257.142	90.000	0.0004	1.0000	0.0000	6.8000
E	258.756	90.000	49.4135	238.2738	0.3052	0.5537	0.0000	6.8000
dPolE	258.756	90.000	99.9932	1.0000	0.0000	6.8000
uR	258.756	90.000	0.0007	1.0000	0.0000	6.8000
E	260.369	90.000	50.2652	201.5544	0.3162	0.3826	0.0000	6.8000
dPolE	260.369	90.000	99.9529	1.0000	0.0000	6.8000
uR	260.369	90.000	0.0009	1.0000	0.0000	6.8000
E	261.983	90.000	78.3561	14.4311	0.2885	0.8138	0.0000	6.8000
dPolE	261.983	90.000	99.9553	1.0000	0.0000	6.8000
uR	261.983	90.000	0.0007	1.0000	0.0000	6.8000
E	263.596	90.000	50.3150	2.6018	0.3034	0.3114	0.0000	6.8000
dPolE	263.596	90.000	99.8483	1.0000	0.0000	6.8000
uR	263.596	90.000	0.0012	1.0000	0.0000	6.8000
E	265.210	90.000	33.2084	172.5619	0.3102	0.3508	0.0000	6.8000
dPolE	265.210	90.000	99.9999	1.0000	0.0000	6.8000
uR	265.210	90.000	0.0009	1.0000	0.0000	6.8000
E	266.823	90.000	35.7569	19.7017	0.2903	0.3593	0.0000	6.8000
dPolE	266.823	90.000	99.9836	1.0000	0.0000	6.8000
uR	266.823	90.000	0.0007	1.0000	0.0000	6.8000
E	268.437	90.000	34.2232	163.8784	0.2975	0.3623	0.0000	6.8000
dPolE	268.437	90.000	99.9248	1.0000	0.0000	6.8000
uR	268.437	90.000	0.0008	1.0000	0.0000	6.8000
E	270.051	90.000	3.2932	344.7030	0.2560	2.5728	0.0000	6.8000
dPolE	270.051	90.000	99.9845	1.0000	0.0000	6.8000
uR	270.051	90.000	0.0007	1.0000	0.0000	6.8000
E	271.665	90.000	21.9660	220.1153	0.2552	0.6063	0.0000	6.8000
dPolE	271.665	90.000	99.9603	1.0000	0.0000	6.8000
uR	271.665	90.000	0.0007	1.0000	0.0000	6.8000
E	273.279	90.000	58.9530	358.6391	0.2829	0.3348	0.0000	6.8000
dPolE	273.279	90.000	99.9702	1.0000	0.0000	6.8000
uR	273.279	90.000	0.0006	1.0000	0.0000	6.8000
E	274.892	90.000	62.4371	359.5802	0.2895	0.3723	0.0000	6.8000
dPolE	274.892	90.000	99.9902	1.0000	0.0000	6.8000
uR	274.892	90.000	0.0003	1.0000	0.0000	6.8000
E	276.506	90.000	55.6215	31.7520	0.2464	0.3717	0.0000	6.8000
dPolE	276.506	90.000	99.9505	1.0000	0.0000	6.8000
uR	276.506	90.000	0.0008	1.0000	0.0000	6.8000
E	278.120	90.000	64.6785	340.6230	0.2640	0.4199	0.0000	6.8000
dPolE	278.120	90.000	99.9562	1.0000	0.0000	6.8000
uR	278.120	90.000	0.0006	1.0000	0.0000	6.8000
E	279.734	90.000	51.4801	65.5379	0.2659	0.5194	0.0000	6.8000
dPolE	279.734	90.000	99.9736	1.0000	0.0000	6.8000
uR	279.734	90.000	0.0006	1.0000	0.0000	6.8000
E	281.349	90.000	81.1238	190.2606	0.2599	0.9784	0.0000	6.8000
dPolE	281.349	90.000	99.9615	1.0000	0.0000	6.8000
uR	281.349	90.000	0.0005	1.0000	0.0000	6.8000
E	282.963	90.000	42.3132	197.2683	0.2667	0.3256	0.0000	6.8000
dPolE	282.963	90.000	99.9865	1.0000	0.0000	6.8000
uR	282.963	90.000	0.0005	1.0000	0.0000	6.8000
E	284.577	90.000	14.1909	132.0019	0.2075	0.8643	0.0000	6.8000
dPolE	284.577	90.000	99.9890	1.0000	0.0000	6.8000
uR	284.577	90.000	0.0006	1.0000	0.0000	6.8000
E	286.191	90.000	61.1284	307.0733	0.2233	0.4893	0.0000	6.8000
dPolE	286.191	90.000	99.9848	1.0000	0.0000	6.8000
uR	286.191	90.000	0.0004	1.0000	0.0000	6.8000
E	287.805	90.000	37.9636	183.9638	0.2393	0.2836	0.0000	6.8000
dPolE	287.805	90.000	99.9899	1.0000	0.0000	6.8000
uR	287.805	90.000	0.0004	1.0000	0.0000	6.8000
E	289.420	90.000	69.2694	219.1666	0.2181	0.5531	0.0000	6.8000
dPolE	289.420	90.000	99.9636	1.0000	0.0000	6.8000
uR	289.420	90.000	0.0005	1.0000	0.0000	6.8000
E	291.034	90.000	63.8415	186.2465	0.2217	0.3318	0.0000	6.8000
dPolE	291.034	90.000	99.9921	1.0000	0.0000	6.8000
uR	291.034	90.000	0.0004	1.0000	0.0000	6.8000
E	292.649	90.000	19.0787	324.4642	0.2002	0.5263	0.0000	6.8000
dPolE	292.649	90.000	99.9835	1.0000	0.0000	6.8000
uR	292.649	90.000	0.0005	1.0000	0.0000	6.8000
E	294.263	90.000	58.1912	3.0940	0.2318	0.3110	0.0000	6.8000
dPolE	294.263	90.000	99.9790	1.0000	0.0000	6.8000
uR	294.263	90.000	0.0006	1.0000	0.0000	6.8000
E	295.877	90.000	89.9900	0.8208	0.2318	807.0806	0.0000	6.8000
dPolE	295.877	90.000	99.9798	1.0000	0.0000	6.8000
uR	295.877	90.000	0.0005	1.0000	0.0000	6.8000
E	297.492	90.000	46.7992	11.1411	0.2286	0.2901	0.0000	6.8000
dPolE	297.492	90.000	99.9999	1.0000	0.0000	6.8000
uR	297.492	90.000	0.0003	1.0000	0.0000	6.8000
E	299.107	90.000	34.5644	298.4271	0.1946	0.3987	0.0000	6.8000
dPolE	299.107	90.000	99.9996	1.0000	0.0000	6.8000
uR	299.107	90.000	0.0006	1.0000	0.0000	6.8000
E	300.721	90.000	72.1518	141.6125	0.1946	0.5755	0.0000	6.8000
dPolE	300.721	90.000	99.9896	1.0000	0.0000	6.8000
uR	300.721	90.000	0.0004	1.0000	0.0000	6.8000
E	302.336	90.000	54.0950	35.2595	0.1983	0.3279	0.0000	6.8000
dPolE	302.336	90.000	99.9827	1.0000	0.0000	6.8000
uR	302.336	90.000	0.0005	1.0000	0.0000	6.8000
E	303.950	90.000	76.7792	76.9334	0.1507	0.8929	0.0000	6.8000
dPolE	303.950	90.000	99.9468	1.0000	0.0000	6.8000
uR	303.950	90.000	0.0006	1.0000	0.0000	6.8000
E	305.565	90.000	66.2151	48.3258	0.1879	0.4763	0.0000	6.8000
dPolE	305.565	90.000	99.9918	1.0000	0.0000	6.8000
uR	305.565	90.000	0.0003	1.0000	0.0000	6.8000
E	307.180	90.000	48.0070	21.4908	0.1897	0.2738	0.0000	6.8000
dPolE	307.180	90.000	99.9908	1.0000	0.0000	6.8000
uR	307.180	90.000	0.0004	1.0000	0.0000	6.8000
E	308.795	90.000	51.6224	53.3096	0.1867	0.3472	0.0000	6.8000
dPolE	308.795	90.000	99.9970	1.0000	0.0000	6.8000
uR	308.795	90.000	0.0003	1.0000	0.0000	6.8000
E	310.410	90.000	66.1353	284.6369	0.1630	0.4923	0.0000	6.8000
dPolE	310.410	90.000	99.9973	1.0000	0.0000	6.8000
uR	310.410	90.000	0.0004	1.0000	0.0000	6.8000
E	312.024	90.000	32.1762	196.1261	0.1926	0.3075	0.0000	6.8000
dPolE	312.024	90.000	99.9877	1.0000	0.0000	6.8000
uR	312.024	90.000	0.0003	1.0000	0.0000	6.8000
E	313.639	90.000	42.5457	23.2529	0.1884	0.2843	0.0000	6.8000
dPolE	313.639	90.000	99.9683	1.0000	0.0000	6.8000
uR	313.639	90.000	0.0004	1.0000	0.0000	6.8000
E	315.254	90.000	77.8920	345.6994	0.1837	0.6615	0.0000	6.8000
dPolE	315.254	90.000	99.9971	1.0000	0.0000	6.8000
uR	315.254	90.000	0.0001	1.0000	0.0000	6.8000
E	316.869	90.000	63.9792	342.1820	0.1871	0.3565	0.0000	6.8000
dPolE	316.869	90.000	99.9864	1.0000	0.0000	6.8000
uR	316.869	90.000	0.0003	1.0000	0.0000	6.8000
E	318.484	90.000	38.8757	258.6235	0.1619	0.3317	0.0000	6.8000
dPolE	318.484	90.000	99.9938	1.0000	0.0000	6.8000
uR	318.484	90.000	0.0003	1.0000	0.0000	6.8000
E	320.099	90.000	52.4893	95.6862	0.1646	0.3453	0.0000	6.8000
dPolE	320.099	90.000	99.9936	1.0000	0.0000	6.8000
uR	320.099	90.000	0.0003	1.0000	0.0000	6.8000
E	321.714	90.000	15.7254	302.2403	0.1506	0.6163	0.0000	6.8000
dPolE	321.714	90.000	99.9785	1.0000	0.0000	6.8000
uR	321.714	90.000	0.0006	1.0000	0.0000	6.8000
E	323.330	90.000	31.6947	103.9348	0.1597	0.3684	0.0000	6.8000
dPolE	323.330	90.000	99.9975	1.0000	0.0000	6.8000
uR	323.330	90.000	0.0003	1.0000	0.0000	6.8000
E	324.945	90.000	77.4513	335.7837	0.1687	0.6568	0.0000	6.8000
dPolE	324.945	90.000	99.9941	1.0000	0.0000	6.8000
uR	324.945	90.000	0.0002	1.0000	0.0000	6.8000
E	326.560	90.000	65.1152	51.5978	0.1630	0.4139	0.0000	6.8000
dPolE	326.560	90.000	99.9891	1.0000	0.0000	6.8000
uR	326.560	90.000	0.0003	1.0000	0.0000	6.8000
E	328.175	90.000	59.1806	240.3112	0.1647	0.3682	0.0000	6.8000
dPolE	328.175	90.000	99.9983	1.0000	0.0000	6.8000
uR	328.175	90.000	0.0002	1.0000	0.0000	6.8000
E	329.790	90.000	55.7992	138.0368	0.1562	0.3003	0.0000	6.8000
dPolE	329.790	90.000	99.9979	1.0000	0.0000	6.8000
uR	329.790	90.000	0.0003	1.0000	0.0000	6.8000
E	331.406	90.000	52.5202	59.9058	0.1572	0.3127	0.0000	6.8000
dPolE	331.406	90.000	99.9972	1.0000	0.0000	6.8000
uR	331.406	90.000	0.0004	1.0000	0.0000	6.8000
E	333.021	90.000	49.0746	7.7524	0.1616	0.2616	0.0000	6.8000
dPolE	333.021	90.000	99.9524	1.0000	0.0000	6.8000
uR	333.021	90.000	0.0005	1.0000	0.0000	6.8000
E	334.636	90.000	25.4656	76.0625	0.1352	0.3707	0.0000	6.8000
dPolE	334.636	90.000	99.9998	1.0000	0.0000	6.8000
uR	334.636	90.000	0.0003	1.0000	0.0000	6.8000
E	336.251	90.000	79.2362	181.8082	0.1508	0.6639	0.0000	6.8000
dPolE	336.251	90.000	99.9309	1.0000	0.0000	6.8000
uR	336.251	90.000	0.0007	1.0000	0.0000	6.8000
E	337.867	90.000	49.4792	6.3470	0.1518	0.2531	0.0000	6.8000
dPolE	337.867	90.000	99.9998	1.0000	0.0000	6.8000
uR	337.867	90.000	0.0003	1.0000	0.0000	6.8000
E	339.482	90.000	67.2169	28.8927	0.1507	0.3743	0.0000	6.8000
dPolE	339.482	90.000	99.9472	1.0000	0.0000	6.8000
uR	339.482	90.000	0.0006	1.0000	0.0000	6.8000
E	341.098	90.000	12.6625	350.2687	0.1525	0.5967	0.0000	6.8000
dPolE	341.098	90.000	99.9883	1.0000	0.0000	6.8000
uR	341.098	90.000	0.0003	1.0000	0.0000	6.8000
E	342.713	90.000	68.1673	73.0566	0.1478	0.4568	0.0000	6.8000
dPolE	342.713	90.000	99.9848	1.0000	0.0000	6.8000
uR	342.713	90.000	0.0004	1.0000	0.0000	6.8000
E	344.329	90.000	69.2561	88.7342	0.1372	0.4511	0.0000	6.8000
dPolE	344.329	90.000	99.9934	1.0000	0.0000	6.8000
uR	344.329	90.000	0.0003	1.0000	0.0000	6.8000
E	345.944	90.000	21.4429	3.1972	0.1492	0.3754	0.0000	6.8000
dPolE	345.944	90.000	99.9939	1.0000	0.0000	6.8000
uR	345.944	90.000	0.0003	1.0000	0.0000	6.8000
E	347.560	90.000	17.3840	253.9269	0.1346	0.5121	0.0000	6.8000
dPolE	347.560	90.000	99.9939	1.0000	0.0000	6.8000
uR	347.560	90.000	0.0004	1.0000	0.0000	6.8000
E	349.175	90.000	60.3459	16.4335	0.1478	0.3009	0.0000	6.8000
dPolE	349.175	90.000	99.9916	1.0000	0.0000	6.8000
uR	349.175	90.000	0.0004	1.0000	0.0000	6.8000
E	350.791	90.000	43.5104	192.8985	0.1382	0.2440	0.0000	6.8000
dPolE	350.791	90.000	99.9906	1.0000	0.0000	6.8000
uR	350.791	90.000	0.0004	1.0000	0.0000	6.8000
E	352.406	90.000	38.8417	337.2717	0.1474	0.2725	0.0000	6.8000
dPolE	352.406	90.000	99.9871	1.0000	0.0000	6.8000
uR	352.406	90.000	0.0003	1.0000	0.0000	6.8000
E	354.022	90.000	6.8596	20.1481	0.1403	1.0769	0.0000	6.8000
dPolE	354.022	90.000	99.9906	1.0000	0.0000	6.8000
uR	354.022	90.000	0.0005	1.0000	0.0000	6.8000
E	355.638	90.000	44.6894	1.5620	0.1413	0.2509	0.0000	6.8000
dPolE	355.638	90.000	99.9884	1.0000	0.0000	6.8000
uR	355.638	90.000	0.0004	1.0000	0.0000	6.8000
E	357.253	90.000	57.1840	14.9073	0.1398	0.2785	0.0000	6.8000
dPolE	357.253	90.000	99.9791	1.0000	0.0000	6.8000
uR	357.253	90.000	0.0004	1.0000	0.0000	6.8000
E	358.869	90.000	32.3799	195.2891	0.1356	0.2751	0.0000	6.8000
dPolE	358.869	90.000	99.9996	1.0000	0.0000	6.8000
uR	358.869	90.000	0.0005	1.0000	0.0000	6.8000
E	360.485	90.000	54.6110	217.7018	0.1400	0.2814	0.0000	6.8000
dPolE	360.485	90.000	99.9809	1.0000	0.0000	6.8000
uR	360.485	90.000	0.0004	1.0000	0.0000	6.8000
E	362.100	90.000	48.5285	57.8007	0.1351	0.2656	0.0000	6.8000
dPolE	362.100	90.000	99.9851	1.0000	0.0000	6.8000
uR	362.100	90.000	0.0005	1.0000	0.0000	6.8000
E	363.716	90.000	41.3791	16.8804	0.1380	0.2551	0.0000	6.8000
dPolE	363.716	90.000	99.9703	1.0000	0.0000	6.8000
uR	363.716	90.000	0.0004	1.0000	0.0000	6.8000
E	365.332	90.000	9.9627	342.2556	0.1349	0.7371	0.0000	6.8000
dPolE	365.332	90.000	99.9999	1.0000	0.0000	6.8000
uR	365.332	90.000	0.0003	1.0000	0.0000	6.8000
E	366.948	90.000	48.2411	313.9636	0.1264	0.2452	0.0000	6.8000
dPolE	366.948	90.000	99.9934	1.0000	0.0000	6.8000
uR	366.948	90.000	0.0002	1.0000	0.0000	6.8000
E	368.563	90.000	14.4856	344.6015	0.1397	0.5367	0.0000	6.8000
dPolE	368.563	90.000	99.9999	1.0000	0.0000	6.8000
uR	368.563	90.000	0.0003	1.0000	0.0000	6.8000
E	370.179	90.000	14.1171	273.1351	0.1208	0.5460	0.0000	6.8000
dPolE	370.179	90.000	99.9939	1.0000	0.0000	6.8000
uR	370.179	90.000	0.0003	1.0000	0.0000	6.8000
E	371.795	90.000	21.7241	120.7275	0.1281	0.3764	0.0000	6.8000
dPolE	371.795	90.000	99.9999	1.0000	0.0000	6.8000
uR	371.795	90.000	0.0004	1.0000	0.0000	6.8000
E	373.411	90.000	66.4514	56.0867	0.1182	0.3229	0.0000	6.8000
dPolE	373.411	90.000	99.9954	1.0000	0.0000	6.8000
uR	373.411	90.000	0.0004	1.0000	0.0000	6.8000
E	375.027	90.000	61.7865	101.0115	0.1215	0.2961	0.0000	6.8000
dPolE	375.027	90.000	99.9868	1.0000	0.0000	6.8000
uR	375.027	90.000	0.0006	1.0000	0.0000	6.8000
E	376.643	90.000	65.1473	276.4187	0.1342	0.3602	0.0000	6.8000
dPolE	376.643	90.000	99.9986	1.0000	0.0000	6.8000
uR	376.643	90.000	0.0003	1.0000	0.0000	6.8000
E	378.258	90.000	53.3390	18.3445	0.1242	0.2441	0.0000	6.8000
dPolE	378.258	90.000	99.9892	1.0000	0.0000	6.8000
uR	378.258	90.000	0.0004	1.0000	0.0000	6.8000
E	379.874	90.000	66.0584	34.5442	0.1251	0.3254	0.0000	6.8000
dPolE	379.874	90.000	99.9741	1.0000	0.0000	6.8000
uR	379.874	90.000	0.0004	1.0000	0.0000	6.8000
E	381.490	90.000	33.9182	320.2231	0.1185	0.2482	0.0000	6.8000
dPolE	381.490	90.000	99.9912	1.0000	0.0000	6.8000
uR	381.490	90.000	0.0003	1.0000	0.0000	6.8000
E	383.106	90.000	60.7333	182.8579	0.1251	0.2785	0.0000	6.8000
dPolE	383.106	90.000	99.9620	1.0000	0.0000	6.8000
uR	383.106	90.000	0.0004	1.0000	0.0000	6.8000
E	384.722	90.000	52.1152	148.6142	0.1240	0.2468	0.0000	6.8000
dPolE	384.722	90.000	99.9903	1.0000	0.0000	6.8000
uR	384.722	90.000	0.0003	1.0000	0.0000	6.8000
E	386.338	90.000	31.9340	353.1700	0.1192	0.2510	0.0000	6.8000
dPolE	386.338	90.000	99.9817	1.0000	0.0000	6.8000
uR	386.338	90.000	0.0004	1.0000	0.0000	6.8000
E	387.954	90.000	21.4477	120.4259	0.1275	0.3781	0.0000	6.8000
dPolE	387.954	90.000	99.9841	1.0000	0.0000	6.8000
uR	387.954	90.000	0.0003	1.0000	0.0000	6.8000
E	389.570	90.000	40.7270	203.3554	0.1163	0.2236	0.0000	6.8000
dPolE	389.570	90.000	99.9981	1.0000	0.0000	6.8000
uR	389.570	90.000	0.0003	1.0000	0.0000	6.8000
E	391.186	90.000	34.3994	155.7795	0.1140	0.2342	0.0000	6.8000
dPolE	391.186	90.000	99.9949	1.0000	0.0000	6.8000
uR	391.186	90.000	0.0002	1.0000	0.0000	6.8000
E	392.802	90.000	58.0306	133.0660	0.1246	0.2728	0.0000	6.8000
dPolE	392.802	90.000	99.9908	1.0000	0.0000	6.8000
uR	392.802	90.000	0.0002	1.0000	0.0000	6.8000
E	394.418	90.000	13.3497	0.3782	0.1209	0.5114	0.0000	6.8000
dPolE	394.418	90.000	99.9946	1.0000	0.0000	6.8000
uR	394.418	90.000	0.0002	1.0000	0.0000	6.8000
E	396.034	90.000	89.9900	270.9124	0.1222	743.1525	0.0000	6.8000
dPolE	396.034	90.000	99.9837	1.0000	0.0000	6.8000
uR	396.034	90.000	0.0003	1.0000	0.0000	6.8000
E	397.650	90.000	63.6420	34.8372	0.1167	0.2833	0.0000	6.8000
dPolE	397.650	90.000	99.9687	1.0000	0.0000	6.8000
uR	397.650	90.000	0.0004	1.0000	0.0000	6.8000
E	399.266	90.000	49.0405	342.2158	0.1192	0.2277	0.0000	6.8000
dPolE	399.266	90.000	99.9744	1.0000	0.0000	6.8000
uR	399.266	90.000	0.0004	1.0000	0.0000	6.8000
E	400.882	90.000	53.7143	290.8512	0.1220	0.2551	0.0000	6.8000
dPolE	400.882	90.000	99.9933	1.0000	0.0000	6.8000
uR	400.882	90.000	0.0003	1.0000	0.0000	6.8000
E	402.498	90.000	48.2395	324.3611	0.1191	0.2320	0.0000	6.8000
dPolE	402.498	90.000	99.9886	1.0000	0.0000	6.8000
uR	402.498	90.000	0.0003	1.0000	0.0000	6.8000
E	404.114	90.000	47.3671	347.6341	0.1213	0.2313	0.0000	6.8000
dPolE	404.114	90.000	99.9623	1.0000	0.0000	6.8000
uR	404.114	90.000	0.0004	1.0000	0.0000	6.8000
E	405.730	90.000	58.3946	16.0923	0.1193	0.2523	0.0000	6.8000
dPolE	405.730	90.000	99.9564	1.0000	0.0000	6.8000
uR	405.730	90.000	0.0004	1.0000	0.0000	6.8000
E	407.346	90.000	42.8688	10.7353	0.1166	0.2187	0.0000	6.8000
dPolE	407.346	90.000	99.8819	1.0000	0.0000	6.8000
uR	407.346	90.000	0.0007	1.0000	0.0000	6.8000
E	408.962	90.000	44.8566	13.4127	0.1199	0.2242	0.0000	6.8000
dPolE	408.962	90.000	99.9337	1.0000	0.0000	6.8000
uR	408.962	90.000	0.0005	1.0000	0.0000	6.8000
E	410.578	90.000	43.4216	9.2843	0.1175	0.2208	0.0000	6.8000
dPolE	410.578	90.000	99.8500	1.0000	0.0000	6.8000
uR	410.578	90.000	0.0007	1.0000	0.0000	6.8000
E	412.194	90.000	44.4818	9.4165	0.1161	0.2191	0.0000	6.8000
dPolE	412.194	90.000	99.7513	1.0000	0.0000	6.8000
uR	412.194	90.000	0.0010	1.0000	0.0000	6.8000
E	413.810	90.000	46.3418	5.5462	0.1158	0.2182	0.0000	6.8000
dPolE	413.810	90.000	99.7106	1.0000	0.0000	6.8000
uR	413.810	90.000	0.0010	1.0000	0.0000	6.8000
E	415.426	90.000	46.6529	358.9350	0.1156	0.2159	0.0000	6.8000
dPolE	415.426	90.000	99.6214	1.0000	0.0000	6.8000
uR	415.426	90.000	0.0012	1.0000	0.0000	6.8000
E	417.042	90.000	43.4026	12.8657	0.1200	0.2227	0.0000	6.8000
dPolE	417.042	90.000	99.4545	1.0000	0.0000	6.8000
uR	417.042	90.000	0.0013	1.0000	0.0000	6.8000
E	418.658	90.000	45.8524	6.2031	0.1194	0.2194	0.0000	6.8000
dPolE	418.658	90.000	99.3702	1.0000	0.0000	6.8000
uR	418.658	90.000	0.0015	1.0000	0.0000	6.8000
E	420.274	90.000	45.8481	5.5174	0.1181	0.2171	0.0000	6.8000
dPolE	420.274	90.000	99.0546	1.0000	0.0000	6.8000
uR	420.274	90.000	0.0018	1.0000	0.0000	6.8000
E	421.890	90.000	46.1676	3.7986	0.1138	0.2102	0.0000	6.8000
dPolE	421.890	90.000	99.0452	1.0000	0.0000	6.8000
uR	421.890	90.000	0.0019	1.0000	0.0000	6.8000
E	423.506	90.000	45.3633	8.1707	0.1105	0.2048	0.0000	6.8000
dPolE	423.506	90.000	98.7947	1.0000	0.0000	6.8000
uR	423.506	90.000	0.0022	1.0000	0.0000	6.8000
E	425.122	90.000	44.7978	3.4746	0.1101	0.2029	0.0000	6.8000
dPolE	425.122	90.000	98.8183	1.0000	0.0000	6.8000
uR	425.122	90.000	0.0023	1.0000	0.0000	6.8000
E	426.738	90.000	44.8099	5.8623	0.1136	0.2076	0.0000	6.8000
dPolE	426.738	90.000	98.6029	1.0000	0.0000	6.8000
uR	426.738	90.000	0.0024	1.0000	0.0000	6.8000
E	428.355	90.000	44.9340	4.6635	0.1097	0.1978	0.0000	6.8000
dPolE	428.355	90.000	98.3822	1.0000	0.0000	6.8000
uR	428.355	90.000	0.0027	1.0000	0.0000	6.8000
E	429.971	90.000	46.0773	3.5870	0.1131	0.2025	0.0000	6.8000
dPolE	429.971	90.000	98.0143	1.0000	0.0000	6.8000
uR	429.971	90.000	0.0029	1.0000	0.0000	6.8000
E	431.587	90.000	45.4051	5.1044	0.1095	0.1963	0.0000	6.8000
dPolE	431.587	90.000	97.7861	1.0000	0.0000	6.8000
uR	431.587	90.000	0.0031	1.0000	0.0000	6.8000
E	433.203	90.000	45.1899	8.5084	0.1033	0.1861	0.0000	6.8000
dPolE	433.203	90.000	97.7902	1.0000	0.0000	6.8000
uR	433.203	90.000	0.0032	1.0000	0.0000	6.8000
E	434.819	90.000	45.3719	3.1799	0.1043	0.1881	0.0000	6.8000
dPolE	434.819	90.000	97.3764	1.0000	0.0000	6.8000
uR	434.819	90.000	0.0036	1.0000	0.0000	6.8000
E	436.435	90.000	44.4648	4.3892	0.1043	0.1876	0.0000	6.8000
dPolE	436.435	90.000	97.0177	1.0000	0.0000	6.8000
uR	436.435	90.000	0.0036	1.0000	0.0000	6.8000
E	438.051	90.000	44.7584	4.8823	0.1072	0.1911	0.0000	6.8000
dPolE	438.051	90.000	96.1888	1.0000	0.0000	6.8000
uR	438.051	90.000	0.0040	1.0000	0.0000	6.8000
E	439.667	90.000	45.4591	2.1422	0.1068	0.1878	0.0000	6.8000
dPolE	439.667	90.000	95.7677	1.0000	0.0000	6.8000
uR	439.667	90.000	0.0041	1.0000	0.0000	6.8000
E	441.283	90.000	44.1554	5.3332	0.1094	0.1910	0.0000	6.8000
dPolE	441.283	90.000	95.1517	1.0000	0.0000	6.8000
uR	441.283	90.000	0.0044	1.0000	0.0000	6.8000
E	442.899	90.000	43.6503	3.5658	0.1089	0.1892	0.0000	6.8000
dPolE	442.899	90.000	95.3513	1.0000	0.0000	6.8000
uR	442.899	90.000	0.0045	1.0000	0.0000	6.8000
E	444.515	90.000	44.9466	3.9920	0.1069	0.1859	0.0000	6.8000
dPolE	444.515	90.000	94.8633	1.0000	0.0000	6.8000
uR	444.515	90.000	0.0047	1.0000	0.0000	6.8000
E	446.131	90.000	46.2286	3.9326	0.1083	0.1891	0.0000	6.8000
dPolE	446.131	90.000	94.8473	1.0000	0.0000	6.8000
uR	446.131	90.000	0.0049	1.0000	0.0000	6.8000
E	447.747	90.000	44.2224	2.8280	0.1056	0.1843	0.0000	6.8000
dPolE	447.747	90.000	94.8104	1.0000	0.0000	6.8000
uR	447.747	90.000	0.0049	1.0000	0.0000	6.8000
E	449.363	90.000	44.9657	3.4294	0.1000	0.1736	0.0000	6.8000
dPolE	449.363	90.000	94.3500	1.0000	0.0000	6.8000
uR	449.363	90.000	0.0049	1.0000	0.0000	6.8000
E	450.979	90.000	44.7243	3.5578	0.1019	0.1749	0.0000	6.8000
dPolE	450.979	90.000	92.7474	1.0000	0.0000	6.8000
uR	450.979	90.000	0.0051	1.0000	0.0000	6.8000
E	452.594	90.000	44.9967	3.3921	0.1024	0.1737	0.0000	6.8000
dPolE	452.594	90.000	91.9279	1.0000	0.0000	6.8000
uR	452.594	90.000	0.0054	1.0000	0.0000	6.8000
E	454.210	90.000	45.4003	2.3522	0.1073	0.1802	0.0000	6.8000
dPolE	454.210	90.000	92.4698	1.0000	0.0000	6.8000
uR	454.210	90.000	0.0056	1.0000	0.0000	6.8000
E	455.826	90.000	44.6002	3.4229	0.1047	0.1750	0.0000	6.8000
dPolE	455.826	90.000	92.4240	1.0000	0.0000	6.8000
uR	455.826	90.000	0.0056	1.0000	0.0000	6.8000
E	457.442	90.000	44.6199	2.7577	0.1053	0.1763	0.0000	6.8000
dPolE	457.442	90.000	91.8087	1.0000	0.0000	6.8000
uR	457.442	90.000	0.0058	1.0000	0.0000	6.8000
E	459.058	90.000	44.6874	3.9390	0.1036	0.1740	0.0000	6.8000
dPolE	459.058	90.000	90.0630	1.0000	0.0000	6.8000
uR	459.058	90.000	0.0061	1.0000	0.0000	6.8000
E	460.674	90.000	45.2226	2.7873	0.0995	0.1671	0.0000	6.8000
dPolE	460.674	90.000	89.9213	1.0000	0.0000	6.8000
uR	460.674	90.000	0.0062	1.0000	0.0000	6.8000
E	462.290	90.000	45.4580	3.3667	0.0973	0.1629	0.0000	6.8000
dPolE	462.290	90.000	89.1720	1.0000	0.0000	6.8000
uR	462.290	90.000	0.0062	1.0000	0.0000	6.8000
E	463.906	90.000	45.3668	2.6785	0.0984	0.1632	0.0000	6.8000
dPolE	463.906	90.000	88.0330	1.0000	0.0000	6.8000
uR	463.906	90.000	0.0065	1.0000	0.0000	6.8000
E	465.521	90.000	44.7811	2.2496	0.0959	0.1570	0.0000	6.8000
dPolE	465.521	90.000	86.7290	1.0000	0.0000	6.8000
uR	465.521	90.000	0.0066	1.0000	0.0000	6.8000
E	467.137	90.000	44.7407	2.9208	0.0943	0.1526	0.0000	6.8000
dPolE	467.137	90.000	84.4635	1.0000	0.0000	6.8000
uR	467.137	90.000	0.0069	1.0000	0.0000	6.8000
E	468.753	90.000	44.9473	2.9780	0.0955	0.1535	0.0000	6.8000
dPolE	468.753	90.000	82.0562	1.0000	0.0000	6.8000
uR	468.753	90.000	0.0070	1.0000	0.0000	6.8000
E	470.369	90.000	45.2509	3.3638	0.0940	0.1507	0.0000	6.8000
dPolE	470.369	90.000	83.5661	1.0000	0.0000	6.8000
uR	470.369	90.000	0.0071	1.0000	0.0000	6.8000
E	471.985	90.000	44.9688	2.4754	0.0916	0.1470	0.0000	6.8000
dPolE	471.985	90.000	84.2649	1.0000	0.0000	6.8000
uR	471.985	90.000	0.0074	1.0000	0.0000	6.8000
E	473.600	90.000	44.9789	2.0045	0.0979	0.1575	0.0000	6.8000
dPolE	473.600	90.000	84.2982	1.0000	0.0000	6.8000
uR	473.600	90.000	0.0074	1.0000	0.0000	6.8000
E	475.216	90.000	44.7440	2.6244	0.0956	0.1538	0.0000	6.8000
dPolE	475.216	90.000	86.6468	1.0000	0.0000	6.8000
uR	475.216	90.000	0.0074	1.0000	0.0000	6.8000
E	476.832	90.000	44.4866	3.1375	0.1002	0.1606	0.0000	6.8000
dPolE	476.832	90.000	86.8322	1.0000	0.0000	6.8000
uR	476.832	90.000	0.0078	1.0000	0.0000	6.8000
E	478.448	90.000	44.3777	2.9890	0.1024	0.1624	0.0000	6.8000
dPolE	478.448	90.000	86.6646	1.0000	0.0000	6.8000
uR	478.448	90.000	0.0078	1.0000	0.0000	6.8000
E	480.063	90.000	44.6218	2.4873	0.0983	0.1541	0.0000	6.8000
dPolE	480.063	90.000	86.1017	1.0000	0.0000	6.8000
uR	480.063	90.000	0.0079	1.0000	0.0000	6.8000
E	481.679	90.000	44.8901	2.5580	0.0919	0.1422	0.0000	6.8000
dPolE	481.679	90.000	86.4453	1.0000	0.0000	6.8000
uR	481.679	90.000	0.0079	1.0000	0.0000	6.8000
E	483.294	90.000	44.9196	2.5014	0.0956	0.1468	0.0000	6.8000
dPolE	483.294	90.000	82.8342	1.0000	0.0000	6.8000
uR	483.294	90.000	0.0084	1.0000	0.0000	6.8000
E	484.910	90.000	44.9017	2.9530	0.0980	0.1500	0.0000	6.8000
dPolE	484.910	90.000	84.6114	1.0000	0.0000	6.8000
uR	484.910	90.000	0.0084	1.0000	0.0000	6.8000
E	486.526	90.000	44.9280	2.9413	0.0962	0.1474	0.0000	6.8000
dPolE	486.526	90.000	85.7264	1.0000	0.0000	6.8000
uR	486.526	90.000	0.0086	1.0000	0.0000	6.8000
E	488.141	90.000	45.0848	1.5463	0.0999	0.1535	0.0000	6.8000
dPolE	488.141	90.000	84.8743	1.0000	0.0000	6.8000
uR	488.141	90.000	0.0086	1.0000	0.0000	6.8000
E	489.757	90.000	45.3866	2.3042	0.1020	0.1567	0.0000	6.8000
dPolE	489.757	90.000	85.4153	1.0000	0.0000	6.8000
uR	489.757	90.000	0.0083	1.0000	0.0000	6.8000
E	491.372	90.000	44.8508	2.0816	0.0970	0.1486	0.0000	6.8000
dPolE	491.372	90.000	84.0028	1.0000	0.0000	6.8000
uR	491.372	90.000	0.0084	1.0000	0.0000	6.8000
E	492.988	90.000	45.1096	2.4099	0.0989	0.1506	0.0000	6.8000
dPolE	492.988	90.000	82.3983	1.0000	0.0000	6.8000
uR	492.988	90.000	0.0088	1.0000	0.0000	6.8000
E	494.603	90.000	44.9807	2.0463	0.0993	0.1498	0.0000	6.8000
dPolE	494.603	90.000	82.1372	1.0000	0.0000	6.8000
uR	494.603	90.000	0.0092	1.0000	0.0000	6.8000
E	496.219	90.000	45.4820	2.4380	0.0996	0.1483	0.0000	6.8000
dPolE	496.219	90.000	83.4010	1.0000	0.0000	6.8000
uR	496.219	90.000	0.0092	1.0000	0.0000	6.8000
E	497.834	90.000	44.9898	1.8547	0.1026	0.1511	0.0000	6.8000
dPolE	497.834	90.000	82.9873	1.0000	0.0000	6.8000
uR	497.834	90.000	0.0093	1.0000	0.0000	6.8000
E	499.450	90.000	44.8106	2.2304	0.1020	0.1491	0.0000	6.8000
dPolE	499.450	90.000	83.8331	1.0000	0.0000	6.8000
uR	499.450	90.000	0.0092	1.0000	0.0000	6.8000
E	501.065	90.000	44.8883	1.9233	0.1040	0.1516	0.0000	6.8000
dPolE	501.065	90.000	83.4859	1.0000	0.0000	6.8000
uR	501.065	90.000	0.0094	1.0000	0.0000	6.8000
E	502.680	90.000	44.9069	1.7563	0.0999	0.1455	0.0000	6.8000
dPolE	502.680	90.000	83.6598	1.0000	0.0000	6.8000
uR	502.680	90.000	0.0094	1.0000	0.0000	6.8000
E	504.296	90.000	44.9565	1.8832	0.0996	0.1455	0.0000	6.8000
dPolE	504.296	90.000	84.0398	1.0000	0.0000	6.8000
uR	504.296	90.000	0.0094	1.0000	0.0000	6.8000
E	505.911	90.000	44.8626	1.8363	0.0987	0.1442	0.0000	6.8000
dPolE	505.911	90.000	82.8911	1.0000	0.0000	6.8000
uR	505.911	90.000	0.0098	1.0000	0.0000	6.8000
E	507.526	90.000	44.9379	1.6357	0.1017	0.1483	0.0000	6.8000
dPolE	507.526	90.000	81.5255	1.0000	0.0000	6.8000
uR	507.526	90.000	0.0099	1.0000	0.0000	6.8000
E	509.141	90.000	45.3289	1.2645	0.0996	0.1445	0.0000	6.8000
dPolE	509.141	90.000	81.2396	1.0000	0.0000	6.8000
uR	509.141	90.000	0.0098	1.0000	0.0000	6.8000
E	510.756	90.000	44.5393	1.5990	0.0992	0.1427	0.0000	6.8000
dPolE	510.756	90.000	81.8895	1.0000	0.0000	6.8000
uR	510.756	90.000	0.0098	1.0000	0.0000	6.8000
E	512.372	90.000	44.8763	2.4106	0.0990	0.1409	0.0000	6.8000
dPolE	512.372	90.000	82.3046	1.0000	0.0000	6.8000
uR	512.372	90.000	0.0102	1.0000	0.0000	6.8000
E	513.987	90.000	45.0319	1.9125	0.1004	0.1413	0.0000	6.8000
dPolE	513.987	90.000	82.1702	1.0000	0.0000	6.8000
uR	513.987	90.000	0.0107	1.0000	0.0000	6.8000
E	515.602	90.000	45.1168	2.6474	0.1034	0.1444	0.0000	6.8000
dPolE	515.602	90.000	82.8143	1.0000	0.0000	6.8000
uR	515.602	90.000	0.0111	1.0000	0.0000	6.8000
E	517.217	90.000	45.4757	1.6376	0.1061	0.1473	0.0000	6.8000
dPolE	517.217	90.000	82.6376	1.0000	0.0000	6.8000
uR	517.217	90.000	0.0110	1.0000	0.0000	6.8000
E	518.832	90.000	44.7127	1.6124	0.1136	0.1572	0.0000	6.8000
dPolE	518.832	90.000	84.1631	1.0000	0.0000	6.8000
uR	518.832	90.000	0.0102	1.0000	0.0000	6.8000
E	520.447	90.000	44.8217	1.9215	0.1129	0.1562	0.0000	6.8000
dPolE	520.447	90.000	85.2068	1.0000	0.0000	6.8000
uR	520.447	90.000	0.0098	1.0000	0.0000	6.8000
E	522.062	90.000	44.7561	2.1731	0.1105	0.1532	0.0000	6.8000
dPolE	522.062	90.000	83.8290	1.0000	0.0000	6.8000
uR	522.062	90.000	0.0095	1.0000	0.0000	6.8000
E	523.677	90.000	44.9431	2.0348	0.1088	0.1508	0.0000	6.8000
dPolE	523.677	90.000	81.7786	1.0000	0.0000	6.8000
uR	523.677	90.000	0.0099	1.0000	0.0000	6.8000
E	525.292	90.000	44.9226	1.6638	0.1097	0.1516	0.0000	6.8000
dPolE	525.292	90.000	80.8277	1.0000	0.0000	6.8000
uR	525.292	90.000	0.0102	1.0000	0.0000	6.8000
E	526.907	90.000	44.7955	2.2162	0.1063	0.1463	0.0000	6.8000
dPolE	526.907	90.000	80.1217	1.0000	0.0000	6.8000
uR	526.907	90.000	0.0103	1.0000	0.0000	6.8000
E	528.521	90.000	44.4641	1.7349	0.1042	0.1424	0.0000	6.8000
dPolE	528.521	90.000	81.7984	1.0000	0.0000	6.8000
uR	528.521	90.000	0.0102	1.0000	0.0000	6.8000
E	530.136	90.000	44.4869	1.6923	0.1052	0.1422	0.0000	6.8000
dPolE	530.136	90.000	78.7878	1.0000	0.0000	6.8000
uR	530.136	90.000	0.0108	1.0000	0.0000	6.8000
E	531.751	90.000	44.8687	1.1920	0.1071	0.1433	0.0000	6.8000
dPolE	531.751	90.000	80.0588	1.0000	0.0000	6.8000
uR	531.751	90.000	0.0108	1.0000	0.0000	6.8000
E	533.366	90.000	44.9898	2.3816	0.1057	0.1403	0.0000	6.8000
dPolE	533.366	90.000	79.2730	1.0000	0.0000	6.8000
uR	533.366	90.000	0.0110	1.0000	0.0000	6.8000
E	534.980	90.000	45.1146	1.7255	0.1091	0.1438	0.0000	6.8000
dPolE	534.980	90.000	78.8913	1.0000	0.0000	6.8000
uR	534.980	90.000	0.0109	1.0000	0.0000	6.8000
E	536.595	90.000	44.9619	1.3361	0.1089	0.1429	0.0000	6.8000
dPolE	536.595	90.000	78.3879	1.0000	0.0000	6.8000
uR	536.595	90.000	0.0112	1.0000	0.0000	6.8000
E	538.210	90.000	44.6400	1.2187	0.1058	0.1385	0.0000	6.8000
dPolE	538.210	90.000	79.2945	1.0000	0.0000	6.8000
uR	538.210	90.000	0.0113	1.0000	0.0000	6.8000
E	539.824	90.000	44.6048	1.7250	0.1095	0.1436	0.0000	6.8000
dPolE	539.824	90.000	78.1304	1.0000	0.0000	6.8000
uR	539.824	90.000	0.0112	1.0000	0.0000	6.8000
E	541.439	90.000	45.1516	1.3414	0.1098	0.1442	0.0000	6.8000
dPolE	541.439	90.000	78.2150	1.0000	0.0000	6.8000
uR	541.439	90.000	0.0112	1.0000	0.0000	6.8000
E	543.053	90.000	45.1896	1.5282	0.1088	0.1427	0.0000	6.8000
dPolE	543.053	90.000	78.7937	1.0000	0.0000	6.8000
uR	543.053	90.000	0.0112	1.0000	0.0000	6.8000
E	544.668	90.000	44.6785	1.8525	0.1119	0.1466	0.0000	6.8000
dPolE	544.668	90.000	76.5896	1.0000	0.0000	6.8000
uR	544.668	90.000	0.0113	1.0000	0.0000	6.8000
E	546.282	90.000	44.8864	1.5037	0.1098	0.1431	0.0000	6.8000
dPolE	546.282	90.000	78.9307	1.0000	0.0000	6.8000
uR	546.282	90.000	0.0113	1.0000	0.0000	6.8000
E	547.896	90.000	44.9932	1.4382	0.1178	0.1521	0.0000	6.8000
dPolE	547.896	90.000	77.6294	1.0000	0.0000	6.8000
uR	547.896	90.000	0.0112	1.0000	0.0000	6.8000
E	549.511	90.000	44.3683	1.2299	0.1155	0.1480	0.0000	6.8000
dPolE	549.511	90.000	78.0176	1.0000	0.0000	6.8000
uR	549.511	90.000	0.0112	1.0000	0.0000	6.8000
E	551.125	90.000	45.0251	2.0131	0.1113	0.1411	0.0000	6.8000
dPolE	551.125	90.000	77.3163	1.0000	0.0000	6.8000
uR	551.125	90.000	0.0114	1.0000	0.0000	6.8000
E	552.739	90.000	44.4202	1.4520	0.1126	0.1414	0.0000	6.8000
dPolE	552.739	90.000	76.9103	1.0000	0.0000	6.8000
uR	552.739	90.000	0.0113	1.0000	0.0000	6.8000
E	554.353	90.000	45.1315	1.0187	0.1068	0.1333	0.0000	6.8000
dPolE	554.353	90.000	77.3650	1.0000	0.0000	6.8000
uR	554.353	90.000	0.0113	1.0000	0.0000	6.8000
E	555.968	90.000	44.8578	1.6028	0.1128	0.1401	0.0000	6.8000
dPolE	555.968	90.000	75.8197	1.0000	0.0000	6.8000
uR	555.968	90.000	0.0112	1.0000	0.0000	6.8000
E	557.582	90.000	44.9848	1.3646	0.1141	0.1413	0.0000	6.8000
dPolE	557.582	90.000	76.2648	1.0000	0.0000	6.8000
uR	557.582	90.000	0.0111	1.0000	0.0000	6.8000
E	559.196	90.000	44.2189	1.4687	0.1123	0.1390	0.0000	6.8000
dPolE	559.196	90.000	77.3992	1.0000	0.0000	6.8000
uR	559.196	90.000	0.0111	1.0000	0.0000	6.8000
E	560.810	90.000	44.8595	1.1203	0.1093	0.1352	0.0000	6.8000
dPolE	560.810	90.000	76.9772	1.0000	0.0000	6.8000
uR	560.810	90.000	0.0115	1.0000	0.0000	6.8000
E	562.424	90.000	45.2995	1.2591	0.1174	0.1454	0.0000	6.8000
dPolE	562.424	90.000	74.4940	1.0000	0.0000	6.8000
uR	562.424	90.000	0.0116	1.0000	0.0000	6.8000
E	564.038	90.000	44.8855	1.3186	0.1167	0.1444	0.0000	6.8000
dPolE	564.038	90.000	73.7562	1.0000	0.0000	6.8000
uR	564.038	90.000	0.0116	1.0000	0.0000	6.8000
E	565.651	90.000	44.7929	0.6027	0.1114	0.1376	0.0000	6.8000
dPolE	565.651	90.000	77.0536	1.0000	0.0000	6.8000
uR	565.651	90.000	0.0113	1.0000	0.0000	6.8000
E	567.265	90.000	45.2703	1.8113	0.1182	0.1454	0.0000	6.8000
dPolE	567.265	90.000	73.3771	1.0000	0.0000	6.8000
uR	567.265	90.000	0.0117	1.0000	0.0000	6.8000
E	568.879	90.000	44.4527	0.9678	0.1106	0.1350	0.0000	6.8000
dPolE	568.879	90.000	75.0667	1.0000	0.0000	6.8000
uR	568.879	90.000	0.0114	1.0000	0.0000	6.8000
E	570.493	90.000	45.0532	1.4778	0.1139	0.1380	0.0000	6.8000
dPolE	570.493	90.000	72.3439	1.0000	0.0000	6.8000
uR	570.493	90.000	0.0119	1.0000	0.0000	6.8000
E	572.106	90.000	44.6988	0.8412	0.1231	0.1478	0.0000	6.8000
dPolE	572.106	90.000	72.6853	1.0000	0.0000	6.8000
uR	572.106	90.000	0.0116	1.0000	0.0000	6.8000
E	573.720	90.000	44.8428	0.5958	0.1163	0.1384	0.0000	6.8000
dPolE	573.720	90.000	71.9708	1.0000	0.0000	6.8000
uR	573.720	90.000	0.0116	1.0000	0.0000	6.8000
E	575.333	90.000	44.6912	1.0752	0.1140	0.1346	0.0000	6.8000
dPolE	575.333	90.000	72.9484	1.0000	0.0000	6.8000
uR	575.333	90.000	0.0116	1.0000	0.0000	6.8000
E	576.947	90.000	44.7557	1.1154	0.1143	0.1341	0.0000	6.8000
dPolE	576.947	90.000	73.5353	1.0000	0.0000	6.8000
uR	576.947	90.000	0.0118	1.0000	0.0000	6.8000
E	578.560	90.000	45.0293	1.3016	0.1175	0.1374	0.0000	6.8000
dPolE	578.560	90.000	72.4793	1.0000	0.0000	6.8000
uR	578.560	90.000	0.0118	1.0000	0.0000	6.8000
E	580.174	90.000	44.8171	0.6001	0.1221	0.1422	0.0000	6.8000
dPolE	580.174	90.000	72.7220	1.0000	0.0000	6.8000
uR	580.174	90.000	0.0117	1.0000	0.0000	6.8000
E	581.787	90.000	44.6247	1.0403	0.1162	0.1353	0.0000	6.8000
dPolE	581.787	90.000	73.1659	1.0000	0.0000	6.8000
uR	581.787	90.000	0.0118	1.0000	0.0000	6.8000
E	583.400	90.000	44.9124	1.6587	0.1181	0.1375	0.0000	6.8000
dPolE	583.400	90.000	72.5759	1.0000	0.0000	6.8000
uR	583.400	90.000	0.0118	1.0000	0.0000	6.8000
E	585.014	90.000	44.7132	1.1496	0.1143	0.1332	0.0000	6.8000
dPolE	585.014	90.000	71.8594	1.0000	0.0000	6.8000
uR	585.014	90.000	0.0118	1.0000	0.0000	6.8000
E	586.627	90.000	44.7961	1.2090	0.1152	0.1341	0.0000	6.8000
dPolE	586.627	90.000	71.0468	1.0000	0.0000	6.8000
uR	586.627	90.000	0.0120	1.0000	0.0000	6.8000
E	588.240	90.000	44.9329	0.8686	0.1141	0.1325	0.0000	6.8000
dPolE	588.240	90.000	72.1725	1.0000	0.0000	6.8000
uR	588.240	90.000	0.0119	1.0000	0.0000	6.8000
E	589.853	90.000	45.1901	0.9249	0.1215	0.1407	0.0000	6.8000
dPolE	589.853	90.000	70.8355	1.0000	0.0000	6.8000
uR	589.853	90.000	0.0118	1.0000	0.0000	6.8000
E	591.466	90.000	44.6823	1.0716	0.1187	0.1365	0.0000	6.8000
dPolE	591.466	90.000	72.2525	1.0000	0.0000	6.8000
uR	591.466	90.000	0.0117	1.0000	0.0000	6.8000
E	593.079	90.000	44.7168	1.7925	0.1226	0.1403	0.0000	6.8000
dPolE	593.079	90.000	71.7461	1.0000	0.0000	6.8000
uR	593.079	90.000	0.0118	1.0000	0.0000	6.8000
E	594.692	90.000	44.7484	0.6601	0.1204	0.1365	0.0000	6.8000
dPolE	594.692	90.000	70.7421	1.0000	0.0000	6.8000
uR	594.692	90.000	0.0119	1.0000	0.0000	6.8000
E	596.305	90.000	44.8871	1.5254	0.1251	0.1406	0.0000	6.8000
dPolE	596.305	90.000	73.1332	1.0000	0.0000	6.8000
uR	596.305	90.000	0.0115	1.0000	0.0000	6.8000
E	597.918	90.000	44.5590	1.1171	0.1215	0.1356	0.0000	6.8000
dPolE	597.918	90.000	73.7528	1.0000	0.0000	6.8000
uR	597.918	90.000	0.0119	1.0000	0.0000	6.8000
E	599.530	90.000	45.2505	0.7639	0.1232	0.1365	0.0000	6.8000
dPolE	599.530	90.000	70.7834	1.0000	0.0000	6.8000
uR	599.530	90.000	0.0123	1.0000	0.0000	6.8000
E	601.143	90.000	45.1050	1.2056	0.1271	0.1403	0.0000	6.8000
dPolE	601.143	90.000	70.0502	1.0000	0.0000	6.8000
uR	601.143	90.000	0.0122	1.0000	0.0000	6.8000
E	602.755	90.000	44.6869	1.3755	0.1224	0.1345	0.0000	6.8000
dPolE	602.755	90.000	70.5772	1.0000	0.0000	6.8000
uR	602.755	90.000	0.0121	1.0000	0.0000	6.8000
E	604.368	90.000	45.2412	0.5262	0.1253	0.1371	0.0000	6.8000
dPolE	604.368	90.000	71.2865	1.0000	0.0000	6.8000
uR	604.368	90.000	0.0121	1.0000	0.0000	6.8000
E	605.981	90.000	45.0483	1.1500	0.1296	0.1418	0.0000	6.8000
dPolE	605.981	90.000	70.5123	1.0000	0.0000	6.8000
uR	605.981	90.000	0.0123	1.0000	0.0000	6.8000
E	607.593	90.000	44.8364	0.9569	0.1319	0.1444	0.0000	6.8000
dPolE	607.593	90.000	70.1850	1.0000	0.0000	6.8000
uR	607.593	90.000	0.0122	1.0000	0.0000	6.8000
E	609.205	90.000	44.9215	0.9494	0.1273	0.1393	0.0000	6.8000
dPolE	609.205	90.000	69.6700	1.0000	0.0000	6.8000
uR	609.205	90.000	0.0118	1.0000	0.0000	6.8000
E	610.818	90.000	44.6623	0.7859	0.1271	0.1391	0.0000	6.8000
dPolE	610.818	90.000	73.3088	1.0000	0.0000	6.8000
uR	610.818	90.000	0.0119	1.0000	0.0000	6.8000
E	612.430	90.000	44.6870	0.7623	0.1262	0.1378	0.0000	6.8000
dPolE	612.430	90.000	70.3809	1.0000	0.0000	6.8000
uR	612.430	90.000	0.0121	1.0000	0.0000	6.8000
E	614.042	90.000	44.5855	1.0414	0.1235	0.1346	0.0000	6.8000
dPolE	614.042	90.000	72.0549	1.0000	0.0000	6.8000
uR	614.042	90.000	0.0121	1.0000	0.0000	6.8000
E	615.654	90.000	44.9062	1.2194	0.1309	0.1420	0.0000	6.8000
dPolE	615.654	90.000	66.1622	1.0000	0.0000	6.8000
uR	615.654	90.000	0.0123	1.0000	0.0000	6.8000
E	617.266	90.000	45.0392	1.7256	0.1224	0.1320	0.0000	6.8000
dPolE	617.266	90.000	69.9687	1.0000	0.0000	6.8000
uR	617.266	90.000	0.0121	1.0000	0.0000	6.8000
E	618.878	90.000	45.1628	1.2636	0.1295	0.1388	0.0000	6.8000
dPolE	618.878	90.000	69.6385	1.0000	0.0000	6.8000
uR	618.878	90.000	0.0121	1.0000	0.0000	6.8000
E	620.490	90.000	44.5448	1.3022	0.1311	0.1395	0.0000	6.8000
dPolE	620.490	90.000	66.4978	1.0000	0.0000	6.8000
uR	620.490	90.000	0.0123	1.0000	0.0000	6.8000
E	622.102	90.000	44.6148	0.6516	0.1290	0.1361	0.0000	6.8000
dPolE	622.102	90.000	68.4260	1.0000	0.0000	6.8000
uR	622.102	90.000	0.0119	1.0000	0.0000	6.8000
E	623.714	90.000	44.7137	0.7472	0.1286	0.1347	0.0000	6.8000
dPolE	623.714	90.000	67.6923	1.0000	0.0000	6.8000
uR	623.714	90.000	0.0121	1.0000	0.0000	6.8000
E	625.325	90.000	45.1232	0.9909	0.1281	0.1333	0.0000	6.8000
dPolE	625.325	90.000	69.8181	1.0000	0.0000	6.8000
uR	625.325	90.000	0.0121	1.0000	0.0000	6.8000
E	626.937	90.000	44.6304	1.1362	0.1375	0.1424	0.0000	6.8000
dPolE	626.937	90.000	66.1863	1.0000	0.0000	6.8000
uR	626.937	90.000	0.0122	1.0000	0.0000	6.8000
E	628.548	90.000	44.7893	0.3726	0.1377	0.1420	0.0000	6.8000
dPolE	628.548	90.000	68.1118	1.0000	0.0000	6.8000
uR	628.548	90.000	0.0119	1.0000	0.0000	6.8000
E	630.160	90.000	44.1179	0.5600	0.1373	0.1411	0.0000	6.8000
dPolE	630.160	90.000	67.2460	1.0000	0.0000	6.8000
uR	630.160	90.000	0.0119	1.0000	0.0000	6.8000
E	631.771	90.000	45.0456	1.0248	0.1375	0.1413	0.0000	6.8000
dPolE	631.771	90.000	66.0638	1.0000	0.0000	6.8000
uR	631.771	90.000	0.0124	1.0000	0.0000	6.8000
E	633.383	90.000	45.4575	0.8460	0.1342	0.1378	0.0000	6.8000
dPolE	633.383	90.000	68.0624	1.0000	0.0000	6.8000
uR	633.383	90.000	0.0122	1.0000	0.0000	6.8000
E	634.994	90.000	45.3527	1.0141	0.1434	0.1472	0.0000	6.8000
dPolE	634.994	90.000	64.9893	1.0000	0.0000	6.8000
uR	634.994	90.000	0.0123	1.0000	0.0000	6.8000
E	636.605	90.000	45.1746	0.7573	0.1373	0.1408	0.0000	6.8000
dPolE	636.605	90.000	67.5434	1.0000	0.0000	6.8000
uR	636.605	90.000	0.0123	1.0000	0.0000	6.8000
E	638.216	90.000	45.1994	0.8270	0.1357	0.1391	0.0000	6.8000
dPolE	638.216	90.000	69.5210	1.0000	0.0000	6.8000
uR	638.216	90.000	0.0121	1.0000	0.0000	6.8000
E	639.827	90.000	44.9992	0.8221	0.1438	0.1471	0.0000	6.8000
dPolE	639.827	90.000	68.7711	1.0000	0.0000	6.8000
uR	639.827	90.000	0.0122	1.0000	0.0000	6.8000
E	641.438	90.000	44.9136	0.7639	0.1453	0.1482	0.0000	6.8000
dPolE	641.438	90.000	71.7856	1.0000	0.0000	6.8000
uR	641.438	90.000	0.0118	1.0000	0.0000	6.8000
E	643.049	90.000	44.3984	0.6648	0.1569	0.1595	0.0000	6.8000
dPolE	643.049	90.000	66.6259	1.0000	0.0000	6.8000
uR	643.049	90.000	0.0121	1.0000	0.0000	6.8000
E	644.660	90.000	45.3366	0.9266	0.1501	0.1519	0.0000	6.8000
dPolE	644.660	90.000	67.9834	1.0000	0.0000	6.8000
uR	644.660	90.000	0.0117	1.0000	0.0000	6.8000
E	646.271	90.000	44.6204	1.1215	0.1452	0.1460	0.0000	6.8000
dPolE	646.271	90.000	69.6133	1.0000	0.0000	6.8000
uR	646.271	90.000	0.0118	1.0000	0.0000	6.8000
E	647.881	90.000	45.2212	0.7708	0.1433	0.1431	0.0000	6.8000
dPolE	647.881	90.000	63.8155	1.0000	0.0000	6.8000
uR	647.881	90.000	0.0123	1.0000	0.0000	6.8000
E	649.492	90.000	45.0832	0.7508	0.1456	0.1444	0.0000	6.8000
dPolE	649.492	90.000	64.9337	1.0000	0.0000	6.8000
uR	649.492	90.000	0.0120	1.0000	0.0000	6.8000
E	651.103	90.000	45.1199	0.9147	0.1451	0.1428	0.0000	6.8000
dPolE	651.103	90.000	65.2777	1.0000	0.0000	6.8000
uR	651.103	90.000	0.0120	1.0000	0.0000	6.8000
E	652.713	90.000	44.9018	0.9948	0.1480	0.1449	0.0000	6.8000
dPolE	652.713	90.000	68.6060	1.0000	0.0000	6.8000
uR	652.713	90.000	0.0120	1.0000	0.0000	6.8000
E	654.323	90.000	44.7713	0.2381	0.1494	0.1452	0.0000	6.8000
dPolE	654.323	90.000	66.5411	1.0000	0.0000	6.8000
uR	654.323	90.000	0.0124	1.0000	0.0000	6.8000
E	655.934	90.000	45.2967	0.4517	0.1533	0.1485	0.0000	6.8000
dPolE	655.934	90.000	66.7404	1.0000	0.0000	6.8000
uR	655.934	90.000	0.0122	1.0000	0.0000	6.8000
E	657.544	90.000	45.0777	0.3483	0.1588	0.1533	0.0000	6.8000
dPolE	657.544	90.000	67.0222	1.0000	0.0000	6.8000
uR	657.544	90.000	0.0120	1.0000	0.0000	6.8000
E	659.154	90.000	45.2731	0.8279	0.1554	0.1498	0.0000	6.8000
dPolE	659.154	90.000	66.4622	1.0000	0.0000	6.8000
uR	659.154	90.000	0.0124	1.0000	0.0000	6.8000
E	660.764	90.000	45.4228	0.5759	0.1533	0.1474	0.0000	6.8000
dPolE	660.764	90.000	67.0052	1.0000	0.0000	6.8000
uR	660.764	90.000	0.0123	1.0000	0.0000	6.8000
E	662.374	90.000	45.0560	0.6992	0.1551	0.1491	0.0000	6.8000
dPolE	662.374	90.000	66.9708	1.0000	0.0000	6.8000
uR	662.374	90.000	0.0124	1.0000	0.0000	6.8000
E	663.984	90.000	44.7693	0.6487	0.1534	0.1473	0.0000	6.8000
dPolE	663.984	90.000	67.4312	1.0000	0.0000	6.8000
uR	663.984	90.000	0.0124	1.0000	0.0000	6.8000
E	665.594	90.000	44.3021	0.7474	0.1539	0.1479	0.0000	6.8000
dPolE	665.594	90.000	68.6498	1.0000	0.0000	6.8000
uR	665.594	90.000	0.0123	1.0000	0.0000	6.8000
E	667.204	90.000	44.9879	0.6455	0.1556	0.1494	0.0000	6.8000
dPolE	667.204	90.000	68.2089	1.0000	0.0000	6.8000
uR	667.204	90.000	0.0120	1.0000	0.0000	6.8000
E	668.813	90.000	45.3096	0.6929	0.1562	0.1497	0.0000	6.8000
dPolE	668.813	90.000	63.4423	1.0000	0.0000	6.8000
uR	668.813	90.000	0.0123	1.0000	0.0000	6.8000
E	670.423	90.000	44.7781	0.4893	0.1539	0.1471	0.0000	6.8000
dPolE	670.423	90.000	65.0058	1.0000	0.0000	6.8000
uR	670.423	90.000	0.0121	1.0000	0.0000	6.8000
E	672.032	90.000	44.9745	0.8156	0.1522	0.1452	0.0000	6.8000
dPolE	672.032	90.000	65.1407	1.0000	0.0000	6.8000
uR	672.032	90.000	0.0120	1.0000	0.0000	6.8000
E	673.642	90.000	44.5006	0.6452	0.1643	0.1562	0.0000	6.8000
dPolE	673.642	90.000	62.3833	1.0000	0.0000	6.8000
uR	673.642	90.000	0.0122	1.0000	0.0000	6.8000
E	675.251	90.000	44.9928	0.7897	0.1476	0.1398	0.0000	6.8000
dPolE	675.251	90.000	66.9619	1.0000	0.0000	6.8000
uR	675.251	90.000	0.0122	1.0000	0.0000	6.8000
E	676.860	90.000	45.2054	0.9372	0.1581	0.1490	0.0000	6.8000
dPolE	676.860	90.000	65.9667	1.0000	0.0000	6.8000
uR	676.860	90.000	0.0120	1.0000	0.0000	6.8000
E	678.469	90.000	44.7651	0.7973	0.1587	0.1484	0.0000	6.8000
dPolE	678.469	90.000	63.8096	1.0000	0.0000	6.8000
uR	678.469	90.000	0.0121	1.0000	0.0000	6.8000
E	680.079	90.000	44.9535	0.9452	0.1643	0.1528	0.0000	6.8000
dPolE	680.079	90.000	64.7540	1.0000	0.0000	6.8000
uR	680.079	90.000	0.0118	1.0000	0.0000	6.8000
E	681.688	90.000	45.3891	0.5420	0.1589	0.1468	0.0000	6.8000
dPolE	681.688	90.000	64.7952	1.0000	0.0000	6.8000
uR	681.688	90.000	0.0120	1.0000	0.0000	6.8000
E	683.296	90.000	44.6525	0.8692	0.1608	0.1476	0.0000	6.8000
dPolE	683.296	90.000	59.2722	1.0000	0.0000	6.8000
uR	683.296	90.000	0.0123	1.0000	0.0000	6.8000
E	684.905	90.000	44.3287	0.5309	0.1573	0.1435	0.0000	6.8000
dPolE	684.905	90.000	59.8272	1.0000	0.0000	6.8000
uR	684.905	90.000	0.0119	1.0000	0.0000	6.8000
E	686.514	90.000	44.7072	0.8980	0.1597	0.1449	0.0000	6.8000
dPolE	686.514	90.000	60.1382	1.0000	0.0000	6.8000
uR	686.514	90.000	0.0117	1.0000	0.0000	6.8000
E	688.123	90.000	44.9800	0.7115	0.1472	0.1330	0.0000	6.8000
dPolE	688.123	90.000	61.9180	1.0000	0.0000	6.8000
uR	688.123	90.000	0.0120	1.0000	0.0000	6.8000
E	689.731	90.000	44.4668	0.3901	0.1573	0.1417	0.0000	6.8000
dPolE	689.731	90.000	56.1734	1.0000	0.0000	6.8000
uR	689.731	90.000	0.0122	1.0000	0.0000	6.8000
E	691.340	90.000	45.2401	0.6875	0.1537	0.1381	0.0000	6.8000
dPolE	691.340	90.000	60.9568	1.0000	0.0000	6.8000
uR	691.340	90.000	0.0124	1.0000	0.0000	6.8000
E	692.948	90.000	44.7154	0.8023	0.1606	0.1440	0.0000	6.8000
dPolE	692.948	90.000	58.7577	1.0000	0.0000	6.8000
uR	692.948	90.000	0.0124	1.0000	0.0000	6.8000
E	694.556	90.000	45.0638	0.2796	0.1716	0.1538	0.0000	6.8000
dPolE	694.556	90.000	62.7446	1.0000	0.0000	6.8000
uR	694.556	90.000	0.0123	1.0000	0.0000	6.8000
E	696.164	90.000	44.8034	0.3643	0.1692	0.1517	0.0000	6.8000
dPolE	696.164	90.000	64.3954	1.0000	0.0000	6.8000
uR	696.164	90.000	0.0121	1.0000	0.0000	6.8000
E	697.772	90.000	44.8596	0.3539	0.1779	0.1593	0.0000	6.8000
dPolE	697.772	90.000	64.1805	1.0000	0.0000	6.8000
uR	697.772	90.000	0.0123	1.0000	0.0000	6.8000
E	699.380	90.000	45.4466	0.0997	0.1795	0.1608	0.0000	6.8000
dPolE	699.380	90.000	67.0885	1.0000	0.0000	6.8000
uR	699.380	90.000	0.0119	1.0000	0.0000	6.8000
E	700.988	90.000	45.0808	0.4300	0.1865	0.1668	0.0000	6.8000
dPolE	700.988	90.000	65.3851	1.0000	0.0000	6.8000
uR	700.988	90.000	0.0121	1.0000	0.0000	6.8000
E	702.596	90.000	45.2928	0.2167	0.1784	0.1592	0.0000	6.8000
dPolE	702.596	90.000	65.9264	1.0000	0.0000	6.8000
uR	702.596	90.000	0.0120	1.0000	0.0000	6.8000
E	704.204	90.000	44.6025	0.3913	0.1899	0.1693	0.0000	6.8000
dPolE	704.204	90.000	66.5342	1.0000	0.0000	6.8000
uR	704.204	90.000	0.0118	1.0000	0.0000	6.8000
E	705.811	90.000	44.3306	0.8964	0.1906	0.1691	0.0000	6.8000
dPolE	705.811	90.000	69.2841	1.0000	0.0000	6.8000
uR	705.811	90.000	0.0116	1.0000	0.0000	6.8000
E	707.419	90.000	45.4075	0.3448	0.1907	0.1688	0.0000	6.8000
dPolE	707.419	90.000	65.1881	1.0000	0.0000	6.8000
uR	707.419	90.000	0.0122	1.0000	0.0000	6.8000
E	709.026	90.000	44.8345	359.9688	0.1817	0.1601	0.0000	6.8000
dPolE	709.026	90.000	63.6987	1.0000	0.0000	6.8000
uR	709.026	90.000	0.0120	1.0000	0.0000	6.8000
E	710.634	90.000	44.5710	0.5032	0.1783	0.1565	0.0000	6.8000
dPolE	710.634	90.000	65.9268	1.0000	0.0000	6.8000
uR	710.634	90.000	0.0121	1.0000	0.0000	6.8000
E	712.241	90.000	44.3421	0.7779	0.1817	0.1587	0.0000	6.8000
dPolE	712.241	90.000	62.3867	1.0000	0.0000	6.8000
uR	712.241	90.000	0.0137	1.0000	0.0000	6.8000
E	713.848	90.000	45.7045	0.4459	0.2019	0.1752	0.0000	6.8000
dPolE	713.848	90.000	66.1903	1.0000	0.0000	6.8000
uR	713.848	90.000	0.0131	1.0000	0.0000	6.8000
E	715.455	90.000	44.8383	0.1299	0.2113	0.1821	0.0000	6.8000
dPolE	715.455	90.000	73.5346	1.0000	0.0000	6.8000
uR	715.455	90.000	0.0107	1.0000	0.0000	6.8000
E	717.062	90.000	45.7703	0.5290	0.2015	0.1731	0.0000	6.8000
dPolE	717.062	90.000	72.2966	1.0000	0.0000	6.8000
uR	717.062	90.000	0.0100	1.0000	0.0000	6.8000
E	718.669	90.000	45.1824	0.1906	0.1938	0.1656	0.0000	6.8000
dPolE	718.669	90.000	67.4279	1.0000	0.0000	6.8000
uR	718.669	90.000	0.0110	1.0000	0.0000	6.8000
E	720.276	90.000	44.5309	0.6663	0.1997	0.1700	0.0000	6.8000
dPolE	720.276	90.000	67.7266	1.0000	0.0000	6.8000
uR	720.276	90.000	0.0122	1.0000	0.0000	6.8000
E	721.882	90.000	45.2532	0.8197	0.1921	0.1627	0.0000	6.8000
dPolE	721.882	90.000	69.7486	1.0000	0.0000	6.8000
uR	721.882	90.000	0.0122	1.0000	0.0000	6.8000
E	723.489	90.000	44.9887	0.8632	0.2151	0.1813	0.0000	6.8000
dPolE	723.489	90.000	65.2967	1.0000	0.0000	6.8000
uR	723.489	90.000	0.0122	1.0000	0.0000	6.8000
E	725.095	90.000	45.0424	0.3583	0.2150	0.1808	0.0000	6.8000
dPolE	725.095	90.000	71.5044	1.0000	0.0000	6.8000
uR	725.095	90.000	0.0113	1.0000	0.0000	6.8000
E	726.701	90.000	44.7190	1.1987	0.2131	0.1788	0.0000	6.8000
dPolE	726.701	90.000	68.0479	1.0000	0.0000	6.8000
uR	726.701	90.000	0.0117	1.0000	0.0000	6.8000
E	728.308	90.000	44.8873	359.9672	0.2030	0.1699	0.0000	6.8000
dPolE	728.308	90.000	68.6771	1.0000	0.0000	6.8000
uR	728.308	90.000	0.0113	1.0000	0.0000	6.8000
E	729.914	90.000	44.5159	0.9031	0.2034	0.1699	0.0000	6.8000
dPolE	729.914	90.000	66.2287	1.0000	0.0000	6.8000
uR	729.914	90.000	0.0113	1.0000	0.0000	6.8000
E	731.520	90.000	44.9862	0.2751	0.2049	0.1711	0.0000	6.8000
dPolE	731.520	90.000	63.9567	1.0000	0.0000	6.8000
uR	731.520	90.000	0.0114	1.0000	0.0000	6.8000
E	733.126	90.000	45.4537	1.1527	0.1888	0.1579	0.0000	6.8000
dPolE	733.126	90.000	61.3644	1.0000	0.0000	6.8000
uR	733.126	90.000	0.0119	1.0000	0.0000	6.8000
E	734.732	90.000	45.1102	0.6646	0.2002	0.1672	0.0000	6.8000
dPolE	734.732	90.000	59.1198	1.0000	0.0000	6.8000
uR	734.732	90.000	0.0122	1.0000	0.0000	6.8000
E	736.337	90.000	44.8879	1.1301	0.1972	0.1647	0.0000	6.8000
dPolE	736.337	90.000	64.8078	1.0000	0.0000	6.8000
uR	736.337	90.000	0.0124	1.0000	0.0000	6.8000
E	737.943	90.000	44.8051	0.2687	0.1973	0.1646	0.0000	6.8000
dPolE	737.943	90.000	64.7220	1.0000	0.0000	6.8000
uR	737.943	90.000	0.0121	1.0000	0.0000	6.8000
E	739.548	90.000	45.4018	0.6303	0.2087	0.1735	0.0000	6.8000
dPolE	739.548	90.000	63.6292	1.0000	0.0000	6.8000
uR	739.548	90.000	0.0117	1.0000	0.0000	6.8000
E	741.154	90.000	45.2658	0.7509	0.1978	0.1644	0.0000	6.8000
dPolE	741.154	90.000	61.2645	1.0000	0.0000	6.8000
uR	741.154	90.000	0.0121	1.0000	0.0000	6.8000
E	742.759	90.000	45.5370	0.0073	0.2036	0.1687	0.0000	6.8000
dPolE	742.759	90.000	58.3797	1.0000	0.0000	6.8000
uR	742.759	90.000	0.0125	1.0000	0.0000	6.8000
E	744.364	90.000	44.1894	0.2709	0.2115	0.1745	0.0000	6.8000
dPolE	744.364	90.000	61.2260	1.0000	0.0000	6.8000
uR	744.364	90.000	0.0125	1.0000	0.0000	6.8000
E	745.969	90.000	44.1607	0.1832	0.2131	0.1751	0.0000	6.8000
dPolE	745.969	90.000	65.3092	1.0000	0.0000	6.8000
uR	745.969	90.000	0.0123	1.0000	0.0000	6.8000
E	747.574	90.000	44.7808	0.1923	0.2279	0.1865	0.0000	6.8000
dPolE	747.574	90.000	63.7032	1.0000	0.0000	6.8000
uR	747.574	90.000	0.0119	1.0000	0.0000	6.8000
E	749.179	90.000	44.9079	0.8405	0.2128	0.1734	0.0000	6.8000
dPolE	749.179	90.000	69.1558	1.0000	0.0000	6.8000
uR	749.179	90.000	0.0113	1.0000	0.0000	6.8000
E	750.784	90.000	45.0147	0.2830	0.2274	0.1844	0.0000	6.8000
dPolE	750.784	90.000	63.3170	1.0000	0.0000	6.8000
uR	750.784	90.000	0.0115	1.0000	0.0000	6.8000
E	752.388	90.000	45.3290	0.5087	0.2239	0.1806	0.0000	6.8000
dPolE	752.388	90.000	65.8097	1.0000	0.0000	6.8000
uR	752.388	90.000	0.0118	1.0000	0.0000	6.8000
E	753.993	90.000	44.7818	0.5652	0.2212	0.1775	0.0000	6.8000
dPolE	753.993	90.000	69.8398	1.0000	0.0000	6.8000
uR	753.993	90.000	0.0115	1.0000	0.0000	6.8000
E	755.597	90.000	44.9155	0.6106	0.2227	0.1778	0.0000	6.8000
dPolE	755.597	90.000	62.9150	1.0000	0.0000	6.8000
uR	755.597	90.000	0.0125	1.0000	0.0000	6.8000
E	757.202	90.000	45.2324	0.6048	0.2161	0.1721	0.0000	6.8000
dPolE	757.202	90.000	65.8433	1.0000	0.0000	6.8000
uR	757.202	90.000	0.0121	1.0000	0.0000	6.8000
E	758.806	90.000	45.5248	0.1098	0.2095	0.1657	0.0000	6.8000
dPolE	758.806	90.000	64.6899	1.0000	0.0000	6.8000
uR	758.806	90.000	0.0122	1.0000	0.0000	6.8000
E	760.410	90.000	45.1274	359.9871	0.2183	0.1721	0.0000	6.8000
dPolE	760.410	90.000	59.8824	1.0000	0.0000	6.8000
uR	760.410	90.000	0.0124	1.0000	0.0000	6.8000
E	762.014	90.000	45.0257	359.8686	0.1926	0.1509	0.0000	6.8000
dPolE	762.014	90.000	58.8034	1.0000	0.0000	6.8000
uR	762.014	90.000	0.0125	1.0000	0.0000	6.8000
E	763.618	90.000	45.0599	0.1267	0.1726	0.1351	0.0000	6.8000
dPolE	763.618	90.000	44.5522	1.0000	0.0000	6.8000
uR	763.618	90.000	0.0133	1.0000	0.0000	6.8000
E	765.221	90.000	45.1141	359.9984	0.1596	0.1247	0.0000	6.8000
dPolE	765.221	90.000	45.0452	1.0000	0.0000	6.8000
uR	765.221	90.000	0.0133	1.0000	0.0000	6.8000
E	766.825	90.000	44.9618	0.1887	0.1752	0.1365	0.0000	6.8000
dPolE	766.825	90.000	46.4454	1.0000	0.0000	6.8000
uR	766.825	90.000	0.0127	1.0000	0.0000	6.8000
E	768.429	90.000	45.3891	0.0480	0.2062	0.1603	0.0000	6.8000
dPolE	768.429	90.000	53.5288	1.0000	0.0000	6.8000
uR	768.429	90.000	0.0126	1.0000	0.0000	6.8000
E	770.032	90.000	44.8572	0.6115	0.2187	0.1700	0.0000	6.8000
dPolE	770.032	90.000	62.0435	1.0000	0.0000	6.8000
uR	770.032	90.000	0.0132	1.0000	0.0000	6.8000
E	771.635	90.000	44.3093	0.6204	0.2416	0.1877	0.0000	6.8000
dPolE	771.635	90.000	65.5188	1.0000	0.0000	6.8000
uR	771.635	90.000	0.0127	1.0000	0.0000	6.8000
E	773.238	90.000	44.5005	0.1947	0.2404	0.1866	0.0000	6.8000
dPolE	773.238	90.000	63.8357	1.0000	0.0000	6.8000
uR	773.238	90.000	0.0132	1.0000	0.0000	6.8000
E	774.841	90.000	46.2190	0.0243	0.2516	0.1954	0.0000	6.8000
dPolE	774.841	90.000	69.7512	1.0000	0.0000	6.8000
uR	774.841	90.000	0.0121	1.0000	0.0000	6.8000
E	776.444	90.000	44.9004	0.8990	0.2604	0.2019	0.0000	6.8000
dPolE	776.444	90.000	74.9212	1.0000	0.0000	6.8000
uR	776.444	90.000	0.0117	1.0000	0.0000	6.8000
E	778.047	90.000	44.6206	359.5644	0.2690	0.2077	0.0000	6.8000
dPolE	778.047	90.000	75.0768	1.0000	0.0000	6.8000
uR	778.047	90.000	0.0116	1.0000	0.0000	6.8000
E	779.650	90.000	44.6184	1.5401	0.2710	0.2096	0.0000	6.8000
dPolE	779.650	90.000	77.4163	1.0000	0.0000	6.8000
uR	779.650	90.000	0.0113	1.0000	0.0000	6.8000
E	781.252	90.000	44.8282	1.4037	0.2901	0.2246	0.0000	6.8000
dPolE	781.252	90.000	73.2927	1.0000	0.0000	6.8000
uR	781.252	90.000	0.0118	1.0000	0.0000	6.8000
E	782.855	90.000	44.1795	359.5090	0.2363	0.1821	0.0000	6.8000
dPolE	782.855	90.000	74.8017	1.0000	0.0000	6.8000
uR	782.855	90.000	0.0130	1.0000	0.0000	6.8000
E	784.457	90.000	44.8899	0.4311	0.2720	0.2094	0.0000	6.8000
dPolE	784.457	90.000	71.5205	1.0000	0.0000	6.8000
uR	784.457	90.000	0.0129	1.0000	0.0000	6.8000
E	786.059	90.000	46.0048	0.6089	0.2687	0.2063	0.0000	6.8000
dPolE	786.059	90.000	72.4508	1.0000	0.0000	6.8000
uR	786.059	90.000	0.0122	1.0000	0.0000	6.8000
E	787.661	90.000	45.3116	359.9605	0.2666	0.2029	0.0000	6.8000
dPolE	787.661	90.000	70.6628	1.0000	0.0000	6.8000
uR	787.661	90.000	0.0119	1.0000	0.0000	6.8000
E	789.263	90.000	44.7441	0.4044	0.2234	0.1701	0.0000	6.8000
dPolE	789.263	90.000	70.4350	1.0000	0.0000	6.8000
uR	789.263	90.000	0.0121	1.0000	0.0000	6.8000
E	790.865	90.000	44.9319	0.2304	0.2449	0.1855	0.0000	6.8000
dPolE	790.865	90.000	65.4901	1.0000	0.0000	6.8000
uR	790.865	90.000	0.0121	1.0000	0.0000	6.8000
E	792.467	90.000	45.1971	359.7343	0.2673	0.2021	0.0000	6.8000
dPolE	792.467	90.000	65.2346	1.0000	0.0000	6.8000
uR	792.467	90.000	0.0116	1.0000	0.0000	6.8000
E	794.068	90.000	43.9349	0.0157	0.2656	0.1997	0.0000	6.8000
dPolE	794.068	90.000	72.2818	1.0000	0.0000	6.8000
uR	794.068	90.000	0.0117	1.0000	0.0000	6.8000
E	795.670	90.000	44.8533	0.4191	0.2581	0.1931	0.0000	6.8000
dPolE	795.670	90.000	68.8095	1.0000	0.0000	6.8000
uR	795.670	90.000	0.0126	1.0000	0.0000	6.8000
E	797.271	90.000	46.7160	0.2107	0.2341	0.1749	0.0000	6.8000
dPolE	797.271	90.000	67.1661	1.0000	0.0000	6.8000
uR	797.271	90.000	0.0126	1.0000	0.0000	6.8000
E	798.872	90.000	45.3920	0.6710	0.2554	0.1897	0.0000	6.8000
dPolE	798.872	90.000	58.6838	1.0000	0.0000	6.8000
uR	798.872	90.000	0.0134	1.0000	0.0000	6.8000
E	800.473	90.000	44.7321	0.1822	0.2547	0.1886	0.0000	6.8000
dPolE	800.473	90.000	67.1641	1.0000	0.0000	6.8000
uR	800.473	90.000	0.0125	1.0000	0.0000	6.8000
E	802.074	90.000	44.3819	0.1307	0.2694	0.1984	0.0000	6.8000
dPolE	802.074	90.000	67.8014	1.0000	0.0000	6.8000
uR	802.074	90.000	0.0125	1.0000	0.0000	6.8000
E	803.675	90.000	44.8470	0.4325	0.2584	0.1890	0.0000	6.8000
dPolE	803.675	90.000	72.8943	1.0000	0.0000	6.8000
uR	803.675	90.000	0.0123	1.0000	0.0000	6.8000
E	805.276	90.000	45.1942	359.5380	0.2793	0.2037	0.0000	6.8000
dPolE	805.276	90.000	72.4212	1.0000	0.0000	6.8000
uR	805.276	90.000	0.0120	1.0000	0.0000	6.8000
E	806.876	90.000	44.8048	0.3768	0.2579	0.1880	0.0000	6.8000
dPolE	806.876	90.000	71.3862	1.0000	0.0000	6.8000
uR	806.876	90.000	0.0120	1.0000	0.0000	6.8000
E	808.477	90.000	45.4101	359.9863	0.2587	0.1881	0.0000	6.8000
dPolE	808.477	90.000	69.0384	1.0000	0.0000	6.8000
uR	808.477	90.000	0.0121	1.0000	0.0000	6.8000
E	810.077	90.000	44.9750	0.6025	0.2772	0.2009	0.0000	6.8000
dPolE	810.077	90.000	65.3961	1.0000	0.0000	6.8000
uR	810.077	90.000	0.0128	1.0000	0.0000	6.8000
E	811.677	90.000	44.9937	359.7834	0.2567	0.1855	0.0000	6.8000
dPolE	811.677	90.000	68.3520	1.0000	0.0000	6.8000
uR	811.677	90.000	0.0129	1.0000	0.0000	6.8000
E	813.277	90.000	45.8380	0.3853	0.2718	0.1967	0.0000	6.8000
dPolE	813.277	90.000	67.7402	1.0000	0.0000	6.8000
uR	813.277	90.000	0.0122	1.0000	0.0000	6.8000
E	814.877	90.000	45.5392	359.8406	0.2562	0.1849	0.0000	6.8000
dPolE	814.877	90.000	68.8469	1.0000	0.0000	6.8000
uR	814.877	90.000	0.0115	1.0000	0.0000	6.8000
E	816.477	90.000	45.0537	359.8985	0.2625	0.1890	0.0000	6.8000
dPolE	816.477	90.000	60.3591	1.0000	0.0000	6.8000
uR	816.477	90.000	0.0121	1.0000	0.0000	6.8000
E	818.077	90.000	44.5461	0.0920	0.2262	0.1632	0.0000	6.8000
dPolE	818.077	90.000	55.7249	1.0000	0.0000	6.8000
uR	818.077	90.000	0.0115	1.0000	0.0000	6.8000
E	819.676	90.000	44.9099	0.2369	0.1683	0.1212	0.0000	6.8000
dPolE	819.676	90.000	41.1203	1.0000	0.0000	6.8000
uR	819.676	90.000	0.0111	1.0000	0.0000	6.8000
E	821.276	90.000	44.9477	0.2320	0.1089	0.0783	0.0000	6.8000
dPolE	821.276	90.000	22.2072	1.0000	0.0000	6.8000
uR	821.276	90.000	0.0113	1.0000	0.0000	6.8000
E	822.875	90.000	44.9718	0.1659	0.0751	0.0540	0.0000	6.8000
dPolE	822.875	90.000	14.0016	1.0000	0.0000	6.8000
uR	822.875	90.000	0.0129	1.0000	0.0000	6.8000
E	824.474	90.000	45.1280	0.2222	0.0644	0.0462	0.0000	6.8000
dPolE	824.474	90.000	11.3626	1.0000	0.0000	6.8000
uR	824.474	90.000	0.0135	1.0000	0.0000	6.8000
E	826.073	90.000	44.7338	0.1187	0.0700	0.0502	0.0000	6.8000
dPolE	826.073	90.000	13.5427	1.0000	0.0000	6.8000
uR	826.073	90.000	0.0129	1.0000	0.0000	6.8000
E	827.672	90.000	44.8052	0.1162	0.0855	0.0612	0.0000	6.8000
dPolE	827.672	90.000	18.1696	1.0000	0.0000	6.8000
uR	827.672	90.000	0.0125	1.0000	0.0000	6.8000
E	829.271	90.000	44.8307	0.2333	0.0976	0.0698	0.0000	6.8000
dPolE	829.271	90.000	20.4644	1.0000	0.0000	6.8000
uR	829.271	90.000	0.0132	1.0000	0.0000	6.8000
E	830.869	90.000	44.9625	0.2369	0.1133	0.0808	0.0000	6.8000
dPolE	830.869	90.000	25.2352	1.0000	0.0000	6.8000
uR	830.869	90.000	0.0124	1.0000	0.0000	6.8000
E	832.468	90.000	44.7148	0.1163	0.1379	0.0982	0.0000	6.8000
dPolE	832.468	90.000	42.1475	1.0000	0.0000	6.8000
uR	832.468	90.000	0.0119	1.0000	0.0000	6.8000
E	834.066	90.000	44.7025	0.3504	0.1442	0.1023	0.0000	6.8000
dPolE	834.066	90.000	40.4052	1.0000	0.0000	6.8000
uR	834.066	90.000	0.0118	1.0000	0.0000	6.8000
E	835.664	90.000	45.2785	0.1974	0.1386	0.0981	0.0000	6.8000
dPolE	835.664	90.000	36.4380	1.0000	0.0000	6.8000
uR	835.664	90.000	0.0124	1.0000	0.0000	6.8000
E	837.262	90.000	44.6048	0.5007	0.1587	0.1120	0.0000	6.8000
dPolE	837.262	90.000	42.1288	1.0000	0.0000	6.8000
uR	837.262	90.000	0.0126	1.0000	0.0000	6.8000
E	838.860	90.000	44.8749	0.3840	0.1880	0.1320	0.0000	6.8000
dPolE	838.860	90.000	49.9325	1.0000	0.0000	6.8000
uR	838.860	90.000	0.0124	1.0000	0.0000	6.8000
E	840.458	90.000	45.0062	359.9469	0.1896	0.1324	0.0000	6.8000
dPolE	840.458	90.000	55.3786	1.0000	0.0000	6.8000
uR	840.458	90.000	0.0132	1.0000	0.0000	6.8000
E	842.055	90.000	44.7595	0.3872	0.1952	0.1363	0.0000	6.8000
dPolE	842.055	90.000	54.9328	1.0000	0.0000	6.8000
uR	842.055	90.000	0.0142	1.0000	0.0000	6.8000
E	843.653	90.000	45.0130	359.8310	0.2275	0.1582	0.0000	6.8000
dPolE	843.653	90.000	56.6665	1.0000	0.0000	6.8000
uR	843.653	90.000	0.0134	1.0000	0.0000	6.8000
E	845.250	90.000	44.6305	0.1647	0.2728	0.1884	0.0000	6.8000
dPolE	845.250	90.000	68.6432	1.0000	0.0000	6.8000
uR	845.250	90.000	0.0133	1.0000	0.0000	6.8000
E	846.847	90.000	46.1528	359.7686	0.3199	0.2203	0.0000	6.8000
dPolE	846.847	90.000	75.7825	1.0000	0.0000	6.8000
uR	846.847	90.000	0.0116	1.0000	0.0000	6.8000
E	848.444	90.000	46.9826	359.2059	0.3528	0.2426	0.0000	6.8000
dPolE	848.444	90.000	82.6751	1.0000	0.0000	6.8000
uR	848.444	90.000	0.0109	1.0000	0.0000	6.8000
E	850.041	90.000	44.3935	359.6456	0.3487	0.2381	0.0000	6.8000
dPolE	850.041	90.000	85.8521	1.0000	0.0000	6.8000
uR	850.041	90.000	0.0111	1.0000	0.0000	6.8000
E	851.638	90.000	45.2357	0.4159	0.3597	0.2447	0.0000	6.8000
dPolE	851.638	90.000	83.3849	1.0000	0.0000	6.8000
uR	851.638	90.000	0.0119	1.0000	0.0000	6.8000
E	853.234	90.000	45.1432	0.2529	0.3604	0.2443	0.0000	6.8000
dPolE	853.234	90.000	81.7292	1.0000	0.0000	6.8000
uR	853.234	90.000	0.0122	1.0000	0.0000	6.8000
E	854.831	90.000	43.5986	0.9226	0.3838	0.2592	0.0000	6.8000
dPolE	854.831	90.000	82.7457	1.0000	0.0000	6.8000
uR	854.831	90.000	0.0112	1.0000	0.0000	6.8000
E	856.427	90.000	45.5566	359.7977	0.3655	0.2465	0.0000	6.8000
dPolE	856.427	90.000	79.2948	1.0000	0.0000	6.8000
uR	856.427	90.000	0.0121	1.0000	0.0000	6.8000
E	858.023	90.000	43.7597	0.1840	0.3583	0.2412	0.0000	6.8000
dPolE	858.023	90.000	83.9842	1.0000	0.0000	6.8000
uR	858.023	90.000	0.0102	1.0000	0.0000	6.8000
E	859.619	90.000	44.7549	0.5514	0.3715	0.2489	0.0000	6.8000
dPolE	859.619	90.000	79.8521	1.0000	0.0000	6.8000
uR	859.619	90.000	0.0108	1.0000	0.0000	6.8000
E	861.215	90.000	44.5739	359.2799	0.3525	0.2361	0.0000	6.8000
dPolE	861.215	90.000	79.8255	1.0000	0.0000	6.8000
uR	861.215	90.000	0.0109	1.0000	0.0000	6.8000
E	862.811	90.000	44.4072	0.9786	0.3688	0.2470	0.0000	6.8000
dPolE	862.811	90.000	76.8860	1.0000	0.0000	6.8000
uR	862.811	90.000	0.0111	1.0000	0.0000	6.8000
E	864.407	90.000	45.0635	359.9369	0.3230	0.2155	0.0000	6.8000
dPolE	864.407	90.000	78.9486	1.0000	0.0000	6.8000
uR	864.407	90.000	0.0111	1.0000	0.0000	6.8000
E	866.002	90.000	44.9303	0.1012	0.3435	0.2290	0.0000	6.8000
dPolE	866.002	90.000	76.5211	1.0000	0.0000	6.8000
uR	866.002	90.000	0.0109	1.0000	0.0000	6.8000
E	867.597	90.000	43.9498	359.7839	0.3138	0.2095	0.0000	6.8000
dPolE	867.597	90.000	72.8452	1.0000	0.0000	6.8000
uR	867.597	90.000	0.0110	1.0000	0.0000	6.8000
E	869.192	90.000	44.8773	0.3658	0.3251	0.2166	0.0000	6.8000
dPolE	869.192	90.000	68.2746	1.0000	0.0000	6.8000
uR	869.192	90.000	0.0113	1.0000	0.0000	6.8000
E	870.787	90.000	44.6267	0.5735	0.3007	0.2004	0.0000	6.8000
dPolE	870.787	90.000	64.4942	1.0000	0.0000	6.8000
uR	870.787	90.000	0.0121	1.0000	0.0000	6.8000
E	872.382	90.000	45.0501	359.9792	0.2896	0.1925	0.0000	6.8000
dPolE	872.382	90.000	58.5097	1.0000	0.0000	6.8000
uR	872.382	90.000	0.0121	1.0000	0.0000	6.8000
E	873.977	90.000	43.8753	0.4779	0.2788	0.1858	0.0000	6.8000
dPolE	873.977	90.000	56.5525	1.0000	0.0000	6.8000
uR	873.977	90.000	0.0120	1.0000	0.0000	6.8000
E	875.571	90.000	45.5479	0.3927	0.2419	0.1610	0.0000	6.8000
dPolE	875.571	90.000	51.5415	1.0000	0.0000	6.8000
uR	875.571	90.000	0.0117	1.0000	0.0000	6.8000
E	877.166	90.000	45.2601	0.0088	0.1955	0.1299	0.0000	6.8000
dPolE	877.166	90.000	42.7104	1.0000	0.0000	6.8000
uR	877.166	90.000	0.0118	1.0000	0.0000	6.8000
E	878.760	90.000	44.9794	359.9121	0.1436	0.0953	0.0000	6.8000
dPolE	878.760	90.000	24.0129	1.0000	0.0000	6.8000
uR	878.760	90.000	0.0115	1.0000	0.0000	6.8000
E	880.354	90.000	45.0106	359.9983	0.0904	0.0599	0.0000	6.8000
dPolE	880.354	90.000	17.2443	1.0000	0.0000	6.8000
uR	880.354	90.000	0.0119	1.0000	0.0000	6.8000
E	881.948	90.000	44.9625	0.0693	0.0775	0.0512	0.0000	6.8000
dPolE	881.948	90.000	11.9375	1.0000	0.0000	6.8000
uR	881.948	90.000	0.0129	1.0000	0.0000	6.8000
E	883.542	90.000	45.0896	0.0497	0.0726	0.0478	0.0000	6.8000
dPolE	883.542	90.000	10.8440	1.0000	0.0000	6.8000
uR	883.542	90.000	0.0134	1.0000	0.0000	6.8000
E	885.135	90.000	44.7991	0.0616	0.0839	0.0553	0.0000	6.8000
dPolE	885.135	90.000	15.9157	1.0000	0.0000	6.8000
uR	885.135	90.000	0.0123	1.0000	0.0000	6.8000
E	886.729	90.000	45.1175	0.0648	0.1150	0.0755	0.0000	6.8000
dPolE	886.729	90.000	26.0461	1.0000	0.0000	6.8000
uR	886.729	90.000	0.0114	1.0000	0.0000	6.8000
E	888.322	90.000	44.5768	0.0006	0.1445	0.0947	0.0000	6.8000
dPolE	888.322	90.000	33.1094	1.0000	0.0000	6.8000
uR	888.322	90.000	0.0118	1.0000	0.0000	6.8000
E	889.915	90.000	45.3862	359.9705	0.1692	0.1105	0.0000	6.8000
dPolE	889.915	90.000	39.4060	1.0000	0.0000	6.8000
uR	889.915	90.000	0.0112	1.0000	0.0000	6.8000
E	891.508	90.000	45.1839	359.9745	0.1714	0.1114	0.0000	6.8000
dPolE	891.508	90.000	39.8008	1.0000	0.0000	6.8000
uR	891.508	90.000	0.0114	1.0000	0.0000	6.8000
E	893.101	90.000	45.6231	359.9993	0.1603	0.1039	0.0000	6.8000
dPolE	893.101	90.000	33.2263	1.0000	0.0000	6.8000
uR	893.101	90.000	0.0115	1.0000	0.0000	6.8000
E	894.694	90.000	45.0821	0.2541	0.1420	0.0917	0.0000	6.8000
dPolE	894.694	90.000	29.0727	1.0000	0.0000	6.8000
uR	894.694	90.000	0.0123	1.0000	0.0000	6.8000
E	896.286	90.000	44.9703	0.0374	0.1392	0.0895	0.0000	6.8000
dPolE	896.286	90.000	30.2098	1.0000	0.0000	6.8000
uR	896.286	90.000	0.0119	1.0000	0.0000	6.8000
E	897.879	90.000	45.3444	359.9591	0.1465	0.0939	0.0000	6.8000
dPolE	897.879	90.000	29.9096	1.0000	0.0000	6.8000
uR	897.879	90.000	0.0117	1.0000	0.0000	6.8000
E	899.471	90.000	44.8108	359.9913	0.1678	0.1072	0.0000	6.8000
dPolE	899.471	90.000	40.3566	1.0000	0.0000	6.8000
uR	899.471	90.000	0.0114	1.0000	0.0000	6.8000
E	901.063	90.000	45.1126	359.9998	0.1827	0.1160	0.0000	6.8000
dPolE	901.063	90.000	37.0408	1.0000	0.0000	6.8000
uR	901.063	90.000	0.0115	1.0000	0.0000	6.8000
E	902.655	90.000	44.8260	359.9936	0.1626	0.1031	0.0000	6.8000
dPolE	902.655	90.000	32.7969	1.0000	0.0000	6.8000
uR	902.655	90.000	0.0122	1.0000	0.0000	6.8000
E	904.247	90.000	44.9848	0.1749	0.1417	0.0894	0.0000	6.8000
dPolE	904.247	90.000	29.7338	1.0000	0.0000	6.8000
uR	904.247	90.000	0.0130	1.0000	0.0000	6.8000
E	905.838	90.000	44.7169	0.0037	0.1374	0.0866	0.0000	6.8000
dPolE	905.838	90.000	29.2307	1.0000	0.0000	6.8000
uR	905.838	90.000	0.0129	1.0000	0.0000	6.8000
E	907.429	90.000	44.8359	0.0975	0.1594	0.1002	0.0000	6.8000
dPolE	907.429	90.000	33.5679	1.0000	0.0000	6.8000
uR	907.429	90.000	0.0122	1.0000	0.0000	6.8000
E	909.021	90.000	45.2035	0.0947	0.1944	0.1220	0.0000	6.8000
dPolE	909.021	90.000	44.7263	1.0000	0.0000	6.8000
uR	909.021	90.000	0.0113	1.0000	0.0000	6.8000
E	910.612	90.000	44.5787	0.1604	0.2311	0.1441	0.0000	6.8000
dPolE	910.612	90.000	42.9018	1.0000	0.0000	6.8000
uR	910.612	90.000	0.0116	1.0000	0.0000	6.8000
E	912.203	90.000	45.0795	359.9783	0.1938	0.1207	0.0000	6.8000
dPolE	912.203	90.000	39.4094	1.0000	0.0000	6.8000
uR	912.203	90.000	0.0118	1.0000	0.0000	6.8000
E	913.793	90.000	44.8446	359.9109	0.1642	0.1019	0.0000	6.8000
dPolE	913.793	90.000	31.2081	1.0000	0.0000	6.8000
uR	913.793	90.000	0.0124	1.0000	0.0000	6.8000
E	915.384	90.000	45.2112	359.9210	0.1251	0.0776	0.0000	6.8000
dPolE	915.384	90.000	24.7364	1.0000	0.0000	6.8000
uR	915.384	90.000	0.0127	1.0000	0.0000	6.8000
E	916.974	90.000	45.0523	359.9823	0.1183	0.0732	0.0000	6.8000
dPolE	916.974	90.000	21.2083	1.0000	0.0000	6.8000
uR	916.974	90.000	0.0128	1.0000	0.0000	6.8000
E	918.565	90.000	44.8910	0.1999	0.1339	0.0828	0.0000	6.8000
dPolE	918.565	90.000	22.0647	1.0000	0.0000	6.8000
uR	918.565	90.000	0.0124	1.0000	0.0000	6.8000
E	920.155	90.000	44.5383	0.2014	0.1606	0.0991	0.0000	6.8000
dPolE	920.155	90.000	32.7474	1.0000	0.0000	6.8000
uR	920.155	90.000	0.0116	1.0000	0.0000	6.8000
E	921.745	90.000	45.3462	0.2645	0.1979	0.1219	0.0000	6.8000
dPolE	921.745	90.000	41.7421	1.0000	0.0000	6.8000
uR	921.745	90.000	0.0115	1.0000	0.0000	6.8000
E	923.334	90.000	44.8559	0.2808	0.2317	0.1428	0.0000	6.8000
dPolE	923.334	90.000	45.6818	1.0000	0.0000	6.8000
uR	923.334	90.000	0.0119	1.0000	0.0000	6.8000
E	924.924	90.000	44.8287	0.2068	0.2700	0.1660	0.0000	6.8000
dPolE	924.924	90.000	49.7901	1.0000	0.0000	6.8000
uR	924.924	90.000	0.0122	1.0000	0.0000	6.8000
E	926.513	90.000	44.0227	0.3076	0.2997	0.1840	0.0000	6.8000
dPolE	926.513	90.000	63.8072	1.0000	0.0000	6.8000
uR	926.513	90.000	0.0123	1.0000	0.0000	6.8000
E	928.103	90.000	45.7631	359.9264	0.3385	0.2078	0.0000	6.8000
dPolE	928.103	90.000	63.8063	1.0000	0.0000	6.8000
uR	928.103	90.000	0.0117	1.0000	0.0000	6.8000
E	929.692	90.000	46.0407	359.9633	0.3322	0.2034	0.0000	6.8000
dPolE	929.692	90.000	73.6970	1.0000	0.0000	6.8000
uR	929.692	90.000	0.0109	1.0000	0.0000	6.8000
E	931.280	90.000	44.7136	359.6772	0.3534	0.2169	0.0000	6.8000
dPolE	931.280	90.000	66.3819	1.0000	0.0000	6.8000
uR	931.280	90.000	0.0123	1.0000	0.0000	6.8000
E	932.869	90.000	43.8930	359.9654	0.3712	0.2276	0.0000	6.8000
dPolE	932.869	90.000	68.6139	1.0000	0.0000	6.8000
uR	932.869	90.000	0.0116	1.0000	0.0000	6.8000
E	934.458	90.000	43.9507	0.1010	0.3432	0.2096	0.0000	6.8000
dPolE	934.458	90.000	73.8403	1.0000	0.0000	6.8000
uR	934.458	90.000	0.0114	1.0000	0.0000	6.8000
E	936.046	90.000	45.4797	0.4173	0.3400	0.2078	0.0000	6.8000
dPolE	936.046	90.000	68.2150	1.0000	0.0000	6.8000
uR	936.046	90.000	0.0118	1.0000	0.0000	6.8000
E	937.634	90.000	44.3282	0.2944	0.3140	0.1917	0.0000	6.8000
dPolE	937.634	90.000	61.2902	1.0000	0.0000	6.8000
uR	937.634	90.000	0.0122	1.0000	0.0000	6.8000
E	939.222	90.000	46.3052	0.1655	0.3202	0.1955	0.0000	6.8000
dPolE	939.222	90.000	63.6610	1.0000	0.0000	6.8000
uR	939.222	90.000	0.0123	1.0000	0.0000	6.8000
E	940.810	90.000	45.4326	359.6462	0.3335	0.2018	0.0000	6.8000
dPolE	940.810	90.000	61.0548	1.0000	0.0000	6.8000
uR	940.810	90.000	0.0130	1.0000	0.0000	6.8000
E	942.398	90.000	44.6156	359.5928	0.3522	0.2126	0.0000	6.8000
dPolE	942.398	90.000	67.9738	1.0000	0.0000	6.8000
uR	942.398	90.000	0.0119	1.0000	0.0000	6.8000
E	943.985	90.000	45.8896	0.2037	0.3671	0.2228	0.0000	6.8000
dPolE	943.985	90.000	64.5623	1.0000	0.0000	6.8000
uR	943.985	90.000	0.0120	1.0000	0.0000	6.8000
E	945.573	90.000	44.0792	0.0380	0.3589	0.2174	0.0000	6.8000
dPolE	945.573	90.000	72.8806	1.0000	0.0000	6.8000
uR	945.573	90.000	0.0118	1.0000	0.0000	6.8000
E	947.160	90.000	45.2290	358.7683	0.3715	0.2250	0.0000	6.8000
dPolE	947.160	90.000	64.8081	1.0000	0.0000	6.8000
uR	947.160	90.000	0.0115	1.0000	0.0000	6.8000
E	948.747	90.000	44.2459	0.5422	0.3487	0.2098	0.0000	6.8000
dPolE	948.747	90.000	70.1860	1.0000	0.0000	6.8000
uR	948.747	90.000	0.0116	1.0000	0.0000	6.8000
E	950.334	90.000	45.2946	359.7710	0.3355	0.2017	0.0000	6.8000
dPolE	950.334	90.000	62.5019	1.0000	0.0000	6.8000
uR	950.334	90.000	0.0127	1.0000	0.0000	6.8000
E	951.920	90.000	45.7059	0.9392	0.3401	0.2037	0.0000	6.8000
dPolE	951.920	90.000	64.9236	1.0000	0.0000	6.8000
uR	951.920	90.000	0.0117	1.0000	0.0000	6.8000
E	953.507	90.000	43.9186	359.6559	0.3556	0.2123	0.0000	6.8000
dPolE	953.507	90.000	68.8123	1.0000	0.0000	6.8000
uR	953.507	90.000	0.0116	1.0000	0.0000	6.8000
E	955.093	90.000	45.0968	359.8494	0.3808	0.2258	0.0000	6.8000
dPolE	955.093	90.000	68.5020	1.0000	0.0000	6.8000
uR	955.093	90.000	0.0113	1.0000	0.0000	6.8000
E	956.679	90.000	45.8706	359.1378	0.4077	0.2429	0.0000	6.8000
dPolE	956.679	90.000	76.2224	1.0000	0.0000	6.8000
uR	956.679	90.000	0.0103	1.0000	0.0000	6.8000
E	958.265	90.000	43.6181	0.1644	0.4368	0.2588	0.0000	6.8000
dPolE	958.265	90.000	79.0023	1.0000	0.0000	6.8000
uR	958.265	90.000	0.0110	1.0000	0.0000	6.8000
E	959.851	90.000	45.8644	1.4245	0.4609	0.2724	0.0000	6.8000
dPolE	959.851	90.000	82.3325	1.0000	0.0000	6.8000
uR	959.851	90.000	0.0100	1.0000	0.0000	6.8000
E	961.436	90.000	44.6083	1.1844	0.4552	0.2679	0.0000	6.8000
dPolE	961.436	90.000	82.8439	1.0000	0.0000	6.8000
uR	961.436	90.000	0.0111	1.0000	0.0000	6.8000
E	963.022	90.000	44.1653	359.0393	0.4726	0.2778	0.0000	6.8000
dPolE	963.022	90.000	81.1087	1.0000	0.0000	6.8000
uR	963.022	90.000	0.0114	1.0000	0.0000	6.8000
E	964.607	90.000	43.5037	1.2533	0.4782	0.2804	0.0000	6.8000
dPolE	964.607	90.000	82.5488	1.0000	0.0000	6.8000
uR	964.607	90.000	0.0100	1.0000	0.0000	6.8000
E	966.192	90.000	46.0105	0.2340	0.4568	0.2664	0.0000	6.8000
dPolE	966.192	90.000	78.0619	1.0000	0.0000	6.8000
uR	966.192	90.000	0.0110	1.0000	0.0000	6.8000
E	967.777	90.000	44.4718	0.3055	0.4027	0.2333	0.0000	6.8000
dPolE	967.777	90.000	78.2853	1.0000	0.0000	6.8000
uR	967.777	90.000	0.0105	1.0000	0.0000	6.8000
E	969.361	90.000	44.3146	359.4985	0.4063	0.2352	0.0000	6.8000
dPolE	969.361	90.000	69.9835	1.0000	0.0000	6.8000
uR	969.361	90.000	0.0114	1.0000	0.0000	6.8000
E	970.946	90.000	45.0445	359.8425	0.3827	0.2204	0.0000	6.8000
dPolE	970.946	90.000	70.4891	1.0000	0.0000	6.8000
uR	970.946	90.000	0.0109	1.0000	0.0000	6.8000
E	972.530	90.000	44.3299	359.7759	0.3469	0.1999	0.0000	6.8000
dPolE	972.530	90.000	67.5165	1.0000	0.0000	6.8000
uR	972.530	90.000	0.0114	1.0000	0.0000	6.8000
E	974.114	90.000	44.3281	0.4487	0.3462	0.1994	0.0000	6.8000
dPolE	974.114	90.000	56.6064	1.0000	0.0000	6.8000
uR	974.114	90.000	0.0119	1.0000	0.0000	6.8000
E	975.698	90.000	44.5094	0.2406	0.3075	0.1761	0.0000	6.8000
dPolE	975.698	90.000	54.3497	1.0000	0.0000	6.8000
uR	975.698	90.000	0.0113	1.0000	0.0000	6.8000
E	977.282	90.000	45.2355	0.1926	0.2684	0.1533	0.0000	6.8000
dPolE	977.282	90.000	37.8915	1.0000	0.0000	6.8000
uR	977.282	90.000	0.0124	1.0000	0.0000	6.8000
E	978.865	90.000	45.2077	359.8028	0.2342	0.1331	0.0000	6.8000
dPolE	978.865	90.000	26.3042	1.0000	0.0000	6.8000
uR	978.865	90.000	0.0127	1.0000	0.0000	6.8000
E	980.449	90.000	45.0299	359.9526	0.2113	0.1202	0.0000	6.8000
dPolE	980.449	90.000	32.1133	1.0000	0.0000	6.8000
uR	980.449	90.000	0.0126	1.0000	0.0000	6.8000
E	982.032	90.000	44.9682	359.6927	0.2325	0.1325	0.0000	6.8000
dPolE	982.032	90.000	39.1306	1.0000	0.0000	6.8000
uR	982.032	90.000	0.0128	1.0000	0.0000	6.8000
E	983.615	90.000	44.8821	359.9684	0.2920	0.1661	0.0000	6.8000
dPolE	983.615	90.000	37.0055	1.0000	0.0000	6.8000
uR	983.615	90.000	0.0119	1.0000	0.0000	6.8000
E	985.198	90.000	44.8647	0.3332	0.3299	0.1872	0.0000	6.8000
dPolE	985.198	90.000	46.4196	1.0000	0.0000	6.8000
uR	985.198	90.000	0.0121	1.0000	0.0000	6.8000
E	986.780	90.000	45.3047	0.1834	0.3402	0.1934	0.0000	6.8000
dPolE	986.780	90.000	46.5478	1.0000	0.0000	6.8000
uR	986.780	90.000	0.0120	1.0000	0.0000	6.8000
E	988.363	90.000	45.8289	359.5161	0.3056	0.1733	0.0000	6.8000
dPolE	988.363	90.000	49.7704	1.0000	0.0000	6.8000
uR	988.363	90.000	0.0121	1.0000	0.0000	6.8000
E	989.945	90.000	45.2937	359.8204	0.2633	0.1491	0.0000	6.8000
dPolE	989.945	90.000	35.6143	1.0000	0.0000	6.8000
uR	989.945	90.000	0.0126	1.0000	0.0000	6.8000
E	991.527	90.000	44.2338	359.9316	0.2419	0.1364	0.0000	6.8000
dPolE	991.527	90.000	37.1488	1.0000	0.0000	6.8000
uR	991.527	90.000	0.0137	1.0000	0.0000	6.8000
E	993.109	90.000	44.4865	359.9979	0.2506	0.1416	0.0000	6.8000
dPolE	993.109	90.000	32.9517	1.0000	0.0000	6.8000
uR	993.109	90.000	0.0127	1.0000	0.0000	6.8000
E	994.690	90.000	45.1440	0.4666	0.2464	0.1388	0.0000	6.8000
dPolE	994.690	90.000	33.1873	1.0000	0.0000	6.8000
uR	994.690	90.000	0.0122	1.0000	0.0000	6.8000
E	996.272	90.000	44.2693	0.3075	0.2858	0.1610	0.0000	6.8000
dPolE	996.272	90.000	40.6273	1.0000	0.0000	6.8000
uR	996.272	90.000	0.0125	1.0000	0.0000	6.8000
E	997.853	90.000	44.0152	0.3635	0.3394	0.1906	0.0000	6.8000
dPolE	997.853	90.000	45.0923	1.0000	0.0000	6.8000
uR	997.853	90.000	0.0126	1.0000	0.0000	6.8000
E	999.434	90.000	45.4740	0.0855	0.3961	0.2221	0.0000	6.8000
dPolE	999.434	90.000	62.9957	1.0000	0.0000	6.8000
uR	999.434	90.000	0.0113	1.0000	0.0000	6.8000
