
FM-removed
XY-Scan
nm
E	210.379	90.000	43.1296	109.1008	0.2552	0.5094	0.0000	6.8000
dPolE	210.379	90.000	99.9626	1.0000	0.0000	6.8000
uR	210.379	90.000	0.0213	1.0000	0.0000	6.8000
E	211.990	90.000	23.2821	325.5325	0.2662	0.7161	0.0000	6.8000
dPolE	211.990	90.000	99.9716	1.0000	0.0000	6.8000
uR	211.990	90.000	0.0137	1.0000	0.0000	6.8000
E	213.602	90.000	33.1316	334.7895	0.2531	0.5250	0.0000	6.8000
dPolE	213.602	90.000	99.9999	1.0000	0.0000	6.8000
uR	213.602	90.000	0.0125	1.0000	0.0000	6.8000
E	215.214	90.000	43.1443	53.3469	0.2387	0.4639	0.0000	6.8000
dPolE	215.214	90.000	99.9757	1.0000	0.0000	6.8000
uR	215.214	90.000	0.0079	1.0000	0.0000	6.8000
E	216.826	90.000	47.9033	269.6942	0.2691	0.5415	0.0000	6.8000
dPolE	216.826	90.000	99.9919	1.0000	0.0000	6.8000
uR	216.826	90.000	0.0077	1.0000	0.0000	6.8000
E	218.438	90.000	23.2146	97.2755	0.2515	0.7419	0.0000	6.8000
dPolE	218.438	90.000	99.9907	1.0000	0.0000	6.8000
uR	218.438	90.000	0.0052	1.0000	0.0000	6.8000
E	220.050	90.000	61.7679	270.1864	0.2455	0.6206	0.0000	6.8000
dPolE	220.050	90.000	99.9953	1.0000	0.0000	6.8000
uR	220.050	90.000	0.0040	1.0000	0.0000	6.8000
E	221.662	90.000	59.8062	346.0154	0.2395	0.4442	0.0000	6.8000
dPolE	221.662	90.000	99.9560	1.0000	0.0000	6.8000
uR	221.662	90.000	0.0056	1.0000	0.0000	6.8000
E	223.274	90.000	50.2532	318.5608	0.2748	0.4899	0.0000	6.8000
dPolE	223.274	90.000	99.9936	1.0000	0.0000	6.8000
uR	223.274	90.000	0.0026	1.0000	0.0000	6.8000
E	224.886	90.000	75.5086	78.4539	0.2444	1.2288	0.0000	6.8000
dPolE	224.886	90.000	99.9591	1.0000	0.0000	6.8000
uR	224.886	90.000	0.0055	1.0000	0.0000	6.8000
E	226.498	90.000	72.9161	223.7169	0.2692	0.9009	0.0000	6.8000
dPolE	226.498	90.000	99.9566	1.0000	0.0000	6.8000
uR	226.498	90.000	0.0029	1.0000	0.0000	6.8000
E	228.111	90.000	10.1734	125.7592	0.2079	1.3008	0.0000	6.8000
dPolE	228.111	90.000	99.9996	1.0000	0.0000	6.8000
uR	228.111	90.000	0.0037	1.0000	0.0000	6.8000
E	229.723	90.000	78.4012	34.0494	0.2798	1.2054	0.0000	6.8000
dPolE	229.723	90.000	99.9547	1.0000	0.0000	6.8000
uR	229.723	90.000	0.0021	1.0000	0.0000	6.8000
E	231.335	90.000	42.5159	113.2978	0.2795	0.5354	0.0000	6.8000
dPolE	231.335	90.000	99.9811	1.0000	0.0000	6.8000
uR	231.335	90.000	0.0018	1.0000	0.0000	6.8000
E	232.948	90.000	26.6919	234.6470	0.2531	0.6080	0.0000	6.8000
dPolE	232.948	90.000	99.9619	1.0000	0.0000	6.8000
uR	232.948	90.000	0.0018	1.0000	0.0000	6.8000
E	234.560	90.000	41.6833	188.8544	0.2900	0.3597	0.0000	6.8000
dPolE	234.560	90.000	99.9688	1.0000	0.0000	6.8000
uR	234.560	90.000	0.0017	1.0000	0.0000	6.8000
E	236.173	90.000	16.0723	311.0964	0.2710	1.0074	0.0000	6.8000
dPolE	236.173	90.000	99.9720	1.0000	0.0000	6.8000
uR	236.173	90.000	0.0016	1.0000	0.0000	6.8000
E	237.786	90.000	68.2511	203.2012	0.2948	0.5798	0.0000	6.8000
dPolE	237.786	90.000	99.9460	1.0000	0.0000	6.8000
uR	237.786	90.000	0.0018	1.0000	0.0000	6.8000
E	239.398	90.000	52.9479	177.1852	0.3155	0.3689	0.0000	6.8000
dPolE	239.398	90.000	99.8100	1.0000	0.0000	6.8000
uR	239.398	90.000	0.0026	1.0000	0.0000	6.8000
E	241.011	90.000	48.9032	190.7668	0.3054	0.3522	0.0000	6.8000
dPolE	241.011	90.000	99.9417	1.0000	0.0000	6.8000
uR	241.011	90.000	0.0020	1.0000	0.0000	6.8000
E	242.624	90.000	47.3905	122.6955	0.3093	0.5539	0.0000	6.8000
dPolE	242.624	90.000	99.9698	1.0000	0.0000	6.8000
uR	242.624	90.000	0.0011	1.0000	0.0000	6.8000
E	244.237	90.000	50.4229	357.9245	0.3262	0.3539	0.0000	6.8000
dPolE	244.237	90.000	99.8940	1.0000	0.0000	6.8000
uR	244.237	90.000	0.0019	1.0000	0.0000	6.8000
E	245.850	90.000	19.1572	211.2996	0.2925	0.6905	0.0000	6.8000
dPolE	245.850	90.000	99.9431	1.0000	0.0000	6.8000
uR	245.850	90.000	0.0015	1.0000	0.0000	6.8000
E	247.463	90.000	13.8145	159.9627	0.2892	0.7696	0.0000	6.8000
dPolE	247.463	90.000	99.9769	1.0000	0.0000	6.8000
uR	247.463	90.000	0.0007	1.0000	0.0000	6.8000
E	249.076	90.000	23.1081	177.3635	0.3371	0.4820	0.0000	6.8000
dPolE	249.076	90.000	99.7833	1.0000	0.0000	6.8000
uR	249.076	90.000	0.0016	1.0000	0.0000	6.8000
E	250.689	90.000	25.9011	193.4759	0.3291	0.4628	0.0000	6.8000
dPolE	250.689	90.000	99.9905	1.0000	0.0000	6.8000
uR	250.689	90.000	0.0013	1.0000	0.0000	6.8000
E	252.302	90.000	10.0675	235.2932	0.2499	1.6943	0.0000	6.8000
dPolE	252.302	90.000	99.9577	1.0000	0.0000	6.8000
uR	252.302	90.000	0.0010	1.0000	0.0000	6.8000
E	253.916	90.000	65.1779	178.5916	0.2838	0.3764	0.0000	6.8000
dPolE	253.916	90.000	99.9894	1.0000	0.0000	6.8000
uR	253.916	90.000	0.0008	1.0000	0.0000	6.8000
E	255.529	90.000	67.7726	280.7271	0.2406	0.8525	0.0000	6.8000
dPolE	255.529	90.000	99.9880	1.0000	0.0000	6.8000
uR	255.529	90.000	0.0008	1.0000	0.0000	6.8000
E	257.142	90.000	79.6946	170.0536	0.3200	0.9620	0.0000	6.8000
dPolE	257.142	90.000	99.8973	1.0000	0.0000	6.8000
uR	257.142	90.000	0.0010	1.0000	0.0000	6.8000
E	258.756	90.000	6.8831	130.8970	0.2350	2.1073	0.0000	6.8000
dPolE	258.756	90.000	99.9991	1.0000	0.0000	6.8000
uR	258.756	90.000	0.0007	1.0000	0.0000	6.8000
E	260.369	90.000	49.8915	18.7719	0.3142	0.3662	0.0000	6.8000
dPolE	260.369	90.000	99.9892	1.0000	0.0000	6.8000
uR	260.369	90.000	0.0007	1.0000	0.0000	6.8000
E	261.983	90.000	78.9432	169.6319	0.2868	0.8097	0.0000	6.8000
dPolE	261.983	90.000	99.9186	1.0000	0.0000	6.8000
uR	261.983	90.000	0.0010	1.0000	0.0000	6.8000
E	263.596	90.000	89.9929	45.4575	0.2361	1930.6682	0.0000	6.8000
dPolE	263.596	90.000	99.9749	1.0000	0.0000	6.8000
uR	263.596	90.000	0.0007	1.0000	0.0000	6.8000
E	265.210	90.000	69.0165	349.1510	0.2968	0.4748	0.0000	6.8000
dPolE	265.210	90.000	99.9757	1.0000	0.0000	6.8000
uR	265.210	90.000	0.0007	1.0000	0.0000	6.8000
E	266.823	90.000	22.0823	173.9277	0.2892	0.4287	0.0000	6.8000
dPolE	266.823	90.000	99.9772	1.0000	0.0000	6.8000
uR	266.823	90.000	0.0007	1.0000	0.0000	6.8000
E	268.437	90.000	46.1009	205.0099	0.2959	0.3714	0.0000	6.8000
dPolE	268.437	90.000	99.9996	1.0000	0.0000	6.8000
uR	268.437	90.000	0.0010	1.0000	0.0000	6.8000
E	270.051	90.000	58.6293	182.0062	0.2657	0.3077	0.0000	6.8000
dPolE	270.051	90.000	99.9170	1.0000	0.0000	6.8000
uR	270.051	90.000	0.0009	1.0000	0.0000	6.8000
E	271.665	90.000	59.1257	178.7161	0.2674	0.3151	0.0000	6.8000
dPolE	271.665	90.000	99.9933	1.0000	0.0000	6.8000
uR	271.665	90.000	0.0005	1.0000	0.0000	6.8000
E	273.279	90.000	38.2323	31.8090	0.2807	0.4002	0.0000	6.8000
dPolE	273.279	90.000	99.9856	1.0000	0.0000	6.8000
uR	273.279	90.000	0.0006	1.0000	0.0000	6.8000
E	274.892	90.000	63.5665	175.3832	0.2783	0.3718	0.0000	6.8000
dPolE	274.892	90.000	99.9685	1.0000	0.0000	6.8000
uR	274.892	90.000	0.0005	1.0000	0.0000	6.8000
E	276.506	90.000	70.6826	358.6779	0.2534	0.4319	0.0000	6.8000
dPolE	276.506	90.000	99.9619	1.0000	0.0000	6.8000
uR	276.506	90.000	0.0006	1.0000	0.0000	6.8000
E	278.120	90.000	23.3125	256.4725	0.2225	0.7263	0.0000	6.8000
dPolE	278.120	90.000	99.9975	1.0000	0.0000	6.8000
uR	278.120	90.000	0.0004	1.0000	0.0000	6.8000
E	279.734	90.000	3.5472	33.2594	0.2282	2.9574	0.0000	6.8000
dPolE	279.734	90.000	99.8928	1.0000	0.0000	6.8000
uR	279.734	90.000	0.0011	1.0000	0.0000	6.8000
E	281.349	90.000	30.2247	237.3559	0.2390	0.5230	0.0000	6.8000
dPolE	281.349	90.000	99.9592	1.0000	0.0000	6.8000
uR	281.349	90.000	0.0008	1.0000	0.0000	6.8000
E	282.963	90.000	3.9392	310.8282	0.2086	3.2664	0.0000	6.8000
dPolE	282.963	90.000	99.9796	1.0000	0.0000	6.8000
uR	282.963	90.000	0.0005	1.0000	0.0000	6.8000
E	284.577	90.000	30.0567	359.9381	0.2570	0.3324	0.0000	6.8000
dPolE	284.577	90.000	99.9817	1.0000	0.0000	6.8000
uR	284.577	90.000	0.0004	1.0000	0.0000	6.8000
E	286.191	90.000	27.4422	334.8030	0.2365	0.3932	0.0000	6.8000
dPolE	286.191	90.000	99.9965	1.0000	0.0000	6.8000
uR	286.191	90.000	0.0004	1.0000	0.0000	6.8000
E	287.805	90.000	55.5412	355.9468	0.2411	0.2972	0.0000	6.8000
dPolE	287.805	90.000	99.9193	1.0000	0.0000	6.8000
uR	287.805	90.000	0.0008	1.0000	0.0000	6.8000
E	289.420	90.000	19.4051	30.2963	0.2138	0.5113	0.0000	6.8000
dPolE	289.420	90.000	99.9725	1.0000	0.0000	6.8000
uR	289.420	90.000	0.0005	1.0000	0.0000	6.8000
E	291.034	90.000	30.5151	164.7510	0.2222	0.3179	0.0000	6.8000
dPolE	291.034	90.000	99.9866	1.0000	0.0000	6.8000
uR	291.034	90.000	0.0003	1.0000	0.0000	6.8000
E	292.649	90.000	67.3596	253.1772	0.1827	0.5953	0.0000	6.8000
dPolE	292.649	90.000	99.9829	1.0000	0.0000	6.8000
uR	292.649	90.000	0.0005	1.0000	0.0000	6.8000
E	294.263	90.000	64.1571	181.3791	0.2292	0.3502	0.0000	6.8000
dPolE	294.263	90.000	99.9536	1.0000	0.0000	6.8000
uR	294.263	90.000	0.0006	1.0000	0.0000	6.8000
E	295.877	90.000	61.5158	299.7852	0.2139	0.5060	0.0000	6.8000
dPolE	295.877	90.000	99.9848	1.0000	0.0000	6.8000
uR	295.877	90.000	0.0007	1.0000	0.0000	6.8000
E	297.492	90.000	21.4217	169.3636	0.2165	0.4044	0.0000	6.8000
dPolE	297.492	90.000	99.9843	1.0000	0.0000	6.8000
uR	297.492	90.000	0.0004	1.0000	0.0000	6.8000
E	299.107	90.000	59.1129	164.1819	0.1996	0.2995	0.0000	6.8000
dPolE	299.107	90.000	99.9996	1.0000	0.0000	6.8000
uR	299.107	90.000	0.0003	1.0000	0.0000	6.8000
E	300.721	90.000	30.7081	164.4279	0.2182	0.3321	0.0000	6.8000
dPolE	300.721	90.000	99.9882	1.0000	0.0000	6.8000
uR	300.721	90.000	0.0005	1.0000	0.0000	6.8000
E	302.336	90.000	6.1918	46.7309	0.1671	1.5819	0.0000	6.8000
dPolE	302.336	90.000	99.9999	1.0000	0.0000	6.8000
uR	302.336	90.000	0.0005	1.0000	0.0000	6.8000
E	303.950	90.000	29.2605	324.6902	0.1883	0.3551	0.0000	6.8000
dPolE	303.950	90.000	99.9846	1.0000	0.0000	6.8000
uR	303.950	90.000	0.0004	1.0000	0.0000	6.8000
E	305.565	90.000	6.1155	106.9451	0.1425	1.8503	0.0000	6.8000
dPolE	305.565	90.000	99.9846	1.0000	0.0000	6.8000
uR	305.565	90.000	0.0004	1.0000	0.0000	6.8000
E	307.180	90.000	52.4419	357.3749	0.1932	0.2654	0.0000	6.8000
dPolE	307.180	90.000	99.9794	1.0000	0.0000	6.8000
uR	307.180	90.000	0.0005	1.0000	0.0000	6.8000
E	308.795	90.000	19.1400	273.8441	0.1586	0.6278	0.0000	6.8000
dPolE	308.795	90.000	99.9967	1.0000	0.0000	6.8000
uR	308.795	90.000	0.0004	1.0000	0.0000	6.8000
E	310.410	90.000	18.6637	69.7327	0.1528	0.5816	0.0000	6.8000
dPolE	310.410	90.000	99.9921	1.0000	0.0000	6.8000
uR	310.410	90.000	0.0002	1.0000	0.0000	6.8000
E	312.024	90.000	68.1047	349.3951	0.1922	0.3910	0.0000	6.8000
dPolE	312.024	90.000	99.9405	1.0000	0.0000	6.8000
uR	312.024	90.000	0.0005	1.0000	0.0000	6.8000
E	313.639	90.000	26.6284	171.2252	0.1851	0.3262	0.0000	6.8000
dPolE	313.639	90.000	99.9986	1.0000	0.0000	6.8000
uR	313.639	90.000	0.0004	1.0000	0.0000	6.8000
E	315.254	90.000	56.4290	262.6820	0.1794	0.4029	0.0000	6.8000
dPolE	315.254	90.000	99.9949	1.0000	0.0000	6.8000
uR	315.254	90.000	0.0004	1.0000	0.0000	6.8000
E	316.869	90.000	70.6560	222.7465	0.1719	0.5079	0.0000	6.8000
dPolE	316.869	90.000	99.9910	1.0000	0.0000	6.8000
uR	316.869	90.000	0.0004	1.0000	0.0000	6.8000
E	318.484	90.000	68.2833	329.0652	0.1545	0.3738	0.0000	6.8000
dPolE	318.484	90.000	99.9869	1.0000	0.0000	6.8000
uR	318.484	90.000	0.0003	1.0000	0.0000	6.8000
E	320.099	90.000	26.8598	43.7102	0.1578	0.3547	0.0000	6.8000
dPolE	320.099	90.000	99.9999	1.0000	0.0000	6.8000
uR	320.099	90.000	0.0004	1.0000	0.0000	6.8000
E	321.714	90.000	45.8511	154.5899	0.1723	0.2736	0.0000	6.8000
dPolE	321.714	90.000	99.9968	1.0000	0.0000	6.8000
uR	321.714	90.000	0.0004	1.0000	0.0000	6.8000
E	323.330	90.000	5.5151	248.3175	0.1324	1.6931	0.0000	6.8000
dPolE	323.330	90.000	99.9862	1.0000	0.0000	6.8000
uR	323.330	90.000	0.0004	1.0000	0.0000	6.8000
E	324.945	90.000	18.6082	173.2901	0.1742	0.4375	0.0000	6.8000
dPolE	324.945	90.000	99.9988	1.0000	0.0000	6.8000
uR	324.945	90.000	0.0004	1.0000	0.0000	6.8000
E	326.560	90.000	48.4734	170.3342	0.1709	0.2661	0.0000	6.8000
dPolE	326.560	90.000	99.9420	1.0000	0.0000	6.8000
uR	326.560	90.000	0.0006	1.0000	0.0000	6.8000
E	328.175	90.000	24.1021	120.8870	0.1561	0.4250	0.0000	6.8000
dPolE	328.175	90.000	99.9642	1.0000	0.0000	6.8000
uR	328.175	90.000	0.0005	1.0000	0.0000	6.8000
E	329.790	90.000	48.5078	23.9696	0.1590	0.2619	0.0000	6.8000
dPolE	329.790	90.000	99.9952	1.0000	0.0000	6.8000
uR	329.790	90.000	0.0004	1.0000	0.0000	6.8000
E	331.406	90.000	71.4233	10.9390	0.1518	0.4027	0.0000	6.8000
dPolE	331.406	90.000	99.9969	1.0000	0.0000	6.8000
uR	331.406	90.000	0.0003	1.0000	0.0000	6.8000
E	333.021	90.000	58.2670	341.8459	0.1610	0.2958	0.0000	6.8000
dPolE	333.021	90.000	99.9743	1.0000	0.0000	6.8000
uR	333.021	90.000	0.0005	1.0000	0.0000	6.8000
E	334.636	90.000	58.7155	345.8987	0.1362	0.2500	0.0000	6.8000
dPolE	334.636	90.000	99.9960	1.0000	0.0000	6.8000
uR	334.636	90.000	0.0002	1.0000	0.0000	6.8000
E	336.251	90.000	31.6475	132.9189	0.1450	0.3030	0.0000	6.8000
dPolE	336.251	90.000	99.9945	1.0000	0.0000	6.8000
uR	336.251	90.000	0.0003	1.0000	0.0000	6.8000
E	337.867	90.000	57.4284	0.6035	0.1568	0.2838	0.0000	6.8000
dPolE	337.867	90.000	99.9941	1.0000	0.0000	6.8000
uR	337.867	90.000	0.0003	1.0000	0.0000	6.8000
E	339.482	90.000	82.0983	264.0583	0.1252	1.0889	0.0000	6.8000
dPolE	339.482	90.000	99.9855	1.0000	0.0000	6.8000
uR	339.482	90.000	0.0004	1.0000	0.0000	6.8000
E	341.098	90.000	24.5053	34.8105	0.1474	0.3548	0.0000	6.8000
dPolE	341.098	90.000	99.9892	1.0000	0.0000	6.8000
uR	341.098	90.000	0.0004	1.0000	0.0000	6.8000
E	342.713	90.000	78.2459	343.9437	0.1519	0.6534	0.0000	6.8000
dPolE	342.713	90.000	99.9948	1.0000	0.0000	6.8000
uR	342.713	90.000	0.0002	1.0000	0.0000	6.8000
E	344.329	90.000	72.9211	31.1884	0.1532	0.4998	0.0000	6.8000
dPolE	344.329	90.000	99.9833	1.0000	0.0000	6.8000
uR	344.329	90.000	0.0003	1.0000	0.0000	6.8000
E	345.944	90.000	31.9009	345.3966	0.1427	0.2757	0.0000	6.8000
dPolE	345.944	90.000	99.9969	1.0000	0.0000	6.8000
uR	345.944	90.000	0.0003	1.0000	0.0000	6.8000
E	347.560	90.000	24.0162	230.8236	0.1460	0.3851	0.0000	6.8000
dPolE	347.560	90.000	99.9985	1.0000	0.0000	6.8000
uR	347.560	90.000	0.0003	1.0000	0.0000	6.8000
E	349.175	90.000	58.9222	171.2157	0.1447	0.2833	0.0000	6.8000
dPolE	349.175	90.000	99.9873	1.0000	0.0000	6.8000
uR	349.175	90.000	0.0003	1.0000	0.0000	6.8000
E	350.791	90.000	18.0675	287.1680	0.1318	0.4768	0.0000	6.8000
dPolE	350.791	90.000	99.9903	1.0000	0.0000	6.8000
uR	350.791	90.000	0.0003	1.0000	0.0000	6.8000
E	352.406	90.000	25.0376	328.8255	0.1504	0.3640	0.0000	6.8000
dPolE	352.406	90.000	99.9904	1.0000	0.0000	6.8000
uR	352.406	90.000	0.0002	1.0000	0.0000	6.8000
E	354.022	90.000	3.0753	230.4780	0.1338	2.5540	0.0000	6.8000
dPolE	354.022	90.000	99.9885	1.0000	0.0000	6.8000
uR	354.022	90.000	0.0003	1.0000	0.0000	6.8000
E	355.638	90.000	32.3303	162.2040	0.1411	0.2811	0.0000	6.8000
dPolE	355.638	90.000	99.9999	1.0000	0.0000	6.8000
uR	355.638	90.000	0.0003	1.0000	0.0000	6.8000
E	357.253	90.000	39.2550	7.0179	0.1409	0.2591	0.0000	6.8000
dPolE	357.253	90.000	99.9697	1.0000	0.0000	6.8000
uR	357.253	90.000	0.0004	1.0000	0.0000	6.8000
E	358.869	90.000	55.1589	357.8162	0.1388	0.2694	0.0000	6.8000
dPolE	358.869	90.000	99.9814	1.0000	0.0000	6.8000
uR	358.869	90.000	0.0004	1.0000	0.0000	6.8000
E	360.485	90.000	33.2237	35.5636	0.1400	0.2892	0.0000	6.8000
dPolE	360.485	90.000	99.9888	1.0000	0.0000	6.8000
uR	360.485	90.000	0.0004	1.0000	0.0000	6.8000
E	362.100	90.000	89.9900	91.1734	0.1229	776.0024	0.0000	6.8000
dPolE	362.100	90.000	99.9798	1.0000	0.0000	6.8000
uR	362.100	90.000	0.0003	1.0000	0.0000	6.8000
E	363.716	90.000	73.4964	34.1673	0.1349	0.4740	0.0000	6.8000
dPolE	363.716	90.000	99.9749	1.0000	0.0000	6.8000
uR	363.716	90.000	0.0005	1.0000	0.0000	6.8000
E	365.332	90.000	70.4506	309.0580	0.1289	0.4075	0.0000	6.8000
dPolE	365.332	90.000	99.9897	1.0000	0.0000	6.8000
uR	365.332	90.000	0.0003	1.0000	0.0000	6.8000
E	366.948	90.000	40.8263	107.7664	0.1244	0.2501	0.0000	6.8000
dPolE	366.948	90.000	99.9919	1.0000	0.0000	6.8000
uR	366.948	90.000	0.0004	1.0000	0.0000	6.8000
E	368.563	90.000	26.8772	29.1623	0.1289	0.3025	0.0000	6.8000
dPolE	368.563	90.000	99.9927	1.0000	0.0000	6.8000
uR	368.563	90.000	0.0003	1.0000	0.0000	6.8000
E	370.179	90.000	32.1364	198.9797	0.1306	0.2687	0.0000	6.8000
dPolE	370.179	90.000	99.9956	1.0000	0.0000	6.8000
uR	370.179	90.000	0.0003	1.0000	0.0000	6.8000
E	371.795	90.000	54.0473	68.0653	0.1353	0.2834	0.0000	6.8000
dPolE	371.795	90.000	99.9993	1.0000	0.0000	6.8000
uR	371.795	90.000	0.0003	1.0000	0.0000	6.8000
E	373.411	90.000	38.2803	36.1941	0.1249	0.2451	0.0000	6.8000
dPolE	373.411	90.000	99.9945	1.0000	0.0000	6.8000
uR	373.411	90.000	0.0004	1.0000	0.0000	6.8000
E	375.027	90.000	37.9001	215.6594	0.1230	0.2441	0.0000	6.8000
dPolE	375.027	90.000	99.9933	1.0000	0.0000	6.8000
uR	375.027	90.000	0.0004	1.0000	0.0000	6.8000
E	376.643	90.000	52.3262	337.4259	0.1314	0.2581	0.0000	6.8000
dPolE	376.643	90.000	99.9841	1.0000	0.0000	6.8000
uR	376.643	90.000	0.0005	1.0000	0.0000	6.8000
E	378.258	90.000	45.4241	16.7756	0.1293	0.2432	0.0000	6.8000
dPolE	378.258	90.000	99.9900	1.0000	0.0000	6.8000
uR	378.258	90.000	0.0005	1.0000	0.0000	6.8000
E	379.874	90.000	35.4627	291.3535	0.1290	0.2724	0.0000	6.8000
dPolE	379.874	90.000	99.9959	1.0000	0.0000	6.8000
uR	379.874	90.000	0.0003	1.0000	0.0000	6.8000
E	381.490	90.000	55.7698	93.7819	0.1217	0.2637	0.0000	6.8000
dPolE	381.490	90.000	99.9888	1.0000	0.0000	6.8000
uR	381.490	90.000	0.0003	1.0000	0.0000	6.8000
E	383.106	90.000	31.4741	12.6722	0.1278	0.2734	0.0000	6.8000
dPolE	383.106	90.000	99.9903	1.0000	0.0000	6.8000
uR	383.106	90.000	0.0003	1.0000	0.0000	6.8000
E	384.722	90.000	30.4049	166.9693	0.1277	0.2788	0.0000	6.8000
dPolE	384.722	90.000	99.9978	1.0000	0.0000	6.8000
uR	384.722	90.000	0.0002	1.0000	0.0000	6.8000
E	386.338	90.000	15.0920	319.7208	0.1182	0.4630	0.0000	6.8000
dPolE	386.338	90.000	99.9999	1.0000	0.0000	6.8000
uR	386.338	90.000	0.0002	1.0000	0.0000	6.8000
E	387.954	90.000	21.0582	173.8319	0.1256	0.3518	0.0000	6.8000
dPolE	387.954	90.000	99.9899	1.0000	0.0000	6.8000
uR	387.954	90.000	0.0003	1.0000	0.0000	6.8000
E	389.570	90.000	32.1448	74.3991	0.1142	0.2549	0.0000	6.8000
dPolE	389.570	90.000	99.9987	1.0000	0.0000	6.8000
uR	389.570	90.000	0.0003	1.0000	0.0000	6.8000
E	391.186	90.000	40.7521	279.7809	0.1159	0.2343	0.0000	6.8000
dPolE	391.186	90.000	99.9927	1.0000	0.0000	6.8000
uR	391.186	90.000	0.0004	1.0000	0.0000	6.8000
E	392.802	90.000	41.1287	38.8621	0.1244	0.2442	0.0000	6.8000
dPolE	392.802	90.000	99.9790	1.0000	0.0000	6.8000
uR	392.802	90.000	0.0004	1.0000	0.0000	6.8000
E	394.418	90.000	65.1726	13.1364	0.1328	0.3322	0.0000	6.8000
dPolE	394.418	90.000	99.9863	1.0000	0.0000	6.8000
uR	394.418	90.000	0.0002	1.0000	0.0000	6.8000
E	396.034	90.000	24.6769	23.7191	0.1276	0.3214	0.0000	6.8000
dPolE	396.034	90.000	99.9967	1.0000	0.0000	6.8000
uR	396.034	90.000	0.0002	1.0000	0.0000	6.8000
E	397.650	90.000	54.6898	20.6723	0.1184	0.2376	0.0000	6.8000
dPolE	397.650	90.000	99.9808	1.0000	0.0000	6.8000
uR	397.650	90.000	0.0003	1.0000	0.0000	6.8000
E	399.266	90.000	58.0308	55.9899	0.1196	0.2634	0.0000	6.8000
dPolE	399.266	90.000	99.9906	1.0000	0.0000	6.8000
uR	399.266	90.000	0.0002	1.0000	0.0000	6.8000
E	400.882	90.000	41.1764	26.9343	0.1206	0.2332	0.0000	6.8000
dPolE	400.882	90.000	99.9812	1.0000	0.0000	6.8000
uR	400.882	90.000	0.0003	1.0000	0.0000	6.8000
E	402.498	90.000	52.0115	6.2480	0.1152	0.2260	0.0000	6.8000
dPolE	402.498	90.000	99.9456	1.0000	0.0000	6.8000
uR	402.498	90.000	0.0005	1.0000	0.0000	6.8000
E	404.114	90.000	41.1333	4.5809	0.1219	0.2332	0.0000	6.8000
dPolE	404.114	90.000	99.9434	1.0000	0.0000	6.8000
uR	404.114	90.000	0.0005	1.0000	0.0000	6.8000
E	405.730	90.000	31.0624	4.9833	0.1182	0.2510	0.0000	6.8000
dPolE	405.730	90.000	99.9280	1.0000	0.0000	6.8000
uR	405.730	90.000	0.0005	1.0000	0.0000	6.8000
E	407.346	90.000	37.9184	352.1826	0.1174	0.2261	0.0000	6.8000
dPolE	407.346	90.000	99.9641	1.0000	0.0000	6.8000
uR	407.346	90.000	0.0004	1.0000	0.0000	6.8000
E	408.962	90.000	44.2158	356.8646	0.1146	0.2136	0.0000	6.8000
dPolE	408.962	90.000	99.9202	1.0000	0.0000	6.8000
uR	408.962	90.000	0.0006	1.0000	0.0000	6.8000
E	410.578	90.000	46.7406	6.9026	0.1196	0.2246	0.0000	6.8000
dPolE	410.578	90.000	99.7990	1.0000	0.0000	6.8000
uR	410.578	90.000	0.0008	1.0000	0.0000	6.8000
E	412.194	90.000	44.4085	10.6707	0.1155	0.2181	0.0000	6.8000
dPolE	412.194	90.000	99.7889	1.0000	0.0000	6.8000
uR	412.194	90.000	0.0009	1.0000	0.0000	6.8000
E	413.810	90.000	46.6096	17.4948	0.1138	0.2158	0.0000	6.8000
dPolE	413.810	90.000	99.7256	1.0000	0.0000	6.8000
uR	413.810	90.000	0.0010	1.0000	0.0000	6.8000
E	415.426	90.000	45.9399	2.2900	0.1130	0.2109	0.0000	6.8000
dPolE	415.426	90.000	99.6042	1.0000	0.0000	6.8000
uR	415.426	90.000	0.0012	1.0000	0.0000	6.8000
E	417.042	90.000	45.0648	10.3841	0.1204	0.2227	0.0000	6.8000
dPolE	417.042	90.000	99.4524	1.0000	0.0000	6.8000
uR	417.042	90.000	0.0013	1.0000	0.0000	6.8000
E	418.658	90.000	47.3624	11.3781	0.1126	0.2080	0.0000	6.8000
dPolE	418.658	90.000	99.5185	1.0000	0.0000	6.8000
uR	418.658	90.000	0.0013	1.0000	0.0000	6.8000
E	420.274	90.000	45.5238	11.5266	0.1123	0.2070	0.0000	6.8000
dPolE	420.274	90.000	99.0788	1.0000	0.0000	6.8000
uR	420.274	90.000	0.0018	1.0000	0.0000	6.8000
E	421.890	90.000	44.2912	6.7133	0.1127	0.2082	0.0000	6.8000
dPolE	421.890	90.000	98.9622	1.0000	0.0000	6.8000
uR	421.890	90.000	0.0020	1.0000	0.0000	6.8000
E	423.506	90.000	45.3946	8.3730	0.1103	0.2045	0.0000	6.8000
dPolE	423.506	90.000	98.7307	1.0000	0.0000	6.8000
uR	423.506	90.000	0.0023	1.0000	0.0000	6.8000
E	425.122	90.000	44.3960	9.4882	0.1096	0.2026	0.0000	6.8000
dPolE	425.122	90.000	98.8569	1.0000	0.0000	6.8000
uR	425.122	90.000	0.0022	1.0000	0.0000	6.8000
E	426.738	90.000	43.4421	6.8183	0.1147	0.2100	0.0000	6.8000
dPolE	426.738	90.000	98.5669	1.0000	0.0000	6.8000
uR	426.738	90.000	0.0024	1.0000	0.0000	6.8000
E	428.355	90.000	44.4952	9.3362	0.1035	0.1871	0.0000	6.8000
dPolE	428.355	90.000	98.5242	1.0000	0.0000	6.8000
uR	428.355	90.000	0.0026	1.0000	0.0000	6.8000
E	429.971	90.000	44.7637	6.8205	0.1107	0.1984	0.0000	6.8000
dPolE	429.971	90.000	98.5260	1.0000	0.0000	6.8000
uR	429.971	90.000	0.0025	1.0000	0.0000	6.8000
E	431.587	90.000	44.5719	5.6821	0.1127	0.2020	0.0000	6.8000
dPolE	431.587	90.000	97.6666	1.0000	0.0000	6.8000
uR	431.587	90.000	0.0032	1.0000	0.0000	6.8000
E	433.203	90.000	45.0630	8.8986	0.1016	0.1831	0.0000	6.8000
dPolE	433.203	90.000	97.6227	1.0000	0.0000	6.8000
uR	433.203	90.000	0.0034	1.0000	0.0000	6.8000
E	434.819	90.000	44.6465	9.9844	0.1041	0.1884	0.0000	6.8000
dPolE	434.819	90.000	97.6455	1.0000	0.0000	6.8000
uR	434.819	90.000	0.0034	1.0000	0.0000	6.8000
E	436.435	90.000	45.5334	8.2275	0.1055	0.1901	0.0000	6.8000
dPolE	436.435	90.000	96.8280	1.0000	0.0000	6.8000
uR	436.435	90.000	0.0037	1.0000	0.0000	6.8000
E	438.051	90.000	45.4840	8.2227	0.1063	0.1897	0.0000	6.8000
dPolE	438.051	90.000	96.4984	1.0000	0.0000	6.8000
uR	438.051	90.000	0.0038	1.0000	0.0000	6.8000
E	439.667	90.000	46.0697	7.3003	0.1072	0.1890	0.0000	6.8000
dPolE	439.667	90.000	95.6734	1.0000	0.0000	6.8000
uR	439.667	90.000	0.0042	1.0000	0.0000	6.8000
E	441.283	90.000	44.9776	6.5586	0.1120	0.1955	0.0000	6.8000
dPolE	441.283	90.000	95.3029	1.0000	0.0000	6.8000
uR	441.283	90.000	0.0044	1.0000	0.0000	6.8000
E	442.899	90.000	44.8524	7.6485	0.1085	0.1888	0.0000	6.8000
dPolE	442.899	90.000	95.2524	1.0000	0.0000	6.8000
uR	442.899	90.000	0.0045	1.0000	0.0000	6.8000
E	444.515	90.000	45.2518	7.0253	0.1056	0.1839	0.0000	6.8000
dPolE	444.515	90.000	95.3280	1.0000	0.0000	6.8000
uR	444.515	90.000	0.0045	1.0000	0.0000	6.8000
E	446.131	90.000	45.0803	6.8131	0.1005	0.1756	0.0000	6.8000
dPolE	446.131	90.000	95.2450	1.0000	0.0000	6.8000
uR	446.131	90.000	0.0048	1.0000	0.0000	6.8000
E	447.747	90.000	45.8211	7.5137	0.1074	0.1878	0.0000	6.8000
dPolE	447.747	90.000	94.7313	1.0000	0.0000	6.8000
uR	447.747	90.000	0.0049	1.0000	0.0000	6.8000
E	449.363	90.000	46.1501	7.8502	0.1002	0.1746	0.0000	6.8000
dPolE	449.363	90.000	94.1351	1.0000	0.0000	6.8000
uR	449.363	90.000	0.0050	1.0000	0.0000	6.8000
E	450.979	90.000	44.0189	6.9669	0.1037	0.1786	0.0000	6.8000
dPolE	450.979	90.000	92.9266	1.0000	0.0000	6.8000
uR	450.979	90.000	0.0051	1.0000	0.0000	6.8000
E	452.594	90.000	44.8028	5.5298	0.1029	0.1748	0.0000	6.8000
dPolE	452.594	90.000	92.1621	1.0000	0.0000	6.8000
uR	452.594	90.000	0.0053	1.0000	0.0000	6.8000
E	454.210	90.000	45.6140	4.7525	0.1057	0.1776	0.0000	6.8000
dPolE	454.210	90.000	92.7078	1.0000	0.0000	6.8000
uR	454.210	90.000	0.0055	1.0000	0.0000	6.8000
E	455.826	90.000	44.9301	7.0398	0.1057	0.1772	0.0000	6.8000
dPolE	455.826	90.000	92.8867	1.0000	0.0000	6.8000
uR	455.826	90.000	0.0054	1.0000	0.0000	6.8000
E	457.442	90.000	45.1241	6.7016	0.1037	0.1741	0.0000	6.8000
dPolE	457.442	90.000	91.6773	1.0000	0.0000	6.8000
uR	457.442	90.000	0.0058	1.0000	0.0000	6.8000
E	459.058	90.000	44.8841	5.6053	0.0974	0.1638	0.0000	6.8000
dPolE	459.058	90.000	90.4655	1.0000	0.0000	6.8000
uR	459.058	90.000	0.0060	1.0000	0.0000	6.8000
E	460.674	90.000	44.9237	6.3752	0.1006	0.1694	0.0000	6.8000
dPolE	460.674	90.000	90.2539	1.0000	0.0000	6.8000
uR	460.674	90.000	0.0061	1.0000	0.0000	6.8000
E	462.290	90.000	45.2216	5.2743	0.0985	0.1651	0.0000	6.8000
dPolE	462.290	90.000	89.4906	1.0000	0.0000	6.8000
uR	462.290	90.000	0.0061	1.0000	0.0000	6.8000
E	463.906	90.000	44.8725	6.2175	0.0935	0.1554	0.0000	6.8000
dPolE	463.906	90.000	87.7975	1.0000	0.0000	6.8000
uR	463.906	90.000	0.0065	1.0000	0.0000	6.8000
E	465.521	90.000	45.0843	5.7312	0.0940	0.1543	0.0000	6.8000
dPolE	465.521	90.000	86.9254	1.0000	0.0000	6.8000
uR	465.521	90.000	0.0065	1.0000	0.0000	6.8000
E	467.137	90.000	44.2726	5.7824	0.0906	0.1469	0.0000	6.8000
dPolE	467.137	90.000	86.0873	1.0000	0.0000	6.8000
uR	467.137	90.000	0.0065	1.0000	0.0000	6.8000
E	468.753	90.000	44.5889	5.9655	0.0955	0.1538	0.0000	6.8000
dPolE	468.753	90.000	82.6160	1.0000	0.0000	6.8000
uR	468.753	90.000	0.0068	1.0000	0.0000	6.8000
E	470.369	90.000	44.5957	5.2519	0.0962	0.1546	0.0000	6.8000
dPolE	470.369	90.000	83.9378	1.0000	0.0000	6.8000
uR	470.369	90.000	0.0070	1.0000	0.0000	6.8000
E	471.985	90.000	44.8817	5.0044	0.0969	0.1558	0.0000	6.8000
dPolE	471.985	90.000	84.9037	1.0000	0.0000	6.8000
uR	471.985	90.000	0.0071	1.0000	0.0000	6.8000
E	473.600	90.000	44.9803	5.5078	0.0974	0.1571	0.0000	6.8000
dPolE	473.600	90.000	84.6440	1.0000	0.0000	6.8000
uR	473.600	90.000	0.0073	1.0000	0.0000	6.8000
E	475.216	90.000	45.2107	5.0839	0.0937	0.1510	0.0000	6.8000
dPolE	475.216	90.000	86.4445	1.0000	0.0000	6.8000
uR	475.216	90.000	0.0074	1.0000	0.0000	6.8000
E	476.832	90.000	44.7386	4.0200	0.0991	0.1588	0.0000	6.8000
dPolE	476.832	90.000	87.6609	1.0000	0.0000	6.8000
uR	476.832	90.000	0.0075	1.0000	0.0000	6.8000
E	478.448	90.000	44.7020	5.1229	0.1062	0.1688	0.0000	6.8000
dPolE	478.448	90.000	87.2491	1.0000	0.0000	6.8000
uR	478.448	90.000	0.0077	1.0000	0.0000	6.8000
E	480.063	90.000	44.8473	4.3463	0.1023	0.1606	0.0000	6.8000
dPolE	480.063	90.000	86.6414	1.0000	0.0000	6.8000
uR	480.063	90.000	0.0077	1.0000	0.0000	6.8000
E	481.679	90.000	45.1231	4.6214	0.0926	0.1435	0.0000	6.8000
dPolE	481.679	90.000	86.8870	1.0000	0.0000	6.8000
uR	481.679	90.000	0.0077	1.0000	0.0000	6.8000
E	483.294	90.000	44.8697	4.3607	0.0966	0.1486	0.0000	6.8000
dPolE	483.294	90.000	82.8908	1.0000	0.0000	6.8000
uR	483.294	90.000	0.0083	1.0000	0.0000	6.8000
E	484.910	90.000	44.9148	4.3003	0.0961	0.1473	0.0000	6.8000
dPolE	484.910	90.000	85.0138	1.0000	0.0000	6.8000
uR	484.910	90.000	0.0083	1.0000	0.0000	6.8000
E	486.526	90.000	44.6400	4.7467	0.0938	0.1440	0.0000	6.8000
dPolE	486.526	90.000	86.3149	1.0000	0.0000	6.8000
uR	486.526	90.000	0.0084	1.0000	0.0000	6.8000
E	488.141	90.000	45.2011	4.6164	0.1026	0.1578	0.0000	6.8000
dPolE	488.141	90.000	84.4072	1.0000	0.0000	6.8000
uR	488.141	90.000	0.0087	1.0000	0.0000	6.8000
E	489.757	90.000	45.4272	4.4294	0.1008	0.1550	0.0000	6.8000
dPolE	489.757	90.000	84.9238	1.0000	0.0000	6.8000
uR	489.757	90.000	0.0085	1.0000	0.0000	6.8000
E	491.372	90.000	44.7087	5.1481	0.0999	0.1533	0.0000	6.8000
dPolE	491.372	90.000	83.8865	1.0000	0.0000	6.8000
uR	491.372	90.000	0.0085	1.0000	0.0000	6.8000
E	492.988	90.000	45.2858	4.8793	0.0983	0.1499	0.0000	6.8000
dPolE	492.988	90.000	83.4461	1.0000	0.0000	6.8000
uR	492.988	90.000	0.0085	1.0000	0.0000	6.8000
E	494.603	90.000	45.0623	4.3423	0.0991	0.1498	0.0000	6.8000
dPolE	494.603	90.000	82.9971	1.0000	0.0000	6.8000
uR	494.603	90.000	0.0089	1.0000	0.0000	6.8000
E	496.219	90.000	44.8365	4.3979	0.1003	0.1496	0.0000	6.8000
dPolE	496.219	90.000	83.5299	1.0000	0.0000	6.8000
uR	496.219	90.000	0.0091	1.0000	0.0000	6.8000
E	497.834	90.000	44.5061	4.0723	0.1086	0.1603	0.0000	6.8000
dPolE	497.834	90.000	83.0671	1.0000	0.0000	6.8000
uR	497.834	90.000	0.0093	1.0000	0.0000	6.8000
E	499.450	90.000	44.7518	3.3725	0.1035	0.1515	0.0000	6.8000
dPolE	499.450	90.000	84.2776	1.0000	0.0000	6.8000
uR	499.450	90.000	0.0090	1.0000	0.0000	6.8000
E	501.065	90.000	45.0924	4.3028	0.0957	0.1398	0.0000	6.8000
dPolE	501.065	90.000	84.2987	1.0000	0.0000	6.8000
uR	501.065	90.000	0.0092	1.0000	0.0000	6.8000
E	502.680	90.000	44.7049	3.4997	0.0995	0.1452	0.0000	6.8000
dPolE	502.680	90.000	83.7202	1.0000	0.0000	6.8000
uR	502.680	90.000	0.0094	1.0000	0.0000	6.8000
E	504.296	90.000	45.1706	3.7593	0.0977	0.1429	0.0000	6.8000
dPolE	504.296	90.000	83.2824	1.0000	0.0000	6.8000
uR	504.296	90.000	0.0095	1.0000	0.0000	6.8000
E	505.911	90.000	44.4559	3.8041	0.1028	0.1505	0.0000	6.8000
dPolE	505.911	90.000	83.4995	1.0000	0.0000	6.8000
uR	505.911	90.000	0.0095	1.0000	0.0000	6.8000
E	507.526	90.000	45.2316	4.1766	0.1056	0.1543	0.0000	6.8000
dPolE	507.526	90.000	81.7782	1.0000	0.0000	6.8000
uR	507.526	90.000	0.0097	1.0000	0.0000	6.8000
E	509.141	90.000	45.0188	4.0335	0.0985	0.1432	0.0000	6.8000
dPolE	509.141	90.000	82.1775	1.0000	0.0000	6.8000
uR	509.141	90.000	0.0095	1.0000	0.0000	6.8000
E	510.756	90.000	44.4557	4.4190	0.1031	0.1486	0.0000	6.8000
dPolE	510.756	90.000	82.0644	1.0000	0.0000	6.8000
uR	510.756	90.000	0.0097	1.0000	0.0000	6.8000
E	512.372	90.000	45.2798	3.6866	0.0997	0.1420	0.0000	6.8000
dPolE	512.372	90.000	82.8495	1.0000	0.0000	6.8000
uR	512.372	90.000	0.0100	1.0000	0.0000	6.8000
E	513.987	90.000	44.4900	4.2031	0.1002	0.1414	0.0000	6.8000
dPolE	513.987	90.000	82.5745	1.0000	0.0000	6.8000
uR	513.987	90.000	0.0107	1.0000	0.0000	6.8000
E	515.602	90.000	44.8580	3.0342	0.1076	0.1502	0.0000	6.8000
dPolE	515.602	90.000	82.1042	1.0000	0.0000	6.8000
uR	515.602	90.000	0.0113	1.0000	0.0000	6.8000
E	517.217	90.000	45.3181	3.7031	0.1095	0.1522	0.0000	6.8000
dPolE	517.217	90.000	82.3363	1.0000	0.0000	6.8000
uR	517.217	90.000	0.0110	1.0000	0.0000	6.8000
E	518.832	90.000	45.1207	3.6298	0.1175	0.1629	0.0000	6.8000
dPolE	518.832	90.000	84.6378	1.0000	0.0000	6.8000
uR	518.832	90.000	0.0101	1.0000	0.0000	6.8000
E	520.447	90.000	44.9646	3.8264	0.1127	0.1562	0.0000	6.8000
dPolE	520.447	90.000	86.1113	1.0000	0.0000	6.8000
uR	520.447	90.000	0.0095	1.0000	0.0000	6.8000
E	522.062	90.000	44.7075	3.2622	0.1108	0.1537	0.0000	6.8000
dPolE	522.062	90.000	84.6665	1.0000	0.0000	6.8000
uR	522.062	90.000	0.0093	1.0000	0.0000	6.8000
E	523.677	90.000	45.2039	3.4217	0.1083	0.1502	0.0000	6.8000
dPolE	523.677	90.000	82.6226	1.0000	0.0000	6.8000
uR	523.677	90.000	0.0096	1.0000	0.0000	6.8000
E	525.292	90.000	44.7513	2.9848	0.1031	0.1427	0.0000	6.8000
dPolE	525.292	90.000	80.9151	1.0000	0.0000	6.8000
uR	525.292	90.000	0.0102	1.0000	0.0000	6.8000
E	526.907	90.000	44.9416	3.0183	0.1052	0.1448	0.0000	6.8000
dPolE	526.907	90.000	80.3389	1.0000	0.0000	6.8000
uR	526.907	90.000	0.0102	1.0000	0.0000	6.8000
E	528.521	90.000	45.4248	3.4288	0.1063	0.1454	0.0000	6.8000
dPolE	528.521	90.000	81.4015	1.0000	0.0000	6.8000
uR	528.521	90.000	0.0102	1.0000	0.0000	6.8000
E	530.136	90.000	45.0135	3.1391	0.1096	0.1484	0.0000	6.8000
dPolE	530.136	90.000	79.3937	1.0000	0.0000	6.8000
uR	530.136	90.000	0.0105	1.0000	0.0000	6.8000
E	531.751	90.000	44.4441	3.4920	0.1024	0.1374	0.0000	6.8000
dPolE	531.751	90.000	80.7830	1.0000	0.0000	6.8000
uR	531.751	90.000	0.0106	1.0000	0.0000	6.8000
E	533.366	90.000	44.8531	3.0242	0.1052	0.1398	0.0000	6.8000
dPolE	533.366	90.000	79.8934	1.0000	0.0000	6.8000
uR	533.366	90.000	0.0107	1.0000	0.0000	6.8000
E	534.980	90.000	45.2994	3.2718	0.1064	0.1404	0.0000	6.8000
dPolE	534.980	90.000	79.2837	1.0000	0.0000	6.8000
uR	534.980	90.000	0.0107	1.0000	0.0000	6.8000
E	536.595	90.000	44.6350	3.7599	0.1068	0.1406	0.0000	6.8000
dPolE	536.595	90.000	79.7901	1.0000	0.0000	6.8000
uR	536.595	90.000	0.0107	1.0000	0.0000	6.8000
E	538.210	90.000	45.3697	3.1889	0.1044	0.1370	0.0000	6.8000
dPolE	538.210	90.000	80.0331	1.0000	0.0000	6.8000
uR	538.210	90.000	0.0110	1.0000	0.0000	6.8000
E	539.824	90.000	44.7973	2.9136	0.1080	0.1417	0.0000	6.8000
dPolE	539.824	90.000	78.0271	1.0000	0.0000	6.8000
uR	539.824	90.000	0.0111	1.0000	0.0000	6.8000
E	541.439	90.000	45.1009	3.0628	0.1122	0.1474	0.0000	6.8000
dPolE	541.439	90.000	78.0002	1.0000	0.0000	6.8000
uR	541.439	90.000	0.0111	1.0000	0.0000	6.8000
E	543.053	90.000	44.9636	3.0985	0.1080	0.1418	0.0000	6.8000
dPolE	543.053	90.000	79.1047	1.0000	0.0000	6.8000
uR	543.053	90.000	0.0110	1.0000	0.0000	6.8000
E	544.668	90.000	44.8591	2.7619	0.1118	0.1465	0.0000	6.8000
dPolE	544.668	90.000	76.7177	1.0000	0.0000	6.8000
uR	544.668	90.000	0.0112	1.0000	0.0000	6.8000
E	546.282	90.000	44.4455	3.2330	0.1032	0.1347	0.0000	6.8000
dPolE	546.282	90.000	79.5351	1.0000	0.0000	6.8000
uR	546.282	90.000	0.0111	1.0000	0.0000	6.8000
E	547.896	90.000	44.8827	3.1182	0.1114	0.1442	0.0000	6.8000
dPolE	547.896	90.000	78.3528	1.0000	0.0000	6.8000
uR	547.896	90.000	0.0111	1.0000	0.0000	6.8000
E	549.511	90.000	45.1649	2.7960	0.1119	0.1435	0.0000	6.8000
dPolE	549.511	90.000	79.0931	1.0000	0.0000	6.8000
uR	549.511	90.000	0.0109	1.0000	0.0000	6.8000
E	551.125	90.000	45.0136	2.8902	0.1114	0.1414	0.0000	6.8000
dPolE	551.125	90.000	77.4955	1.0000	0.0000	6.8000
uR	551.125	90.000	0.0114	1.0000	0.0000	6.8000
E	552.739	90.000	45.2460	2.8084	0.1110	0.1396	0.0000	6.8000
dPolE	552.739	90.000	76.3658	1.0000	0.0000	6.8000
uR	552.739	90.000	0.0113	1.0000	0.0000	6.8000
E	554.353	90.000	44.8491	2.5691	0.1104	0.1380	0.0000	6.8000
dPolE	554.353	90.000	78.3561	1.0000	0.0000	6.8000
uR	554.353	90.000	0.0111	1.0000	0.0000	6.8000
E	555.968	90.000	44.7538	2.4530	0.1125	0.1399	0.0000	6.8000
dPolE	555.968	90.000	76.7801	1.0000	0.0000	6.8000
uR	555.968	90.000	0.0110	1.0000	0.0000	6.8000
E	557.582	90.000	45.2735	2.7634	0.1179	0.1462	0.0000	6.8000
dPolE	557.582	90.000	75.5503	1.0000	0.0000	6.8000
uR	557.582	90.000	0.0111	1.0000	0.0000	6.8000
E	559.196	90.000	44.9250	3.0912	0.1165	0.1443	0.0000	6.8000
dPolE	559.196	90.000	75.7593	1.0000	0.0000	6.8000
uR	559.196	90.000	0.0114	1.0000	0.0000	6.8000
E	560.810	90.000	44.8950	2.1343	0.1102	0.1364	0.0000	6.8000
dPolE	560.810	90.000	77.4660	1.0000	0.0000	6.8000
uR	560.810	90.000	0.0112	1.0000	0.0000	6.8000
E	562.424	90.000	45.4178	2.4977	0.1118	0.1386	0.0000	6.8000
dPolE	562.424	90.000	75.2099	1.0000	0.0000	6.8000
uR	562.424	90.000	0.0114	1.0000	0.0000	6.8000
E	564.038	90.000	45.2487	2.3057	0.1189	0.1472	0.0000	6.8000
dPolE	564.038	90.000	74.7674	1.0000	0.0000	6.8000
uR	564.038	90.000	0.0112	1.0000	0.0000	6.8000
E	565.651	90.000	45.1815	3.0403	0.1111	0.1375	0.0000	6.8000
dPolE	565.651	90.000	77.3213	1.0000	0.0000	6.8000
uR	565.651	90.000	0.0112	1.0000	0.0000	6.8000
E	567.265	90.000	44.9562	3.1757	0.1150	0.1416	0.0000	6.8000
dPolE	567.265	90.000	75.2494	1.0000	0.0000	6.8000
uR	567.265	90.000	0.0112	1.0000	0.0000	6.8000
E	568.879	90.000	45.0406	2.1817	0.1141	0.1394	0.0000	6.8000
dPolE	568.879	90.000	74.3202	1.0000	0.0000	6.8000
uR	568.879	90.000	0.0115	1.0000	0.0000	6.8000
E	570.493	90.000	44.8004	2.5775	0.1162	0.1410	0.0000	6.8000
dPolE	570.493	90.000	74.1055	1.0000	0.0000	6.8000
uR	570.493	90.000	0.0114	1.0000	0.0000	6.8000
E	572.106	90.000	44.8497	2.0673	0.1165	0.1400	0.0000	6.8000
dPolE	572.106	90.000	73.0226	1.0000	0.0000	6.8000
uR	572.106	90.000	0.0113	1.0000	0.0000	6.8000
E	573.720	90.000	44.7187	3.3149	0.1207	0.1441	0.0000	6.8000
dPolE	573.720	90.000	73.2419	1.0000	0.0000	6.8000
uR	573.720	90.000	0.0112	1.0000	0.0000	6.8000
E	575.333	90.000	44.5519	2.3128	0.1181	0.1396	0.0000	6.8000
dPolE	575.333	90.000	73.0764	1.0000	0.0000	6.8000
uR	575.333	90.000	0.0116	1.0000	0.0000	6.8000
E	576.947	90.000	45.3658	2.7583	0.1136	0.1335	0.0000	6.8000
dPolE	576.947	90.000	74.2491	1.0000	0.0000	6.8000
uR	576.947	90.000	0.0115	1.0000	0.0000	6.8000
E	578.560	90.000	44.5107	2.1809	0.1211	0.1417	0.0000	6.8000
dPolE	578.560	90.000	74.2063	1.0000	0.0000	6.8000
uR	578.560	90.000	0.0114	1.0000	0.0000	6.8000
E	580.174	90.000	44.9285	2.2548	0.1239	0.1444	0.0000	6.8000
dPolE	580.174	90.000	72.5031	1.0000	0.0000	6.8000
uR	580.174	90.000	0.0116	1.0000	0.0000	6.8000
E	581.787	90.000	45.1153	2.6008	0.1180	0.1376	0.0000	6.8000
dPolE	581.787	90.000	73.3814	1.0000	0.0000	6.8000
uR	581.787	90.000	0.0117	1.0000	0.0000	6.8000
E	583.400	90.000	44.1846	2.1466	0.1198	0.1396	0.0000	6.8000
dPolE	583.400	90.000	73.0012	1.0000	0.0000	6.8000
uR	583.400	90.000	0.0118	1.0000	0.0000	6.8000
E	585.014	90.000	45.0501	2.6783	0.1234	0.1440	0.0000	6.8000
dPolE	585.014	90.000	72.3794	1.0000	0.0000	6.8000
uR	585.014	90.000	0.0116	1.0000	0.0000	6.8000
E	586.627	90.000	44.7528	2.2433	0.1170	0.1363	0.0000	6.8000
dPolE	586.627	90.000	71.8230	1.0000	0.0000	6.8000
uR	586.627	90.000	0.0118	1.0000	0.0000	6.8000
E	588.240	90.000	45.2844	2.4532	0.1142	0.1327	0.0000	6.8000
dPolE	588.240	90.000	72.5480	1.0000	0.0000	6.8000
uR	588.240	90.000	0.0117	1.0000	0.0000	6.8000
E	589.853	90.000	45.3168	2.0431	0.1203	0.1394	0.0000	6.8000
dPolE	589.853	90.000	71.3495	1.0000	0.0000	6.8000
uR	589.853	90.000	0.0117	1.0000	0.0000	6.8000
E	591.466	90.000	44.6442	2.4307	0.1198	0.1380	0.0000	6.8000
dPolE	591.466	90.000	73.1820	1.0000	0.0000	6.8000
uR	591.466	90.000	0.0115	1.0000	0.0000	6.8000
E	593.079	90.000	45.3170	1.7019	0.1190	0.1362	0.0000	6.8000
dPolE	593.079	90.000	71.2788	1.0000	0.0000	6.8000
uR	593.079	90.000	0.0117	1.0000	0.0000	6.8000
E	594.692	90.000	45.0444	2.0827	0.1265	0.1435	0.0000	6.8000
dPolE	594.692	90.000	71.4623	1.0000	0.0000	6.8000
uR	594.692	90.000	0.0118	1.0000	0.0000	6.8000
E	596.305	90.000	44.8155	1.9389	0.1296	0.1458	0.0000	6.8000
dPolE	596.305	90.000	71.8016	1.0000	0.0000	6.8000
uR	596.305	90.000	0.0117	1.0000	0.0000	6.8000
E	597.918	90.000	44.9400	1.9496	0.1236	0.1380	0.0000	6.8000
dPolE	597.918	90.000	73.5765	1.0000	0.0000	6.8000
uR	597.918	90.000	0.0119	1.0000	0.0000	6.8000
E	599.530	90.000	44.8841	2.4708	0.1251	0.1389	0.0000	6.8000
dPolE	599.530	90.000	71.5193	1.0000	0.0000	6.8000
uR	599.530	90.000	0.0119	1.0000	0.0000	6.8000
E	601.143	90.000	44.9828	2.4439	0.1276	0.1411	0.0000	6.8000
dPolE	601.143	90.000	71.4642	1.0000	0.0000	6.8000
uR	601.143	90.000	0.0118	1.0000	0.0000	6.8000
E	602.755	90.000	44.8538	1.9302	0.1334	0.1467	0.0000	6.8000
dPolE	602.755	90.000	70.6137	1.0000	0.0000	6.8000
uR	602.755	90.000	0.0119	1.0000	0.0000	6.8000
E	604.368	90.000	45.3189	2.2229	0.1284	0.1407	0.0000	6.8000
dPolE	604.368	90.000	72.3980	1.0000	0.0000	6.8000
uR	604.368	90.000	0.0117	1.0000	0.0000	6.8000
E	605.981	90.000	45.1321	1.9691	0.1229	0.1347	0.0000	6.8000
dPolE	605.981	90.000	71.6429	1.0000	0.0000	6.8000
uR	605.981	90.000	0.0120	1.0000	0.0000	6.8000
E	607.593	90.000	44.6182	2.4126	0.1334	0.1464	0.0000	6.8000
dPolE	607.593	90.000	71.5496	1.0000	0.0000	6.8000
uR	607.593	90.000	0.0118	1.0000	0.0000	6.8000
E	609.205	90.000	44.7728	2.3362	0.1274	0.1396	0.0000	6.8000
dPolE	609.205	90.000	69.8958	1.0000	0.0000	6.8000
uR	609.205	90.000	0.0118	1.0000	0.0000	6.8000
E	610.818	90.000	45.1867	2.4429	0.1274	0.1397	0.0000	6.8000
dPolE	610.818	90.000	73.2643	1.0000	0.0000	6.8000
uR	610.818	90.000	0.0118	1.0000	0.0000	6.8000
E	612.430	90.000	45.0660	2.1794	0.1335	0.1460	0.0000	6.8000
dPolE	612.430	90.000	68.8132	1.0000	0.0000	6.8000
uR	612.430	90.000	0.0121	1.0000	0.0000	6.8000
E	614.042	90.000	44.8938	1.8574	0.1241	0.1353	0.0000	6.8000
dPolE	614.042	90.000	73.0992	1.0000	0.0000	6.8000
uR	614.042	90.000	0.0116	1.0000	0.0000	6.8000
E	615.654	90.000	44.8667	1.5167	0.1302	0.1412	0.0000	6.8000
dPolE	615.654	90.000	67.8245	1.0000	0.0000	6.8000
uR	615.654	90.000	0.0119	1.0000	0.0000	6.8000
E	617.266	90.000	44.8452	1.8177	0.1278	0.1379	0.0000	6.8000
dPolE	617.266	90.000	69.9069	1.0000	0.0000	6.8000
uR	617.266	90.000	0.0122	1.0000	0.0000	6.8000
E	618.878	90.000	44.9859	1.9685	0.1268	0.1360	0.0000	6.8000
dPolE	618.878	90.000	70.3105	1.0000	0.0000	6.8000
uR	618.878	90.000	0.0119	1.0000	0.0000	6.8000
E	620.490	90.000	45.0761	1.6209	0.1302	0.1386	0.0000	6.8000
dPolE	620.490	90.000	67.0241	1.0000	0.0000	6.8000
uR	620.490	90.000	0.0120	1.0000	0.0000	6.8000
E	622.102	90.000	45.1347	1.7615	0.1326	0.1401	0.0000	6.8000
dPolE	622.102	90.000	68.0094	1.0000	0.0000	6.8000
uR	622.102	90.000	0.0119	1.0000	0.0000	6.8000
E	623.714	90.000	44.7347	2.0384	0.1341	0.1406	0.0000	6.8000
dPolE	623.714	90.000	67.6179	1.0000	0.0000	6.8000
uR	623.714	90.000	0.0120	1.0000	0.0000	6.8000
E	625.325	90.000	44.7522	1.9255	0.1307	0.1362	0.0000	6.8000
dPolE	625.325	90.000	70.8029	1.0000	0.0000	6.8000
uR	625.325	90.000	0.0120	1.0000	0.0000	6.8000
E	626.937	90.000	44.9828	2.0440	0.1364	0.1414	0.0000	6.8000
dPolE	626.937	90.000	65.7087	1.0000	0.0000	6.8000
uR	626.937	90.000	0.0123	1.0000	0.0000	6.8000
E	628.548	90.000	45.1058	1.6559	0.1418	0.1463	0.0000	6.8000
dPolE	628.548	90.000	68.7284	1.0000	0.0000	6.8000
uR	628.548	90.000	0.0117	1.0000	0.0000	6.8000
E	630.160	90.000	44.9891	1.7154	0.1404	0.1444	0.0000	6.8000
dPolE	630.160	90.000	68.4971	1.0000	0.0000	6.8000
uR	630.160	90.000	0.0117	1.0000	0.0000	6.8000
E	631.771	90.000	45.0146	1.6500	0.1362	0.1401	0.0000	6.8000
dPolE	631.771	90.000	67.8270	1.0000	0.0000	6.8000
uR	631.771	90.000	0.0120	1.0000	0.0000	6.8000
E	633.383	90.000	44.9328	1.5029	0.1326	0.1362	0.0000	6.8000
dPolE	633.383	90.000	68.9505	1.0000	0.0000	6.8000
uR	633.383	90.000	0.0120	1.0000	0.0000	6.8000
E	634.994	90.000	44.9729	1.9929	0.1372	0.1410	0.0000	6.8000
dPolE	634.994	90.000	65.0665	1.0000	0.0000	6.8000
uR	634.994	90.000	0.0122	1.0000	0.0000	6.8000
E	636.605	90.000	44.8087	1.5406	0.1471	0.1510	0.0000	6.8000
dPolE	636.605	90.000	68.7165	1.0000	0.0000	6.8000
uR	636.605	90.000	0.0120	1.0000	0.0000	6.8000
E	638.216	90.000	44.2498	1.6208	0.1388	0.1425	0.0000	6.8000
dPolE	638.216	90.000	69.1541	1.0000	0.0000	6.8000
uR	638.216	90.000	0.0121	1.0000	0.0000	6.8000
E	639.827	90.000	44.8618	1.8746	0.1429	0.1464	0.0000	6.8000
dPolE	639.827	90.000	68.6838	1.0000	0.0000	6.8000
uR	639.827	90.000	0.0122	1.0000	0.0000	6.8000
E	641.438	90.000	44.6714	1.8356	0.1370	0.1399	0.0000	6.8000
dPolE	641.438	90.000	72.1338	1.0000	0.0000	6.8000
uR	641.438	90.000	0.0118	1.0000	0.0000	6.8000
E	643.049	90.000	45.1915	1.6769	0.1385	0.1410	0.0000	6.8000
dPolE	643.049	90.000	66.6754	1.0000	0.0000	6.8000
uR	643.049	90.000	0.0120	1.0000	0.0000	6.8000
E	644.660	90.000	45.3386	2.0128	0.1511	0.1531	0.0000	6.8000
dPolE	644.660	90.000	65.8987	1.0000	0.0000	6.8000
uR	644.660	90.000	0.0120	1.0000	0.0000	6.8000
E	646.271	90.000	45.4924	1.1389	0.1467	0.1475	0.0000	6.8000
dPolE	646.271	90.000	68.8567	1.0000	0.0000	6.8000
uR	646.271	90.000	0.0118	1.0000	0.0000	6.8000
E	647.881	90.000	45.2292	1.6773	0.1437	0.1437	0.0000	6.8000
dPolE	647.881	90.000	65.1977	1.0000	0.0000	6.8000
uR	647.881	90.000	0.0120	1.0000	0.0000	6.8000
E	649.492	90.000	45.0584	1.6757	0.1508	0.1497	0.0000	6.8000
dPolE	649.492	90.000	65.0088	1.0000	0.0000	6.8000
uR	649.492	90.000	0.0119	1.0000	0.0000	6.8000
E	651.103	90.000	44.9380	1.8699	0.1488	0.1467	0.0000	6.8000
dPolE	651.103	90.000	65.8202	1.0000	0.0000	6.8000
uR	651.103	90.000	0.0118	1.0000	0.0000	6.8000
E	652.713	90.000	45.3761	1.5796	0.1439	0.1411	0.0000	6.8000
dPolE	652.713	90.000	66.5874	1.0000	0.0000	6.8000
uR	652.713	90.000	0.0123	1.0000	0.0000	6.8000
E	654.323	90.000	45.0103	1.6009	0.1535	0.1494	0.0000	6.8000
dPolE	654.323	90.000	67.0773	1.0000	0.0000	6.8000
uR	654.323	90.000	0.0122	1.0000	0.0000	6.8000
E	655.934	90.000	45.6890	2.0155	0.1514	0.1470	0.0000	6.8000
dPolE	655.934	90.000	67.7342	1.0000	0.0000	6.8000
uR	655.934	90.000	0.0120	1.0000	0.0000	6.8000
E	657.544	90.000	44.6634	1.7907	0.1513	0.1462	0.0000	6.8000
dPolE	657.544	90.000	68.7729	1.0000	0.0000	6.8000
uR	657.544	90.000	0.0117	1.0000	0.0000	6.8000
E	659.154	90.000	44.9981	1.3223	0.1556	0.1501	0.0000	6.8000
dPolE	659.154	90.000	69.1134	1.0000	0.0000	6.8000
uR	659.154	90.000	0.0120	1.0000	0.0000	6.8000
E	660.764	90.000	45.2148	1.9502	0.1536	0.1480	0.0000	6.8000
dPolE	660.764	90.000	66.4217	1.0000	0.0000	6.8000
uR	660.764	90.000	0.0123	1.0000	0.0000	6.8000
E	662.374	90.000	45.3077	1.5337	0.1480	0.1425	0.0000	6.8000
dPolE	662.374	90.000	67.7112	1.0000	0.0000	6.8000
uR	662.374	90.000	0.0123	1.0000	0.0000	6.8000
E	663.984	90.000	44.9819	1.1280	0.1519	0.1459	0.0000	6.8000
dPolE	663.984	90.000	68.9402	1.0000	0.0000	6.8000
uR	663.984	90.000	0.0119	1.0000	0.0000	6.8000
E	665.594	90.000	45.2323	1.8565	0.1545	0.1486	0.0000	6.8000
dPolE	665.594	90.000	68.1657	1.0000	0.0000	6.8000
uR	665.594	90.000	0.0122	1.0000	0.0000	6.8000
E	667.204	90.000	45.1777	1.5131	0.1493	0.1435	0.0000	6.8000
dPolE	667.204	90.000	69.3889	1.0000	0.0000	6.8000
uR	667.204	90.000	0.0117	1.0000	0.0000	6.8000
E	668.813	90.000	44.7976	1.5154	0.1500	0.1439	0.0000	6.8000
dPolE	668.813	90.000	64.8698	1.0000	0.0000	6.8000
uR	668.813	90.000	0.0119	1.0000	0.0000	6.8000
E	670.423	90.000	44.8653	2.2478	0.1570	0.1504	0.0000	6.8000
dPolE	670.423	90.000	65.8812	1.0000	0.0000	6.8000
uR	670.423	90.000	0.0118	1.0000	0.0000	6.8000
E	672.032	90.000	44.8447	1.5864	0.1568	0.1498	0.0000	6.8000
dPolE	672.032	90.000	65.3728	1.0000	0.0000	6.8000
uR	672.032	90.000	0.0119	1.0000	0.0000	6.8000
E	673.642	90.000	44.4086	1.0818	0.1647	0.1568	0.0000	6.8000
dPolE	673.642	90.000	64.0121	1.0000	0.0000	6.8000
uR	673.642	90.000	0.0118	1.0000	0.0000	6.8000
E	675.251	90.000	45.3249	1.1712	0.1538	0.1457	0.0000	6.8000
dPolE	675.251	90.000	66.5438	1.0000	0.0000	6.8000
uR	675.251	90.000	0.0121	1.0000	0.0000	6.8000
E	676.860	90.000	45.1850	1.4806	0.1593	0.1501	0.0000	6.8000
dPolE	676.860	90.000	63.0886	1.0000	0.0000	6.8000
uR	676.860	90.000	0.0123	1.0000	0.0000	6.8000
E	678.469	90.000	44.9723	1.3082	0.1667	0.1560	0.0000	6.8000
dPolE	678.469	90.000	64.5428	1.0000	0.0000	6.8000
uR	678.469	90.000	0.0119	1.0000	0.0000	6.8000
E	680.079	90.000	45.0714	1.1025	0.1674	0.1557	0.0000	6.8000
dPolE	680.079	90.000	63.8774	1.0000	0.0000	6.8000
uR	680.079	90.000	0.0118	1.0000	0.0000	6.8000
E	681.688	90.000	45.5107	1.6215	0.1566	0.1448	0.0000	6.8000
dPolE	681.688	90.000	66.2290	1.0000	0.0000	6.8000
uR	681.688	90.000	0.0117	1.0000	0.0000	6.8000
E	683.296	90.000	45.1227	1.6481	0.1624	0.1492	0.0000	6.8000
dPolE	683.296	90.000	59.6432	1.0000	0.0000	6.8000
uR	683.296	90.000	0.0121	1.0000	0.0000	6.8000
E	684.905	90.000	44.7946	1.3668	0.1607	0.1467	0.0000	6.8000
dPolE	684.905	90.000	59.6957	1.0000	0.0000	6.8000
uR	684.905	90.000	0.0118	1.0000	0.0000	6.8000
E	686.514	90.000	45.4177	0.9883	0.1620	0.1470	0.0000	6.8000
dPolE	686.514	90.000	60.7557	1.0000	0.0000	6.8000
uR	686.514	90.000	0.0116	1.0000	0.0000	6.8000
E	688.123	90.000	45.1520	0.8938	0.1577	0.1426	0.0000	6.8000
dPolE	688.123	90.000	62.9893	1.0000	0.0000	6.8000
uR	688.123	90.000	0.0116	1.0000	0.0000	6.8000
E	689.731	90.000	44.5549	1.5361	0.1553	0.1401	0.0000	6.8000
dPolE	689.731	90.000	56.3134	1.0000	0.0000	6.8000
uR	689.731	90.000	0.0121	1.0000	0.0000	6.8000
E	691.340	90.000	44.6189	1.3626	0.1492	0.1341	0.0000	6.8000
dPolE	691.340	90.000	63.7500	1.0000	0.0000	6.8000
uR	691.340	90.000	0.0119	1.0000	0.0000	6.8000
E	692.948	90.000	45.0296	1.7296	0.1695	0.1522	0.0000	6.8000
dPolE	692.948	90.000	58.5812	1.0000	0.0000	6.8000
uR	692.948	90.000	0.0123	1.0000	0.0000	6.8000
E	694.556	90.000	45.2626	1.4097	0.1728	0.1550	0.0000	6.8000
dPolE	694.556	90.000	63.7325	1.0000	0.0000	6.8000
uR	694.556	90.000	0.0119	1.0000	0.0000	6.8000
E	696.164	90.000	44.9462	1.0590	0.1754	0.1573	0.0000	6.8000
dPolE	696.164	90.000	65.8717	1.0000	0.0000	6.8000
uR	696.164	90.000	0.0119	1.0000	0.0000	6.8000
E	697.772	90.000	44.4399	1.1181	0.1831	0.1642	0.0000	6.8000
dPolE	697.772	90.000	64.2764	1.0000	0.0000	6.8000
uR	697.772	90.000	0.0121	1.0000	0.0000	6.8000
E	699.380	90.000	44.6157	1.4685	0.1768	0.1586	0.0000	6.8000
dPolE	699.380	90.000	67.8831	1.0000	0.0000	6.8000
uR	699.380	90.000	0.0117	1.0000	0.0000	6.8000
E	700.988	90.000	44.9833	1.2218	0.1805	0.1615	0.0000	6.8000
dPolE	700.988	90.000	66.0618	1.0000	0.0000	6.8000
uR	700.988	90.000	0.0118	1.0000	0.0000	6.8000
E	702.596	90.000	45.3989	1.5833	0.1856	0.1659	0.0000	6.8000
dPolE	702.596	90.000	66.8847	1.0000	0.0000	6.8000
uR	702.596	90.000	0.0116	1.0000	0.0000	6.8000
E	704.204	90.000	44.8672	0.7219	0.1809	0.1613	0.0000	6.8000
dPolE	704.204	90.000	67.2182	1.0000	0.0000	6.8000
uR	704.204	90.000	0.0115	1.0000	0.0000	6.8000
E	705.811	90.000	45.0605	0.5618	0.1926	0.1708	0.0000	6.8000
dPolE	705.811	90.000	68.7270	1.0000	0.0000	6.8000
uR	705.811	90.000	0.0114	1.0000	0.0000	6.8000
E	707.419	90.000	44.4880	0.9254	0.1849	0.1637	0.0000	6.8000
dPolE	707.419	90.000	66.4505	1.0000	0.0000	6.8000
uR	707.419	90.000	0.0121	1.0000	0.0000	6.8000
E	709.026	90.000	44.9708	1.0684	0.1814	0.1600	0.0000	6.8000
dPolE	709.026	90.000	66.3207	1.0000	0.0000	6.8000
uR	709.026	90.000	0.0114	1.0000	0.0000	6.8000
E	710.634	90.000	44.7470	0.9672	0.1778	0.1562	0.0000	6.8000
dPolE	710.634	90.000	64.4409	1.0000	0.0000	6.8000
uR	710.634	90.000	0.0123	1.0000	0.0000	6.8000
E	712.241	90.000	44.8969	1.5364	0.1811	0.1584	0.0000	6.8000
dPolE	712.241	90.000	62.8790	1.0000	0.0000	6.8000
uR	712.241	90.000	0.0134	1.0000	0.0000	6.8000
E	713.848	90.000	44.4167	1.2761	0.2144	0.1863	0.0000	6.8000
dPolE	713.848	90.000	66.4753	1.0000	0.0000	6.8000
uR	713.848	90.000	0.0130	1.0000	0.0000	6.8000
E	715.455	90.000	45.2867	0.4727	0.2131	0.1838	0.0000	6.8000
dPolE	715.455	90.000	74.6002	1.0000	0.0000	6.8000
uR	715.455	90.000	0.0103	1.0000	0.0000	6.8000
E	717.062	90.000	45.9903	1.2082	0.2158	0.1855	0.0000	6.8000
dPolE	717.062	90.000	72.3504	1.0000	0.0000	6.8000
uR	717.062	90.000	0.0099	1.0000	0.0000	6.8000
E	718.669	90.000	44.6819	0.8350	0.1842	0.1575	0.0000	6.8000
dPolE	718.669	90.000	69.9051	1.0000	0.0000	6.8000
uR	718.669	90.000	0.0106	1.0000	0.0000	6.8000
E	720.276	90.000	44.7468	1.2888	0.1904	0.1622	0.0000	6.8000
dPolE	720.276	90.000	68.4193	1.0000	0.0000	6.8000
uR	720.276	90.000	0.0119	1.0000	0.0000	6.8000
E	721.882	90.000	45.3474	1.6997	0.1968	0.1669	0.0000	6.8000
dPolE	721.882	90.000	70.8389	1.0000	0.0000	6.8000
uR	721.882	90.000	0.0119	1.0000	0.0000	6.8000
E	723.489	90.000	44.6401	1.2757	0.2237	0.1887	0.0000	6.8000
dPolE	723.489	90.000	66.2516	1.0000	0.0000	6.8000
uR	723.489	90.000	0.0118	1.0000	0.0000	6.8000
E	725.095	90.000	45.0320	0.4073	0.2140	0.1799	0.0000	6.8000
dPolE	725.095	90.000	70.3964	1.0000	0.0000	6.8000
uR	725.095	90.000	0.0114	1.0000	0.0000	6.8000
E	726.701	90.000	45.1453	0.7678	0.2162	0.1813	0.0000	6.8000
dPolE	726.701	90.000	70.5559	1.0000	0.0000	6.8000
uR	726.701	90.000	0.0110	1.0000	0.0000	6.8000
E	728.308	90.000	45.4831	1.5221	0.2128	0.1785	0.0000	6.8000
dPolE	728.308	90.000	69.8484	1.0000	0.0000	6.8000
uR	728.308	90.000	0.0110	1.0000	0.0000	6.8000
E	729.914	90.000	44.5527	0.8132	0.2096	0.1750	0.0000	6.8000
dPolE	729.914	90.000	66.6216	1.0000	0.0000	6.8000
uR	729.914	90.000	0.0112	1.0000	0.0000	6.8000
E	731.520	90.000	44.5812	1.7486	0.2039	0.1706	0.0000	6.8000
dPolE	731.520	90.000	66.0990	1.0000	0.0000	6.8000
uR	731.520	90.000	0.0112	1.0000	0.0000	6.8000
E	733.126	90.000	45.1916	0.9071	0.1917	0.1602	0.0000	6.8000
dPolE	733.126	90.000	62.6943	1.0000	0.0000	6.8000
uR	733.126	90.000	0.0118	1.0000	0.0000	6.8000
E	734.732	90.000	45.3285	1.5564	0.2033	0.1700	0.0000	6.8000
dPolE	734.732	90.000	60.2982	1.0000	0.0000	6.8000
uR	734.732	90.000	0.0120	1.0000	0.0000	6.8000
E	736.337	90.000	45.3514	0.3185	0.1926	0.1607	0.0000	6.8000
dPolE	736.337	90.000	66.0652	1.0000	0.0000	6.8000
uR	736.337	90.000	0.0120	1.0000	0.0000	6.8000
E	737.943	90.000	45.5138	0.9272	0.2049	0.1711	0.0000	6.8000
dPolE	737.943	90.000	65.2170	1.0000	0.0000	6.8000
uR	737.943	90.000	0.0120	1.0000	0.0000	6.8000
E	739.548	90.000	45.2590	1.0008	0.2102	0.1748	0.0000	6.8000
dPolE	739.548	90.000	60.7334	1.0000	0.0000	6.8000
uR	739.548	90.000	0.0121	1.0000	0.0000	6.8000
E	741.154	90.000	45.2090	1.3978	0.2038	0.1696	0.0000	6.8000
dPolE	741.154	90.000	62.4585	1.0000	0.0000	6.8000
uR	741.154	90.000	0.0120	1.0000	0.0000	6.8000
E	742.759	90.000	44.7975	1.3958	0.2077	0.1722	0.0000	6.8000
dPolE	742.759	90.000	60.1866	1.0000	0.0000	6.8000
uR	742.759	90.000	0.0123	1.0000	0.0000	6.8000
E	744.364	90.000	45.0943	1.3788	0.2032	0.1678	0.0000	6.8000
dPolE	744.364	90.000	61.5612	1.0000	0.0000	6.8000
uR	744.364	90.000	0.0121	1.0000	0.0000	6.8000
E	745.969	90.000	44.9086	1.7462	0.2049	0.1687	0.0000	6.8000
dPolE	745.969	90.000	63.9922	1.0000	0.0000	6.8000
uR	745.969	90.000	0.0121	1.0000	0.0000	6.8000
E	747.574	90.000	44.6234	1.0397	0.2276	0.1864	0.0000	6.8000
dPolE	747.574	90.000	68.0736	1.0000	0.0000	6.8000
uR	747.574	90.000	0.0112	1.0000	0.0000	6.8000
E	749.179	90.000	45.3748	0.9610	0.2107	0.1718	0.0000	6.8000
dPolE	749.179	90.000	68.5796	1.0000	0.0000	6.8000
uR	749.179	90.000	0.0114	1.0000	0.0000	6.8000
E	750.784	90.000	44.9475	0.5467	0.2305	0.1870	0.0000	6.8000
dPolE	750.784	90.000	64.3445	1.0000	0.0000	6.8000
uR	750.784	90.000	0.0113	1.0000	0.0000	6.8000
E	752.388	90.000	44.9014	0.5191	0.2253	0.1817	0.0000	6.8000
dPolE	752.388	90.000	67.4996	1.0000	0.0000	6.8000
uR	752.388	90.000	0.0114	1.0000	0.0000	6.8000
E	753.993	90.000	45.4471	1.3067	0.2246	0.1805	0.0000	6.8000
dPolE	753.993	90.000	64.5051	1.0000	0.0000	6.8000
uR	753.993	90.000	0.0123	1.0000	0.0000	6.8000
E	755.597	90.000	45.5191	1.1469	0.2364	0.1889	0.0000	6.8000
dPolE	755.597	90.000	61.9674	1.0000	0.0000	6.8000
uR	755.597	90.000	0.0124	1.0000	0.0000	6.8000
E	757.202	90.000	45.2748	0.4339	0.2178	0.1734	0.0000	6.8000
dPolE	757.202	90.000	65.3055	1.0000	0.0000	6.8000
uR	757.202	90.000	0.0121	1.0000	0.0000	6.8000
E	758.806	90.000	44.3064	1.1055	0.2094	0.1658	0.0000	6.8000
dPolE	758.806	90.000	65.0338	1.0000	0.0000	6.8000
uR	758.806	90.000	0.0122	1.0000	0.0000	6.8000
E	760.410	90.000	44.3368	0.7356	0.2145	0.1692	0.0000	6.8000
dPolE	760.410	90.000	62.2323	1.0000	0.0000	6.8000
uR	760.410	90.000	0.0122	1.0000	0.0000	6.8000
E	762.014	90.000	44.9623	0.9686	0.1980	0.1552	0.0000	6.8000
dPolE	762.014	90.000	59.8879	1.0000	0.0000	6.8000
uR	762.014	90.000	0.0123	1.0000	0.0000	6.8000
E	763.618	90.000	44.9235	0.9205	0.1803	0.1411	0.0000	6.8000
dPolE	763.618	90.000	47.5685	1.0000	0.0000	6.8000
uR	763.618	90.000	0.0130	1.0000	0.0000	6.8000
E	765.221	90.000	44.8222	0.8632	0.1650	0.1290	0.0000	6.8000
dPolE	765.221	90.000	45.6565	1.0000	0.0000	6.8000
uR	765.221	90.000	0.0131	1.0000	0.0000	6.8000
E	766.825	90.000	44.9185	0.6173	0.1783	0.1390	0.0000	6.8000
dPolE	766.825	90.000	45.8892	1.0000	0.0000	6.8000
uR	766.825	90.000	0.0126	1.0000	0.0000	6.8000
E	768.429	90.000	45.1933	0.8095	0.1952	0.1518	0.0000	6.8000
dPolE	768.429	90.000	52.4712	1.0000	0.0000	6.8000
uR	768.429	90.000	0.0127	1.0000	0.0000	6.8000
E	770.032	90.000	45.6491	1.0713	0.2210	0.1719	0.0000	6.8000
dPolE	770.032	90.000	63.7805	1.0000	0.0000	6.8000
uR	770.032	90.000	0.0126	1.0000	0.0000	6.8000
E	771.635	90.000	44.4878	0.6555	0.2405	0.1869	0.0000	6.8000
dPolE	771.635	90.000	64.7131	1.0000	0.0000	6.8000
uR	771.635	90.000	0.0128	1.0000	0.0000	6.8000
E	773.238	90.000	44.2893	1.0506	0.2513	0.1953	0.0000	6.8000
dPolE	773.238	90.000	65.5448	1.0000	0.0000	6.8000
uR	773.238	90.000	0.0128	1.0000	0.0000	6.8000
E	774.841	90.000	44.7017	1.1328	0.2544	0.1976	0.0000	6.8000
dPolE	774.841	90.000	69.4305	1.0000	0.0000	6.8000
uR	774.841	90.000	0.0123	1.0000	0.0000	6.8000
E	776.444	90.000	45.2312	0.8672	0.2767	0.2146	0.0000	6.8000
dPolE	776.444	90.000	74.3003	1.0000	0.0000	6.8000
uR	776.444	90.000	0.0119	1.0000	0.0000	6.8000
E	778.047	90.000	45.3074	1.6176	0.2705	0.2093	0.0000	6.8000
dPolE	778.047	90.000	74.6914	1.0000	0.0000	6.8000
uR	778.047	90.000	0.0117	1.0000	0.0000	6.8000
E	779.650	90.000	45.0874	0.6661	0.2584	0.1995	0.0000	6.8000
dPolE	779.650	90.000	78.3170	1.0000	0.0000	6.8000
uR	779.650	90.000	0.0110	1.0000	0.0000	6.8000
E	781.252	90.000	44.7125	1.2705	0.2814	0.2178	0.0000	6.8000
dPolE	781.252	90.000	74.8354	1.0000	0.0000	6.8000
uR	781.252	90.000	0.0114	1.0000	0.0000	6.8000
E	782.855	90.000	44.2413	1.1343	0.2599	0.2005	0.0000	6.8000
dPolE	782.855	90.000	78.0423	1.0000	0.0000	6.8000
uR	782.855	90.000	0.0119	1.0000	0.0000	6.8000
E	784.457	90.000	46.7345	0.8850	0.2757	0.2128	0.0000	6.8000
dPolE	784.457	90.000	72.7877	1.0000	0.0000	6.8000
uR	784.457	90.000	0.0123	1.0000	0.0000	6.8000
E	786.059	90.000	45.3940	1.4308	0.2730	0.2098	0.0000	6.8000
dPolE	786.059	90.000	73.6404	1.0000	0.0000	6.8000
uR	786.059	90.000	0.0121	1.0000	0.0000	6.8000
E	787.661	90.000	45.0190	0.5830	0.2465	0.1877	0.0000	6.8000
dPolE	787.661	90.000	72.1033	1.0000	0.0000	6.8000
uR	787.661	90.000	0.0117	1.0000	0.0000	6.8000
E	789.263	90.000	44.8478	0.9454	0.2312	0.1762	0.0000	6.8000
dPolE	789.263	90.000	71.9985	1.0000	0.0000	6.8000
uR	789.263	90.000	0.0117	1.0000	0.0000	6.8000
E	790.865	90.000	45.8789	1.2943	0.2414	0.1832	0.0000	6.8000
dPolE	790.865	90.000	67.6515	1.0000	0.0000	6.8000
uR	790.865	90.000	0.0115	1.0000	0.0000	6.8000
E	792.467	90.000	45.3467	0.4743	0.2587	0.1956	0.0000	6.8000
dPolE	792.467	90.000	65.5791	1.0000	0.0000	6.8000
uR	792.467	90.000	0.0116	1.0000	0.0000	6.8000
E	794.068	90.000	45.4439	0.7018	0.2555	0.1920	0.0000	6.8000
dPolE	794.068	90.000	71.4585	1.0000	0.0000	6.8000
uR	794.068	90.000	0.0116	1.0000	0.0000	6.8000
E	795.670	90.000	45.5625	0.9031	0.2625	0.1965	0.0000	6.8000
dPolE	795.670	90.000	69.9433	1.0000	0.0000	6.8000
uR	795.670	90.000	0.0122	1.0000	0.0000	6.8000
E	797.271	90.000	45.8297	0.6397	0.2497	0.1864	0.0000	6.8000
dPolE	797.271	90.000	65.7248	1.0000	0.0000	6.8000
uR	797.271	90.000	0.0130	1.0000	0.0000	6.8000
E	798.872	90.000	45.0953	0.2543	0.2532	0.1879	0.0000	6.8000
dPolE	798.872	90.000	61.7213	1.0000	0.0000	6.8000
uR	798.872	90.000	0.0128	1.0000	0.0000	6.8000
E	800.473	90.000	45.1647	1.2013	0.2529	0.1875	0.0000	6.8000
dPolE	800.473	90.000	68.0926	1.0000	0.0000	6.8000
uR	800.473	90.000	0.0122	1.0000	0.0000	6.8000
E	802.074	90.000	44.9881	0.4545	0.2799	0.2061	0.0000	6.8000
dPolE	802.074	90.000	66.9692	1.0000	0.0000	6.8000
uR	802.074	90.000	0.0125	1.0000	0.0000	6.8000
E	803.675	90.000	44.5518	0.9692	0.2695	0.1973	0.0000	6.8000
dPolE	803.675	90.000	71.9760	1.0000	0.0000	6.8000
uR	803.675	90.000	0.0124	1.0000	0.0000	6.8000
E	805.276	90.000	44.9972	0.5426	0.2696	0.1967	0.0000	6.8000
dPolE	805.276	90.000	68.5642	1.0000	0.0000	6.8000
uR	805.276	90.000	0.0126	1.0000	0.0000	6.8000
E	806.876	90.000	44.9299	0.6479	0.2730	0.1990	0.0000	6.8000
dPolE	806.876	90.000	72.3146	1.0000	0.0000	6.8000
uR	806.876	90.000	0.0118	1.0000	0.0000	6.8000
E	808.477	90.000	45.5351	0.0941	0.2736	0.1989	0.0000	6.8000
dPolE	808.477	90.000	69.5952	1.0000	0.0000	6.8000
uR	808.477	90.000	0.0118	1.0000	0.0000	6.8000
E	810.077	90.000	44.2493	0.6406	0.2697	0.1955	0.0000	6.8000
dPolE	810.077	90.000	66.9928	1.0000	0.0000	6.8000
uR	810.077	90.000	0.0127	1.0000	0.0000	6.8000
E	811.677	90.000	44.3577	1.3802	0.2624	0.1901	0.0000	6.8000
dPolE	811.677	90.000	69.0812	1.0000	0.0000	6.8000
uR	811.677	90.000	0.0127	1.0000	0.0000	6.8000
E	813.277	90.000	44.7019	0.6611	0.2596	0.1878	0.0000	6.8000
dPolE	813.277	90.000	70.1107	1.0000	0.0000	6.8000
uR	813.277	90.000	0.0118	1.0000	0.0000	6.8000
E	814.877	90.000	44.8619	0.0918	0.2672	0.1929	0.0000	6.8000
dPolE	814.877	90.000	69.6653	1.0000	0.0000	6.8000
uR	814.877	90.000	0.0112	1.0000	0.0000	6.8000
E	816.477	90.000	45.8350	0.9344	0.2629	0.1895	0.0000	6.8000
dPolE	816.477	90.000	59.5600	1.0000	0.0000	6.8000
uR	816.477	90.000	0.0120	1.0000	0.0000	6.8000
E	818.077	90.000	44.9396	1.4643	0.2275	0.1645	0.0000	6.8000
dPolE	818.077	90.000	52.9022	1.0000	0.0000	6.8000
uR	818.077	90.000	0.0119	1.0000	0.0000	6.8000
E	819.676	90.000	44.3786	0.8381	0.1635	0.1179	0.0000	6.8000
dPolE	819.676	90.000	40.3100	1.0000	0.0000	6.8000
uR	819.676	90.000	0.0113	1.0000	0.0000	6.8000
E	821.276	90.000	44.8036	1.0153	0.1076	0.0775	0.0000	6.8000
dPolE	821.276	90.000	21.8571	1.0000	0.0000	6.8000
uR	821.276	90.000	0.0112	1.0000	0.0000	6.8000
E	822.875	90.000	45.1698	0.7190	0.0735	0.0528	0.0000	6.8000
dPolE	822.875	90.000	13.9175	1.0000	0.0000	6.8000
uR	822.875	90.000	0.0127	1.0000	0.0000	6.8000
E	824.474	90.000	44.9780	0.6389	0.0651	0.0467	0.0000	6.8000
dPolE	824.474	90.000	12.4128	1.0000	0.0000	6.8000
uR	824.474	90.000	0.0133	1.0000	0.0000	6.8000
E	826.073	90.000	45.0362	0.6613	0.0707	0.0507	0.0000	6.8000
dPolE	826.073	90.000	12.6863	1.0000	0.0000	6.8000
uR	826.073	90.000	0.0127	1.0000	0.0000	6.8000
E	827.672	90.000	44.8620	0.8281	0.0848	0.0607	0.0000	6.8000
dPolE	827.672	90.000	17.9245	1.0000	0.0000	6.8000
uR	827.672	90.000	0.0124	1.0000	0.0000	6.8000
E	829.271	90.000	45.0629	0.7869	0.0932	0.0667	0.0000	6.8000
dPolE	829.271	90.000	20.5838	1.0000	0.0000	6.8000
uR	829.271	90.000	0.0129	1.0000	0.0000	6.8000
E	830.869	90.000	44.6980	0.6009	0.1172	0.0836	0.0000	6.8000
dPolE	830.869	90.000	28.7216	1.0000	0.0000	6.8000
uR	830.869	90.000	0.0122	1.0000	0.0000	6.8000
E	832.468	90.000	44.8482	0.8651	0.1479	0.1054	0.0000	6.8000
dPolE	832.468	90.000	39.7629	1.0000	0.0000	6.8000
uR	832.468	90.000	0.0120	1.0000	0.0000	6.8000
E	834.066	90.000	44.7598	0.7492	0.1439	0.1022	0.0000	6.8000
dPolE	834.066	90.000	38.5583	1.0000	0.0000	6.8000
uR	834.066	90.000	0.0119	1.0000	0.0000	6.8000
E	835.664	90.000	44.8254	0.8071	0.1363	0.0965	0.0000	6.8000
dPolE	835.664	90.000	37.5774	1.0000	0.0000	6.8000
uR	835.664	90.000	0.0122	1.0000	0.0000	6.8000
E	837.262	90.000	45.0983	0.8271	0.1583	0.1117	0.0000	6.8000
dPolE	837.262	90.000	40.8381	1.0000	0.0000	6.8000
uR	837.262	90.000	0.0125	1.0000	0.0000	6.8000
E	838.860	90.000	44.5153	1.0310	0.1803	0.1268	0.0000	6.8000
dPolE	838.860	90.000	49.3457	1.0000	0.0000	6.8000
uR	838.860	90.000	0.0124	1.0000	0.0000	6.8000
E	840.458	90.000	45.2712	1.0368	0.1942	0.1358	0.0000	6.8000
dPolE	840.458	90.000	55.1531	1.0000	0.0000	6.8000
uR	840.458	90.000	0.0130	1.0000	0.0000	6.8000
E	842.055	90.000	45.1481	1.0626	0.2003	0.1400	0.0000	6.8000
dPolE	842.055	90.000	55.7658	1.0000	0.0000	6.8000
uR	842.055	90.000	0.0141	1.0000	0.0000	6.8000
E	843.653	90.000	45.1932	0.0058	0.2413	0.1678	0.0000	6.8000
dPolE	843.653	90.000	57.9966	1.0000	0.0000	6.8000
uR	843.653	90.000	0.0130	1.0000	0.0000	6.8000
E	845.250	90.000	45.6637	0.7581	0.2833	0.1959	0.0000	6.8000
dPolE	845.250	90.000	68.6751	1.0000	0.0000	6.8000
uR	845.250	90.000	0.0130	1.0000	0.0000	6.8000
E	846.847	90.000	45.6484	0.9791	0.3443	0.2372	0.0000	6.8000
dPolE	846.847	90.000	76.7973	1.0000	0.0000	6.8000
uR	846.847	90.000	0.0115	1.0000	0.0000	6.8000
E	848.444	90.000	45.0000	0.8038	0.3471	0.2381	0.0000	6.8000
dPolE	848.444	90.000	84.0214	1.0000	0.0000	6.8000
uR	848.444	90.000	0.0105	1.0000	0.0000	6.8000
E	850.041	90.000	46.4648	0.8716	0.3410	0.2332	0.0000	6.8000
dPolE	850.041	90.000	85.9119	1.0000	0.0000	6.8000
uR	850.041	90.000	0.0112	1.0000	0.0000	6.8000
E	851.638	90.000	45.3993	0.4448	0.3683	0.2506	0.0000	6.8000
dPolE	851.638	90.000	83.5279	1.0000	0.0000	6.8000
uR	851.638	90.000	0.0118	1.0000	0.0000	6.8000
E	853.234	90.000	44.2207	359.7964	0.3657	0.2479	0.0000	6.8000
dPolE	853.234	90.000	84.6239	1.0000	0.0000	6.8000
uR	853.234	90.000	0.0112	1.0000	0.0000	6.8000
E	854.831	90.000	43.7759	0.9140	0.4021	0.2714	0.0000	6.8000
dPolE	854.831	90.000	79.7404	1.0000	0.0000	6.8000
uR	854.831	90.000	0.0121	1.0000	0.0000	6.8000
E	856.427	90.000	44.5564	1.2879	0.3735	0.2524	0.0000	6.8000
dPolE	856.427	90.000	81.6532	1.0000	0.0000	6.8000
uR	856.427	90.000	0.0115	1.0000	0.0000	6.8000
E	858.023	90.000	45.1396	0.2995	0.3856	0.2594	0.0000	6.8000
dPolE	858.023	90.000	81.1286	1.0000	0.0000	6.8000
uR	858.023	90.000	0.0109	1.0000	0.0000	6.8000
E	859.619	90.000	45.0090	359.8826	0.3920	0.2625	0.0000	6.8000
dPolE	859.619	90.000	79.8904	1.0000	0.0000	6.8000
uR	859.619	90.000	0.0108	1.0000	0.0000	6.8000
E	861.215	90.000	45.2941	2.0130	0.3717	0.2500	0.0000	6.8000
dPolE	861.215	90.000	78.7372	1.0000	0.0000	6.8000
uR	861.215	90.000	0.0109	1.0000	0.0000	6.8000
E	862.811	90.000	44.1474	0.3551	0.3793	0.2538	0.0000	6.8000
dPolE	862.811	90.000	76.5409	1.0000	0.0000	6.8000
uR	862.811	90.000	0.0112	1.0000	0.0000	6.8000
E	864.407	90.000	45.2910	1.2558	0.3396	0.2270	0.0000	6.8000
dPolE	864.407	90.000	78.6179	1.0000	0.0000	6.8000
uR	864.407	90.000	0.0108	1.0000	0.0000	6.8000
E	866.002	90.000	43.9777	0.3615	0.3277	0.2186	0.0000	6.8000
dPolE	866.002	90.000	75.2324	1.0000	0.0000	6.8000
uR	866.002	90.000	0.0115	1.0000	0.0000	6.8000
E	867.597	90.000	44.6491	0.5861	0.3176	0.2120	0.0000	6.8000
dPolE	867.597	90.000	72.0532	1.0000	0.0000	6.8000
uR	867.597	90.000	0.0110	1.0000	0.0000	6.8000
E	869.192	90.000	43.7373	0.8214	0.3155	0.2105	0.0000	6.8000
dPolE	869.192	90.000	70.2659	1.0000	0.0000	6.8000
uR	869.192	90.000	0.0110	1.0000	0.0000	6.8000
E	870.787	90.000	44.1044	0.6091	0.3056	0.2037	0.0000	6.8000
dPolE	870.787	90.000	68.0100	1.0000	0.0000	6.8000
uR	870.787	90.000	0.0115	1.0000	0.0000	6.8000
E	872.382	90.000	44.6871	0.1426	0.2892	0.1923	0.0000	6.8000
dPolE	872.382	90.000	59.7781	1.0000	0.0000	6.8000
uR	872.382	90.000	0.0117	1.0000	0.0000	6.8000
E	873.977	90.000	44.5153	0.9486	0.2625	0.1749	0.0000	6.8000
dPolE	873.977	90.000	58.0949	1.0000	0.0000	6.8000
uR	873.977	90.000	0.0116	1.0000	0.0000	6.8000
E	875.571	90.000	44.6503	0.8524	0.2477	0.1650	0.0000	6.8000
dPolE	875.571	90.000	55.3996	1.0000	0.0000	6.8000
uR	875.571	90.000	0.0115	1.0000	0.0000	6.8000
E	877.166	90.000	45.1386	0.5894	0.1971	0.1310	0.0000	6.8000
dPolE	877.166	90.000	43.6504	1.0000	0.0000	6.8000
uR	877.166	90.000	0.0118	1.0000	0.0000	6.8000
E	878.760	90.000	44.6840	0.5021	0.1430	0.0950	0.0000	6.8000
dPolE	878.760	90.000	26.2434	1.0000	0.0000	6.8000
uR	878.760	90.000	0.0113	1.0000	0.0000	6.8000
E	880.354	90.000	44.9628	0.6162	0.0998	0.0661	0.0000	6.8000
dPolE	880.354	90.000	15.9761	1.0000	0.0000	6.8000
uR	880.354	90.000	0.0119	1.0000	0.0000	6.8000
E	881.948	90.000	44.8077	0.4543	0.0787	0.0520	0.0000	6.8000
dPolE	881.948	90.000	12.3639	1.0000	0.0000	6.8000
uR	881.948	90.000	0.0128	1.0000	0.0000	6.8000
E	883.542	90.000	45.0001	0.5548	0.0725	0.0478	0.0000	6.8000
dPolE	883.542	90.000	12.2370	1.0000	0.0000	6.8000
uR	883.542	90.000	0.0132	1.0000	0.0000	6.8000
E	885.135	90.000	44.9015	0.5115	0.0827	0.0545	0.0000	6.8000
dPolE	885.135	90.000	14.5475	1.0000	0.0000	6.8000
uR	885.135	90.000	0.0123	1.0000	0.0000	6.8000
E	886.729	90.000	44.8006	0.5919	0.1124	0.0738	0.0000	6.8000
dPolE	886.729	90.000	24.9946	1.0000	0.0000	6.8000
uR	886.729	90.000	0.0115	1.0000	0.0000	6.8000
E	888.322	90.000	44.9972	0.4926	0.1403	0.0919	0.0000	6.8000
dPolE	888.322	90.000	34.2057	1.0000	0.0000	6.8000
uR	888.322	90.000	0.0116	1.0000	0.0000	6.8000
E	889.915	90.000	45.3356	0.7972	0.1768	0.1156	0.0000	6.8000
dPolE	889.915	90.000	41.3946	1.0000	0.0000	6.8000
uR	889.915	90.000	0.0110	1.0000	0.0000	6.8000
E	891.508	90.000	45.3846	0.1652	0.1777	0.1155	0.0000	6.8000
dPolE	891.508	90.000	36.8585	1.0000	0.0000	6.8000
uR	891.508	90.000	0.0115	1.0000	0.0000	6.8000
E	893.101	90.000	44.9789	0.8081	0.1621	0.1051	0.0000	6.8000
dPolE	893.101	90.000	36.5105	1.0000	0.0000	6.8000
uR	893.101	90.000	0.0113	1.0000	0.0000	6.8000
E	894.694	90.000	44.8956	0.6695	0.1386	0.0895	0.0000	6.8000
dPolE	894.694	90.000	31.8960	1.0000	0.0000	6.8000
uR	894.694	90.000	0.0120	1.0000	0.0000	6.8000
E	896.286	90.000	44.9864	0.6448	0.1321	0.0850	0.0000	6.8000
dPolE	896.286	90.000	31.1912	1.0000	0.0000	6.8000
uR	896.286	90.000	0.0118	1.0000	0.0000	6.8000
E	897.879	90.000	44.8551	0.6504	0.1517	0.0973	0.0000	6.8000
dPolE	897.879	90.000	29.2643	1.0000	0.0000	6.8000
uR	897.879	90.000	0.0117	1.0000	0.0000	6.8000
E	899.471	90.000	45.0179	0.5152	0.1631	0.1042	0.0000	6.8000
dPolE	899.471	90.000	41.0701	1.0000	0.0000	6.8000
uR	899.471	90.000	0.0113	1.0000	0.0000	6.8000
E	901.063	90.000	44.6260	0.5679	0.1766	0.1122	0.0000	6.8000
dPolE	901.063	90.000	40.2033	1.0000	0.0000	6.8000
uR	901.063	90.000	0.0112	1.0000	0.0000	6.8000
E	902.655	90.000	45.0816	0.4514	0.1643	0.1041	0.0000	6.8000
dPolE	902.655	90.000	31.6149	1.0000	0.0000	6.8000
uR	902.655	90.000	0.0121	1.0000	0.0000	6.8000
E	904.247	90.000	45.0764	0.6011	0.1421	0.0897	0.0000	6.8000
dPolE	904.247	90.000	27.1227	1.0000	0.0000	6.8000
uR	904.247	90.000	0.0131	1.0000	0.0000	6.8000
E	905.838	90.000	44.7832	0.3480	0.1409	0.0888	0.0000	6.8000
dPolE	905.838	90.000	31.3150	1.0000	0.0000	6.8000
uR	905.838	90.000	0.0126	1.0000	0.0000	6.8000
E	907.429	90.000	45.0343	0.6429	0.1543	0.0970	0.0000	6.8000
dPolE	907.429	90.000	32.3969	1.0000	0.0000	6.8000
uR	907.429	90.000	0.0123	1.0000	0.0000	6.8000
E	909.021	90.000	44.2980	0.5861	0.2004	0.1259	0.0000	6.8000
dPolE	909.021	90.000	47.9789	1.0000	0.0000	6.8000
uR	909.021	90.000	0.0110	1.0000	0.0000	6.8000
E	910.612	90.000	45.0878	0.8453	0.2218	0.1385	0.0000	6.8000
dPolE	910.612	90.000	40.2812	1.0000	0.0000	6.8000
uR	910.612	90.000	0.0116	1.0000	0.0000	6.8000
E	912.203	90.000	45.0740	0.7313	0.2075	0.1294	0.0000	6.8000
dPolE	912.203	90.000	39.5026	1.0000	0.0000	6.8000
uR	912.203	90.000	0.0117	1.0000	0.0000	6.8000
E	913.793	90.000	45.1475	0.4884	0.1594	0.0990	0.0000	6.8000
dPolE	913.793	90.000	28.2479	1.0000	0.0000	6.8000
uR	913.793	90.000	0.0124	1.0000	0.0000	6.8000
E	915.384	90.000	44.9400	0.5438	0.1249	0.0775	0.0000	6.8000
dPolE	915.384	90.000	24.3054	1.0000	0.0000	6.8000
uR	915.384	90.000	0.0129	1.0000	0.0000	6.8000
E	916.974	90.000	44.9265	0.4101	0.1179	0.0730	0.0000	6.8000
dPolE	916.974	90.000	20.4057	1.0000	0.0000	6.8000
uR	916.974	90.000	0.0129	1.0000	0.0000	6.8000
E	918.565	90.000	44.9501	0.6997	0.1293	0.0800	0.0000	6.8000
dPolE	918.565	90.000	23.6107	1.0000	0.0000	6.8000
uR	918.565	90.000	0.0123	1.0000	0.0000	6.8000
E	920.155	90.000	44.9512	0.4446	0.1676	0.1035	0.0000	6.8000
dPolE	920.155	90.000	33.6566	1.0000	0.0000	6.8000
uR	920.155	90.000	0.0114	1.0000	0.0000	6.8000
E	921.745	90.000	45.3575	0.3954	0.1958	0.1207	0.0000	6.8000
dPolE	921.745	90.000	43.5967	1.0000	0.0000	6.8000
uR	921.745	90.000	0.0112	1.0000	0.0000	6.8000
E	923.334	90.000	45.4536	0.6560	0.2433	0.1499	0.0000	6.8000
dPolE	923.334	90.000	46.1002	1.0000	0.0000	6.8000
uR	923.334	90.000	0.0117	1.0000	0.0000	6.8000
E	924.924	90.000	45.3272	0.5832	0.2860	0.1759	0.0000	6.8000
dPolE	924.924	90.000	44.2242	1.0000	0.0000	6.8000
uR	924.924	90.000	0.0126	1.0000	0.0000	6.8000
E	926.513	90.000	44.0790	0.0138	0.3229	0.1983	0.0000	6.8000
dPolE	926.513	90.000	59.7136	1.0000	0.0000	6.8000
uR	926.513	90.000	0.0128	1.0000	0.0000	6.8000
E	928.103	90.000	45.3394	0.3291	0.3439	0.2111	0.0000	6.8000
dPolE	928.103	90.000	62.8590	1.0000	0.0000	6.8000
uR	928.103	90.000	0.0120	1.0000	0.0000	6.8000
E	929.692	90.000	44.8318	0.4467	0.3282	0.2009	0.0000	6.8000
dPolE	929.692	90.000	74.7698	1.0000	0.0000	6.8000
uR	929.692	90.000	0.0108	1.0000	0.0000	6.8000
E	931.280	90.000	45.7125	0.1315	0.3607	0.2214	0.0000	6.8000
dPolE	931.280	90.000	73.8162	1.0000	0.0000	6.8000
uR	931.280	90.000	0.0106	1.0000	0.0000	6.8000
E	932.869	90.000	45.7927	0.7273	0.3764	0.2309	0.0000	6.8000
dPolE	932.869	90.000	68.4570	1.0000	0.0000	6.8000
uR	932.869	90.000	0.0113	1.0000	0.0000	6.8000
E	934.458	90.000	43.9962	359.7946	0.3500	0.2138	0.0000	6.8000
dPolE	934.458	90.000	74.0953	1.0000	0.0000	6.8000
uR	934.458	90.000	0.0112	1.0000	0.0000	6.8000
E	936.046	90.000	46.1695	0.3673	0.3286	0.2010	0.0000	6.8000
dPolE	936.046	90.000	67.6044	1.0000	0.0000	6.8000
uR	936.046	90.000	0.0118	1.0000	0.0000	6.8000
E	937.634	90.000	44.8032	359.7864	0.3195	0.1950	0.0000	6.8000
dPolE	937.634	90.000	59.4717	1.0000	0.0000	6.8000
uR	937.634	90.000	0.0124	1.0000	0.0000	6.8000
E	939.222	90.000	44.1026	0.4381	0.3115	0.1901	0.0000	6.8000
dPolE	939.222	90.000	66.5326	1.0000	0.0000	6.8000
uR	939.222	90.000	0.0122	1.0000	0.0000	6.8000
E	940.810	90.000	44.8970	0.1757	0.3381	0.2045	0.0000	6.8000
dPolE	940.810	90.000	61.2595	1.0000	0.0000	6.8000
uR	940.810	90.000	0.0130	1.0000	0.0000	6.8000
E	942.398	90.000	44.9269	0.0778	0.3498	0.2110	0.0000	6.8000
dPolE	942.398	90.000	64.8824	1.0000	0.0000	6.8000
uR	942.398	90.000	0.0122	1.0000	0.0000	6.8000
E	943.985	90.000	45.0170	0.1902	0.3790	0.2299	0.0000	6.8000
dPolE	943.985	90.000	64.3768	1.0000	0.0000	6.8000
uR	943.985	90.000	0.0121	1.0000	0.0000	6.8000
E	945.573	90.000	44.5827	1.1339	0.3607	0.2188	0.0000	6.8000
dPolE	945.573	90.000	72.5885	1.0000	0.0000	6.8000
uR	945.573	90.000	0.0118	1.0000	0.0000	6.8000
E	947.160	90.000	45.7906	359.7611	0.3586	0.2168	0.0000	6.8000
dPolE	947.160	90.000	65.3424	1.0000	0.0000	6.8000
uR	947.160	90.000	0.0113	1.0000	0.0000	6.8000
E	948.747	90.000	45.1025	0.1150	0.3506	0.2108	0.0000	6.8000
dPolE	948.747	90.000	65.8351	1.0000	0.0000	6.8000
uR	948.747	90.000	0.0121	1.0000	0.0000	6.8000
E	950.334	90.000	44.8000	0.5885	0.3440	0.2069	0.0000	6.8000
dPolE	950.334	90.000	63.1553	1.0000	0.0000	6.8000
uR	950.334	90.000	0.0125	1.0000	0.0000	6.8000
E	951.920	90.000	44.8092	0.6112	0.3467	0.2074	0.0000	6.8000
dPolE	951.920	90.000	67.2742	1.0000	0.0000	6.8000
uR	951.920	90.000	0.0115	1.0000	0.0000	6.8000
E	953.507	90.000	44.4368	0.4980	0.3567	0.2128	0.0000	6.8000
dPolE	953.507	90.000	67.4229	1.0000	0.0000	6.8000
uR	953.507	90.000	0.0115	1.0000	0.0000	6.8000
E	955.093	90.000	43.5238	0.8372	0.3845	0.2285	0.0000	6.8000
dPolE	955.093	90.000	73.4288	1.0000	0.0000	6.8000
uR	955.093	90.000	0.0105	1.0000	0.0000	6.8000
E	956.679	90.000	44.1883	0.8557	0.4257	0.2536	0.0000	6.8000
dPolE	956.679	90.000	75.6510	1.0000	0.0000	6.8000
uR	956.679	90.000	0.0106	1.0000	0.0000	6.8000
E	958.265	90.000	44.0288	0.5373	0.4364	0.2586	0.0000	6.8000
dPolE	958.265	90.000	77.0009	1.0000	0.0000	6.8000
uR	958.265	90.000	0.0112	1.0000	0.0000	6.8000
E	959.851	90.000	46.4770	0.8774	0.4692	0.2770	0.0000	6.8000
dPolE	959.851	90.000	81.8898	1.0000	0.0000	6.8000
uR	959.851	90.000	0.0100	1.0000	0.0000	6.8000
E	961.436	90.000	46.7393	359.8180	0.4691	0.2759	0.0000	6.8000
dPolE	961.436	90.000	83.8860	1.0000	0.0000	6.8000
uR	961.436	90.000	0.0106	1.0000	0.0000	6.8000
E	963.022	90.000	45.4022	0.0180	0.4708	0.2763	0.0000	6.8000
dPolE	963.022	90.000	82.0559	1.0000	0.0000	6.8000
uR	963.022	90.000	0.0111	1.0000	0.0000	6.8000
E	964.607	90.000	45.0618	0.5038	0.4883	0.2854	0.0000	6.8000
dPolE	964.607	90.000	79.5053	1.0000	0.0000	6.8000
uR	964.607	90.000	0.0107	1.0000	0.0000	6.8000
E	966.192	90.000	46.3261	1.3186	0.4391	0.2569	0.0000	6.8000
dPolE	966.192	90.000	76.6759	1.0000	0.0000	6.8000
uR	966.192	90.000	0.0112	1.0000	0.0000	6.8000
E	967.777	90.000	45.6071	1.0936	0.4088	0.2373	0.0000	6.8000
dPolE	967.777	90.000	76.5129	1.0000	0.0000	6.8000
uR	967.777	90.000	0.0107	1.0000	0.0000	6.8000
E	969.361	90.000	44.3243	359.5137	0.4181	0.2420	0.0000	6.8000
dPolE	969.361	90.000	72.1313	1.0000	0.0000	6.8000
uR	969.361	90.000	0.0109	1.0000	0.0000	6.8000
E	970.946	90.000	44.3125	0.4765	0.3770	0.2173	0.0000	6.8000
dPolE	970.946	90.000	71.6419	1.0000	0.0000	6.8000
uR	970.946	90.000	0.0106	1.0000	0.0000	6.8000
E	972.530	90.000	44.7456	0.4741	0.3554	0.2049	0.0000	6.8000
dPolE	972.530	90.000	68.6324	1.0000	0.0000	6.8000
uR	972.530	90.000	0.0112	1.0000	0.0000	6.8000
E	974.114	90.000	44.4883	0.4304	0.3380	0.1946	0.0000	6.8000
dPolE	974.114	90.000	55.8478	1.0000	0.0000	6.8000
uR	974.114	90.000	0.0119	1.0000	0.0000	6.8000
E	975.698	90.000	44.1023	0.9979	0.2981	0.1711	0.0000	6.8000
dPolE	975.698	90.000	58.0490	1.0000	0.0000	6.8000
uR	975.698	90.000	0.0107	1.0000	0.0000	6.8000
E	977.282	90.000	44.5432	0.4786	0.2477	0.1415	0.0000	6.8000
dPolE	977.282	90.000	39.9712	1.0000	0.0000	6.8000
uR	977.282	90.000	0.0123	1.0000	0.0000	6.8000
E	978.865	90.000	44.7995	0.2391	0.2196	0.1248	0.0000	6.8000
dPolE	978.865	90.000	26.4262	1.0000	0.0000	6.8000
uR	978.865	90.000	0.0125	1.0000	0.0000	6.8000
E	980.449	90.000	44.8163	0.3274	0.2274	0.1293	0.0000	6.8000
dPolE	980.449	90.000	32.4365	1.0000	0.0000	6.8000
uR	980.449	90.000	0.0125	1.0000	0.0000	6.8000
E	982.032	90.000	44.5927	0.5055	0.2425	0.1383	0.0000	6.8000
dPolE	982.032	90.000	40.7863	1.0000	0.0000	6.8000
uR	982.032	90.000	0.0128	1.0000	0.0000	6.8000
E	983.615	90.000	45.1771	0.6255	0.2902	0.1652	0.0000	6.8000
dPolE	983.615	90.000	40.7585	1.0000	0.0000	6.8000
uR	983.615	90.000	0.0114	1.0000	0.0000	6.8000
E	985.198	90.000	44.8338	0.3683	0.3366	0.1911	0.0000	6.8000
dPolE	985.198	90.000	50.3804	1.0000	0.0000	6.8000
uR	985.198	90.000	0.0118	1.0000	0.0000	6.8000
E	986.780	90.000	45.2126	359.9027	0.3450	0.1961	0.0000	6.8000
dPolE	986.780	90.000	50.0934	1.0000	0.0000	6.8000
uR	986.780	90.000	0.0116	1.0000	0.0000	6.8000
E	988.363	90.000	44.2905	0.7810	0.2995	0.1699	0.0000	6.8000
dPolE	988.363	90.000	53.9942	1.0000	0.0000	6.8000
uR	988.363	90.000	0.0118	1.0000	0.0000	6.8000
E	989.945	90.000	45.3187	0.1573	0.2735	0.1549	0.0000	6.8000
dPolE	989.945	90.000	35.8790	1.0000	0.0000	6.8000
uR	989.945	90.000	0.0126	1.0000	0.0000	6.8000
E	991.527	90.000	44.3546	0.3478	0.2407	0.1358	0.0000	6.8000
dPolE	991.527	90.000	34.2507	1.0000	0.0000	6.8000
uR	991.527	90.000	0.0140	1.0000	0.0000	6.8000
E	993.109	90.000	44.8040	0.6255	0.2443	0.1381	0.0000	6.8000
dPolE	993.109	90.000	31.5366	1.0000	0.0000	6.8000
uR	993.109	90.000	0.0126	1.0000	0.0000	6.8000
E	994.690	90.000	45.2986	0.8384	0.2652	0.1495	0.0000	6.8000
dPolE	994.690	90.000	34.8348	1.0000	0.0000	6.8000
uR	994.690	90.000	0.0119	1.0000	0.0000	6.8000
E	996.272	90.000	45.1542	0.2069	0.2760	0.1555	0.0000	6.8000
dPolE	996.272	90.000	36.6613	1.0000	0.0000	6.8000
uR	996.272	90.000	0.0126	1.0000	0.0000	6.8000
E	997.853	90.000	44.6720	359.9991	0.3439	0.1930	0.0000	6.8000
dPolE	997.853	90.000	44.3329	1.0000	0.0000	6.8000
uR	997.853	90.000	0.0124	1.0000	0.0000	6.8000
E	999.434	90.000	44.7051	0.5406	0.3944	0.2213	0.0000	6.8000
dPolE	999.434	90.000	64.3716	1.0000	0.0000	6.8000
uR	999.434	90.000	0.0113	1.0000	0.0000	6.8000
