
FM-removed
XY-Scan
nm
E	210.379	90.000	61.2238	169.0949	0.2566	0.5855	0.0000	6.8000
dPolE	210.379	90.000	99.8870	1.0000	0.0000	6.8000
uR	210.379	90.000	0.0403	1.0000	0.0000	6.8000
E	211.990	90.000	40.3351	15.0041	0.2774	0.5393	0.0000	6.8000
dPolE	211.990	90.000	99.9825	1.0000	0.0000	6.8000
uR	211.990	90.000	0.0115	1.0000	0.0000	6.8000
E	213.602	90.000	61.4037	167.2184	0.2517	0.5629	0.0000	6.8000
dPolE	213.602	90.000	99.9341	1.0000	0.0000	6.8000
uR	213.602	90.000	0.0132	1.0000	0.0000	6.8000
E	215.214	90.000	45.9967	8.8847	0.2418	0.4424	0.0000	6.8000
dPolE	215.214	90.000	99.9985	1.0000	0.0000	6.8000
uR	215.214	90.000	0.0113	1.0000	0.0000	6.8000
E	216.826	90.000	19.1212	209.0700	0.2667	0.7986	0.0000	6.8000
dPolE	216.826	90.000	99.9676	1.0000	0.0000	6.8000
uR	216.826	90.000	0.0112	1.0000	0.0000	6.8000
E	218.438	90.000	72.7274	147.7851	0.2687	0.8729	0.0000	6.8000
dPolE	218.438	90.000	99.9584	1.0000	0.0000	6.8000
uR	218.438	90.000	0.0071	1.0000	0.0000	6.8000
E	220.050	90.000	57.0445	214.6395	0.2634	0.5142	0.0000	6.8000
dPolE	220.050	90.000	99.9763	1.0000	0.0000	6.8000
uR	220.050	90.000	0.0047	1.0000	0.0000	6.8000
E	221.662	90.000	37.4576	8.4981	0.2501	0.4122	0.0000	6.8000
dPolE	221.662	90.000	99.9811	1.0000	0.0000	6.8000
uR	221.662	90.000	0.0031	1.0000	0.0000	6.8000
E	223.274	90.000	34.8257	340.1652	0.2702	0.4580	0.0000	6.8000
dPolE	223.274	90.000	99.9755	1.0000	0.0000	6.8000
uR	223.274	90.000	0.0042	1.0000	0.0000	6.8000
E	224.886	90.000	74.2269	246.9072	0.2508	1.0915	0.0000	6.8000
dPolE	224.886	90.000	99.9225	1.0000	0.0000	6.8000
uR	224.886	90.000	0.0046	1.0000	0.0000	6.8000
E	226.498	90.000	31.2115	66.1636	0.2825	0.6402	0.0000	6.8000
dPolE	226.498	90.000	99.9948	1.0000	0.0000	6.8000
uR	226.498	90.000	0.0021	1.0000	0.0000	6.8000
E	228.111	90.000	27.3973	210.7932	0.2583	0.5039	0.0000	6.8000
dPolE	228.111	90.000	99.9969	1.0000	0.0000	6.8000
uR	228.111	90.000	0.0020	1.0000	0.0000	6.8000
E	229.723	90.000	13.7314	66.9640	0.2289	1.2020	0.0000	6.8000
dPolE	229.723	90.000	99.9781	1.0000	0.0000	6.8000
uR	229.723	90.000	0.0023	1.0000	0.0000	6.8000
E	231.335	90.000	27.0950	288.7018	0.2611	0.6899	0.0000	6.8000
dPolE	231.335	90.000	99.9776	1.0000	0.0000	6.8000
uR	231.335	90.000	0.0025	1.0000	0.0000	6.8000
E	232.948	90.000	4.3625	136.8968	0.2337	2.9775	0.0000	6.8000
dPolE	232.948	90.000	99.9999	1.0000	0.0000	6.8000
uR	232.948	90.000	0.0021	1.0000	0.0000	6.8000
E	234.560	90.000	31.4789	354.4025	0.2878	0.3936	0.0000	6.8000
dPolE	234.560	90.000	99.9862	1.0000	0.0000	6.8000
uR	234.560	90.000	0.0025	1.0000	0.0000	6.8000
E	236.173	90.000	53.7762	207.1702	0.3177	0.4656	0.0000	6.8000
dPolE	236.173	90.000	99.9195	1.0000	0.0000	6.8000
uR	236.173	90.000	0.0020	1.0000	0.0000	6.8000
E	237.786	90.000	34.4698	146.5305	0.3209	0.5088	0.0000	6.8000
dPolE	237.786	90.000	99.9674	1.0000	0.0000	6.8000
uR	237.786	90.000	0.0014	1.0000	0.0000	6.8000
E	239.398	90.000	62.5381	354.2426	0.3069	0.4256	0.0000	6.8000
dPolE	239.398	90.000	99.8795	1.0000	0.0000	6.8000
uR	239.398	90.000	0.0022	1.0000	0.0000	6.8000
E	241.011	90.000	50.6778	262.4163	0.3066	0.6301	0.0000	6.8000
dPolE	241.011	90.000	99.9966	1.0000	0.0000	6.8000
uR	241.011	90.000	0.0009	1.0000	0.0000	6.8000
E	242.624	90.000	47.6261	344.3267	0.3164	0.3723	0.0000	6.8000
dPolE	242.624	90.000	99.9738	1.0000	0.0000	6.8000
uR	242.624	90.000	0.0015	1.0000	0.0000	6.8000
E	244.237	90.000	88.1823	252.7919	0.1819	9.4109	0.0000	6.8000
dPolE	244.237	90.000	99.8825	1.0000	0.0000	6.8000
uR	244.237	90.000	0.0018	1.0000	0.0000	6.8000
E	245.850	90.000	33.7684	332.0461	0.3008	0.4343	0.0000	6.8000
dPolE	245.850	90.000	99.9502	1.0000	0.0000	6.8000
uR	245.850	90.000	0.0010	1.0000	0.0000	6.8000
E	247.463	90.000	44.3998	338.9691	0.2823	0.3404	0.0000	6.8000
dPolE	247.463	90.000	99.9182	1.0000	0.0000	6.8000
uR	247.463	90.000	0.0012	1.0000	0.0000	6.8000
E	249.076	90.000	69.7089	135.1468	0.2843	0.7812	0.0000	6.8000
dPolE	249.076	90.000	99.9342	1.0000	0.0000	6.8000
uR	249.076	90.000	0.0013	1.0000	0.0000	6.8000
E	250.689	90.000	26.3841	161.1706	0.3251	0.4813	0.0000	6.8000
dPolE	250.689	90.000	99.9848	1.0000	0.0000	6.8000
uR	250.689	90.000	0.0010	1.0000	0.0000	6.8000
E	252.302	90.000	56.9175	288.9920	0.3257	0.7239	0.0000	6.8000
dPolE	252.302	90.000	99.9969	1.0000	0.0000	6.8000
uR	252.302	90.000	0.0009	1.0000	0.0000	6.8000
E	253.916	90.000	27.9677	158.1147	0.2920	0.4291	0.0000	6.8000
dPolE	253.916	90.000	99.9941	1.0000	0.0000	6.8000
uR	253.916	90.000	0.0006	1.0000	0.0000	6.8000
E	255.529	90.000	70.8463	323.5888	0.2740	0.6938	0.0000	6.8000
dPolE	255.529	90.000	99.9364	1.0000	0.0000	6.8000
uR	255.529	90.000	0.0009	1.0000	0.0000	6.8000
E	257.142	90.000	72.4913	140.0046	0.2903	0.8512	0.0000	6.8000
dPolE	257.142	90.000	99.9653	1.0000	0.0000	6.8000
uR	257.142	90.000	0.0008	1.0000	0.0000	6.8000
E	258.756	90.000	57.0091	291.3052	0.2927	0.6441	0.0000	6.8000
dPolE	258.756	90.000	99.9492	1.0000	0.0000	6.8000
uR	258.756	90.000	0.0008	1.0000	0.0000	6.8000
E	260.369	90.000	77.4965	354.4190	0.3103	0.7487	0.0000	6.8000
dPolE	260.369	90.000	99.7392	1.0000	0.0000	6.8000
uR	260.369	90.000	0.0015	1.0000	0.0000	6.8000
E	261.983	90.000	15.2725	310.7485	0.2378	0.9356	0.0000	6.8000
dPolE	261.983	90.000	99.9813	1.0000	0.0000	6.8000
uR	261.983	90.000	0.0008	1.0000	0.0000	6.8000
E	263.596	90.000	17.9118	344.8058	0.2794	0.5356	0.0000	6.8000
dPolE	263.596	90.000	99.9638	1.0000	0.0000	6.8000
uR	263.596	90.000	0.0007	1.0000	0.0000	6.8000
E	265.210	90.000	38.3611	271.8030	0.2918	0.6115	0.0000	6.8000
dPolE	265.210	90.000	99.9783	1.0000	0.0000	6.8000
uR	265.210	90.000	0.0010	1.0000	0.0000	6.8000
E	266.823	90.000	68.2774	113.2253	0.2397	0.8015	0.0000	6.8000
dPolE	266.823	90.000	99.9947	1.0000	0.0000	6.8000
uR	266.823	90.000	0.0004	1.0000	0.0000	6.8000
E	268.437	90.000	85.5807	5.9112	0.2914	1.9758	0.0000	6.8000
dPolE	268.437	90.000	99.8570	1.0000	0.0000	6.8000
uR	268.437	90.000	0.0012	1.0000	0.0000	6.8000
E	270.051	90.000	64.1488	149.2434	0.2572	0.4603	0.0000	6.8000
dPolE	270.051	90.000	99.9640	1.0000	0.0000	6.8000
uR	270.051	90.000	0.0009	1.0000	0.0000	6.8000
E	271.665	90.000	66.3069	328.3324	0.2606	0.5099	0.0000	6.8000
dPolE	271.665	90.000	99.9477	1.0000	0.0000	6.8000
uR	271.665	90.000	0.0007	1.0000	0.0000	6.8000
E	273.279	90.000	61.1170	345.3122	0.2752	0.3704	0.0000	6.8000
dPolE	273.279	90.000	99.9643	1.0000	0.0000	6.8000
uR	273.279	90.000	0.0006	1.0000	0.0000	6.8000
E	274.892	90.000	21.6372	36.7845	0.2623	0.6039	0.0000	6.8000
dPolE	274.892	90.000	99.9999	1.0000	0.0000	6.8000
uR	274.892	90.000	0.0006	1.0000	0.0000	6.8000
E	276.506	90.000	84.9959	358.3545	0.2581	1.5808	0.0000	6.8000
dPolE	276.506	90.000	99.9263	1.0000	0.0000	6.8000
uR	276.506	90.000	0.0008	1.0000	0.0000	6.8000
E	278.120	90.000	80.1688	89.7316	0.1564	1.5316	0.0000	6.8000
dPolE	278.120	90.000	99.9767	1.0000	0.0000	6.8000
uR	278.120	90.000	0.0007	1.0000	0.0000	6.8000
E	279.734	90.000	37.6486	23.9757	0.2587	0.3441	0.0000	6.8000
dPolE	279.734	90.000	99.9627	1.0000	0.0000	6.8000
uR	279.734	90.000	0.0008	1.0000	0.0000	6.8000
E	281.349	90.000	68.1645	136.1883	0.2375	0.6041	0.0000	6.8000
dPolE	281.349	90.000	99.9902	1.0000	0.0000	6.8000
uR	281.349	90.000	0.0004	1.0000	0.0000	6.8000
E	282.963	90.000	21.6406	1.5392	0.2516	0.4079	0.0000	6.8000
dPolE	282.963	90.000	99.9499	1.0000	0.0000	6.8000
uR	282.963	90.000	0.0007	1.0000	0.0000	6.8000
E	284.577	90.000	81.1935	4.6439	0.2554	0.9553	0.0000	6.8000
dPolE	284.577	90.000	99.9885	1.0000	0.0000	6.8000
uR	284.577	90.000	0.0004	1.0000	0.0000	6.8000
E	286.191	90.000	12.8520	156.3595	0.2218	0.7023	0.0000	6.8000
dPolE	286.191	90.000	99.9907	1.0000	0.0000	6.8000
uR	286.191	90.000	0.0004	1.0000	0.0000	6.8000
E	287.805	90.000	56.7553	289.3523	0.2275	0.5020	0.0000	6.8000
dPolE	287.805	90.000	99.9969	1.0000	0.0000	6.8000
uR	287.805	90.000	0.0006	1.0000	0.0000	6.8000
E	289.420	90.000	56.7623	191.2384	0.2284	0.2992	0.0000	6.8000
dPolE	289.420	90.000	99.9911	1.0000	0.0000	6.8000
uR	289.420	90.000	0.0004	1.0000	0.0000	6.8000
E	291.034	90.000	83.3160	285.1125	0.1488	1.9421	0.0000	6.8000
dPolE	291.034	90.000	99.9408	1.0000	0.0000	6.8000
uR	291.034	90.000	0.0006	1.0000	0.0000	6.8000
E	292.649	90.000	41.1349	259.1392	0.2149	0.4311	0.0000	6.8000
dPolE	292.649	90.000	99.9977	1.0000	0.0000	6.8000
uR	292.649	90.000	0.0002	1.0000	0.0000	6.8000
E	294.263	90.000	74.5021	305.3170	0.1838	0.7639	0.0000	6.8000
dPolE	294.263	90.000	99.9842	1.0000	0.0000	6.8000
uR	294.263	90.000	0.0003	1.0000	0.0000	6.8000
E	295.877	90.000	14.2401	133.8174	0.1947	0.7896	0.0000	6.8000
dPolE	295.877	90.000	99.9976	1.0000	0.0000	6.8000
uR	295.877	90.000	0.0004	1.0000	0.0000	6.8000
E	297.492	90.000	55.7474	231.5566	0.2083	0.4006	0.0000	6.8000
dPolE	297.492	90.000	99.9958	1.0000	0.0000	6.8000
uR	297.492	90.000	0.0004	1.0000	0.0000	6.8000
E	299.107	90.000	47.7272	348.5710	0.1969	0.2537	0.0000	6.8000
dPolE	299.107	90.000	99.9465	1.0000	0.0000	6.8000
uR	299.107	90.000	0.0007	1.0000	0.0000	6.8000
E	300.721	90.000	37.8726	215.4137	0.2206	0.3550	0.0000	6.8000
dPolE	300.721	90.000	99.9873	1.0000	0.0000	6.8000
uR	300.721	90.000	0.0004	1.0000	0.0000	6.8000
E	302.336	90.000	14.4649	272.0681	0.1507	0.8422	0.0000	6.8000
dPolE	302.336	90.000	99.9997	1.0000	0.0000	6.8000
uR	302.336	90.000	0.0005	1.0000	0.0000	6.8000
E	303.950	90.000	45.6292	119.3704	0.1904	0.3532	0.0000	6.8000
dPolE	303.950	90.000	99.9975	1.0000	0.0000	6.8000
uR	303.950	90.000	0.0004	1.0000	0.0000	6.8000
E	305.565	90.000	45.9893	217.8441	0.2049	0.3295	0.0000	6.8000
dPolE	305.565	90.000	99.9954	1.0000	0.0000	6.8000
uR	305.565	90.000	0.0005	1.0000	0.0000	6.8000
E	307.180	90.000	65.1149	358.5663	0.2015	0.3502	0.0000	6.8000
dPolE	307.180	90.000	99.9906	1.0000	0.0000	6.8000
uR	307.180	90.000	0.0003	1.0000	0.0000	6.8000
E	308.795	90.000	35.0688	190.2699	0.1912	0.2786	0.0000	6.8000
dPolE	308.795	90.000	99.9884	1.0000	0.0000	6.8000
uR	308.795	90.000	0.0003	1.0000	0.0000	6.8000
E	310.410	90.000	78.0898	320.6069	0.1703	0.7685	0.0000	6.8000
dPolE	310.410	90.000	99.9940	1.0000	0.0000	6.8000
uR	310.410	90.000	0.0003	1.0000	0.0000	6.8000
E	312.024	90.000	62.7628	18.0743	0.1927	0.3458	0.0000	6.8000
dPolE	312.024	90.000	99.9933	1.0000	0.0000	6.8000
uR	312.024	90.000	0.0004	1.0000	0.0000	6.8000
E	313.639	90.000	48.5206	342.5934	0.1874	0.2752	0.0000	6.8000
dPolE	313.639	90.000	99.9880	1.0000	0.0000	6.8000
uR	313.639	90.000	0.0004	1.0000	0.0000	6.8000
E	315.254	90.000	59.7063	169.0014	0.1839	0.3050	0.0000	6.8000
dPolE	315.254	90.000	99.9883	1.0000	0.0000	6.8000
uR	315.254	90.000	0.0004	1.0000	0.0000	6.8000
E	316.869	90.000	79.5694	142.4022	0.1657	0.8440	0.0000	6.8000
dPolE	316.869	90.000	99.9674	1.0000	0.0000	6.8000
uR	316.869	90.000	0.0004	1.0000	0.0000	6.8000
E	318.484	90.000	50.8438	228.4067	0.1672	0.3047	0.0000	6.8000
dPolE	318.484	90.000	99.9916	1.0000	0.0000	6.8000
uR	318.484	90.000	0.0003	1.0000	0.0000	6.8000
E	320.099	90.000	28.8580	23.8183	0.1749	0.3271	0.0000	6.8000
dPolE	320.099	90.000	99.9816	1.0000	0.0000	6.8000
uR	320.099	90.000	0.0005	1.0000	0.0000	6.8000
E	321.714	90.000	43.7821	257.3098	0.1630	0.3229	0.0000	6.8000
dPolE	321.714	90.000	99.9818	1.0000	0.0000	6.8000
uR	321.714	90.000	0.0004	1.0000	0.0000	6.8000
E	323.330	90.000	40.1992	85.9003	0.1671	0.3406	0.0000	6.8000
dPolE	323.330	90.000	99.9964	1.0000	0.0000	6.8000
uR	323.330	90.000	0.0005	1.0000	0.0000	6.8000
E	324.945	90.000	51.5040	215.1736	0.1763	0.3065	0.0000	6.8000
dPolE	324.945	90.000	99.9934	1.0000	0.0000	6.8000
uR	324.945	90.000	0.0002	1.0000	0.0000	6.8000
E	326.560	90.000	52.5679	329.2586	0.1715	0.2972	0.0000	6.8000
dPolE	326.560	90.000	99.9970	1.0000	0.0000	6.8000
uR	326.560	90.000	0.0002	1.0000	0.0000	6.8000
E	328.175	90.000	61.1593	345.1280	0.1674	0.3127	0.0000	6.8000
dPolE	328.175	90.000	99.9750	1.0000	0.0000	6.8000
uR	328.175	90.000	0.0004	1.0000	0.0000	6.8000
E	329.790	90.000	13.3069	286.8802	0.1390	0.7252	0.0000	6.8000
dPolE	329.790	90.000	99.9921	1.0000	0.0000	6.8000
uR	329.790	90.000	0.0004	1.0000	0.0000	6.8000
E	331.406	90.000	58.5805	255.9928	0.1506	0.3479	0.0000	6.8000
dPolE	331.406	90.000	99.9863	1.0000	0.0000	6.8000
uR	331.406	90.000	0.0003	1.0000	0.0000	6.8000
E	333.021	90.000	6.6399	78.4863	0.1324	1.4002	0.0000	6.8000
dPolE	333.021	90.000	99.9970	1.0000	0.0000	6.8000
uR	333.021	90.000	0.0003	1.0000	0.0000	6.8000
E	334.636	90.000	73.5274	135.3448	0.1290	0.4587	0.0000	6.8000
dPolE	334.636	90.000	99.9868	1.0000	0.0000	6.8000
uR	334.636	90.000	0.0003	1.0000	0.0000	6.8000
E	336.251	90.000	38.8632	251.8357	0.1567	0.3176	0.0000	6.8000
dPolE	336.251	90.000	99.9934	1.0000	0.0000	6.8000
uR	336.251	90.000	0.0004	1.0000	0.0000	6.8000
E	337.867	90.000	44.0739	178.0804	0.1515	0.2489	0.0000	6.8000
dPolE	337.867	90.000	99.9851	1.0000	0.0000	6.8000
uR	337.867	90.000	0.0004	1.0000	0.0000	6.8000
E	339.482	90.000	58.8289	357.6099	0.1542	0.2881	0.0000	6.8000
dPolE	339.482	90.000	99.9894	1.0000	0.0000	6.8000
uR	339.482	90.000	0.0003	1.0000	0.0000	6.8000
E	341.098	90.000	16.2768	24.8942	0.1456	0.4757	0.0000	6.8000
dPolE	341.098	90.000	99.9994	1.0000	0.0000	6.8000
uR	341.098	90.000	0.0002	1.0000	0.0000	6.8000
E	342.713	90.000	72.7704	291.4194	0.1368	0.5224	0.0000	6.8000
dPolE	342.713	90.000	99.9803	1.0000	0.0000	6.8000
uR	342.713	90.000	0.0005	1.0000	0.0000	6.8000
E	344.329	90.000	46.5969	18.9883	0.1494	0.2592	0.0000	6.8000
dPolE	344.329	90.000	99.9883	1.0000	0.0000	6.8000
uR	344.329	90.000	0.0003	1.0000	0.0000	6.8000
E	345.944	90.000	9.8108	15.0544	0.1436	0.7466	0.0000	6.8000
dPolE	345.944	90.000	99.9975	1.0000	0.0000	6.8000
uR	345.944	90.000	0.0003	1.0000	0.0000	6.8000
E	347.560	90.000	47.0754	279.3470	0.1466	0.2930	0.0000	6.8000
dPolE	347.560	90.000	99.9982	1.0000	0.0000	6.8000
uR	347.560	90.000	0.0003	1.0000	0.0000	6.8000
E	349.175	90.000	24.6340	45.9456	0.1438	0.3657	0.0000	6.8000
dPolE	349.175	90.000	99.9784	1.0000	0.0000	6.8000
uR	349.175	90.000	0.0004	1.0000	0.0000	6.8000
E	350.791	90.000	17.3110	33.1223	0.1435	0.4731	0.0000	6.8000
dPolE	350.791	90.000	99.9907	1.0000	0.0000	6.8000
uR	350.791	90.000	0.0004	1.0000	0.0000	6.8000
E	352.406	90.000	62.5261	29.9119	0.1476	0.3327	0.0000	6.8000
dPolE	352.406	90.000	99.9736	1.0000	0.0000	6.8000
uR	352.406	90.000	0.0004	1.0000	0.0000	6.8000
E	354.022	90.000	57.4436	299.8422	0.1388	0.3021	0.0000	6.8000
dPolE	354.022	90.000	99.9999	1.0000	0.0000	6.8000
uR	354.022	90.000	0.0005	1.0000	0.0000	6.8000
E	355.638	90.000	29.4342	28.5345	0.1450	0.3118	0.0000	6.8000
dPolE	355.638	90.000	99.9926	1.0000	0.0000	6.8000
uR	355.638	90.000	0.0003	1.0000	0.0000	6.8000
E	357.253	90.000	64.9494	245.4580	0.1350	0.3580	0.0000	6.8000
dPolE	357.253	90.000	99.9975	1.0000	0.0000	6.8000
uR	357.253	90.000	0.0002	1.0000	0.0000	6.8000
E	358.869	90.000	42.4879	53.2268	0.1423	0.2768	0.0000	6.8000
dPolE	358.869	90.000	99.9790	1.0000	0.0000	6.8000
uR	358.869	90.000	0.0004	1.0000	0.0000	6.8000
E	360.485	90.000	41.7780	329.3857	0.1397	0.2631	0.0000	6.8000
dPolE	360.485	90.000	99.9713	1.0000	0.0000	6.8000
uR	360.485	90.000	0.0004	1.0000	0.0000	6.8000
E	362.100	90.000	46.4400	326.2386	0.1335	0.2504	0.0000	6.8000
dPolE	362.100	90.000	99.9985	1.0000	0.0000	6.8000
uR	362.100	90.000	0.0003	1.0000	0.0000	6.8000
E	363.716	90.000	48.4956	15.9066	0.1372	0.2532	0.0000	6.8000
dPolE	363.716	90.000	99.9733	1.0000	0.0000	6.8000
uR	363.716	90.000	0.0004	1.0000	0.0000	6.8000
E	365.332	90.000	36.6142	23.0560	0.1307	0.2543	0.0000	6.8000
dPolE	365.332	90.000	99.9970	1.0000	0.0000	6.8000
uR	365.332	90.000	0.0003	1.0000	0.0000	6.8000
E	366.948	90.000	63.1266	45.7264	0.1223	0.2961	0.0000	6.8000
dPolE	366.948	90.000	99.9902	1.0000	0.0000	6.8000
uR	366.948	90.000	0.0003	1.0000	0.0000	6.8000
E	368.563	90.000	56.7355	244.1781	0.1379	0.2993	0.0000	6.8000
dPolE	368.563	90.000	99.9880	1.0000	0.0000	6.8000
uR	368.563	90.000	0.0004	1.0000	0.0000	6.8000
E	370.179	90.000	66.3950	215.8276	0.1287	0.3358	0.0000	6.8000
dPolE	370.179	90.000	99.9728	1.0000	0.0000	6.8000
uR	370.179	90.000	0.0004	1.0000	0.0000	6.8000
E	371.795	90.000	43.0817	309.8113	0.1313	0.2546	0.0000	6.8000
dPolE	371.795	90.000	99.9936	1.0000	0.0000	6.8000
uR	371.795	90.000	0.0003	1.0000	0.0000	6.8000
E	373.411	90.000	60.7747	132.2813	0.1228	0.2819	0.0000	6.8000
dPolE	373.411	90.000	99.9882	1.0000	0.0000	6.8000
uR	373.411	90.000	0.0005	1.0000	0.0000	6.8000
E	375.027	90.000	72.7618	354.1073	0.1214	0.4039	0.0000	6.8000
dPolE	375.027	90.000	99.9924	1.0000	0.0000	6.8000
uR	375.027	90.000	0.0005	1.0000	0.0000	6.8000
E	376.643	90.000	34.9056	232.6938	0.1265	0.2649	0.0000	6.8000
dPolE	376.643	90.000	99.9896	1.0000	0.0000	6.8000
uR	376.643	90.000	0.0004	1.0000	0.0000	6.8000
E	378.258	90.000	20.0265	40.2660	0.1257	0.3818	0.0000	6.8000
dPolE	378.258	90.000	99.9942	1.0000	0.0000	6.8000
uR	378.258	90.000	0.0004	1.0000	0.0000	6.8000
E	379.874	90.000	14.1842	128.2761	0.1236	0.5236	0.0000	6.8000
dPolE	379.874	90.000	99.9924	1.0000	0.0000	6.8000
uR	379.874	90.000	0.0002	1.0000	0.0000	6.8000
E	381.490	90.000	41.1623	250.1604	0.1233	0.2474	0.0000	6.8000
dPolE	381.490	90.000	99.9999	1.0000	0.0000	6.8000
uR	381.490	90.000	0.0004	1.0000	0.0000	6.8000
E	383.106	90.000	22.2293	227.0047	0.1293	0.3657	0.0000	6.8000
dPolE	383.106	90.000	99.9928	1.0000	0.0000	6.8000
uR	383.106	90.000	0.0003	1.0000	0.0000	6.8000
E	384.722	90.000	66.2188	150.7317	0.1324	0.3472	0.0000	6.8000
dPolE	384.722	90.000	99.9958	1.0000	0.0000	6.8000
uR	384.722	90.000	0.0003	1.0000	0.0000	6.8000
E	386.338	90.000	79.0558	205.5911	0.1184	0.6119	0.0000	6.8000
dPolE	386.338	90.000	99.9888	1.0000	0.0000	6.8000
uR	386.338	90.000	0.0003	1.0000	0.0000	6.8000
E	387.954	90.000	72.4890	76.7803	0.1146	0.4144	0.0000	6.8000
dPolE	387.954	90.000	99.9942	1.0000	0.0000	6.8000
uR	387.954	90.000	0.0004	1.0000	0.0000	6.8000
E	389.570	90.000	47.5664	199.7524	0.1134	0.2158	0.0000	6.8000
dPolE	389.570	90.000	99.9959	1.0000	0.0000	6.8000
uR	389.570	90.000	0.0003	1.0000	0.0000	6.8000
E	391.186	90.000	49.8540	0.2804	0.1207	0.2321	0.0000	6.8000
dPolE	391.186	90.000	99.9994	1.0000	0.0000	6.8000
uR	391.186	90.000	0.0002	1.0000	0.0000	6.8000
E	392.802	90.000	4.4331	242.5533	0.1187	1.5827	0.0000	6.8000
dPolE	392.802	90.000	99.9914	1.0000	0.0000	6.8000
uR	392.802	90.000	0.0002	1.0000	0.0000	6.8000
E	394.418	90.000	34.8956	15.6748	0.1271	0.2584	0.0000	6.8000
dPolE	394.418	90.000	99.9986	1.0000	0.0000	6.8000
uR	394.418	90.000	0.0003	1.0000	0.0000	6.8000
E	396.034	90.000	61.4576	276.2036	0.1229	0.2974	0.0000	6.8000
dPolE	396.034	90.000	99.9964	1.0000	0.0000	6.8000
uR	396.034	90.000	0.0002	1.0000	0.0000	6.8000
E	397.650	90.000	44.6469	79.8348	0.1158	0.2312	0.0000	6.8000
dPolE	397.650	90.000	99.9944	1.0000	0.0000	6.8000
uR	397.650	90.000	0.0002	1.0000	0.0000	6.8000
E	399.266	90.000	49.1922	63.6153	0.1196	0.2392	0.0000	6.8000
dPolE	399.266	90.000	99.9880	1.0000	0.0000	6.8000
uR	399.266	90.000	0.0003	1.0000	0.0000	6.8000
E	400.882	90.000	72.2596	43.7539	0.1174	0.4000	0.0000	6.8000
dPolE	400.882	90.000	99.9898	1.0000	0.0000	6.8000
uR	400.882	90.000	0.0002	1.0000	0.0000	6.8000
E	402.498	90.000	49.7464	8.5415	0.1219	0.2353	0.0000	6.8000
dPolE	402.498	90.000	99.9772	1.0000	0.0000	6.8000
uR	402.498	90.000	0.0004	1.0000	0.0000	6.8000
E	404.114	90.000	47.3396	359.6485	0.1249	0.2376	0.0000	6.8000
dPolE	404.114	90.000	99.9835	1.0000	0.0000	6.8000
uR	404.114	90.000	0.0003	1.0000	0.0000	6.8000
E	405.730	90.000	49.5417	359.7069	0.1143	0.2173	0.0000	6.8000
dPolE	405.730	90.000	99.9284	1.0000	0.0000	6.8000
uR	405.730	90.000	0.0006	1.0000	0.0000	6.8000
E	407.346	90.000	38.6189	26.6734	0.1187	0.2305	0.0000	6.8000
dPolE	407.346	90.000	99.9498	1.0000	0.0000	6.8000
uR	407.346	90.000	0.0005	1.0000	0.0000	6.8000
E	408.962	90.000	44.9807	26.7204	0.1180	0.2231	0.0000	6.8000
dPolE	408.962	90.000	99.9319	1.0000	0.0000	6.8000
uR	408.962	90.000	0.0005	1.0000	0.0000	6.8000
E	410.578	90.000	48.6116	13.8618	0.1206	0.2286	0.0000	6.8000
dPolE	410.578	90.000	99.8713	1.0000	0.0000	6.8000
uR	410.578	90.000	0.0007	1.0000	0.0000	6.8000
E	412.194	90.000	39.9912	14.7782	0.1169	0.2246	0.0000	6.8000
dPolE	412.194	90.000	99.7751	1.0000	0.0000	6.8000
uR	412.194	90.000	0.0009	1.0000	0.0000	6.8000
E	413.810	90.000	46.3400	8.9750	0.1146	0.2163	0.0000	6.8000
dPolE	413.810	90.000	99.7192	1.0000	0.0000	6.8000
uR	413.810	90.000	0.0010	1.0000	0.0000	6.8000
E	415.426	90.000	45.7064	14.7756	0.1179	0.2209	0.0000	6.8000
dPolE	415.426	90.000	99.7184	1.0000	0.0000	6.8000
uR	415.426	90.000	0.0010	1.0000	0.0000	6.8000
E	417.042	90.000	47.5808	18.5191	0.1197	0.2236	0.0000	6.8000
dPolE	417.042	90.000	99.5467	1.0000	0.0000	6.8000
uR	417.042	90.000	0.0012	1.0000	0.0000	6.8000
E	418.658	90.000	43.0956	18.6130	0.1163	0.2159	0.0000	6.8000
dPolE	418.658	90.000	99.4440	1.0000	0.0000	6.8000
uR	418.658	90.000	0.0014	1.0000	0.0000	6.8000
E	420.274	90.000	40.8293	18.5763	0.1151	0.2155	0.0000	6.8000
dPolE	420.274	90.000	99.2919	1.0000	0.0000	6.8000
uR	420.274	90.000	0.0015	1.0000	0.0000	6.8000
E	421.890	90.000	43.4278	16.6199	0.1124	0.2093	0.0000	6.8000
dPolE	421.890	90.000	98.9779	1.0000	0.0000	6.8000
uR	421.890	90.000	0.0020	1.0000	0.0000	6.8000
E	423.506	90.000	46.2563	17.1934	0.1116	0.2083	0.0000	6.8000
dPolE	423.506	90.000	99.1235	1.0000	0.0000	6.8000
uR	423.506	90.000	0.0019	1.0000	0.0000	6.8000
E	425.122	90.000	44.7027	20.3747	0.1087	0.2024	0.0000	6.8000
dPolE	425.122	90.000	98.8114	1.0000	0.0000	6.8000
uR	425.122	90.000	0.0023	1.0000	0.0000	6.8000
E	426.738	90.000	44.2198	16.9381	0.1118	0.2058	0.0000	6.8000
dPolE	426.738	90.000	98.5609	1.0000	0.0000	6.8000
uR	426.738	90.000	0.0024	1.0000	0.0000	6.8000
E	428.355	90.000	44.5706	20.9975	0.1077	0.1970	0.0000	6.8000
dPolE	428.355	90.000	98.5832	1.0000	0.0000	6.8000
uR	428.355	90.000	0.0025	1.0000	0.0000	6.8000
E	429.971	90.000	44.3209	18.1286	0.1088	0.1971	0.0000	6.8000
dPolE	429.971	90.000	98.1956	1.0000	0.0000	6.8000
uR	429.971	90.000	0.0028	1.0000	0.0000	6.8000
E	431.587	90.000	45.2179	18.3719	0.1147	0.2079	0.0000	6.8000
dPolE	431.587	90.000	98.1101	1.0000	0.0000	6.8000
uR	431.587	90.000	0.0028	1.0000	0.0000	6.8000
E	433.203	90.000	45.0995	14.6919	0.1058	0.1916	0.0000	6.8000
dPolE	433.203	90.000	97.9972	1.0000	0.0000	6.8000
uR	433.203	90.000	0.0031	1.0000	0.0000	6.8000
E	434.819	90.000	44.7552	17.2103	0.1023	0.1864	0.0000	6.8000
dPolE	434.819	90.000	97.5992	1.0000	0.0000	6.8000
uR	434.819	90.000	0.0034	1.0000	0.0000	6.8000
E	436.435	90.000	44.1525	17.7126	0.1035	0.1881	0.0000	6.8000
dPolE	436.435	90.000	97.2157	1.0000	0.0000	6.8000
uR	436.435	90.000	0.0035	1.0000	0.0000	6.8000
E	438.051	90.000	45.3267	14.7246	0.1065	0.1913	0.0000	6.8000
dPolE	438.051	90.000	96.4942	1.0000	0.0000	6.8000
uR	438.051	90.000	0.0038	1.0000	0.0000	6.8000
E	439.667	90.000	44.6907	15.8358	0.1078	0.1916	0.0000	6.8000
dPolE	439.667	90.000	96.2685	1.0000	0.0000	6.8000
uR	439.667	90.000	0.0039	1.0000	0.0000	6.8000
E	441.283	90.000	42.9778	14.9794	0.1134	0.2002	0.0000	6.8000
dPolE	441.283	90.000	95.5385	1.0000	0.0000	6.8000
uR	441.283	90.000	0.0042	1.0000	0.0000	6.8000
E	442.899	90.000	44.7168	16.6202	0.1092	0.1920	0.0000	6.8000
dPolE	442.899	90.000	95.5903	1.0000	0.0000	6.8000
uR	442.899	90.000	0.0043	1.0000	0.0000	6.8000
E	444.515	90.000	44.1982	16.0386	0.1095	0.1925	0.0000	6.8000
dPolE	444.515	90.000	95.3829	1.0000	0.0000	6.8000
uR	444.515	90.000	0.0045	1.0000	0.0000	6.8000
E	446.131	90.000	46.5429	13.4050	0.1059	0.1865	0.0000	6.8000
dPolE	446.131	90.000	95.7104	1.0000	0.0000	6.8000
uR	446.131	90.000	0.0045	1.0000	0.0000	6.8000
E	447.747	90.000	45.2125	14.8241	0.1094	0.1928	0.0000	6.8000
dPolE	447.747	90.000	95.2115	1.0000	0.0000	6.8000
uR	447.747	90.000	0.0046	1.0000	0.0000	6.8000
E	449.363	90.000	45.0317	14.1559	0.0997	0.1747	0.0000	6.8000
dPolE	449.363	90.000	94.5369	1.0000	0.0000	6.8000
uR	449.363	90.000	0.0048	1.0000	0.0000	6.8000
E	450.979	90.000	45.0294	14.4788	0.1052	0.1826	0.0000	6.8000
dPolE	450.979	90.000	93.0390	1.0000	0.0000	6.8000
uR	450.979	90.000	0.0050	1.0000	0.0000	6.8000
E	452.594	90.000	44.4856	15.6825	0.1052	0.1809	0.0000	6.8000
dPolE	452.594	90.000	92.7444	1.0000	0.0000	6.8000
uR	452.594	90.000	0.0050	1.0000	0.0000	6.8000
E	454.210	90.000	45.1944	13.8765	0.1058	0.1796	0.0000	6.8000
dPolE	454.210	90.000	93.1491	1.0000	0.0000	6.8000
uR	454.210	90.000	0.0053	1.0000	0.0000	6.8000
E	455.826	90.000	43.7801	12.7496	0.1064	0.1799	0.0000	6.8000
dPolE	455.826	90.000	92.5290	1.0000	0.0000	6.8000
uR	455.826	90.000	0.0054	1.0000	0.0000	6.8000
E	457.442	90.000	45.1789	13.8496	0.0999	0.1692	0.0000	6.8000
dPolE	457.442	90.000	91.9905	1.0000	0.0000	6.8000
uR	457.442	90.000	0.0057	1.0000	0.0000	6.8000
E	459.058	90.000	45.0982	13.8907	0.1009	0.1712	0.0000	6.8000
dPolE	459.058	90.000	91.1688	1.0000	0.0000	6.8000
uR	459.058	90.000	0.0058	1.0000	0.0000	6.8000
E	460.674	90.000	45.1687	12.5472	0.0986	0.1673	0.0000	6.8000
dPolE	460.674	90.000	90.5592	1.0000	0.0000	6.8000
uR	460.674	90.000	0.0059	1.0000	0.0000	6.8000
E	462.290	90.000	45.3826	13.5100	0.0984	0.1665	0.0000	6.8000
dPolE	462.290	90.000	89.8897	1.0000	0.0000	6.8000
uR	462.290	90.000	0.0059	1.0000	0.0000	6.8000
E	463.906	90.000	44.1672	12.8638	0.1003	0.1682	0.0000	6.8000
dPolE	463.906	90.000	88.7521	1.0000	0.0000	6.8000
uR	463.906	90.000	0.0061	1.0000	0.0000	6.8000
E	465.521	90.000	45.0754	12.2228	0.1005	0.1662	0.0000	6.8000
dPolE	465.521	90.000	87.9202	1.0000	0.0000	6.8000
uR	465.521	90.000	0.0062	1.0000	0.0000	6.8000
E	467.137	90.000	44.6222	11.6888	0.0957	0.1564	0.0000	6.8000
dPolE	467.137	90.000	85.9553	1.0000	0.0000	6.8000
uR	467.137	90.000	0.0065	1.0000	0.0000	6.8000
E	468.753	90.000	44.8585	12.3459	0.0940	0.1529	0.0000	6.8000
dPolE	468.753	90.000	83.2923	1.0000	0.0000	6.8000
uR	468.753	90.000	0.0066	1.0000	0.0000	6.8000
E	470.369	90.000	44.8728	11.5797	0.0927	0.1502	0.0000	6.8000
dPolE	470.369	90.000	84.1015	1.0000	0.0000	6.8000
uR	470.369	90.000	0.0068	1.0000	0.0000	6.8000
E	471.985	90.000	44.6804	11.4716	0.0991	0.1608	0.0000	6.8000
dPolE	471.985	90.000	86.0935	1.0000	0.0000	6.8000
uR	471.985	90.000	0.0068	1.0000	0.0000	6.8000
E	473.600	90.000	45.2378	11.8949	0.1022	0.1664	0.0000	6.8000
dPolE	473.600	90.000	85.5478	1.0000	0.0000	6.8000
uR	473.600	90.000	0.0069	1.0000	0.0000	6.8000
E	475.216	90.000	44.4035	11.4223	0.0961	0.1562	0.0000	6.8000
dPolE	475.216	90.000	87.0319	1.0000	0.0000	6.8000
uR	475.216	90.000	0.0072	1.0000	0.0000	6.8000
E	476.832	90.000	44.5491	11.3901	0.1005	0.1627	0.0000	6.8000
dPolE	476.832	90.000	87.6530	1.0000	0.0000	6.8000
uR	476.832	90.000	0.0074	1.0000	0.0000	6.8000
E	478.448	90.000	45.1570	11.3819	0.1024	0.1641	0.0000	6.8000
dPolE	478.448	90.000	87.2530	1.0000	0.0000	6.8000
uR	478.448	90.000	0.0075	1.0000	0.0000	6.8000
E	480.063	90.000	44.7361	11.8940	0.1012	0.1607	0.0000	6.8000
dPolE	480.063	90.000	86.6222	1.0000	0.0000	6.8000
uR	480.063	90.000	0.0076	1.0000	0.0000	6.8000
E	481.679	90.000	45.4232	10.6101	0.0960	0.1502	0.0000	6.8000
dPolE	481.679	90.000	87.4754	1.0000	0.0000	6.8000
uR	481.679	90.000	0.0074	1.0000	0.0000	6.8000
E	483.294	90.000	45.0856	11.3793	0.1009	0.1569	0.0000	6.8000
dPolE	483.294	90.000	84.4282	1.0000	0.0000	6.8000
uR	483.294	90.000	0.0078	1.0000	0.0000	6.8000
E	484.910	90.000	44.8213	11.0411	0.0962	0.1491	0.0000	6.8000
dPolE	484.910	90.000	86.0849	1.0000	0.0000	6.8000
uR	484.910	90.000	0.0079	1.0000	0.0000	6.8000
E	486.526	90.000	45.4663	10.1108	0.0963	0.1492	0.0000	6.8000
dPolE	486.526	90.000	86.9233	1.0000	0.0000	6.8000
uR	486.526	90.000	0.0081	1.0000	0.0000	6.8000
E	488.141	90.000	44.5639	10.5351	0.1108	0.1722	0.0000	6.8000
dPolE	488.141	90.000	85.7830	1.0000	0.0000	6.8000
uR	488.141	90.000	0.0082	1.0000	0.0000	6.8000
E	489.757	90.000	45.0842	10.4940	0.1038	0.1612	0.0000	6.8000
dPolE	489.757	90.000	85.7518	1.0000	0.0000	6.8000
uR	489.757	90.000	0.0081	1.0000	0.0000	6.8000
E	491.372	90.000	45.0141	10.2920	0.0978	0.1513	0.0000	6.8000
dPolE	491.372	90.000	85.0707	1.0000	0.0000	6.8000
uR	491.372	90.000	0.0080	1.0000	0.0000	6.8000
E	492.988	90.000	44.4420	10.3341	0.0961	0.1478	0.0000	6.8000
dPolE	492.988	90.000	83.7417	1.0000	0.0000	6.8000
uR	492.988	90.000	0.0084	1.0000	0.0000	6.8000
E	494.603	90.000	44.6208	10.2091	0.0978	0.1492	0.0000	6.8000
dPolE	494.603	90.000	84.1125	1.0000	0.0000	6.8000
uR	494.603	90.000	0.0084	1.0000	0.0000	6.8000
E	496.219	90.000	45.1856	10.2218	0.1021	0.1539	0.0000	6.8000
dPolE	496.219	90.000	84.7472	1.0000	0.0000	6.8000
uR	496.219	90.000	0.0086	1.0000	0.0000	6.8000
E	497.834	90.000	45.1783	9.7042	0.1053	0.1569	0.0000	6.8000
dPolE	497.834	90.000	84.4669	1.0000	0.0000	6.8000
uR	497.834	90.000	0.0086	1.0000	0.0000	6.8000
E	499.450	90.000	44.7302	8.8772	0.1017	0.1501	0.0000	6.8000
dPolE	499.450	90.000	84.6225	1.0000	0.0000	6.8000
uR	499.450	90.000	0.0087	1.0000	0.0000	6.8000
E	501.065	90.000	45.2468	8.8873	0.1021	0.1504	0.0000	6.8000
dPolE	501.065	90.000	85.0446	1.0000	0.0000	6.8000
uR	501.065	90.000	0.0088	1.0000	0.0000	6.8000
E	502.680	90.000	44.7876	9.1397	0.1012	0.1491	0.0000	6.8000
dPolE	502.680	90.000	84.6890	1.0000	0.0000	6.8000
uR	502.680	90.000	0.0089	1.0000	0.0000	6.8000
E	504.296	90.000	44.9579	9.5321	0.1010	0.1492	0.0000	6.8000
dPolE	504.296	90.000	84.2001	1.0000	0.0000	6.8000
uR	504.296	90.000	0.0090	1.0000	0.0000	6.8000
E	505.911	90.000	45.2224	8.7224	0.1013	0.1493	0.0000	6.8000
dPolE	505.911	90.000	84.2353	1.0000	0.0000	6.8000
uR	505.911	90.000	0.0091	1.0000	0.0000	6.8000
E	507.526	90.000	44.8692	9.1950	0.1034	0.1525	0.0000	6.8000
dPolE	507.526	90.000	82.7679	1.0000	0.0000	6.8000
uR	507.526	90.000	0.0092	1.0000	0.0000	6.8000
E	509.141	90.000	44.8413	8.8975	0.1030	0.1511	0.0000	6.8000
dPolE	509.141	90.000	82.6522	1.0000	0.0000	6.8000
uR	509.141	90.000	0.0091	1.0000	0.0000	6.8000
E	510.756	90.000	45.2174	9.4135	0.1032	0.1503	0.0000	6.8000
dPolE	510.756	90.000	81.8788	1.0000	0.0000	6.8000
uR	510.756	90.000	0.0095	1.0000	0.0000	6.8000
E	512.372	90.000	44.6567	9.1861	0.1061	0.1527	0.0000	6.8000
dPolE	512.372	90.000	84.1524	1.0000	0.0000	6.8000
uR	512.372	90.000	0.0094	1.0000	0.0000	6.8000
E	513.987	90.000	44.8346	7.9951	0.1032	0.1466	0.0000	6.8000
dPolE	513.987	90.000	82.7237	1.0000	0.0000	6.8000
uR	513.987	90.000	0.0104	1.0000	0.0000	6.8000
E	515.602	90.000	44.5425	8.8960	0.1053	0.1487	0.0000	6.8000
dPolE	515.602	90.000	83.8546	1.0000	0.0000	6.8000
uR	515.602	90.000	0.0104	1.0000	0.0000	6.8000
E	517.217	90.000	45.4166	8.8817	0.1099	0.1544	0.0000	6.8000
dPolE	517.217	90.000	85.1206	1.0000	0.0000	6.8000
uR	517.217	90.000	0.0100	1.0000	0.0000	6.8000
E	518.832	90.000	44.1944	8.1086	0.1147	0.1605	0.0000	6.8000
dPolE	518.832	90.000	85.9613	1.0000	0.0000	6.8000
uR	518.832	90.000	0.0096	1.0000	0.0000	6.8000
E	520.447	90.000	44.7617	8.4762	0.1134	0.1586	0.0000	6.8000
dPolE	520.447	90.000	86.6773	1.0000	0.0000	6.8000
uR	520.447	90.000	0.0092	1.0000	0.0000	6.8000
E	522.062	90.000	45.2937	8.5223	0.1145	0.1605	0.0000	6.8000
dPolE	522.062	90.000	85.3175	1.0000	0.0000	6.8000
uR	522.062	90.000	0.0089	1.0000	0.0000	6.8000
E	523.677	90.000	44.9640	7.9453	0.1062	0.1486	0.0000	6.8000
dPolE	523.677	90.000	83.8939	1.0000	0.0000	6.8000
uR	523.677	90.000	0.0091	1.0000	0.0000	6.8000
E	525.292	90.000	44.8427	7.8898	0.1106	0.1544	0.0000	6.8000
dPolE	525.292	90.000	82.1618	1.0000	0.0000	6.8000
uR	525.292	90.000	0.0096	1.0000	0.0000	6.8000
E	526.907	90.000	45.2282	8.1699	0.1107	0.1540	0.0000	6.8000
dPolE	526.907	90.000	81.4582	1.0000	0.0000	6.8000
uR	526.907	90.000	0.0097	1.0000	0.0000	6.8000
E	528.521	90.000	44.4730	7.3260	0.1106	0.1524	0.0000	6.8000
dPolE	528.521	90.000	82.7381	1.0000	0.0000	6.8000
uR	528.521	90.000	0.0097	1.0000	0.0000	6.8000
E	530.136	90.000	45.2666	7.6330	0.1105	0.1509	0.0000	6.8000
dPolE	530.136	90.000	80.3594	1.0000	0.0000	6.8000
uR	530.136	90.000	0.0101	1.0000	0.0000	6.8000
E	531.751	90.000	45.2423	7.3466	0.1113	0.1505	0.0000	6.8000
dPolE	531.751	90.000	81.8397	1.0000	0.0000	6.8000
uR	531.751	90.000	0.0100	1.0000	0.0000	6.8000
E	533.366	90.000	45.2450	7.8533	0.1104	0.1482	0.0000	6.8000
dPolE	533.366	90.000	80.7730	1.0000	0.0000	6.8000
uR	533.366	90.000	0.0103	1.0000	0.0000	6.8000
E	534.980	90.000	44.9078	7.9734	0.1087	0.1449	0.0000	6.8000
dPolE	534.980	90.000	79.7231	1.0000	0.0000	6.8000
uR	534.980	90.000	0.0103	1.0000	0.0000	6.8000
E	536.595	90.000	44.9982	7.6491	0.1086	0.1442	0.0000	6.8000
dPolE	536.595	90.000	80.3470	1.0000	0.0000	6.8000
uR	536.595	90.000	0.0103	1.0000	0.0000	6.8000
E	538.210	90.000	45.0853	6.9646	0.1116	0.1474	0.0000	6.8000
dPolE	538.210	90.000	81.2781	1.0000	0.0000	6.8000
uR	538.210	90.000	0.0104	1.0000	0.0000	6.8000
E	539.824	90.000	44.7506	6.3996	0.1069	0.1412	0.0000	6.8000
dPolE	539.824	90.000	78.2363	1.0000	0.0000	6.8000
uR	539.824	90.000	0.0109	1.0000	0.0000	6.8000
E	541.439	90.000	45.0073	7.4644	0.1134	0.1504	0.0000	6.8000
dPolE	541.439	90.000	80.1635	1.0000	0.0000	6.8000
uR	541.439	90.000	0.0103	1.0000	0.0000	6.8000
E	543.053	90.000	44.5423	6.8896	0.1113	0.1472	0.0000	6.8000
dPolE	543.053	90.000	80.6739	1.0000	0.0000	6.8000
uR	543.053	90.000	0.0104	1.0000	0.0000	6.8000
E	544.668	90.000	45.2180	7.0671	0.1128	0.1491	0.0000	6.8000
dPolE	544.668	90.000	77.7071	1.0000	0.0000	6.8000
uR	544.668	90.000	0.0108	1.0000	0.0000	6.8000
E	546.282	90.000	45.1273	7.0787	0.1140	0.1499	0.0000	6.8000
dPolE	546.282	90.000	80.3637	1.0000	0.0000	6.8000
uR	546.282	90.000	0.0106	1.0000	0.0000	6.8000
E	547.896	90.000	45.1101	7.0631	0.1152	0.1503	0.0000	6.8000
dPolE	547.896	90.000	79.0376	1.0000	0.0000	6.8000
uR	547.896	90.000	0.0107	1.0000	0.0000	6.8000
E	549.511	90.000	45.3781	6.8416	0.1134	0.1468	0.0000	6.8000
dPolE	549.511	90.000	79.2803	1.0000	0.0000	6.8000
uR	549.511	90.000	0.0106	1.0000	0.0000	6.8000
E	551.125	90.000	44.8262	7.1479	0.1132	0.1451	0.0000	6.8000
dPolE	551.125	90.000	78.9398	1.0000	0.0000	6.8000
uR	551.125	90.000	0.0108	1.0000	0.0000	6.8000
E	552.739	90.000	44.7599	6.8763	0.1126	0.1429	0.0000	6.8000
dPolE	552.739	90.000	79.1234	1.0000	0.0000	6.8000
uR	552.739	90.000	0.0105	1.0000	0.0000	6.8000
E	554.353	90.000	45.2367	6.2187	0.1135	0.1430	0.0000	6.8000
dPolE	554.353	90.000	78.6222	1.0000	0.0000	6.8000
uR	554.353	90.000	0.0108	1.0000	0.0000	6.8000
E	555.968	90.000	45.1915	6.3769	0.1189	0.1491	0.0000	6.8000
dPolE	555.968	90.000	77.9046	1.0000	0.0000	6.8000
uR	555.968	90.000	0.0105	1.0000	0.0000	6.8000
E	557.582	90.000	44.7649	6.3754	0.1158	0.1447	0.0000	6.8000
dPolE	557.582	90.000	77.0727	1.0000	0.0000	6.8000
uR	557.582	90.000	0.0106	1.0000	0.0000	6.8000
E	559.196	90.000	45.3943	6.3670	0.1165	0.1455	0.0000	6.8000
dPolE	559.196	90.000	77.0245	1.0000	0.0000	6.8000
uR	559.196	90.000	0.0107	1.0000	0.0000	6.8000
E	560.810	90.000	44.7726	6.5400	0.1157	0.1446	0.0000	6.8000
dPolE	560.810	90.000	78.0104	1.0000	0.0000	6.8000
uR	560.810	90.000	0.0109	1.0000	0.0000	6.8000
E	562.424	90.000	45.1983	6.6933	0.1152	0.1442	0.0000	6.8000
dPolE	562.424	90.000	76.0463	1.0000	0.0000	6.8000
uR	562.424	90.000	0.0111	1.0000	0.0000	6.8000
E	564.038	90.000	44.5604	5.7164	0.1194	0.1489	0.0000	6.8000
dPolE	564.038	90.000	75.9436	1.0000	0.0000	6.8000
uR	564.038	90.000	0.0108	1.0000	0.0000	6.8000
E	565.651	90.000	45.5660	6.1097	0.1148	0.1431	0.0000	6.8000
dPolE	565.651	90.000	78.4294	1.0000	0.0000	6.8000
uR	565.651	90.000	0.0107	1.0000	0.0000	6.8000
E	567.265	90.000	44.6820	6.1231	0.1150	0.1427	0.0000	6.8000
dPolE	567.265	90.000	74.9389	1.0000	0.0000	6.8000
uR	567.265	90.000	0.0111	1.0000	0.0000	6.8000
E	568.879	90.000	44.6964	6.0258	0.1152	0.1418	0.0000	6.8000
dPolE	568.879	90.000	75.3059	1.0000	0.0000	6.8000
uR	568.879	90.000	0.0111	1.0000	0.0000	6.8000
E	570.493	90.000	44.7492	5.8201	0.1162	0.1419	0.0000	6.8000
dPolE	570.493	90.000	75.1493	1.0000	0.0000	6.8000
uR	570.493	90.000	0.0110	1.0000	0.0000	6.8000
E	572.106	90.000	45.3683	6.0785	0.1196	0.1450	0.0000	6.8000
dPolE	572.106	90.000	73.4281	1.0000	0.0000	6.8000
uR	572.106	90.000	0.0109	1.0000	0.0000	6.8000
E	573.720	90.000	45.2445	6.2240	0.1202	0.1445	0.0000	6.8000
dPolE	573.720	90.000	74.5415	1.0000	0.0000	6.8000
uR	573.720	90.000	0.0106	1.0000	0.0000	6.8000
E	575.333	90.000	45.0227	5.9798	0.1236	0.1472	0.0000	6.8000
dPolE	575.333	90.000	74.5682	1.0000	0.0000	6.8000
uR	575.333	90.000	0.0109	1.0000	0.0000	6.8000
E	576.947	90.000	44.8572	5.5771	0.1163	0.1377	0.0000	6.8000
dPolE	576.947	90.000	74.9182	1.0000	0.0000	6.8000
uR	576.947	90.000	0.0112	1.0000	0.0000	6.8000
E	578.560	90.000	44.8577	5.9037	0.1198	0.1414	0.0000	6.8000
dPolE	578.560	90.000	74.5733	1.0000	0.0000	6.8000
uR	578.560	90.000	0.0111	1.0000	0.0000	6.8000
E	580.174	90.000	45.3307	6.8193	0.1231	0.1454	0.0000	6.8000
dPolE	580.174	90.000	73.9117	1.0000	0.0000	6.8000
uR	580.174	90.000	0.0110	1.0000	0.0000	6.8000
E	581.787	90.000	44.7227	6.1244	0.1233	0.1451	0.0000	6.8000
dPolE	581.787	90.000	73.8033	1.0000	0.0000	6.8000
uR	581.787	90.000	0.0113	1.0000	0.0000	6.8000
E	583.400	90.000	44.9160	5.6568	0.1125	0.1321	0.0000	6.8000
dPolE	583.400	90.000	73.8430	1.0000	0.0000	6.8000
uR	583.400	90.000	0.0112	1.0000	0.0000	6.8000
E	585.014	90.000	45.4301	5.3259	0.1271	0.1493	0.0000	6.8000
dPolE	585.014	90.000	72.5929	1.0000	0.0000	6.8000
uR	585.014	90.000	0.0114	1.0000	0.0000	6.8000
E	586.627	90.000	45.1895	5.8567	0.1170	0.1375	0.0000	6.8000
dPolE	586.627	90.000	73.9878	1.0000	0.0000	6.8000
uR	586.627	90.000	0.0111	1.0000	0.0000	6.8000
E	588.240	90.000	44.7033	5.1400	0.1194	0.1396	0.0000	6.8000
dPolE	588.240	90.000	74.0642	1.0000	0.0000	6.8000
uR	588.240	90.000	0.0112	1.0000	0.0000	6.8000
E	589.853	90.000	44.9590	5.8856	0.1230	0.1438	0.0000	6.8000
dPolE	589.853	90.000	73.8699	1.0000	0.0000	6.8000
uR	589.853	90.000	0.0111	1.0000	0.0000	6.8000
E	591.466	90.000	45.0183	5.4201	0.1161	0.1347	0.0000	6.8000
dPolE	591.466	90.000	73.0786	1.0000	0.0000	6.8000
uR	591.466	90.000	0.0113	1.0000	0.0000	6.8000
E	593.079	90.000	44.6351	5.3351	0.1177	0.1358	0.0000	6.8000
dPolE	593.079	90.000	72.5813	1.0000	0.0000	6.8000
uR	593.079	90.000	0.0113	1.0000	0.0000	6.8000
E	594.692	90.000	45.4820	5.4588	0.1206	0.1379	0.0000	6.8000
dPolE	594.692	90.000	72.9209	1.0000	0.0000	6.8000
uR	594.692	90.000	0.0112	1.0000	0.0000	6.8000
E	596.305	90.000	45.3324	5.2513	0.1242	0.1408	0.0000	6.8000
dPolE	596.305	90.000	72.4165	1.0000	0.0000	6.8000
uR	596.305	90.000	0.0113	1.0000	0.0000	6.8000
E	597.918	90.000	44.5700	4.8254	0.1203	0.1352	0.0000	6.8000
dPolE	597.918	90.000	75.4379	1.0000	0.0000	6.8000
uR	597.918	90.000	0.0113	1.0000	0.0000	6.8000
E	599.530	90.000	44.8246	5.0550	0.1259	0.1407	0.0000	6.8000
dPolE	599.530	90.000	72.6294	1.0000	0.0000	6.8000
uR	599.530	90.000	0.0115	1.0000	0.0000	6.8000
E	601.143	90.000	45.6392	5.1110	0.1289	0.1435	0.0000	6.8000
dPolE	601.143	90.000	71.5202	1.0000	0.0000	6.8000
uR	601.143	90.000	0.0115	1.0000	0.0000	6.8000
E	602.755	90.000	44.8339	4.7348	0.1308	0.1448	0.0000	6.8000
dPolE	602.755	90.000	71.6049	1.0000	0.0000	6.8000
uR	602.755	90.000	0.0115	1.0000	0.0000	6.8000
E	604.368	90.000	44.9534	4.8698	0.1288	0.1421	0.0000	6.8000
dPolE	604.368	90.000	73.2155	1.0000	0.0000	6.8000
uR	604.368	90.000	0.0113	1.0000	0.0000	6.8000
E	605.981	90.000	44.8286	4.9059	0.1324	0.1461	0.0000	6.8000
dPolE	605.981	90.000	72.7020	1.0000	0.0000	6.8000
uR	605.981	90.000	0.0115	1.0000	0.0000	6.8000
E	607.593	90.000	45.1260	5.3068	0.1328	0.1468	0.0000	6.8000
dPolE	607.593	90.000	72.2965	1.0000	0.0000	6.8000
uR	607.593	90.000	0.0113	1.0000	0.0000	6.8000
E	609.205	90.000	45.4154	4.6264	0.1360	0.1499	0.0000	6.8000
dPolE	609.205	90.000	72.0310	1.0000	0.0000	6.8000
uR	609.205	90.000	0.0111	1.0000	0.0000	6.8000
E	610.818	90.000	44.8286	4.8948	0.1276	0.1408	0.0000	6.8000
dPolE	610.818	90.000	74.1402	1.0000	0.0000	6.8000
uR	610.818	90.000	0.0113	1.0000	0.0000	6.8000
E	612.430	90.000	44.7313	4.6865	0.1297	0.1427	0.0000	6.8000
dPolE	612.430	90.000	71.4865	1.0000	0.0000	6.8000
uR	612.430	90.000	0.0115	1.0000	0.0000	6.8000
E	614.042	90.000	44.6727	4.9954	0.1264	0.1389	0.0000	6.8000
dPolE	614.042	90.000	72.4667	1.0000	0.0000	6.8000
uR	614.042	90.000	0.0116	1.0000	0.0000	6.8000
E	615.654	90.000	45.2907	4.6232	0.1367	0.1493	0.0000	6.8000
dPolE	615.654	90.000	68.5210	1.0000	0.0000	6.8000
uR	615.654	90.000	0.0114	1.0000	0.0000	6.8000
E	617.266	90.000	44.9120	4.2698	0.1265	0.1372	0.0000	6.8000
dPolE	617.266	90.000	71.8231	1.0000	0.0000	6.8000
uR	617.266	90.000	0.0114	1.0000	0.0000	6.8000
E	618.878	90.000	45.1482	5.0706	0.1325	0.1433	0.0000	6.8000
dPolE	618.878	90.000	71.1778	1.0000	0.0000	6.8000
uR	618.878	90.000	0.0115	1.0000	0.0000	6.8000
E	620.490	90.000	45.1016	4.3984	0.1379	0.1477	0.0000	6.8000
dPolE	620.490	90.000	67.8876	1.0000	0.0000	6.8000
uR	620.490	90.000	0.0116	1.0000	0.0000	6.8000
E	622.102	90.000	45.0369	4.9968	0.1352	0.1440	0.0000	6.8000
dPolE	622.102	90.000	69.7498	1.0000	0.0000	6.8000
uR	622.102	90.000	0.0114	1.0000	0.0000	6.8000
E	623.714	90.000	44.4521	4.2212	0.1310	0.1382	0.0000	6.8000
dPolE	623.714	90.000	69.2726	1.0000	0.0000	6.8000
uR	623.714	90.000	0.0114	1.0000	0.0000	6.8000
E	625.325	90.000	44.6468	4.4183	0.1298	0.1361	0.0000	6.8000
dPolE	625.325	90.000	71.7123	1.0000	0.0000	6.8000
uR	625.325	90.000	0.0114	1.0000	0.0000	6.8000
E	626.937	90.000	44.7577	4.6571	0.1369	0.1429	0.0000	6.8000
dPolE	626.937	90.000	68.3178	1.0000	0.0000	6.8000
uR	626.937	90.000	0.0116	1.0000	0.0000	6.8000
E	628.548	90.000	45.6342	4.9151	0.1415	0.1474	0.0000	6.8000
dPolE	628.548	90.000	68.1549	1.0000	0.0000	6.8000
uR	628.548	90.000	0.0116	1.0000	0.0000	6.8000
E	630.160	90.000	45.4070	4.2522	0.1448	0.1499	0.0000	6.8000
dPolE	630.160	90.000	69.5553	1.0000	0.0000	6.8000
uR	630.160	90.000	0.0112	1.0000	0.0000	6.8000
E	631.771	90.000	44.9839	4.5781	0.1383	0.1433	0.0000	6.8000
dPolE	631.771	90.000	68.6165	1.0000	0.0000	6.8000
uR	631.771	90.000	0.0116	1.0000	0.0000	6.8000
E	633.383	90.000	45.3956	4.7965	0.1377	0.1427	0.0000	6.8000
dPolE	633.383	90.000	69.9886	1.0000	0.0000	6.8000
uR	633.383	90.000	0.0115	1.0000	0.0000	6.8000
E	634.994	90.000	44.7015	4.0679	0.1423	0.1470	0.0000	6.8000
dPolE	634.994	90.000	66.5994	1.0000	0.0000	6.8000
uR	634.994	90.000	0.0117	1.0000	0.0000	6.8000
E	636.605	90.000	44.4789	4.1259	0.1379	0.1425	0.0000	6.8000
dPolE	636.605	90.000	69.9186	1.0000	0.0000	6.8000
uR	636.605	90.000	0.0116	1.0000	0.0000	6.8000
E	638.216	90.000	44.6753	4.6641	0.1418	0.1467	0.0000	6.8000
dPolE	638.216	90.000	72.0810	1.0000	0.0000	6.8000
uR	638.216	90.000	0.0113	1.0000	0.0000	6.8000
E	639.827	90.000	44.9336	4.2073	0.1422	0.1465	0.0000	6.8000
dPolE	639.827	90.000	71.1141	1.0000	0.0000	6.8000
uR	639.827	90.000	0.0114	1.0000	0.0000	6.8000
E	641.438	90.000	44.5033	4.1766	0.1341	0.1378	0.0000	6.8000
dPolE	641.438	90.000	73.5265	1.0000	0.0000	6.8000
uR	641.438	90.000	0.0111	1.0000	0.0000	6.8000
E	643.049	90.000	44.7467	3.9592	0.1475	0.1509	0.0000	6.8000
dPolE	643.049	90.000	68.2923	1.0000	0.0000	6.8000
uR	643.049	90.000	0.0114	1.0000	0.0000	6.8000
E	644.660	90.000	44.7273	4.2929	0.1504	0.1534	0.0000	6.8000
dPolE	644.660	90.000	69.2363	1.0000	0.0000	6.8000
uR	644.660	90.000	0.0111	1.0000	0.0000	6.8000
E	646.271	90.000	44.7993	4.6010	0.1413	0.1433	0.0000	6.8000
dPolE	646.271	90.000	69.0586	1.0000	0.0000	6.8000
uR	646.271	90.000	0.0115	1.0000	0.0000	6.8000
E	647.881	90.000	45.1205	4.0775	0.1558	0.1568	0.0000	6.8000
dPolE	647.881	90.000	67.1329	1.0000	0.0000	6.8000
uR	647.881	90.000	0.0114	1.0000	0.0000	6.8000
E	649.492	90.000	45.3000	4.0052	0.1464	0.1463	0.0000	6.8000
dPolE	649.492	90.000	66.8420	1.0000	0.0000	6.8000
uR	649.492	90.000	0.0113	1.0000	0.0000	6.8000
E	651.103	90.000	45.0302	4.0382	0.1451	0.1439	0.0000	6.8000
dPolE	651.103	90.000	67.6496	1.0000	0.0000	6.8000
uR	651.103	90.000	0.0113	1.0000	0.0000	6.8000
E	652.713	90.000	44.7632	3.7879	0.1566	0.1544	0.0000	6.8000
dPolE	652.713	90.000	69.3366	1.0000	0.0000	6.8000
uR	652.713	90.000	0.0116	1.0000	0.0000	6.8000
E	654.323	90.000	45.2802	4.1065	0.1590	0.1558	0.0000	6.8000
dPolE	654.323	90.000	67.3442	1.0000	0.0000	6.8000
uR	654.323	90.000	0.0118	1.0000	0.0000	6.8000
E	655.934	90.000	44.7602	4.2256	0.1679	0.1641	0.0000	6.8000
dPolE	655.934	90.000	69.2989	1.0000	0.0000	6.8000
uR	655.934	90.000	0.0114	1.0000	0.0000	6.8000
E	657.544	90.000	44.9932	4.0682	0.1605	0.1561	0.0000	6.8000
dPolE	657.544	90.000	69.5326	1.0000	0.0000	6.8000
uR	657.544	90.000	0.0113	1.0000	0.0000	6.8000
E	659.154	90.000	45.1671	4.0785	0.1675	0.1627	0.0000	6.8000
dPolE	659.154	90.000	68.2542	1.0000	0.0000	6.8000
uR	659.154	90.000	0.0117	1.0000	0.0000	6.8000
E	660.764	90.000	44.8506	3.3143	0.1611	0.1558	0.0000	6.8000
dPolE	660.764	90.000	68.0352	1.0000	0.0000	6.8000
uR	660.764	90.000	0.0118	1.0000	0.0000	6.8000
E	662.374	90.000	45.1110	4.6713	0.1621	0.1575	0.0000	6.8000
dPolE	662.374	90.000	69.4466	1.0000	0.0000	6.8000
uR	662.374	90.000	0.0115	1.0000	0.0000	6.8000
E	663.984	90.000	44.2439	3.8918	0.1570	0.1519	0.0000	6.8000
dPolE	663.984	90.000	68.4613	1.0000	0.0000	6.8000
uR	663.984	90.000	0.0118	1.0000	0.0000	6.8000
E	665.594	90.000	45.0237	3.4054	0.1531	0.1479	0.0000	6.8000
dPolE	665.594	90.000	69.8515	1.0000	0.0000	6.8000
uR	665.594	90.000	0.0117	1.0000	0.0000	6.8000
E	667.204	90.000	45.0797	3.4432	0.1537	0.1485	0.0000	6.8000
dPolE	667.204	90.000	68.7435	1.0000	0.0000	6.8000
uR	667.204	90.000	0.0117	1.0000	0.0000	6.8000
E	668.813	90.000	45.0268	3.6017	0.1598	0.1541	0.0000	6.8000
dPolE	668.813	90.000	65.3912	1.0000	0.0000	6.8000
uR	668.813	90.000	0.0116	1.0000	0.0000	6.8000
E	670.423	90.000	45.1233	3.6874	0.1638	0.1576	0.0000	6.8000
dPolE	670.423	90.000	67.2067	1.0000	0.0000	6.8000
uR	670.423	90.000	0.0114	1.0000	0.0000	6.8000
E	672.032	90.000	45.1678	3.3340	0.1603	0.1537	0.0000	6.8000
dPolE	672.032	90.000	66.4744	1.0000	0.0000	6.8000
uR	672.032	90.000	0.0115	1.0000	0.0000	6.8000
E	673.642	90.000	44.7984	3.9265	0.1645	0.1577	0.0000	6.8000
dPolE	673.642	90.000	67.0514	1.0000	0.0000	6.8000
uR	673.642	90.000	0.0111	1.0000	0.0000	6.8000
E	675.251	90.000	45.0695	3.5510	0.1507	0.1436	0.0000	6.8000
dPolE	675.251	90.000	69.5347	1.0000	0.0000	6.8000
uR	675.251	90.000	0.0114	1.0000	0.0000	6.8000
E	676.860	90.000	44.8067	3.8349	0.1620	0.1537	0.0000	6.8000
dPolE	676.860	90.000	66.4484	1.0000	0.0000	6.8000
uR	676.860	90.000	0.0116	1.0000	0.0000	6.8000
E	678.469	90.000	45.1415	3.0212	0.1722	0.1618	0.0000	6.8000
dPolE	678.469	90.000	65.8080	1.0000	0.0000	6.8000
uR	678.469	90.000	0.0115	1.0000	0.0000	6.8000
E	680.079	90.000	45.0139	3.8261	0.1647	0.1544	0.0000	6.8000
dPolE	680.079	90.000	66.8706	1.0000	0.0000	6.8000
uR	680.079	90.000	0.0111	1.0000	0.0000	6.8000
E	681.688	90.000	44.7783	3.8092	0.1637	0.1524	0.0000	6.8000
dPolE	681.688	90.000	67.9901	1.0000	0.0000	6.8000
uR	681.688	90.000	0.0114	1.0000	0.0000	6.8000
E	683.296	90.000	44.9731	3.3024	0.1728	0.1595	0.0000	6.8000
dPolE	683.296	90.000	60.9057	1.0000	0.0000	6.8000
uR	683.296	90.000	0.0117	1.0000	0.0000	6.8000
E	684.905	90.000	44.6846	3.9772	0.1610	0.1481	0.0000	6.8000
dPolE	684.905	90.000	62.7123	1.0000	0.0000	6.8000
uR	684.905	90.000	0.0110	1.0000	0.0000	6.8000
E	686.514	90.000	44.5878	3.4336	0.1640	0.1497	0.0000	6.8000
dPolE	686.514	90.000	63.9409	1.0000	0.0000	6.8000
uR	686.514	90.000	0.0110	1.0000	0.0000	6.8000
E	688.123	90.000	45.3040	3.3760	0.1546	0.1407	0.0000	6.8000
dPolE	688.123	90.000	63.0124	1.0000	0.0000	6.8000
uR	688.123	90.000	0.0113	1.0000	0.0000	6.8000
E	689.731	90.000	44.9849	3.2132	0.1662	0.1506	0.0000	6.8000
dPolE	689.731	90.000	59.2042	1.0000	0.0000	6.8000
uR	689.731	90.000	0.0115	1.0000	0.0000	6.8000
E	691.340	90.000	45.1586	3.5850	0.1590	0.1438	0.0000	6.8000
dPolE	691.340	90.000	64.2325	1.0000	0.0000	6.8000
uR	691.340	90.000	0.0116	1.0000	0.0000	6.8000
E	692.948	90.000	44.4538	3.5825	0.1676	0.1514	0.0000	6.8000
dPolE	692.948	90.000	63.1271	1.0000	0.0000	6.8000
uR	692.948	90.000	0.0115	1.0000	0.0000	6.8000
E	694.556	90.000	45.1394	2.9630	0.1745	0.1572	0.0000	6.8000
dPolE	694.556	90.000	64.0473	1.0000	0.0000	6.8000
uR	694.556	90.000	0.0117	1.0000	0.0000	6.8000
E	696.164	90.000	45.0567	3.1511	0.1713	0.1544	0.0000	6.8000
dPolE	696.164	90.000	65.7348	1.0000	0.0000	6.8000
uR	696.164	90.000	0.0116	1.0000	0.0000	6.8000
E	697.772	90.000	45.6568	2.9828	0.1830	0.1648	0.0000	6.8000
dPolE	697.772	90.000	65.9630	1.0000	0.0000	6.8000
uR	697.772	90.000	0.0115	1.0000	0.0000	6.8000
E	699.380	90.000	45.2625	3.3936	0.1752	0.1580	0.0000	6.8000
dPolE	699.380	90.000	68.2245	1.0000	0.0000	6.8000
uR	699.380	90.000	0.0113	1.0000	0.0000	6.8000
E	700.988	90.000	45.0002	3.1087	0.1800	0.1619	0.0000	6.8000
dPolE	700.988	90.000	66.7850	1.0000	0.0000	6.8000
uR	700.988	90.000	0.0116	1.0000	0.0000	6.8000
E	702.596	90.000	45.5527	3.2010	0.1778	0.1596	0.0000	6.8000
dPolE	702.596	90.000	68.4498	1.0000	0.0000	6.8000
uR	702.596	90.000	0.0113	1.0000	0.0000	6.8000
E	704.204	90.000	45.2541	3.3018	0.1867	0.1676	0.0000	6.8000
dPolE	704.204	90.000	67.5104	1.0000	0.0000	6.8000
uR	704.204	90.000	0.0114	1.0000	0.0000	6.8000
E	705.811	90.000	45.2965	3.1005	0.1903	0.1697	0.0000	6.8000
dPolE	705.811	90.000	69.0436	1.0000	0.0000	6.8000
uR	705.811	90.000	0.0112	1.0000	0.0000	6.8000
E	707.419	90.000	44.8592	3.3460	0.1819	0.1621	0.0000	6.8000
dPolE	707.419	90.000	68.5849	1.0000	0.0000	6.8000
uR	707.419	90.000	0.0114	1.0000	0.0000	6.8000
E	709.026	90.000	44.9270	3.0648	0.1869	0.1658	0.0000	6.8000
dPolE	709.026	90.000	65.3147	1.0000	0.0000	6.8000
uR	709.026	90.000	0.0114	1.0000	0.0000	6.8000
E	710.634	90.000	44.9896	2.8518	0.1774	0.1565	0.0000	6.8000
dPolE	710.634	90.000	65.6222	1.0000	0.0000	6.8000
uR	710.634	90.000	0.0118	1.0000	0.0000	6.8000
E	712.241	90.000	45.3602	2.8793	0.1954	0.1715	0.0000	6.8000
dPolE	712.241	90.000	63.4537	1.0000	0.0000	6.8000
uR	712.241	90.000	0.0130	1.0000	0.0000	6.8000
E	713.848	90.000	45.9455	3.2183	0.2086	0.1823	0.0000	6.8000
dPolE	713.848	90.000	67.5897	1.0000	0.0000	6.8000
uR	713.848	90.000	0.0124	1.0000	0.0000	6.8000
E	715.455	90.000	44.9467	2.5270	0.2240	0.1939	0.0000	6.8000
dPolE	715.455	90.000	75.2012	1.0000	0.0000	6.8000
uR	715.455	90.000	0.0101	1.0000	0.0000	6.8000
E	717.062	90.000	44.2880	3.2213	0.2091	0.1808	0.0000	6.8000
dPolE	717.062	90.000	75.0434	1.0000	0.0000	6.8000
uR	717.062	90.000	0.0094	1.0000	0.0000	6.8000
E	718.669	90.000	45.1621	2.9325	0.2021	0.1737	0.0000	6.8000
dPolE	718.669	90.000	69.4804	1.0000	0.0000	6.8000
uR	718.669	90.000	0.0104	1.0000	0.0000	6.8000
E	720.276	90.000	45.2514	3.0850	0.1963	0.1681	0.0000	6.8000
dPolE	720.276	90.000	69.8960	1.0000	0.0000	6.8000
uR	720.276	90.000	0.0114	1.0000	0.0000	6.8000
E	721.882	90.000	44.3140	3.0422	0.2032	0.1732	0.0000	6.8000
dPolE	721.882	90.000	71.8264	1.0000	0.0000	6.8000
uR	721.882	90.000	0.0116	1.0000	0.0000	6.8000
E	723.489	90.000	45.7728	3.1879	0.2280	0.1935	0.0000	6.8000
dPolE	723.489	90.000	64.7270	1.0000	0.0000	6.8000
uR	723.489	90.000	0.0116	1.0000	0.0000	6.8000
E	725.095	90.000	45.7747	2.9917	0.2113	0.1788	0.0000	6.8000
dPolE	725.095	90.000	71.4213	1.0000	0.0000	6.8000
uR	725.095	90.000	0.0109	1.0000	0.0000	6.8000
E	726.701	90.000	44.8810	3.1179	0.2162	0.1825	0.0000	6.8000
dPolE	726.701	90.000	72.5708	1.0000	0.0000	6.8000
uR	726.701	90.000	0.0106	1.0000	0.0000	6.8000
E	728.308	90.000	45.5081	3.2082	0.2102	0.1773	0.0000	6.8000
dPolE	728.308	90.000	71.3097	1.0000	0.0000	6.8000
uR	728.308	90.000	0.0105	1.0000	0.0000	6.8000
E	729.914	90.000	44.9512	2.7749	0.2114	0.1774	0.0000	6.8000
dPolE	729.914	90.000	66.3999	1.0000	0.0000	6.8000
uR	729.914	90.000	0.0109	1.0000	0.0000	6.8000
E	731.520	90.000	44.4324	2.8727	0.1940	0.1630	0.0000	6.8000
dPolE	731.520	90.000	67.2621	1.0000	0.0000	6.8000
uR	731.520	90.000	0.0107	1.0000	0.0000	6.8000
E	733.126	90.000	45.0902	2.9668	0.1995	0.1677	0.0000	6.8000
dPolE	733.126	90.000	62.5548	1.0000	0.0000	6.8000
uR	733.126	90.000	0.0114	1.0000	0.0000	6.8000
E	734.732	90.000	44.4085	2.9197	0.1979	0.1662	0.0000	6.8000
dPolE	734.732	90.000	61.9577	1.0000	0.0000	6.8000
uR	734.732	90.000	0.0115	1.0000	0.0000	6.8000
E	736.337	90.000	43.7362	2.9838	0.1997	0.1678	0.0000	6.8000
dPolE	736.337	90.000	68.5590	1.0000	0.0000	6.8000
uR	736.337	90.000	0.0115	1.0000	0.0000	6.8000
E	737.943	90.000	45.2148	2.5265	0.2071	0.1735	0.0000	6.8000
dPolE	737.943	90.000	66.7439	1.0000	0.0000	6.8000
uR	737.943	90.000	0.0115	1.0000	0.0000	6.8000
E	739.548	90.000	45.4255	2.7860	0.2140	0.1788	0.0000	6.8000
dPolE	739.548	90.000	64.3193	1.0000	0.0000	6.8000
uR	739.548	90.000	0.0112	1.0000	0.0000	6.8000
E	741.154	90.000	45.1050	3.2041	0.2032	0.1701	0.0000	6.8000
dPolE	741.154	90.000	65.7820	1.0000	0.0000	6.8000
uR	741.154	90.000	0.0113	1.0000	0.0000	6.8000
E	742.759	90.000	44.5123	2.7207	0.2068	0.1722	0.0000	6.8000
dPolE	742.759	90.000	60.7880	1.0000	0.0000	6.8000
uR	742.759	90.000	0.0119	1.0000	0.0000	6.8000
E	744.364	90.000	44.9255	2.9999	0.2118	0.1758	0.0000	6.8000
dPolE	744.364	90.000	64.8200	1.0000	0.0000	6.8000
uR	744.364	90.000	0.0115	1.0000	0.0000	6.8000
E	745.969	90.000	44.4362	2.9144	0.2149	0.1777	0.0000	6.8000
dPolE	745.969	90.000	66.2385	1.0000	0.0000	6.8000
uR	745.969	90.000	0.0116	1.0000	0.0000	6.8000
E	747.574	90.000	44.4623	1.9379	0.2250	0.1846	0.0000	6.8000
dPolE	747.574	90.000	66.9176	1.0000	0.0000	6.8000
uR	747.574	90.000	0.0112	1.0000	0.0000	6.8000
E	749.179	90.000	45.4305	2.4854	0.2156	0.1765	0.0000	6.8000
dPolE	749.179	90.000	70.4629	1.0000	0.0000	6.8000
uR	749.179	90.000	0.0108	1.0000	0.0000	6.8000
E	750.784	90.000	44.4492	2.4591	0.2269	0.1850	0.0000	6.8000
dPolE	750.784	90.000	65.8093	1.0000	0.0000	6.8000
uR	750.784	90.000	0.0110	1.0000	0.0000	6.8000
E	752.388	90.000	45.0741	3.2009	0.2217	0.1802	0.0000	6.8000
dPolE	752.388	90.000	67.2929	1.0000	0.0000	6.8000
uR	752.388	90.000	0.0111	1.0000	0.0000	6.8000
E	753.993	90.000	45.0526	2.8667	0.2157	0.1742	0.0000	6.8000
dPolE	753.993	90.000	69.7205	1.0000	0.0000	6.8000
uR	753.993	90.000	0.0114	1.0000	0.0000	6.8000
E	755.597	90.000	45.5724	3.0084	0.2258	0.1815	0.0000	6.8000
dPolE	755.597	90.000	65.3501	1.0000	0.0000	6.8000
uR	755.597	90.000	0.0117	1.0000	0.0000	6.8000
E	757.202	90.000	45.3162	3.0758	0.2280	0.1829	0.0000	6.8000
dPolE	757.202	90.000	66.3764	1.0000	0.0000	6.8000
uR	757.202	90.000	0.0116	1.0000	0.0000	6.8000
E	758.806	90.000	45.7979	2.3506	0.2151	0.1709	0.0000	6.8000
dPolE	758.806	90.000	64.4703	1.0000	0.0000	6.8000
uR	758.806	90.000	0.0118	1.0000	0.0000	6.8000
E	760.410	90.000	44.5341	2.4836	0.2208	0.1750	0.0000	6.8000
dPolE	760.410	90.000	61.9443	1.0000	0.0000	6.8000
uR	760.410	90.000	0.0118	1.0000	0.0000	6.8000
E	762.014	90.000	45.2129	2.3917	0.2035	0.1602	0.0000	6.8000
dPolE	762.014	90.000	61.7058	1.0000	0.0000	6.8000
uR	762.014	90.000	0.0117	1.0000	0.0000	6.8000
E	763.618	90.000	44.9486	2.2301	0.1863	0.1464	0.0000	6.8000
dPolE	763.618	90.000	46.7643	1.0000	0.0000	6.8000
uR	763.618	90.000	0.0129	1.0000	0.0000	6.8000
E	765.221	90.000	44.7835	2.4067	0.1644	0.1291	0.0000	6.8000
dPolE	765.221	90.000	47.0208	1.0000	0.0000	6.8000
uR	765.221	90.000	0.0127	1.0000	0.0000	6.8000
E	766.825	90.000	44.6503	2.4996	0.1795	0.1406	0.0000	6.8000
dPolE	766.825	90.000	46.8253	1.0000	0.0000	6.8000
uR	766.825	90.000	0.0123	1.0000	0.0000	6.8000
E	768.429	90.000	44.1212	2.6431	0.2095	0.1639	0.0000	6.8000
dPolE	768.429	90.000	56.7571	1.0000	0.0000	6.8000
uR	768.429	90.000	0.0121	1.0000	0.0000	6.8000
E	770.032	90.000	45.3038	2.8575	0.2285	0.1788	0.0000	6.8000
dPolE	770.032	90.000	64.3265	1.0000	0.0000	6.8000
uR	770.032	90.000	0.0124	1.0000	0.0000	6.8000
E	771.635	90.000	45.2560	2.1935	0.2422	0.1889	0.0000	6.8000
dPolE	771.635	90.000	64.8585	1.0000	0.0000	6.8000
uR	771.635	90.000	0.0123	1.0000	0.0000	6.8000
E	773.238	90.000	44.9581	2.6328	0.2471	0.1930	0.0000	6.8000
dPolE	773.238	90.000	68.3086	1.0000	0.0000	6.8000
uR	773.238	90.000	0.0120	1.0000	0.0000	6.8000
E	774.841	90.000	46.0952	2.5157	0.2687	0.2098	0.0000	6.8000
dPolE	774.841	90.000	68.9736	1.0000	0.0000	6.8000
uR	774.841	90.000	0.0120	1.0000	0.0000	6.8000
E	776.444	90.000	44.0558	2.4073	0.2673	0.2083	0.0000	6.8000
dPolE	776.444	90.000	76.4592	1.0000	0.0000	6.8000
uR	776.444	90.000	0.0113	1.0000	0.0000	6.8000
E	778.047	90.000	43.9733	3.8264	0.2843	0.2224	0.0000	6.8000
dPolE	778.047	90.000	75.1340	1.0000	0.0000	6.8000
uR	778.047	90.000	0.0116	1.0000	0.0000	6.8000
E	779.650	90.000	45.8750	2.0055	0.2857	0.2214	0.0000	6.8000
dPolE	779.650	90.000	78.4970	1.0000	0.0000	6.8000
uR	779.650	90.000	0.0106	1.0000	0.0000	6.8000
E	781.252	90.000	44.9889	2.0286	0.2808	0.2177	0.0000	6.8000
dPolE	781.252	90.000	75.2614	1.0000	0.0000	6.8000
uR	781.252	90.000	0.0112	1.0000	0.0000	6.8000
E	782.855	90.000	44.3310	2.4819	0.2680	0.2076	0.0000	6.8000
dPolE	782.855	90.000	77.8424	1.0000	0.0000	6.8000
uR	782.855	90.000	0.0119	1.0000	0.0000	6.8000
E	784.457	90.000	44.7381	1.9076	0.2688	0.2076	0.0000	6.8000
dPolE	784.457	90.000	75.4422	1.0000	0.0000	6.8000
uR	784.457	90.000	0.0117	1.0000	0.0000	6.8000
E	786.059	90.000	42.7942	2.4734	0.2822	0.2183	0.0000	6.8000
dPolE	786.059	90.000	76.5306	1.0000	0.0000	6.8000
uR	786.059	90.000	0.0117	1.0000	0.0000	6.8000
E	787.661	90.000	45.1922	2.6320	0.2700	0.2068	0.0000	6.8000
dPolE	787.661	90.000	73.5566	1.0000	0.0000	6.8000
uR	787.661	90.000	0.0112	1.0000	0.0000	6.8000
E	789.263	90.000	44.6473	1.8839	0.2325	0.1776	0.0000	6.8000
dPolE	789.263	90.000	71.9327	1.0000	0.0000	6.8000
uR	789.263	90.000	0.0115	1.0000	0.0000	6.8000
E	790.865	90.000	44.3355	2.3334	0.2446	0.1862	0.0000	6.8000
dPolE	790.865	90.000	67.4206	1.0000	0.0000	6.8000
uR	790.865	90.000	0.0115	1.0000	0.0000	6.8000
E	792.467	90.000	45.7456	2.3308	0.2622	0.1992	0.0000	6.8000
dPolE	792.467	90.000	67.3376	1.0000	0.0000	6.8000
uR	792.467	90.000	0.0111	1.0000	0.0000	6.8000
E	794.068	90.000	44.5799	1.9378	0.2668	0.2011	0.0000	6.8000
dPolE	794.068	90.000	71.5543	1.0000	0.0000	6.8000
uR	794.068	90.000	0.0117	1.0000	0.0000	6.8000
E	795.670	90.000	45.3748	2.0249	0.2635	0.1979	0.0000	6.8000
dPolE	795.670	90.000	71.5406	1.0000	0.0000	6.8000
uR	795.670	90.000	0.0117	1.0000	0.0000	6.8000
E	797.271	90.000	45.4388	1.9569	0.2424	0.1814	0.0000	6.8000
dPolE	797.271	90.000	67.6847	1.0000	0.0000	6.8000
uR	797.271	90.000	0.0126	1.0000	0.0000	6.8000
E	798.872	90.000	45.5074	2.3909	0.2629	0.1962	0.0000	6.8000
dPolE	798.872	90.000	60.2995	1.0000	0.0000	6.8000
uR	798.872	90.000	0.0128	1.0000	0.0000	6.8000
E	800.473	90.000	45.1009	2.0618	0.2697	0.2005	0.0000	6.8000
dPolE	800.473	90.000	67.3823	1.0000	0.0000	6.8000
uR	800.473	90.000	0.0122	1.0000	0.0000	6.8000
E	802.074	90.000	45.0963	1.6714	0.2777	0.2050	0.0000	6.8000
dPolE	802.074	90.000	67.4111	1.0000	0.0000	6.8000
uR	802.074	90.000	0.0119	1.0000	0.0000	6.8000
E	803.675	90.000	44.0444	1.6956	0.2764	0.2028	0.0000	6.8000
dPolE	803.675	90.000	73.6626	1.0000	0.0000	6.8000
uR	803.675	90.000	0.0120	1.0000	0.0000	6.8000
E	805.276	90.000	45.2599	2.4344	0.2748	0.2016	0.0000	6.8000
dPolE	805.276	90.000	71.6530	1.0000	0.0000	6.8000
uR	805.276	90.000	0.0117	1.0000	0.0000	6.8000
E	806.876	90.000	45.9349	1.6343	0.2799	0.2047	0.0000	6.8000
dPolE	806.876	90.000	70.3550	1.0000	0.0000	6.8000
uR	806.876	90.000	0.0117	1.0000	0.0000	6.8000
E	808.477	90.000	44.8979	2.5075	0.2729	0.1996	0.0000	6.8000
dPolE	808.477	90.000	71.5342	1.0000	0.0000	6.8000
uR	808.477	90.000	0.0113	1.0000	0.0000	6.8000
E	810.077	90.000	45.0896	2.3050	0.2708	0.1973	0.0000	6.8000
dPolE	810.077	90.000	67.9895	1.0000	0.0000	6.8000
uR	810.077	90.000	0.0121	1.0000	0.0000	6.8000
E	811.677	90.000	45.9666	2.1884	0.2643	0.1921	0.0000	6.8000
dPolE	811.677	90.000	70.1529	1.0000	0.0000	6.8000
uR	811.677	90.000	0.0123	1.0000	0.0000	6.8000
E	813.277	90.000	45.6749	1.6497	0.2686	0.1949	0.0000	6.8000
dPolE	813.277	90.000	68.0227	1.0000	0.0000	6.8000
uR	813.277	90.000	0.0119	1.0000	0.0000	6.8000
E	814.877	90.000	44.7650	1.5308	0.2725	0.1971	0.0000	6.8000
dPolE	814.877	90.000	70.2619	1.0000	0.0000	6.8000
uR	814.877	90.000	0.0112	1.0000	0.0000	6.8000
E	816.477	90.000	44.6200	2.8811	0.2706	0.1965	0.0000	6.8000
dPolE	816.477	90.000	62.6410	1.0000	0.0000	6.8000
uR	816.477	90.000	0.0116	1.0000	0.0000	6.8000
E	818.077	90.000	44.6429	2.0756	0.2298	0.1665	0.0000	6.8000
dPolE	818.077	90.000	59.6927	1.0000	0.0000	6.8000
uR	818.077	90.000	0.0109	1.0000	0.0000	6.8000
E	819.676	90.000	44.7239	2.1478	0.1679	0.1215	0.0000	6.8000
dPolE	819.676	90.000	41.5700	1.0000	0.0000	6.8000
uR	819.676	90.000	0.0107	1.0000	0.0000	6.8000
E	821.276	90.000	45.0537	2.0653	0.1110	0.0802	0.0000	6.8000
dPolE	821.276	90.000	20.6281	1.0000	0.0000	6.8000
uR	821.276	90.000	0.0110	1.0000	0.0000	6.8000
E	822.875	90.000	45.0473	2.0839	0.0733	0.0529	0.0000	6.8000
dPolE	822.875	90.000	14.8578	1.0000	0.0000	6.8000
uR	822.875	90.000	0.0124	1.0000	0.0000	6.8000
E	824.474	90.000	44.8829	2.0138	0.0633	0.0456	0.0000	6.8000
dPolE	824.474	90.000	11.9601	1.0000	0.0000	6.8000
uR	824.474	90.000	0.0131	1.0000	0.0000	6.8000
E	826.073	90.000	44.9372	1.9892	0.0709	0.0510	0.0000	6.8000
dPolE	826.073	90.000	13.5370	1.0000	0.0000	6.8000
uR	826.073	90.000	0.0124	1.0000	0.0000	6.8000
E	827.672	90.000	44.9378	2.0768	0.0838	0.0603	0.0000	6.8000
dPolE	827.672	90.000	18.6923	1.0000	0.0000	6.8000
uR	827.672	90.000	0.0120	1.0000	0.0000	6.8000
E	829.271	90.000	44.6768	1.9611	0.0968	0.0694	0.0000	6.8000
dPolE	829.271	90.000	21.9970	1.0000	0.0000	6.8000
uR	829.271	90.000	0.0126	1.0000	0.0000	6.8000
E	830.869	90.000	45.1996	2.2307	0.1159	0.0830	0.0000	6.8000
dPolE	830.869	90.000	27.0469	1.0000	0.0000	6.8000
uR	830.869	90.000	0.0119	1.0000	0.0000	6.8000
E	832.468	90.000	45.2212	2.0618	0.1466	0.1049	0.0000	6.8000
dPolE	832.468	90.000	40.7152	1.0000	0.0000	6.8000
uR	832.468	90.000	0.0115	1.0000	0.0000	6.8000
E	834.066	90.000	44.5146	2.0818	0.1446	0.1031	0.0000	6.8000
dPolE	834.066	90.000	40.0968	1.0000	0.0000	6.8000
uR	834.066	90.000	0.0115	1.0000	0.0000	6.8000
E	835.664	90.000	44.4714	1.8978	0.1444	0.1026	0.0000	6.8000
dPolE	835.664	90.000	38.7594	1.0000	0.0000	6.8000
uR	835.664	90.000	0.0119	1.0000	0.0000	6.8000
E	837.262	90.000	45.2107	1.9679	0.1595	0.1129	0.0000	6.8000
dPolE	837.262	90.000	41.7668	1.0000	0.0000	6.8000
uR	837.262	90.000	0.0122	1.0000	0.0000	6.8000
E	838.860	90.000	44.5292	1.8847	0.1795	0.1265	0.0000	6.8000
dPolE	838.860	90.000	50.2732	1.0000	0.0000	6.8000
uR	838.860	90.000	0.0120	1.0000	0.0000	6.8000
E	840.458	90.000	44.8414	1.9855	0.1900	0.1333	0.0000	6.8000
dPolE	840.458	90.000	53.5676	1.0000	0.0000	6.8000
uR	840.458	90.000	0.0131	1.0000	0.0000	6.8000
E	842.055	90.000	45.0532	2.1503	0.2074	0.1456	0.0000	6.8000
dPolE	842.055	90.000	57.0535	1.0000	0.0000	6.8000
uR	842.055	90.000	0.0135	1.0000	0.0000	6.8000
E	843.653	90.000	44.7791	2.2041	0.2350	0.1644	0.0000	6.8000
dPolE	843.653	90.000	59.4215	1.0000	0.0000	6.8000
uR	843.653	90.000	0.0128	1.0000	0.0000	6.8000
E	845.250	90.000	45.1648	2.6231	0.2801	0.1950	0.0000	6.8000
dPolE	845.250	90.000	69.8922	1.0000	0.0000	6.8000
uR	845.250	90.000	0.0127	1.0000	0.0000	6.8000
E	846.847	90.000	45.9427	1.9871	0.3378	0.2336	0.0000	6.8000
dPolE	846.847	90.000	75.8815	1.0000	0.0000	6.8000
uR	846.847	90.000	0.0115	1.0000	0.0000	6.8000
E	848.444	90.000	44.7184	2.4174	0.3432	0.2368	0.0000	6.8000
dPolE	848.444	90.000	86.2294	1.0000	0.0000	6.8000
uR	848.444	90.000	0.0099	1.0000	0.0000	6.8000
E	850.041	90.000	45.3918	2.2920	0.3508	0.2409	0.0000	6.8000
dPolE	850.041	90.000	85.3349	1.0000	0.0000	6.8000
uR	850.041	90.000	0.0113	1.0000	0.0000	6.8000
E	851.638	90.000	45.3194	0.8255	0.3546	0.2414	0.0000	6.8000
dPolE	851.638	90.000	85.8561	1.0000	0.0000	6.8000
uR	851.638	90.000	0.0107	1.0000	0.0000	6.8000
E	853.234	90.000	45.2580	2.0920	0.3556	0.2422	0.0000	6.8000
dPolE	853.234	90.000	82.2768	1.0000	0.0000	6.8000
uR	853.234	90.000	0.0117	1.0000	0.0000	6.8000
E	854.831	90.000	44.9057	2.1886	0.3938	0.2669	0.0000	6.8000
dPolE	854.831	90.000	81.9715	1.0000	0.0000	6.8000
uR	854.831	90.000	0.0110	1.0000	0.0000	6.8000
E	856.427	90.000	43.0661	2.1190	0.3769	0.2561	0.0000	6.8000
dPolE	856.427	90.000	84.7686	1.0000	0.0000	6.8000
uR	856.427	90.000	0.0105	1.0000	0.0000	6.8000
E	858.023	90.000	45.0250	1.8896	0.3853	0.2602	0.0000	6.8000
dPolE	858.023	90.000	80.9152	1.0000	0.0000	6.8000
uR	858.023	90.000	0.0108	1.0000	0.0000	6.8000
E	859.619	90.000	43.9556	1.8627	0.3812	0.2565	0.0000	6.8000
dPolE	859.619	90.000	81.3609	1.0000	0.0000	6.8000
uR	859.619	90.000	0.0103	1.0000	0.0000	6.8000
E	861.215	90.000	45.1748	1.9707	0.3768	0.2533	0.0000	6.8000
dPolE	861.215	90.000	79.5140	1.0000	0.0000	6.8000
uR	861.215	90.000	0.0106	1.0000	0.0000	6.8000
E	862.811	90.000	45.0064	2.3096	0.3557	0.2394	0.0000	6.8000
dPolE	862.811	90.000	75.0619	1.0000	0.0000	6.8000
uR	862.811	90.000	0.0112	1.0000	0.0000	6.8000
E	864.407	90.000	43.2580	1.6673	0.3318	0.2225	0.0000	6.8000
dPolE	864.407	90.000	79.1447	1.0000	0.0000	6.8000
uR	864.407	90.000	0.0108	1.0000	0.0000	6.8000
E	866.002	90.000	44.3220	0.9850	0.3280	0.2190	0.0000	6.8000
dPolE	866.002	90.000	74.0711	1.0000	0.0000	6.8000
uR	866.002	90.000	0.0114	1.0000	0.0000	6.8000
E	867.597	90.000	44.5989	2.3693	0.3221	0.2164	0.0000	6.8000
dPolE	867.597	90.000	72.4441	1.0000	0.0000	6.8000
uR	867.597	90.000	0.0109	1.0000	0.0000	6.8000
E	869.192	90.000	45.5325	1.8600	0.3311	0.2215	0.0000	6.8000
dPolE	869.192	90.000	69.8127	1.0000	0.0000	6.8000
uR	869.192	90.000	0.0109	1.0000	0.0000	6.8000
E	870.787	90.000	45.6125	1.5835	0.3049	0.2037	0.0000	6.8000
dPolE	870.787	90.000	65.8815	1.0000	0.0000	6.8000
uR	870.787	90.000	0.0116	1.0000	0.0000	6.8000
E	872.382	90.000	45.7505	1.6855	0.3011	0.2010	0.0000	6.8000
dPolE	872.382	90.000	59.0025	1.0000	0.0000	6.8000
uR	872.382	90.000	0.0117	1.0000	0.0000	6.8000
E	873.977	90.000	45.4494	1.6201	0.2750	0.1837	0.0000	6.8000
dPolE	873.977	90.000	57.8395	1.0000	0.0000	6.8000
uR	873.977	90.000	0.0112	1.0000	0.0000	6.8000
E	875.571	90.000	44.2152	1.6481	0.2542	0.1697	0.0000	6.8000
dPolE	875.571	90.000	54.9344	1.0000	0.0000	6.8000
uR	875.571	90.000	0.0115	1.0000	0.0000	6.8000
E	877.166	90.000	44.7467	1.9809	0.1994	0.1332	0.0000	6.8000
dPolE	877.166	90.000	43.4510	1.0000	0.0000	6.8000
uR	877.166	90.000	0.0116	1.0000	0.0000	6.8000
E	878.760	90.000	45.3976	1.8599	0.1503	0.1002	0.0000	6.8000
dPolE	878.760	90.000	26.0035	1.0000	0.0000	6.8000
uR	878.760	90.000	0.0111	1.0000	0.0000	6.8000
E	880.354	90.000	45.0018	1.7907	0.0992	0.0660	0.0000	6.8000
dPolE	880.354	90.000	16.1828	1.0000	0.0000	6.8000
uR	880.354	90.000	0.0118	1.0000	0.0000	6.8000
E	881.948	90.000	44.9566	1.6382	0.0772	0.0511	0.0000	6.8000
dPolE	881.948	90.000	11.9877	1.0000	0.0000	6.8000
uR	881.948	90.000	0.0126	1.0000	0.0000	6.8000
E	883.542	90.000	44.9036	1.7033	0.0747	0.0494	0.0000	6.8000
dPolE	883.542	90.000	12.4277	1.0000	0.0000	6.8000
uR	883.542	90.000	0.0130	1.0000	0.0000	6.8000
E	885.135	90.000	44.8297	1.7729	0.0878	0.0581	0.0000	6.8000
dPolE	885.135	90.000	15.4159	1.0000	0.0000	6.8000
uR	885.135	90.000	0.0121	1.0000	0.0000	6.8000
E	886.729	90.000	44.8748	1.6492	0.1162	0.0765	0.0000	6.8000
dPolE	886.729	90.000	24.5761	1.0000	0.0000	6.8000
uR	886.729	90.000	0.0113	1.0000	0.0000	6.8000
E	888.322	90.000	44.5260	1.7333	0.1442	0.0949	0.0000	6.8000
dPolE	888.322	90.000	35.9618	1.0000	0.0000	6.8000
uR	888.322	90.000	0.0113	1.0000	0.0000	6.8000
E	889.915	90.000	45.2005	1.5745	0.1820	0.1192	0.0000	6.8000
dPolE	889.915	90.000	39.4694	1.0000	0.0000	6.8000
uR	889.915	90.000	0.0110	1.0000	0.0000	6.8000
E	891.508	90.000	45.3212	1.8944	0.1791	0.1170	0.0000	6.8000
dPolE	891.508	90.000	38.3929	1.0000	0.0000	6.8000
uR	891.508	90.000	0.0113	1.0000	0.0000	6.8000
E	893.101	90.000	45.5100	1.6691	0.1575	0.1024	0.0000	6.8000
dPolE	893.101	90.000	32.4734	1.0000	0.0000	6.8000
uR	893.101	90.000	0.0114	1.0000	0.0000	6.8000
E	894.694	90.000	44.9285	1.7103	0.1427	0.0925	0.0000	6.8000
dPolE	894.694	90.000	31.9464	1.0000	0.0000	6.8000
uR	894.694	90.000	0.0118	1.0000	0.0000	6.8000
E	896.286	90.000	44.6569	1.7903	0.1376	0.0889	0.0000	6.8000
dPolE	896.286	90.000	32.3393	1.0000	0.0000	6.8000
uR	896.286	90.000	0.0115	1.0000	0.0000	6.8000
E	897.879	90.000	44.6523	1.7003	0.1419	0.0913	0.0000	6.8000
dPolE	897.879	90.000	32.1528	1.0000	0.0000	6.8000
uR	897.879	90.000	0.0113	1.0000	0.0000	6.8000
E	899.471	90.000	45.2266	2.1338	0.1634	0.1050	0.0000	6.8000
dPolE	899.471	90.000	39.9810	1.0000	0.0000	6.8000
uR	899.471	90.000	0.0111	1.0000	0.0000	6.8000
E	901.063	90.000	45.2773	1.8733	0.1805	0.1152	0.0000	6.8000
dPolE	901.063	90.000	40.6240	1.0000	0.0000	6.8000
uR	901.063	90.000	0.0110	1.0000	0.0000	6.8000
E	902.655	90.000	45.1932	1.8141	0.1728	0.1100	0.0000	6.8000
dPolE	902.655	90.000	31.3336	1.0000	0.0000	6.8000
uR	902.655	90.000	0.0119	1.0000	0.0000	6.8000
E	904.247	90.000	44.5781	1.8542	0.1482	0.0940	0.0000	6.8000
dPolE	904.247	90.000	30.4260	1.0000	0.0000	6.8000
uR	904.247	90.000	0.0128	1.0000	0.0000	6.8000
E	905.838	90.000	44.7767	1.3292	0.1462	0.0924	0.0000	6.8000
dPolE	905.838	90.000	31.6505	1.0000	0.0000	6.8000
uR	905.838	90.000	0.0124	1.0000	0.0000	6.8000
E	907.429	90.000	45.1166	1.7492	0.1571	0.0992	0.0000	6.8000
dPolE	907.429	90.000	34.9914	1.0000	0.0000	6.8000
uR	907.429	90.000	0.0118	1.0000	0.0000	6.8000
E	909.021	90.000	45.0948	1.7706	0.2074	0.1308	0.0000	6.8000
dPolE	909.021	90.000	46.4734	1.0000	0.0000	6.8000
uR	909.021	90.000	0.0109	1.0000	0.0000	6.8000
E	910.612	90.000	45.0627	1.7429	0.2286	0.1432	0.0000	6.8000
dPolE	910.612	90.000	40.3021	1.0000	0.0000	6.8000
uR	910.612	90.000	0.0115	1.0000	0.0000	6.8000
E	912.203	90.000	44.5851	1.3731	0.2060	0.1287	0.0000	6.8000
dPolE	912.203	90.000	41.2120	1.0000	0.0000	6.8000
uR	912.203	90.000	0.0115	1.0000	0.0000	6.8000
E	913.793	90.000	45.2017	1.6077	0.1571	0.0979	0.0000	6.8000
dPolE	913.793	90.000	29.9816	1.0000	0.0000	6.8000
uR	913.793	90.000	0.0122	1.0000	0.0000	6.8000
E	915.384	90.000	44.6531	1.5975	0.1313	0.0817	0.0000	6.8000
dPolE	915.384	90.000	27.6345	1.0000	0.0000	6.8000
uR	915.384	90.000	0.0126	1.0000	0.0000	6.8000
E	916.974	90.000	45.0255	1.7613	0.1223	0.0761	0.0000	6.8000
dPolE	916.974	90.000	21.7875	1.0000	0.0000	6.8000
uR	916.974	90.000	0.0126	1.0000	0.0000	6.8000
E	918.565	90.000	45.0144	1.6492	0.1338	0.0831	0.0000	6.8000
dPolE	918.565	90.000	24.7584	1.0000	0.0000	6.8000
uR	918.565	90.000	0.0120	1.0000	0.0000	6.8000
E	920.155	90.000	45.0672	1.6423	0.1642	0.1018	0.0000	6.8000
dPolE	920.155	90.000	32.7841	1.0000	0.0000	6.8000
uR	920.155	90.000	0.0113	1.0000	0.0000	6.8000
E	921.745	90.000	44.9918	1.6110	0.2059	0.1273	0.0000	6.8000
dPolE	921.745	90.000	44.5817	1.0000	0.0000	6.8000
uR	921.745	90.000	0.0112	1.0000	0.0000	6.8000
E	923.334	90.000	44.0047	1.4367	0.2380	0.1471	0.0000	6.8000
dPolE	923.334	90.000	46.3861	1.0000	0.0000	6.8000
uR	923.334	90.000	0.0118	1.0000	0.0000	6.8000
E	924.924	90.000	45.0741	1.8021	0.2866	0.1770	0.0000	6.8000
dPolE	924.924	90.000	47.6833	1.0000	0.0000	6.8000
uR	924.924	90.000	0.0122	1.0000	0.0000	6.8000
E	926.513	90.000	45.0477	1.4111	0.3037	0.1869	0.0000	6.8000
dPolE	926.513	90.000	61.4609	1.0000	0.0000	6.8000
uR	926.513	90.000	0.0123	1.0000	0.0000	6.8000
E	928.103	90.000	43.8683	1.3347	0.3531	0.2174	0.0000	6.8000
dPolE	928.103	90.000	65.8167	1.0000	0.0000	6.8000
uR	928.103	90.000	0.0113	1.0000	0.0000	6.8000
E	929.692	90.000	43.8586	2.1779	0.3385	0.2087	0.0000	6.8000
dPolE	929.692	90.000	76.0669	1.0000	0.0000	6.8000
uR	929.692	90.000	0.0107	1.0000	0.0000	6.8000
E	931.280	90.000	43.9170	1.9947	0.3665	0.2264	0.0000	6.8000
dPolE	931.280	90.000	72.1572	1.0000	0.0000	6.8000
uR	931.280	90.000	0.0112	1.0000	0.0000	6.8000
E	932.869	90.000	45.4769	1.7375	0.3768	0.2319	0.0000	6.8000
dPolE	932.869	90.000	67.9992	1.0000	0.0000	6.8000
uR	932.869	90.000	0.0111	1.0000	0.0000	6.8000
E	934.458	90.000	44.3663	1.1835	0.3461	0.2117	0.0000	6.8000
dPolE	934.458	90.000	73.5732	1.0000	0.0000	6.8000
uR	934.458	90.000	0.0110	1.0000	0.0000	6.8000
E	936.046	90.000	44.1656	1.7600	0.3326	0.2042	0.0000	6.8000
dPolE	936.046	90.000	71.1032	1.0000	0.0000	6.8000
uR	936.046	90.000	0.0116	1.0000	0.0000	6.8000
E	937.634	90.000	44.6781	1.1949	0.3231	0.1976	0.0000	6.8000
dPolE	937.634	90.000	64.0912	1.0000	0.0000	6.8000
uR	937.634	90.000	0.0116	1.0000	0.0000	6.8000
E	939.222	90.000	44.7269	1.9772	0.3122	0.1915	0.0000	6.8000
dPolE	939.222	90.000	65.1693	1.0000	0.0000	6.8000
uR	939.222	90.000	0.0121	1.0000	0.0000	6.8000
E	940.810	90.000	45.2170	0.7847	0.3334	0.2019	0.0000	6.8000
dPolE	940.810	90.000	60.3688	1.0000	0.0000	6.8000
uR	940.810	90.000	0.0129	1.0000	0.0000	6.8000
E	942.398	90.000	44.6669	1.9802	0.3450	0.2094	0.0000	6.8000
dPolE	942.398	90.000	68.9628	1.0000	0.0000	6.8000
uR	942.398	90.000	0.0115	1.0000	0.0000	6.8000
E	943.985	90.000	45.3614	1.8924	0.3781	0.2306	0.0000	6.8000
dPolE	943.985	90.000	62.3953	1.0000	0.0000	6.8000
uR	943.985	90.000	0.0123	1.0000	0.0000	6.8000
E	945.573	90.000	44.3260	2.0668	0.3526	0.2149	0.0000	6.8000
dPolE	945.573	90.000	77.1203	1.0000	0.0000	6.8000
uR	945.573	90.000	0.0107	1.0000	0.0000	6.8000
E	947.160	90.000	45.1385	1.0603	0.3724	0.2255	0.0000	6.8000
dPolE	947.160	90.000	66.6140	1.0000	0.0000	6.8000
uR	947.160	90.000	0.0111	1.0000	0.0000	6.8000
E	948.747	90.000	43.9566	1.2980	0.3635	0.2193	0.0000	6.8000
dPolE	948.747	90.000	71.0046	1.0000	0.0000	6.8000
uR	948.747	90.000	0.0113	1.0000	0.0000	6.8000
E	950.334	90.000	45.2805	1.5953	0.3364	0.2030	0.0000	6.8000
dPolE	950.334	90.000	67.6960	1.0000	0.0000	6.8000
uR	950.334	90.000	0.0118	1.0000	0.0000	6.8000
E	951.920	90.000	44.0029	1.4235	0.3440	0.2064	0.0000	6.8000
dPolE	951.920	90.000	68.2040	1.0000	0.0000	6.8000
uR	951.920	90.000	0.0113	1.0000	0.0000	6.8000
E	953.507	90.000	45.3333	1.6478	0.3697	0.2214	0.0000	6.8000
dPolE	953.507	90.000	70.4865	1.0000	0.0000	6.8000
uR	953.507	90.000	0.0109	1.0000	0.0000	6.8000
E	955.093	90.000	45.3115	2.0675	0.3826	0.2284	0.0000	6.8000
dPolE	955.093	90.000	71.8280	1.0000	0.0000	6.8000
uR	955.093	90.000	0.0106	1.0000	0.0000	6.8000
E	956.679	90.000	45.5824	0.9867	0.4131	0.2462	0.0000	6.8000
dPolE	956.679	90.000	73.4959	1.0000	0.0000	6.8000
uR	956.679	90.000	0.0109	1.0000	0.0000	6.8000
E	958.265	90.000	47.5983	1.0533	0.4515	0.2688	0.0000	6.8000
dPolE	958.265	90.000	80.6846	1.0000	0.0000	6.8000
uR	958.265	90.000	0.0098	1.0000	0.0000	6.8000
E	959.851	90.000	45.3023	2.0630	0.4702	0.2788	0.0000	6.8000
dPolE	959.851	90.000	80.7316	1.0000	0.0000	6.8000
uR	959.851	90.000	0.0105	1.0000	0.0000	6.8000
E	961.436	90.000	43.7285	0.9566	0.4474	0.2633	0.0000	6.8000
dPolE	961.436	90.000	85.2902	1.0000	0.0000	6.8000
uR	961.436	90.000	0.0105	1.0000	0.0000	6.8000
E	963.022	90.000	43.4850	1.7561	0.4704	0.2778	0.0000	6.8000
dPolE	963.022	90.000	82.1708	1.0000	0.0000	6.8000
uR	963.022	90.000	0.0112	1.0000	0.0000	6.8000
E	964.607	90.000	45.2152	1.7009	0.4948	0.2904	0.0000	6.8000
dPolE	964.607	90.000	79.7274	1.0000	0.0000	6.8000
uR	964.607	90.000	0.0105	1.0000	0.0000	6.8000
E	966.192	90.000	46.7220	0.8740	0.4528	0.2647	0.0000	6.8000
dPolE	966.192	90.000	75.6126	1.0000	0.0000	6.8000
uR	966.192	90.000	0.0115	1.0000	0.0000	6.8000
E	967.777	90.000	44.6677	1.8014	0.4121	0.2400	0.0000	6.8000
dPolE	967.777	90.000	75.0892	1.0000	0.0000	6.8000
uR	967.777	90.000	0.0111	1.0000	0.0000	6.8000
E	969.361	90.000	44.4641	1.9765	0.4160	0.2422	0.0000	6.8000
dPolE	969.361	90.000	68.4734	1.0000	0.0000	6.8000
uR	969.361	90.000	0.0115	1.0000	0.0000	6.8000
E	970.946	90.000	44.8162	1.7782	0.3864	0.2237	0.0000	6.8000
dPolE	970.946	90.000	67.0516	1.0000	0.0000	6.8000
uR	970.946	90.000	0.0111	1.0000	0.0000	6.8000
E	972.530	90.000	44.6721	1.0460	0.3390	0.1957	0.0000	6.8000
dPolE	972.530	90.000	70.3575	1.0000	0.0000	6.8000
uR	972.530	90.000	0.0108	1.0000	0.0000	6.8000
E	974.114	90.000	44.6685	1.6462	0.3422	0.1978	0.0000	6.8000
dPolE	974.114	90.000	55.5868	1.0000	0.0000	6.8000
uR	974.114	90.000	0.0117	1.0000	0.0000	6.8000
E	975.698	90.000	45.3893	1.0136	0.3000	0.1721	0.0000	6.8000
dPolE	975.698	90.000	51.7125	1.0000	0.0000	6.8000
uR	975.698	90.000	0.0111	1.0000	0.0000	6.8000
E	977.282	90.000	44.7676	1.5410	0.2678	0.1535	0.0000	6.8000
dPolE	977.282	90.000	40.7411	1.0000	0.0000	6.8000
uR	977.282	90.000	0.0120	1.0000	0.0000	6.8000
E	978.865	90.000	44.6306	1.2384	0.2362	0.1346	0.0000	6.8000
dPolE	978.865	90.000	28.8496	1.0000	0.0000	6.8000
uR	978.865	90.000	0.0124	1.0000	0.0000	6.8000
E	980.449	90.000	44.6891	1.7143	0.2137	0.1221	0.0000	6.8000
dPolE	980.449	90.000	30.0386	1.0000	0.0000	6.8000
uR	980.449	90.000	0.0126	1.0000	0.0000	6.8000
E	982.032	90.000	45.1108	1.5343	0.2282	0.1305	0.0000	6.8000
dPolE	982.032	90.000	37.4264	1.0000	0.0000	6.8000
uR	982.032	90.000	0.0128	1.0000	0.0000	6.8000
E	983.615	90.000	45.2047	1.4526	0.2957	0.1688	0.0000	6.8000
dPolE	983.615	90.000	39.4516	1.0000	0.0000	6.8000
uR	983.615	90.000	0.0115	1.0000	0.0000	6.8000
E	985.198	90.000	44.9274	1.5886	0.3345	0.1907	0.0000	6.8000
dPolE	985.198	90.000	47.7846	1.0000	0.0000	6.8000
uR	985.198	90.000	0.0117	1.0000	0.0000	6.8000
E	986.780	90.000	44.5454	1.2175	0.3518	0.2005	0.0000	6.8000
dPolE	986.780	90.000	52.9114	1.0000	0.0000	6.8000
uR	986.780	90.000	0.0114	1.0000	0.0000	6.8000
E	988.363	90.000	44.7628	1.2973	0.3138	0.1783	0.0000	6.8000
dPolE	988.363	90.000	51.8763	1.0000	0.0000	6.8000
uR	988.363	90.000	0.0117	1.0000	0.0000	6.8000
E	989.945	90.000	44.8959	1.3058	0.2771	0.1573	0.0000	6.8000
dPolE	989.945	90.000	36.8105	1.0000	0.0000	6.8000
uR	989.945	90.000	0.0124	1.0000	0.0000	6.8000
E	991.527	90.000	45.2201	1.2443	0.2451	0.1386	0.0000	6.8000
dPolE	991.527	90.000	33.5247	1.0000	0.0000	6.8000
uR	991.527	90.000	0.0137	1.0000	0.0000	6.8000
E	993.109	90.000	45.3103	1.5735	0.2446	0.1388	0.0000	6.8000
dPolE	993.109	90.000	32.8575	1.0000	0.0000	6.8000
uR	993.109	90.000	0.0124	1.0000	0.0000	6.8000
E	994.690	90.000	44.9218	1.4534	0.2564	0.1449	0.0000	6.8000
dPolE	994.690	90.000	34.0384	1.0000	0.0000	6.8000
uR	994.690	90.000	0.0121	1.0000	0.0000	6.8000
E	996.272	90.000	45.8575	1.2269	0.2938	0.1660	0.0000	6.8000
dPolE	996.272	90.000	34.0402	1.0000	0.0000	6.8000
uR	996.272	90.000	0.0126	1.0000	0.0000	6.8000
E	997.853	90.000	43.8533	1.5601	0.3482	0.1964	0.0000	6.8000
dPolE	997.853	90.000	48.0203	1.0000	0.0000	6.8000
uR	997.853	90.000	0.0122	1.0000	0.0000	6.8000
E	999.434	90.000	44.4285	1.4486	0.4095	0.2305	0.0000	6.8000
dPolE	999.434	90.000	69.6458	1.0000	0.0000	6.8000
uR	999.434	90.000	0.0104	1.0000	0.0000	6.8000
