
FM-removed
XY-Scan
nm
E	210.379	90.000	13.8146	191.9627	0.2561	1.0645	0.0000	6.8000
dPolE	210.379	90.000	99.9999	1.0000	0.0000	6.8000
uR	210.379	90.000	0.0205	1.0000	0.0000	6.8000
E	211.990	90.000	35.3597	131.3549	0.2655	0.5534	0.0000	6.8000
dPolE	211.990	90.000	99.8559	1.0000	0.0000	6.8000
uR	211.990	90.000	0.0250	1.0000	0.0000	6.8000
E	213.602	90.000	27.2194	174.0726	0.2636	0.6070	0.0000	6.8000
dPolE	213.602	90.000	99.9866	1.0000	0.0000	6.8000
uR	213.602	90.000	0.0088	1.0000	0.0000	6.8000
E	215.214	90.000	45.5269	214.0666	0.2367	0.4453	0.0000	6.8000
dPolE	215.214	90.000	99.9892	1.0000	0.0000	6.8000
uR	215.214	90.000	0.0076	1.0000	0.0000	6.8000
E	216.826	90.000	23.8675	137.9331	0.2661	0.6895	0.0000	6.8000
dPolE	216.826	90.000	99.9899	1.0000	0.0000	6.8000
uR	216.826	90.000	0.0086	1.0000	0.0000	6.8000
E	218.438	90.000	52.8159	344.6911	0.2751	0.4932	0.0000	6.8000
dPolE	218.438	90.000	99.9594	1.0000	0.0000	6.8000
uR	218.438	90.000	0.0056	1.0000	0.0000	6.8000
E	220.050	90.000	32.0597	37.6996	0.2662	0.5344	0.0000	6.8000
dPolE	220.050	90.000	99.9546	1.0000	0.0000	6.8000
uR	220.050	90.000	0.0090	1.0000	0.0000	6.8000
E	221.662	90.000	64.0388	350.0693	0.2440	0.4954	0.0000	6.8000
dPolE	221.662	90.000	99.9626	1.0000	0.0000	6.8000
uR	221.662	90.000	0.0047	1.0000	0.0000	6.8000
E	223.274	90.000	59.7945	19.7363	0.2637	0.4831	0.0000	6.8000
dPolE	223.274	90.000	99.9742	1.0000	0.0000	6.8000
uR	223.274	90.000	0.0036	1.0000	0.0000	6.8000
E	224.886	90.000	20.7498	78.3628	0.2500	0.8618	0.0000	6.8000
dPolE	224.886	90.000	99.9662	1.0000	0.0000	6.8000
uR	224.886	90.000	0.0036	1.0000	0.0000	6.8000
E	226.498	90.000	62.5098	215.9011	0.2806	0.5784	0.0000	6.8000
dPolE	226.498	90.000	99.9867	1.0000	0.0000	6.8000
uR	226.498	90.000	0.0021	1.0000	0.0000	6.8000
E	228.111	90.000	34.6081	342.4527	0.2465	0.3792	0.0000	6.8000
dPolE	228.111	90.000	99.9799	1.0000	0.0000	6.8000
uR	228.111	90.000	0.0023	1.0000	0.0000	6.8000
E	229.723	90.000	39.4967	30.5970	0.2840	0.4423	0.0000	6.8000
dPolE	229.723	90.000	99.9702	1.0000	0.0000	6.8000
uR	229.723	90.000	0.0022	1.0000	0.0000	6.8000
E	231.335	90.000	34.6093	84.3930	0.2630	0.5829	0.0000	6.8000
dPolE	231.335	90.000	99.9909	1.0000	0.0000	6.8000
uR	231.335	90.000	0.0022	1.0000	0.0000	6.8000
E	232.948	90.000	21.6845	5.4202	0.2835	0.5162	0.0000	6.8000
dPolE	232.948	90.000	99.9975	1.0000	0.0000	6.8000
uR	232.948	90.000	0.0009	1.0000	0.0000	6.8000
E	234.560	90.000	13.6153	20.3391	0.2692	0.8062	0.0000	6.8000
dPolE	234.560	90.000	99.9893	1.0000	0.0000	6.8000
uR	234.560	90.000	0.0017	1.0000	0.0000	6.8000
E	236.173	90.000	43.3189	188.9882	0.3018	0.3636	0.0000	6.8000
dPolE	236.173	90.000	99.9486	1.0000	0.0000	6.8000
uR	236.173	90.000	0.0018	1.0000	0.0000	6.8000
E	237.786	90.000	30.1577	163.0063	0.3200	0.4611	0.0000	6.8000
dPolE	237.786	90.000	99.8439	1.0000	0.0000	6.8000
uR	237.786	90.000	0.0026	1.0000	0.0000	6.8000
E	239.398	90.000	7.4820	258.8561	0.1898	2.3415	0.0000	6.8000
dPolE	239.398	90.000	99.9092	1.0000	0.0000	6.8000
uR	239.398	90.000	0.0021	1.0000	0.0000	6.8000
E	241.011	90.000	75.8444	229.6731	0.2579	1.1051	0.0000	6.8000
dPolE	241.011	90.000	99.9464	1.0000	0.0000	6.8000
uR	241.011	90.000	0.0012	1.0000	0.0000	6.8000
E	242.624	90.000	56.8634	231.4023	0.2902	0.5595	0.0000	6.8000
dPolE	242.624	90.000	99.9891	1.0000	0.0000	6.8000
uR	242.624	90.000	0.0009	1.0000	0.0000	6.8000
E	244.237	90.000	34.1155	15.6599	0.3139	0.3928	0.0000	6.8000
dPolE	244.237	90.000	99.9511	1.0000	0.0000	6.8000
uR	244.237	90.000	0.0012	1.0000	0.0000	6.8000
E	245.850	90.000	33.4010	204.9195	0.3083	0.4308	0.0000	6.8000
dPolE	245.850	90.000	99.9989	1.0000	0.0000	6.8000
uR	245.850	90.000	0.0010	1.0000	0.0000	6.8000
E	247.463	90.000	39.9340	185.7518	0.2941	0.3143	0.0000	6.8000
dPolE	247.463	90.000	99.9178	1.0000	0.0000	6.8000
uR	247.463	90.000	0.0015	1.0000	0.0000	6.8000
E	249.076	90.000	14.9382	20.9637	0.3188	0.7952	0.0000	6.8000
dPolE	249.076	90.000	99.9804	1.0000	0.0000	6.8000
uR	249.076	90.000	0.0007	1.0000	0.0000	6.8000
E	250.689	90.000	55.9697	9.3831	0.3243	0.3706	0.0000	6.8000
dPolE	250.689	90.000	99.9803	1.0000	0.0000	6.8000
uR	250.689	90.000	0.0005	1.0000	0.0000	6.8000
E	252.302	90.000	43.1946	249.4917	0.3364	0.6435	0.0000	6.8000
dPolE	252.302	90.000	99.9923	1.0000	0.0000	6.8000
uR	252.302	90.000	0.0007	1.0000	0.0000	6.8000
E	253.916	90.000	22.7839	215.6884	0.2703	0.5769	0.0000	6.8000
dPolE	253.916	90.000	99.9799	1.0000	0.0000	6.8000
uR	253.916	90.000	0.0006	1.0000	0.0000	6.8000
E	255.529	90.000	50.2187	179.3814	0.2972	0.3040	0.0000	6.8000
dPolE	255.529	90.000	99.9856	1.0000	0.0000	6.8000
uR	255.529	90.000	0.0005	1.0000	0.0000	6.8000
E	257.142	90.000	49.1473	184.5199	0.3051	0.3125	0.0000	6.8000
dPolE	257.142	90.000	99.9819	1.0000	0.0000	6.8000
uR	257.142	90.000	0.0005	1.0000	0.0000	6.8000
E	258.756	90.000	80.5085	215.8185	0.2646	1.3206	0.0000	6.8000
dPolE	258.756	90.000	99.9506	1.0000	0.0000	6.8000
uR	258.756	90.000	0.0006	1.0000	0.0000	6.8000
E	260.369	90.000	36.0686	25.3506	0.3097	0.4084	0.0000	6.8000
dPolE	260.369	90.000	99.9788	1.0000	0.0000	6.8000
uR	260.369	90.000	0.0007	1.0000	0.0000	6.8000
E	261.983	90.000	36.5809	1.0977	0.2872	0.3016	0.0000	6.8000
dPolE	261.983	90.000	99.9809	1.0000	0.0000	6.8000
uR	261.983	90.000	0.0005	1.0000	0.0000	6.8000
E	263.596	90.000	27.3124	176.1042	0.2898	0.3601	0.0000	6.8000
dPolE	263.596	90.000	99.9619	1.0000	0.0000	6.8000
uR	263.596	90.000	0.0008	1.0000	0.0000	6.8000
E	265.210	90.000	66.8792	177.1071	0.3106	0.4365	0.0000	6.8000
dPolE	265.210	90.000	99.9416	1.0000	0.0000	6.8000
uR	265.210	90.000	0.0007	1.0000	0.0000	6.8000
E	266.823	90.000	62.3744	151.9347	0.2786	0.4526	0.0000	6.8000
dPolE	266.823	90.000	99.9316	1.0000	0.0000	6.8000
uR	266.823	90.000	0.0009	1.0000	0.0000	6.8000
E	268.437	90.000	19.8162	82.3827	0.2151	0.8879	0.0000	6.8000
dPolE	268.437	90.000	99.9901	1.0000	0.0000	6.8000
uR	268.437	90.000	0.0006	1.0000	0.0000	6.8000
E	270.051	90.000	63.2777	347.4234	0.2707	0.3708	0.0000	6.8000
dPolE	270.051	90.000	99.9628	1.0000	0.0000	6.8000
uR	270.051	90.000	0.0009	1.0000	0.0000	6.8000
E	271.665	90.000	35.7389	185.2261	0.2608	0.2886	0.0000	6.8000
dPolE	271.665	90.000	99.9836	1.0000	0.0000	6.8000
uR	271.665	90.000	0.0006	1.0000	0.0000	6.8000
E	273.279	90.000	13.6960	10.1330	0.2681	0.6393	0.0000	6.8000
dPolE	273.279	90.000	99.9320	1.0000	0.0000	6.8000
uR	273.279	90.000	0.0009	1.0000	0.0000	6.8000
E	274.892	90.000	43.7947	355.1150	0.2794	0.2978	0.0000	6.8000
dPolE	274.892	90.000	99.8774	1.0000	0.0000	6.8000
uR	274.892	90.000	0.0009	1.0000	0.0000	6.8000
E	276.506	90.000	29.0214	162.5022	0.2553	0.3580	0.0000	6.8000
dPolE	276.506	90.000	99.9791	1.0000	0.0000	6.8000
uR	276.506	90.000	0.0007	1.0000	0.0000	6.8000
E	278.120	90.000	40.4246	187.5311	0.2682	0.2978	0.0000	6.8000
dPolE	278.120	90.000	99.9991	1.0000	0.0000	6.8000
uR	278.120	90.000	0.0007	1.0000	0.0000	6.8000
E	279.734	90.000	20.8601	112.8211	0.2140	0.7451	0.0000	6.8000
dPolE	279.734	90.000	99.9943	1.0000	0.0000	6.8000
uR	279.734	90.000	0.0008	1.0000	0.0000	6.8000
E	281.349	90.000	33.2761	75.7302	0.2496	0.5626	0.0000	6.8000
dPolE	281.349	90.000	99.9945	1.0000	0.0000	6.8000
uR	281.349	90.000	0.0006	1.0000	0.0000	6.8000
E	282.963	90.000	77.9862	182.1592	0.2632	0.7193	0.0000	6.8000
dPolE	282.963	90.000	99.9556	1.0000	0.0000	6.8000
uR	282.963	90.000	0.0007	1.0000	0.0000	6.8000
E	284.577	90.000	55.5404	242.9346	0.2432	0.5009	0.0000	6.8000
dPolE	284.577	90.000	99.9914	1.0000	0.0000	6.8000
uR	284.577	90.000	0.0003	1.0000	0.0000	6.8000
E	286.191	90.000	49.6582	288.8527	0.2483	0.4890	0.0000	6.8000
dPolE	286.191	90.000	99.9875	1.0000	0.0000	6.8000
uR	286.191	90.000	0.0007	1.0000	0.0000	6.8000
E	287.805	90.000	62.2143	319.8142	0.2230	0.4417	0.0000	6.8000
dPolE	287.805	90.000	99.9936	1.0000	0.0000	6.8000
uR	287.805	90.000	0.0005	1.0000	0.0000	6.8000
E	289.420	90.000	34.3485	175.7128	0.2278	0.2844	0.0000	6.8000
dPolE	289.420	90.000	99.9942	1.0000	0.0000	6.8000
uR	289.420	90.000	0.0006	1.0000	0.0000	6.8000
E	291.034	90.000	19.5085	188.4291	0.2354	0.4482	0.0000	6.8000
dPolE	291.034	90.000	99.9971	1.0000	0.0000	6.8000
uR	291.034	90.000	0.0008	1.0000	0.0000	6.8000
E	292.649	90.000	46.3615	241.2619	0.2173	0.4013	0.0000	6.8000
dPolE	292.649	90.000	99.9817	1.0000	0.0000	6.8000
uR	292.649	90.000	0.0004	1.0000	0.0000	6.8000
E	294.263	90.000	18.6859	326.1733	0.2172	0.5715	0.0000	6.8000
dPolE	294.263	90.000	99.9999	1.0000	0.0000	6.8000
uR	294.263	90.000	0.0004	1.0000	0.0000	6.8000
E	295.877	90.000	79.8287	149.9916	0.2124	0.9557	0.0000	6.8000
dPolE	295.877	90.000	99.9750	1.0000	0.0000	6.8000
uR	295.877	90.000	0.0004	1.0000	0.0000	6.8000
E	297.492	90.000	70.2663	37.0574	0.2081	0.5469	0.0000	6.8000
dPolE	297.492	90.000	99.9799	1.0000	0.0000	6.8000
uR	297.492	90.000	0.0004	1.0000	0.0000	6.8000
E	299.107	90.000	26.8411	29.3743	0.1862	0.3469	0.0000	6.8000
dPolE	299.107	90.000	99.9962	1.0000	0.0000	6.8000
uR	299.107	90.000	0.0002	1.0000	0.0000	6.8000
E	300.721	90.000	82.4901	95.9052	0.1462	1.6855	0.0000	6.8000
dPolE	300.721	90.000	99.9753	1.0000	0.0000	6.8000
uR	300.721	90.000	0.0004	1.0000	0.0000	6.8000
E	302.336	90.000	86.5367	94.1222	0.1244	3.1814	0.0000	6.8000
dPolE	302.336	90.000	99.9690	1.0000	0.0000	6.8000
uR	302.336	90.000	0.0005	1.0000	0.0000	6.8000
E	303.950	90.000	72.5655	192.5133	0.2021	0.4764	0.0000	6.8000
dPolE	303.950	90.000	99.9496	1.0000	0.0000	6.8000
uR	303.950	90.000	0.0005	1.0000	0.0000	6.8000
E	305.565	90.000	65.2281	166.5740	0.2075	0.3732	0.0000	6.8000
dPolE	305.565	90.000	99.9834	1.0000	0.0000	6.8000
uR	305.565	90.000	0.0004	1.0000	0.0000	6.8000
E	307.180	90.000	37.8975	5.2658	0.1888	0.2597	0.0000	6.8000
dPolE	307.180	90.000	99.9960	1.0000	0.0000	6.8000
uR	307.180	90.000	0.0004	1.0000	0.0000	6.8000
E	308.795	90.000	15.5788	57.8529	0.1601	0.6742	0.0000	6.8000
dPolE	308.795	90.000	99.9872	1.0000	0.0000	6.8000
uR	308.795	90.000	0.0003	1.0000	0.0000	6.8000
E	310.410	90.000	33.9583	254.4547	0.1726	0.3788	0.0000	6.8000
dPolE	310.410	90.000	99.9899	1.0000	0.0000	6.8000
uR	310.410	90.000	0.0003	1.0000	0.0000	6.8000
E	312.024	90.000	24.5513	10.6670	0.1942	0.3616	0.0000	6.8000
dPolE	312.024	90.000	99.9870	1.0000	0.0000	6.8000
uR	312.024	90.000	0.0004	1.0000	0.0000	6.8000
E	313.639	90.000	3.4703	126.6124	0.1605	2.9276	0.0000	6.8000
dPolE	313.639	90.000	99.9826	1.0000	0.0000	6.8000
uR	313.639	90.000	0.0004	1.0000	0.0000	6.8000
E	315.254	90.000	14.7878	0.4386	0.1893	0.5429	0.0000	6.8000
dPolE	315.254	90.000	99.9981	1.0000	0.0000	6.8000
uR	315.254	90.000	0.0005	1.0000	0.0000	6.8000
E	316.869	90.000	45.9271	347.8211	0.1927	0.2807	0.0000	6.8000
dPolE	316.869	90.000	99.9582	1.0000	0.0000	6.8000
uR	316.869	90.000	0.0005	1.0000	0.0000	6.8000
E	318.484	90.000	75.0629	60.2188	0.1392	0.6155	0.0000	6.8000
dPolE	318.484	90.000	99.9987	1.0000	0.0000	6.8000
uR	318.484	90.000	0.0001	1.0000	0.0000	6.8000
E	320.099	90.000	35.7514	142.7128	0.1665	0.2977	0.0000	6.8000
dPolE	320.099	90.000	99.9910	1.0000	0.0000	6.8000
uR	320.099	90.000	0.0003	1.0000	0.0000	6.8000
E	321.714	90.000	21.1008	328.8532	0.1726	0.4347	0.0000	6.8000
dPolE	321.714	90.000	99.9991	1.0000	0.0000	6.8000
uR	321.714	90.000	0.0002	1.0000	0.0000	6.8000
E	323.330	90.000	11.1601	310.6441	0.1512	0.8120	0.0000	6.8000
dPolE	323.330	90.000	99.9565	1.0000	0.0000	6.8000
uR	323.330	90.000	0.0006	1.0000	0.0000	6.8000
E	324.945	90.000	45.0808	2.5367	0.1685	0.2544	0.0000	6.8000
dPolE	324.945	90.000	99.9990	1.0000	0.0000	6.8000
uR	324.945	90.000	0.0002	1.0000	0.0000	6.8000
E	326.560	90.000	51.3416	226.9260	0.1691	0.3131	0.0000	6.8000
dPolE	326.560	90.000	99.9848	1.0000	0.0000	6.8000
uR	326.560	90.000	0.0004	1.0000	0.0000	6.8000
E	328.175	90.000	40.4309	227.2572	0.1670	0.3057	0.0000	6.8000
dPolE	328.175	90.000	99.9899	1.0000	0.0000	6.8000
uR	328.175	90.000	0.0005	1.0000	0.0000	6.8000
E	329.790	90.000	65.7830	206.0767	0.1595	0.3573	0.0000	6.8000
dPolE	329.790	90.000	99.9940	1.0000	0.0000	6.8000
uR	329.790	90.000	0.0003	1.0000	0.0000	6.8000
E	331.406	90.000	33.7532	128.4332	0.1561	0.3177	0.0000	6.8000
dPolE	331.406	90.000	99.9877	1.0000	0.0000	6.8000
uR	331.406	90.000	0.0003	1.0000	0.0000	6.8000
E	333.021	90.000	15.5509	197.3138	0.1583	0.5066	0.0000	6.8000
dPolE	333.021	90.000	99.9950	1.0000	0.0000	6.8000
uR	333.021	90.000	0.0003	1.0000	0.0000	6.8000
E	334.636	90.000	42.6189	235.4765	0.1340	0.2530	0.0000	6.8000
dPolE	334.636	90.000	99.9996	1.0000	0.0000	6.8000
uR	334.636	90.000	0.0005	1.0000	0.0000	6.8000
E	336.251	90.000	10.7488	38.2996	0.1419	0.7300	0.0000	6.8000
dPolE	336.251	90.000	99.9997	1.0000	0.0000	6.8000
uR	336.251	90.000	0.0003	1.0000	0.0000	6.8000
E	337.867	90.000	31.5480	93.3671	0.1500	0.3480	0.0000	6.8000
dPolE	337.867	90.000	99.9981	1.0000	0.0000	6.8000
uR	337.867	90.000	0.0004	1.0000	0.0000	6.8000
E	339.482	90.000	57.6147	36.1725	0.1457	0.2900	0.0000	6.8000
dPolE	339.482	90.000	99.9891	1.0000	0.0000	6.8000
uR	339.482	90.000	0.0003	1.0000	0.0000	6.8000
E	341.098	90.000	30.5071	212.2677	0.1483	0.3018	0.0000	6.8000
dPolE	341.098	90.000	99.9945	1.0000	0.0000	6.8000
uR	341.098	90.000	0.0003	1.0000	0.0000	6.8000
E	342.713	90.000	53.0172	156.4267	0.1496	0.2694	0.0000	6.8000
dPolE	342.713	90.000	99.9972	1.0000	0.0000	6.8000
uR	342.713	90.000	0.0002	1.0000	0.0000	6.8000
E	344.329	90.000	73.4771	104.1145	0.1400	0.5640	0.0000	6.8000
dPolE	344.329	90.000	99.9887	1.0000	0.0000	6.8000
uR	344.329	90.000	0.0003	1.0000	0.0000	6.8000
E	345.944	90.000	24.9314	28.7404	0.1416	0.3343	0.0000	6.8000
dPolE	345.944	90.000	99.9958	1.0000	0.0000	6.8000
uR	345.944	90.000	0.0003	1.0000	0.0000	6.8000
E	347.560	90.000	42.5074	280.4588	0.1443	0.2887	0.0000	6.8000
dPolE	347.560	90.000	99.9991	1.0000	0.0000	6.8000
uR	347.560	90.000	0.0002	1.0000	0.0000	6.8000
E	349.175	90.000	23.4190	105.4493	0.1383	0.3987	0.0000	6.8000
dPolE	349.175	90.000	99.9974	1.0000	0.0000	6.8000
uR	349.175	90.000	0.0003	1.0000	0.0000	6.8000
E	350.791	90.000	50.0028	194.2259	0.1437	0.2579	0.0000	6.8000
dPolE	350.791	90.000	99.9942	1.0000	0.0000	6.8000
uR	350.791	90.000	0.0002	1.0000	0.0000	6.8000
E	352.406	90.000	16.6823	152.7305	0.1425	0.4791	0.0000	6.8000
dPolE	352.406	90.000	99.9837	1.0000	0.0000	6.8000
uR	352.406	90.000	0.0003	1.0000	0.0000	6.8000
E	354.022	90.000	39.2335	47.0161	0.1436	0.2786	0.0000	6.8000
dPolE	354.022	90.000	99.9964	1.0000	0.0000	6.8000
uR	354.022	90.000	0.0002	1.0000	0.0000	6.8000
E	355.638	90.000	48.2293	83.0735	0.1427	0.2872	0.0000	6.8000
dPolE	355.638	90.000	99.9846	1.0000	0.0000	6.8000
uR	355.638	90.000	0.0004	1.0000	0.0000	6.8000
E	357.253	90.000	36.9913	319.2560	0.1395	0.2748	0.0000	6.8000
dPolE	357.253	90.000	99.9943	1.0000	0.0000	6.8000
uR	357.253	90.000	0.0003	1.0000	0.0000	6.8000
E	358.869	90.000	26.9077	226.0212	0.1414	0.3409	0.0000	6.8000
dPolE	358.869	90.000	99.9891	1.0000	0.0000	6.8000
uR	358.869	90.000	0.0003	1.0000	0.0000	6.8000
E	360.485	90.000	65.3763	117.6072	0.1412	0.3767	0.0000	6.8000
dPolE	360.485	90.000	99.9794	1.0000	0.0000	6.8000
uR	360.485	90.000	0.0004	1.0000	0.0000	6.8000
E	362.100	90.000	32.9995	339.1466	0.1315	0.2652	0.0000	6.8000
dPolE	362.100	90.000	99.9813	1.0000	0.0000	6.8000
uR	362.100	90.000	0.0004	1.0000	0.0000	6.8000
E	363.716	90.000	67.2449	216.5336	0.1368	0.3670	0.0000	6.8000
dPolE	363.716	90.000	99.9833	1.0000	0.0000	6.8000
uR	363.716	90.000	0.0003	1.0000	0.0000	6.8000
E	365.332	90.000	49.2221	90.5241	0.1384	0.2802	0.0000	6.8000
dPolE	365.332	90.000	99.9896	1.0000	0.0000	6.8000
uR	365.332	90.000	0.0004	1.0000	0.0000	6.8000
E	366.948	90.000	47.0381	286.8719	0.1256	0.2504	0.0000	6.8000
dPolE	366.948	90.000	99.9979	1.0000	0.0000	6.8000
uR	366.948	90.000	0.0001	1.0000	0.0000	6.8000
E	368.563	90.000	16.6162	149.1125	0.1376	0.4800	0.0000	6.8000
dPolE	368.563	90.000	99.9999	1.0000	0.0000	6.8000
uR	368.563	90.000	0.0003	1.0000	0.0000	6.8000
E	370.179	90.000	75.3830	21.4483	0.1281	0.4907	0.0000	6.8000
dPolE	370.179	90.000	99.9877	1.0000	0.0000	6.8000
uR	370.179	90.000	0.0003	1.0000	0.0000	6.8000
E	371.795	90.000	26.7641	342.5690	0.1386	0.3198	0.0000	6.8000
dPolE	371.795	90.000	99.9807	1.0000	0.0000	6.8000
uR	371.795	90.000	0.0004	1.0000	0.0000	6.8000
E	373.411	90.000	45.2361	88.6850	0.1274	0.2547	0.0000	6.8000
dPolE	373.411	90.000	99.9903	1.0000	0.0000	6.8000
uR	373.411	90.000	0.0004	1.0000	0.0000	6.8000
E	375.027	90.000	38.6778	317.3031	0.1281	0.2547	0.0000	6.8000
dPolE	375.027	90.000	99.9970	1.0000	0.0000	6.8000
uR	375.027	90.000	0.0005	1.0000	0.0000	6.8000
E	376.643	90.000	62.9352	36.8670	0.1281	0.3064	0.0000	6.8000
dPolE	376.643	90.000	99.9897	1.0000	0.0000	6.8000
uR	376.643	90.000	0.0003	1.0000	0.0000	6.8000
E	378.258	90.000	22.5996	84.1762	0.1213	0.3530	0.0000	6.8000
dPolE	378.258	90.000	99.9916	1.0000	0.0000	6.8000
uR	378.258	90.000	0.0003	1.0000	0.0000	6.8000
E	379.874	90.000	41.9601	339.9875	0.1311	0.2485	0.0000	6.8000
dPolE	379.874	90.000	99.9913	1.0000	0.0000	6.8000
uR	379.874	90.000	0.0004	1.0000	0.0000	6.8000
E	381.490	90.000	44.4174	169.1836	0.1227	0.2317	0.0000	6.8000
dPolE	381.490	90.000	99.9868	1.0000	0.0000	6.8000
uR	381.490	90.000	0.0004	1.0000	0.0000	6.8000
E	383.106	90.000	33.0413	292.4958	0.1265	0.2766	0.0000	6.8000
dPolE	383.106	90.000	99.9817	1.0000	0.0000	6.8000
uR	383.106	90.000	0.0003	1.0000	0.0000	6.8000
E	384.722	90.000	55.6132	9.3768	0.1252	0.2557	0.0000	6.8000
dPolE	384.722	90.000	99.9950	1.0000	0.0000	6.8000
uR	384.722	90.000	0.0003	1.0000	0.0000	6.8000
E	386.338	90.000	12.0790	71.3205	0.1210	0.6134	0.0000	6.8000
dPolE	386.338	90.000	99.9999	1.0000	0.0000	6.8000
uR	386.338	90.000	0.0003	1.0000	0.0000	6.8000
E	387.954	90.000	61.4207	52.6646	0.1271	0.2991	0.0000	6.8000
dPolE	387.954	90.000	99.9920	1.0000	0.0000	6.8000
uR	387.954	90.000	0.0003	1.0000	0.0000	6.8000
E	389.570	90.000	13.2781	120.6434	0.1033	0.4716	0.0000	6.8000
dPolE	389.570	90.000	99.9934	1.0000	0.0000	6.8000
uR	389.570	90.000	0.0003	1.0000	0.0000	6.8000
E	391.186	90.000	43.8917	261.1002	0.1170	0.2340	0.0000	6.8000
dPolE	391.186	90.000	99.9981	1.0000	0.0000	6.8000
uR	391.186	90.000	0.0003	1.0000	0.0000	6.8000
E	392.802	90.000	41.0542	191.2228	0.1270	0.2449	0.0000	6.8000
dPolE	392.802	90.000	99.9962	1.0000	0.0000	6.8000
uR	392.802	90.000	0.0002	1.0000	0.0000	6.8000
E	394.418	90.000	3.2225	192.6947	0.1237	2.1036	0.0000	6.8000
dPolE	394.418	90.000	99.9862	1.0000	0.0000	6.8000
uR	394.418	90.000	0.0003	1.0000	0.0000	6.8000
E	396.034	90.000	65.7581	88.6413	0.1241	0.3399	0.0000	6.8000
dPolE	396.034	90.000	99.9849	1.0000	0.0000	6.8000
uR	396.034	90.000	0.0003	1.0000	0.0000	6.8000
E	397.650	90.000	47.0971	3.0949	0.1168	0.2196	0.0000	6.8000
dPolE	397.650	90.000	99.9972	1.0000	0.0000	6.8000
uR	397.650	90.000	0.0003	1.0000	0.0000	6.8000
E	399.266	90.000	47.8341	41.2576	0.1227	0.2384	0.0000	6.8000
dPolE	399.266	90.000	99.9768	1.0000	0.0000	6.8000
uR	399.266	90.000	0.0003	1.0000	0.0000	6.8000
E	400.882	90.000	22.5756	71.4243	0.1179	0.3387	0.0000	6.8000
dPolE	400.882	90.000	99.9916	1.0000	0.0000	6.8000
uR	400.882	90.000	0.0003	1.0000	0.0000	6.8000
E	402.498	90.000	52.6388	27.9746	0.1156	0.2307	0.0000	6.8000
dPolE	402.498	90.000	99.9630	1.0000	0.0000	6.8000
uR	402.498	90.000	0.0004	1.0000	0.0000	6.8000
E	404.114	90.000	48.8123	359.7440	0.1194	0.2285	0.0000	6.8000
dPolE	404.114	90.000	99.9645	1.0000	0.0000	6.8000
uR	404.114	90.000	0.0004	1.0000	0.0000	6.8000
E	405.730	90.000	39.8451	33.2742	0.1191	0.2318	0.0000	6.8000
dPolE	405.730	90.000	99.9441	1.0000	0.0000	6.8000
uR	405.730	90.000	0.0005	1.0000	0.0000	6.8000
E	407.346	90.000	42.1659	9.1865	0.1210	0.2272	0.0000	6.8000
dPolE	407.346	90.000	99.8980	1.0000	0.0000	6.8000
uR	407.346	90.000	0.0007	1.0000	0.0000	6.8000
E	408.962	90.000	48.8664	31.5127	0.1222	0.2346	0.0000	6.8000
dPolE	408.962	90.000	99.8915	1.0000	0.0000	6.8000
uR	408.962	90.000	0.0007	1.0000	0.0000	6.8000
E	410.578	90.000	51.4376	20.7588	0.1202	0.2329	0.0000	6.8000
dPolE	410.578	90.000	99.8840	1.0000	0.0000	6.8000
uR	410.578	90.000	0.0006	1.0000	0.0000	6.8000
E	412.194	90.000	48.7698	17.3705	0.1140	0.2179	0.0000	6.8000
dPolE	412.194	90.000	99.7453	1.0000	0.0000	6.8000
uR	412.194	90.000	0.0010	1.0000	0.0000	6.8000
E	413.810	90.000	40.7925	19.5322	0.1162	0.2226	0.0000	6.8000
dPolE	413.810	90.000	99.8451	1.0000	0.0000	6.8000
uR	413.810	90.000	0.0008	1.0000	0.0000	6.8000
E	415.426	90.000	46.6676	15.9429	0.1171	0.2200	0.0000	6.8000
dPolE	415.426	90.000	99.6534	1.0000	0.0000	6.8000
uR	415.426	90.000	0.0011	1.0000	0.0000	6.8000
E	417.042	90.000	46.6088	27.2283	0.1213	0.2281	0.0000	6.8000
dPolE	417.042	90.000	99.5803	1.0000	0.0000	6.8000
uR	417.042	90.000	0.0012	1.0000	0.0000	6.8000
E	418.658	90.000	46.2745	21.8813	0.1147	0.2134	0.0000	6.8000
dPolE	418.658	90.000	99.4945	1.0000	0.0000	6.8000
uR	418.658	90.000	0.0013	1.0000	0.0000	6.8000
E	420.274	90.000	45.2951	25.4117	0.1225	0.2287	0.0000	6.8000
dPolE	420.274	90.000	99.2295	1.0000	0.0000	6.8000
uR	420.274	90.000	0.0016	1.0000	0.0000	6.8000
E	421.890	90.000	45.0999	28.7456	0.1107	0.2084	0.0000	6.8000
dPolE	421.890	90.000	99.2125	1.0000	0.0000	6.8000
uR	421.890	90.000	0.0017	1.0000	0.0000	6.8000
E	423.506	90.000	46.2031	24.6962	0.1147	0.2156	0.0000	6.8000
dPolE	423.506	90.000	99.1019	1.0000	0.0000	6.8000
uR	423.506	90.000	0.0019	1.0000	0.0000	6.8000
E	425.122	90.000	44.8556	18.3314	0.1079	0.2006	0.0000	6.8000
dPolE	425.122	90.000	99.0328	1.0000	0.0000	6.8000
uR	425.122	90.000	0.0021	1.0000	0.0000	6.8000
E	426.738	90.000	41.4193	23.3369	0.1093	0.2042	0.0000	6.8000
dPolE	426.738	90.000	98.6562	1.0000	0.0000	6.8000
uR	426.738	90.000	0.0023	1.0000	0.0000	6.8000
E	428.355	90.000	46.2210	23.6810	0.1119	0.2056	0.0000	6.8000
dPolE	428.355	90.000	98.6688	1.0000	0.0000	6.8000
uR	428.355	90.000	0.0024	1.0000	0.0000	6.8000
E	429.971	90.000	45.1226	23.2512	0.1155	0.2105	0.0000	6.8000
dPolE	429.971	90.000	98.4812	1.0000	0.0000	6.8000
uR	429.971	90.000	0.0025	1.0000	0.0000	6.8000
E	431.587	90.000	45.0164	22.2018	0.1125	0.2050	0.0000	6.8000
dPolE	431.587	90.000	98.2963	1.0000	0.0000	6.8000
uR	431.587	90.000	0.0027	1.0000	0.0000	6.8000
E	433.203	90.000	44.7820	19.5934	0.1034	0.1883	0.0000	6.8000
dPolE	433.203	90.000	98.0579	1.0000	0.0000	6.8000
uR	433.203	90.000	0.0030	1.0000	0.0000	6.8000
E	434.819	90.000	44.9438	21.4881	0.1073	0.1964	0.0000	6.8000
dPolE	434.819	90.000	97.7172	1.0000	0.0000	6.8000
uR	434.819	90.000	0.0033	1.0000	0.0000	6.8000
E	436.435	90.000	45.1995	19.4953	0.1088	0.1981	0.0000	6.8000
dPolE	436.435	90.000	97.6693	1.0000	0.0000	6.8000
uR	436.435	90.000	0.0032	1.0000	0.0000	6.8000
E	438.051	90.000	45.2529	18.3707	0.1071	0.1932	0.0000	6.8000
dPolE	438.051	90.000	96.7042	1.0000	0.0000	6.8000
uR	438.051	90.000	0.0037	1.0000	0.0000	6.8000
E	439.667	90.000	45.4654	18.1578	0.1090	0.1944	0.0000	6.8000
dPolE	439.667	90.000	96.3133	1.0000	0.0000	6.8000
uR	439.667	90.000	0.0038	1.0000	0.0000	6.8000
E	441.283	90.000	44.2002	17.2622	0.1103	0.1950	0.0000	6.8000
dPolE	441.283	90.000	95.9274	1.0000	0.0000	6.8000
uR	441.283	90.000	0.0040	1.0000	0.0000	6.8000
E	442.899	90.000	44.8002	19.3770	0.1144	0.2020	0.0000	6.8000
dPolE	442.899	90.000	95.7384	1.0000	0.0000	6.8000
uR	442.899	90.000	0.0042	1.0000	0.0000	6.8000
E	444.515	90.000	45.2225	19.9848	0.1094	0.1936	0.0000	6.8000
dPolE	444.515	90.000	95.5251	1.0000	0.0000	6.8000
uR	444.515	90.000	0.0044	1.0000	0.0000	6.8000
E	446.131	90.000	45.0655	19.7668	0.1047	0.1858	0.0000	6.8000
dPolE	446.131	90.000	95.6587	1.0000	0.0000	6.8000
uR	446.131	90.000	0.0045	1.0000	0.0000	6.8000
E	447.747	90.000	43.6193	19.3885	0.1029	0.1827	0.0000	6.8000
dPolE	447.747	90.000	95.1159	1.0000	0.0000	6.8000
uR	447.747	90.000	0.0047	1.0000	0.0000	6.8000
E	449.363	90.000	45.0779	18.1125	0.1030	0.1816	0.0000	6.8000
dPolE	449.363	90.000	94.1851	1.0000	0.0000	6.8000
uR	449.363	90.000	0.0049	1.0000	0.0000	6.8000
E	450.979	90.000	44.6590	17.6371	0.1044	0.1821	0.0000	6.8000
dPolE	450.979	90.000	93.4138	1.0000	0.0000	6.8000
uR	450.979	90.000	0.0048	1.0000	0.0000	6.8000
E	452.594	90.000	44.2851	18.2439	0.1067	0.1844	0.0000	6.8000
dPolE	452.594	90.000	93.3875	1.0000	0.0000	6.8000
uR	452.594	90.000	0.0048	1.0000	0.0000	6.8000
E	454.210	90.000	45.8007	18.2824	0.1019	0.1746	0.0000	6.8000
dPolE	454.210	90.000	93.5033	1.0000	0.0000	6.8000
uR	454.210	90.000	0.0052	1.0000	0.0000	6.8000
E	455.826	90.000	44.5956	16.7100	0.0991	0.1685	0.0000	6.8000
dPolE	455.826	90.000	92.8000	1.0000	0.0000	6.8000
uR	455.826	90.000	0.0053	1.0000	0.0000	6.8000
E	457.442	90.000	45.3940	17.4075	0.1056	0.1800	0.0000	6.8000
dPolE	457.442	90.000	92.1122	1.0000	0.0000	6.8000
uR	457.442	90.000	0.0056	1.0000	0.0000	6.8000
E	459.058	90.000	43.6807	16.9084	0.1041	0.1779	0.0000	6.8000
dPolE	459.058	90.000	92.0063	1.0000	0.0000	6.8000
uR	459.058	90.000	0.0055	1.0000	0.0000	6.8000
E	460.674	90.000	45.1167	17.4673	0.1040	0.1780	0.0000	6.8000
dPolE	460.674	90.000	91.1041	1.0000	0.0000	6.8000
uR	460.674	90.000	0.0057	1.0000	0.0000	6.8000
E	462.290	90.000	44.7522	16.4781	0.1035	0.1760	0.0000	6.8000
dPolE	462.290	90.000	90.2161	1.0000	0.0000	6.8000
uR	462.290	90.000	0.0058	1.0000	0.0000	6.8000
E	463.906	90.000	44.0308	15.9452	0.0979	0.1651	0.0000	6.8000
dPolE	463.906	90.000	89.4365	1.0000	0.0000	6.8000
uR	463.906	90.000	0.0059	1.0000	0.0000	6.8000
E	465.521	90.000	44.9353	15.5910	0.1009	0.1681	0.0000	6.8000
dPolE	465.521	90.000	87.9063	1.0000	0.0000	6.8000
uR	465.521	90.000	0.0061	1.0000	0.0000	6.8000
E	467.137	90.000	44.5366	15.8067	0.0971	0.1600	0.0000	6.8000
dPolE	467.137	90.000	86.0628	1.0000	0.0000	6.8000
uR	467.137	90.000	0.0064	1.0000	0.0000	6.8000
E	468.753	90.000	44.2095	15.5477	0.0937	0.1534	0.0000	6.8000
dPolE	468.753	90.000	83.9739	1.0000	0.0000	6.8000
uR	468.753	90.000	0.0064	1.0000	0.0000	6.8000
E	470.369	90.000	45.1638	15.0690	0.0977	0.1595	0.0000	6.8000
dPolE	470.369	90.000	84.7149	1.0000	0.0000	6.8000
uR	470.369	90.000	0.0065	1.0000	0.0000	6.8000
E	471.985	90.000	45.0831	14.8877	0.0996	0.1628	0.0000	6.8000
dPolE	471.985	90.000	86.6527	1.0000	0.0000	6.8000
uR	471.985	90.000	0.0066	1.0000	0.0000	6.8000
E	473.600	90.000	44.6255	15.3508	0.0983	0.1612	0.0000	6.8000
dPolE	473.600	90.000	86.2394	1.0000	0.0000	6.8000
uR	473.600	90.000	0.0068	1.0000	0.0000	6.8000
E	475.216	90.000	45.0174	13.7831	0.0959	0.1566	0.0000	6.8000
dPolE	475.216	90.000	87.7822	1.0000	0.0000	6.8000
uR	475.216	90.000	0.0069	1.0000	0.0000	6.8000
E	476.832	90.000	44.8196	14.5409	0.1012	0.1648	0.0000	6.8000
dPolE	476.832	90.000	88.6926	1.0000	0.0000	6.8000
uR	476.832	90.000	0.0070	1.0000	0.0000	6.8000
E	478.448	90.000	44.9444	14.0565	0.1026	0.1654	0.0000	6.8000
dPolE	478.448	90.000	88.2581	1.0000	0.0000	6.8000
uR	478.448	90.000	0.0072	1.0000	0.0000	6.8000
E	480.063	90.000	44.8262	13.2738	0.1034	0.1648	0.0000	6.8000
dPolE	480.063	90.000	87.1307	1.0000	0.0000	6.8000
uR	480.063	90.000	0.0073	1.0000	0.0000	6.8000
E	481.679	90.000	45.2821	12.9104	0.0905	0.1423	0.0000	6.8000
dPolE	481.679	90.000	87.5344	1.0000	0.0000	6.8000
uR	481.679	90.000	0.0074	1.0000	0.0000	6.8000
E	483.294	90.000	44.9615	13.3939	0.1044	0.1633	0.0000	6.8000
dPolE	483.294	90.000	85.2881	1.0000	0.0000	6.8000
uR	483.294	90.000	0.0075	1.0000	0.0000	6.8000
E	484.910	90.000	44.9658	13.3743	0.0986	0.1536	0.0000	6.8000
dPolE	484.910	90.000	86.4434	1.0000	0.0000	6.8000
uR	484.910	90.000	0.0077	1.0000	0.0000	6.8000
E	486.526	90.000	44.6182	14.4774	0.0973	0.1522	0.0000	6.8000
dPolE	486.526	90.000	87.2940	1.0000	0.0000	6.8000
uR	486.526	90.000	0.0078	1.0000	0.0000	6.8000
E	488.141	90.000	45.3773	12.7325	0.1035	0.1617	0.0000	6.8000
dPolE	488.141	90.000	86.2103	1.0000	0.0000	6.8000
uR	488.141	90.000	0.0079	1.0000	0.0000	6.8000
E	489.757	90.000	44.5906	13.1989	0.1032	0.1613	0.0000	6.8000
dPolE	489.757	90.000	86.3586	1.0000	0.0000	6.8000
uR	489.757	90.000	0.0079	1.0000	0.0000	6.8000
E	491.372	90.000	44.8822	12.2579	0.1025	0.1593	0.0000	6.8000
dPolE	491.372	90.000	85.0141	1.0000	0.0000	6.8000
uR	491.372	90.000	0.0079	1.0000	0.0000	6.8000
E	492.988	90.000	44.7633	12.2184	0.0985	0.1522	0.0000	6.8000
dPolE	492.988	90.000	84.4410	1.0000	0.0000	6.8000
uR	492.988	90.000	0.0081	1.0000	0.0000	6.8000
E	494.603	90.000	44.9951	12.5766	0.1006	0.1544	0.0000	6.8000
dPolE	494.603	90.000	84.1869	1.0000	0.0000	6.8000
uR	494.603	90.000	0.0083	1.0000	0.0000	6.8000
E	496.219	90.000	45.3285	12.1804	0.1045	0.1583	0.0000	6.8000
dPolE	496.219	90.000	85.1622	1.0000	0.0000	6.8000
uR	496.219	90.000	0.0084	1.0000	0.0000	6.8000
E	497.834	90.000	45.0356	12.5402	0.1079	0.1621	0.0000	6.8000
dPolE	497.834	90.000	85.6960	1.0000	0.0000	6.8000
uR	497.834	90.000	0.0083	1.0000	0.0000	6.8000
E	499.450	90.000	45.0211	12.4191	0.1094	0.1631	0.0000	6.8000
dPolE	499.450	90.000	85.3799	1.0000	0.0000	6.8000
uR	499.450	90.000	0.0084	1.0000	0.0000	6.8000
E	501.065	90.000	45.0086	12.3438	0.1020	0.1516	0.0000	6.8000
dPolE	501.065	90.000	85.9730	1.0000	0.0000	6.8000
uR	501.065	90.000	0.0084	1.0000	0.0000	6.8000
E	502.680	90.000	44.4486	12.4628	0.1050	0.1560	0.0000	6.8000
dPolE	502.680	90.000	85.4486	1.0000	0.0000	6.8000
uR	502.680	90.000	0.0086	1.0000	0.0000	6.8000
E	504.296	90.000	45.0535	12.6853	0.1042	0.1553	0.0000	6.8000
dPolE	504.296	90.000	85.2862	1.0000	0.0000	6.8000
uR	504.296	90.000	0.0087	1.0000	0.0000	6.8000
E	505.911	90.000	45.4854	10.8185	0.1063	0.1577	0.0000	6.8000
dPolE	505.911	90.000	85.0725	1.0000	0.0000	6.8000
uR	505.911	90.000	0.0088	1.0000	0.0000	6.8000
E	507.526	90.000	44.9249	11.6534	0.1069	0.1587	0.0000	6.8000
dPolE	507.526	90.000	84.0197	1.0000	0.0000	6.8000
uR	507.526	90.000	0.0088	1.0000	0.0000	6.8000
E	509.141	90.000	44.8439	11.1692	0.1060	0.1564	0.0000	6.8000
dPolE	509.141	90.000	82.6880	1.0000	0.0000	6.8000
uR	509.141	90.000	0.0091	1.0000	0.0000	6.8000
E	510.756	90.000	44.9484	11.7456	0.1048	0.1535	0.0000	6.8000
dPolE	510.756	90.000	83.3972	1.0000	0.0000	6.8000
uR	510.756	90.000	0.0091	1.0000	0.0000	6.8000
E	512.372	90.000	44.7863	11.4548	0.1032	0.1495	0.0000	6.8000
dPolE	512.372	90.000	84.4041	1.0000	0.0000	6.8000
uR	512.372	90.000	0.0093	1.0000	0.0000	6.8000
E	513.987	90.000	44.9472	11.3793	0.1054	0.1511	0.0000	6.8000
dPolE	513.987	90.000	83.5442	1.0000	0.0000	6.8000
uR	513.987	90.000	0.0100	1.0000	0.0000	6.8000
E	515.602	90.000	45.0077	10.2357	0.1076	0.1525	0.0000	6.8000
dPolE	515.602	90.000	83.2918	1.0000	0.0000	6.8000
uR	515.602	90.000	0.0105	1.0000	0.0000	6.8000
E	517.217	90.000	44.8887	10.2801	0.1124	0.1586	0.0000	6.8000
dPolE	517.217	90.000	84.4704	1.0000	0.0000	6.8000
uR	517.217	90.000	0.0100	1.0000	0.0000	6.8000
E	518.832	90.000	44.3614	9.3618	0.1154	0.1620	0.0000	6.8000
dPolE	518.832	90.000	86.6015	1.0000	0.0000	6.8000
uR	518.832	90.000	0.0093	1.0000	0.0000	6.8000
E	520.447	90.000	44.7175	10.1359	0.1119	0.1573	0.0000	6.8000
dPolE	520.447	90.000	87.4650	1.0000	0.0000	6.8000
uR	520.447	90.000	0.0088	1.0000	0.0000	6.8000
E	522.062	90.000	44.9166	10.1660	0.1086	0.1530	0.0000	6.8000
dPolE	522.062	90.000	85.8132	1.0000	0.0000	6.8000
uR	522.062	90.000	0.0087	1.0000	0.0000	6.8000
E	523.677	90.000	44.9648	10.4425	0.1100	0.1551	0.0000	6.8000
dPolE	523.677	90.000	84.3227	1.0000	0.0000	6.8000
uR	523.677	90.000	0.0089	1.0000	0.0000	6.8000
E	525.292	90.000	45.0026	9.9780	0.1057	0.1484	0.0000	6.8000
dPolE	525.292	90.000	83.0458	1.0000	0.0000	6.8000
uR	525.292	90.000	0.0093	1.0000	0.0000	6.8000
E	526.907	90.000	45.5636	9.3444	0.1074	0.1499	0.0000	6.8000
dPolE	526.907	90.000	82.0918	1.0000	0.0000	6.8000
uR	526.907	90.000	0.0094	1.0000	0.0000	6.8000
E	528.521	90.000	45.1688	9.6097	0.1086	0.1506	0.0000	6.8000
dPolE	528.521	90.000	83.1329	1.0000	0.0000	6.8000
uR	528.521	90.000	0.0094	1.0000	0.0000	6.8000
E	530.136	90.000	44.6817	9.0200	0.1086	0.1489	0.0000	6.8000
dPolE	530.136	90.000	80.5211	1.0000	0.0000	6.8000
uR	530.136	90.000	0.0099	1.0000	0.0000	6.8000
E	531.751	90.000	44.6352	9.4402	0.1113	0.1514	0.0000	6.8000
dPolE	531.751	90.000	82.5549	1.0000	0.0000	6.8000
uR	531.751	90.000	0.0097	1.0000	0.0000	6.8000
E	533.366	90.000	44.3746	9.8444	0.1103	0.1490	0.0000	6.8000
dPolE	533.366	90.000	80.9700	1.0000	0.0000	6.8000
uR	533.366	90.000	0.0102	1.0000	0.0000	6.8000
E	534.980	90.000	44.6489	8.8222	0.1065	0.1423	0.0000	6.8000
dPolE	534.980	90.000	79.6340	1.0000	0.0000	6.8000
uR	534.980	90.000	0.0103	1.0000	0.0000	6.8000
E	536.595	90.000	44.6907	8.9968	0.1097	0.1462	0.0000	6.8000
dPolE	536.595	90.000	80.4068	1.0000	0.0000	6.8000
uR	536.595	90.000	0.0102	1.0000	0.0000	6.8000
E	538.210	90.000	44.7259	9.9769	0.1104	0.1474	0.0000	6.8000
dPolE	538.210	90.000	81.0920	1.0000	0.0000	6.8000
uR	538.210	90.000	0.0104	1.0000	0.0000	6.8000
E	539.824	90.000	45.3289	9.5950	0.1085	0.1448	0.0000	6.8000
dPolE	539.824	90.000	79.4512	1.0000	0.0000	6.8000
uR	539.824	90.000	0.0104	1.0000	0.0000	6.8000
E	541.439	90.000	44.7201	9.3280	0.1086	0.1449	0.0000	6.8000
dPolE	541.439	90.000	79.6361	1.0000	0.0000	6.8000
uR	541.439	90.000	0.0104	1.0000	0.0000	6.8000
E	543.053	90.000	44.9295	8.8519	0.1112	0.1481	0.0000	6.8000
dPolE	543.053	90.000	80.0476	1.0000	0.0000	6.8000
uR	543.053	90.000	0.0105	1.0000	0.0000	6.8000
E	544.668	90.000	44.4006	8.3695	0.1116	0.1481	0.0000	6.8000
dPolE	544.668	90.000	79.0085	1.0000	0.0000	6.8000
uR	544.668	90.000	0.0105	1.0000	0.0000	6.8000
E	546.282	90.000	44.9961	8.4268	0.1174	0.1551	0.0000	6.8000
dPolE	546.282	90.000	81.2009	1.0000	0.0000	6.8000
uR	546.282	90.000	0.0102	1.0000	0.0000	6.8000
E	547.896	90.000	45.1606	8.2175	0.1130	0.1479	0.0000	6.8000
dPolE	547.896	90.000	79.7699	1.0000	0.0000	6.8000
uR	547.896	90.000	0.0102	1.0000	0.0000	6.8000
E	549.511	90.000	44.5707	9.0393	0.1105	0.1441	0.0000	6.8000
dPolE	549.511	90.000	80.6301	1.0000	0.0000	6.8000
uR	549.511	90.000	0.0101	1.0000	0.0000	6.8000
E	551.125	90.000	44.6233	8.7610	0.1129	0.1455	0.0000	6.8000
dPolE	551.125	90.000	80.5663	1.0000	0.0000	6.8000
uR	551.125	90.000	0.0102	1.0000	0.0000	6.8000
E	552.739	90.000	44.4537	8.4598	0.1125	0.1436	0.0000	6.8000
dPolE	552.739	90.000	79.6009	1.0000	0.0000	6.8000
uR	552.739	90.000	0.0103	1.0000	0.0000	6.8000
E	554.353	90.000	44.6696	8.2386	0.1157	0.1467	0.0000	6.8000
dPolE	554.353	90.000	78.9495	1.0000	0.0000	6.8000
uR	554.353	90.000	0.0106	1.0000	0.0000	6.8000
E	555.968	90.000	45.3495	8.3252	0.1161	0.1465	0.0000	6.8000
dPolE	555.968	90.000	77.7249	1.0000	0.0000	6.8000
uR	555.968	90.000	0.0105	1.0000	0.0000	6.8000
E	557.582	90.000	44.8090	8.4274	0.1168	0.1471	0.0000	6.8000
dPolE	557.582	90.000	78.0004	1.0000	0.0000	6.8000
uR	557.582	90.000	0.0103	1.0000	0.0000	6.8000
E	559.196	90.000	44.7446	7.8509	0.1178	0.1478	0.0000	6.8000
dPolE	559.196	90.000	78.2686	1.0000	0.0000	6.8000
uR	559.196	90.000	0.0103	1.0000	0.0000	6.8000
E	560.810	90.000	45.0087	8.1456	0.1168	0.1468	0.0000	6.8000
dPolE	560.810	90.000	79.0561	1.0000	0.0000	6.8000
uR	560.810	90.000	0.0104	1.0000	0.0000	6.8000
E	562.424	90.000	44.7766	8.2626	0.1143	0.1439	0.0000	6.8000
dPolE	562.424	90.000	77.3892	1.0000	0.0000	6.8000
uR	562.424	90.000	0.0106	1.0000	0.0000	6.8000
E	564.038	90.000	45.1382	8.0876	0.1162	0.1460	0.0000	6.8000
dPolE	564.038	90.000	76.7681	1.0000	0.0000	6.8000
uR	564.038	90.000	0.0105	1.0000	0.0000	6.8000
E	565.651	90.000	45.5680	7.9879	0.1106	0.1388	0.0000	6.8000
dPolE	565.651	90.000	79.5094	1.0000	0.0000	6.8000
uR	565.651	90.000	0.0103	1.0000	0.0000	6.8000
E	567.265	90.000	45.0884	8.5607	0.1217	0.1522	0.0000	6.8000
dPolE	567.265	90.000	75.3673	1.0000	0.0000	6.8000
uR	567.265	90.000	0.0108	1.0000	0.0000	6.8000
E	568.879	90.000	44.2598	7.8493	0.1196	0.1483	0.0000	6.8000
dPolE	568.879	90.000	76.4643	1.0000	0.0000	6.8000
uR	568.879	90.000	0.0107	1.0000	0.0000	6.8000
E	570.493	90.000	45.0105	7.6753	0.1157	0.1422	0.0000	6.8000
dPolE	570.493	90.000	75.8239	1.0000	0.0000	6.8000
uR	570.493	90.000	0.0107	1.0000	0.0000	6.8000
E	572.106	90.000	45.1516	7.3002	0.1198	0.1459	0.0000	6.8000
dPolE	572.106	90.000	75.1854	1.0000	0.0000	6.8000
uR	572.106	90.000	0.0105	1.0000	0.0000	6.8000
E	573.720	90.000	44.4657	7.4064	0.1227	0.1483	0.0000	6.8000
dPolE	573.720	90.000	74.7850	1.0000	0.0000	6.8000
uR	573.720	90.000	0.0105	1.0000	0.0000	6.8000
E	575.333	90.000	45.1696	7.6382	0.1271	0.1524	0.0000	6.8000
dPolE	575.333	90.000	75.2540	1.0000	0.0000	6.8000
uR	575.333	90.000	0.0105	1.0000	0.0000	6.8000
E	576.947	90.000	44.5230	7.0564	0.1225	0.1458	0.0000	6.8000
dPolE	576.947	90.000	76.3637	1.0000	0.0000	6.8000
uR	576.947	90.000	0.0108	1.0000	0.0000	6.8000
E	578.560	90.000	44.6260	6.9172	0.1228	0.1455	0.0000	6.8000
dPolE	578.560	90.000	75.1447	1.0000	0.0000	6.8000
uR	578.560	90.000	0.0109	1.0000	0.0000	6.8000
E	580.174	90.000	44.8514	7.4452	0.1268	0.1500	0.0000	6.8000
dPolE	580.174	90.000	75.5729	1.0000	0.0000	6.8000
uR	580.174	90.000	0.0107	1.0000	0.0000	6.8000
E	581.787	90.000	44.4191	7.2293	0.1241	0.1467	0.0000	6.8000
dPolE	581.787	90.000	75.3714	1.0000	0.0000	6.8000
uR	581.787	90.000	0.0109	1.0000	0.0000	6.8000
E	583.400	90.000	45.1318	6.8875	0.1275	0.1504	0.0000	6.8000
dPolE	583.400	90.000	74.2465	1.0000	0.0000	6.8000
uR	583.400	90.000	0.0110	1.0000	0.0000	6.8000
E	585.014	90.000	45.1947	6.8684	0.1199	0.1416	0.0000	6.8000
dPolE	585.014	90.000	74.5298	1.0000	0.0000	6.8000
uR	585.014	90.000	0.0108	1.0000	0.0000	6.8000
E	586.627	90.000	44.8869	7.5340	0.1191	0.1410	0.0000	6.8000
dPolE	586.627	90.000	74.3466	1.0000	0.0000	6.8000
uR	586.627	90.000	0.0109	1.0000	0.0000	6.8000
E	588.240	90.000	45.1799	7.0687	0.1210	0.1425	0.0000	6.8000
dPolE	588.240	90.000	74.2478	1.0000	0.0000	6.8000
uR	588.240	90.000	0.0109	1.0000	0.0000	6.8000
E	589.853	90.000	44.7554	7.0898	0.1212	0.1423	0.0000	6.8000
dPolE	589.853	90.000	72.7206	1.0000	0.0000	6.8000
uR	589.853	90.000	0.0111	1.0000	0.0000	6.8000
E	591.466	90.000	44.7463	6.2479	0.1183	0.1376	0.0000	6.8000
dPolE	591.466	90.000	73.3726	1.0000	0.0000	6.8000
uR	591.466	90.000	0.0111	1.0000	0.0000	6.8000
E	593.079	90.000	45.5895	7.0768	0.1181	0.1372	0.0000	6.8000
dPolE	593.079	90.000	72.9829	1.0000	0.0000	6.8000
uR	593.079	90.000	0.0111	1.0000	0.0000	6.8000
E	594.692	90.000	44.6594	6.7518	0.1231	0.1414	0.0000	6.8000
dPolE	594.692	90.000	72.4359	1.0000	0.0000	6.8000
uR	594.692	90.000	0.0112	1.0000	0.0000	6.8000
E	596.305	90.000	44.8904	6.5991	0.1240	0.1414	0.0000	6.8000
dPolE	596.305	90.000	73.4138	1.0000	0.0000	6.8000
uR	596.305	90.000	0.0111	1.0000	0.0000	6.8000
E	597.918	90.000	44.7602	6.7397	0.1249	0.1415	0.0000	6.8000
dPolE	597.918	90.000	76.3804	1.0000	0.0000	6.8000
uR	597.918	90.000	0.0108	1.0000	0.0000	6.8000
E	599.530	90.000	44.8266	6.5059	0.1327	0.1492	0.0000	6.8000
dPolE	599.530	90.000	73.3048	1.0000	0.0000	6.8000
uR	599.530	90.000	0.0112	1.0000	0.0000	6.8000
E	601.143	90.000	45.2671	6.7251	0.1358	0.1520	0.0000	6.8000
dPolE	601.143	90.000	72.5924	1.0000	0.0000	6.8000
uR	601.143	90.000	0.0111	1.0000	0.0000	6.8000
E	602.755	90.000	44.6440	5.9131	0.1291	0.1435	0.0000	6.8000
dPolE	602.755	90.000	72.8484	1.0000	0.0000	6.8000
uR	602.755	90.000	0.0111	1.0000	0.0000	6.8000
E	604.368	90.000	44.4786	6.9694	0.1370	0.1525	0.0000	6.8000
dPolE	604.368	90.000	73.9575	1.0000	0.0000	6.8000
uR	604.368	90.000	0.0111	1.0000	0.0000	6.8000
E	605.981	90.000	45.3242	6.7063	0.1281	0.1424	0.0000	6.8000
dPolE	605.981	90.000	73.3712	1.0000	0.0000	6.8000
uR	605.981	90.000	0.0112	1.0000	0.0000	6.8000
E	607.593	90.000	44.4737	5.9223	0.1348	0.1494	0.0000	6.8000
dPolE	607.593	90.000	71.9871	1.0000	0.0000	6.8000
uR	607.593	90.000	0.0113	1.0000	0.0000	6.8000
E	609.205	90.000	45.2365	6.6512	0.1391	0.1546	0.0000	6.8000
dPolE	609.205	90.000	71.7011	1.0000	0.0000	6.8000
uR	609.205	90.000	0.0110	1.0000	0.0000	6.8000
E	610.818	90.000	45.1350	6.4034	0.1264	0.1403	0.0000	6.8000
dPolE	610.818	90.000	75.4513	1.0000	0.0000	6.8000
uR	610.818	90.000	0.0109	1.0000	0.0000	6.8000
E	612.430	90.000	44.3493	6.5696	0.1297	0.1438	0.0000	6.8000
dPolE	612.430	90.000	72.0377	1.0000	0.0000	6.8000
uR	612.430	90.000	0.0112	1.0000	0.0000	6.8000
E	614.042	90.000	45.1210	6.0178	0.1339	0.1477	0.0000	6.8000
dPolE	614.042	90.000	73.8592	1.0000	0.0000	6.8000
uR	614.042	90.000	0.0112	1.0000	0.0000	6.8000
E	615.654	90.000	44.8330	5.7443	0.1385	0.1518	0.0000	6.8000
dPolE	615.654	90.000	69.7729	1.0000	0.0000	6.8000
uR	615.654	90.000	0.0112	1.0000	0.0000	6.8000
E	617.266	90.000	44.6163	6.2653	0.1327	0.1451	0.0000	6.8000
dPolE	617.266	90.000	73.4728	1.0000	0.0000	6.8000
uR	617.266	90.000	0.0111	1.0000	0.0000	6.8000
E	618.878	90.000	45.0840	5.7890	0.1374	0.1490	0.0000	6.8000
dPolE	618.878	90.000	71.8439	1.0000	0.0000	6.8000
uR	618.878	90.000	0.0113	1.0000	0.0000	6.8000
E	620.490	90.000	45.1778	5.6973	0.1319	0.1420	0.0000	6.8000
dPolE	620.490	90.000	70.4715	1.0000	0.0000	6.8000
uR	620.490	90.000	0.0110	1.0000	0.0000	6.8000
E	622.102	90.000	45.1430	5.5390	0.1332	0.1423	0.0000	6.8000
dPolE	622.102	90.000	69.3039	1.0000	0.0000	6.8000
uR	622.102	90.000	0.0112	1.0000	0.0000	6.8000
E	623.714	90.000	44.6375	5.3667	0.1254	0.1329	0.0000	6.8000
dPolE	623.714	90.000	69.8908	1.0000	0.0000	6.8000
uR	623.714	90.000	0.0112	1.0000	0.0000	6.8000
E	625.325	90.000	44.8795	5.5757	0.1317	0.1387	0.0000	6.8000
dPolE	625.325	90.000	71.7575	1.0000	0.0000	6.8000
uR	625.325	90.000	0.0114	1.0000	0.0000	6.8000
E	626.937	90.000	44.9467	5.3958	0.1415	0.1482	0.0000	6.8000
dPolE	626.937	90.000	68.6861	1.0000	0.0000	6.8000
uR	626.937	90.000	0.0113	1.0000	0.0000	6.8000
E	628.548	90.000	45.2859	5.2714	0.1464	0.1526	0.0000	6.8000
dPolE	628.548	90.000	70.7410	1.0000	0.0000	6.8000
uR	628.548	90.000	0.0110	1.0000	0.0000	6.8000
E	630.160	90.000	45.2858	5.3163	0.1443	0.1500	0.0000	6.8000
dPolE	630.160	90.000	68.6946	1.0000	0.0000	6.8000
uR	630.160	90.000	0.0113	1.0000	0.0000	6.8000
E	631.771	90.000	44.7533	5.2768	0.1434	0.1490	0.0000	6.8000
dPolE	631.771	90.000	68.8950	1.0000	0.0000	6.8000
uR	631.771	90.000	0.0113	1.0000	0.0000	6.8000
E	633.383	90.000	44.9744	5.3199	0.1370	0.1423	0.0000	6.8000
dPolE	633.383	90.000	70.1747	1.0000	0.0000	6.8000
uR	633.383	90.000	0.0115	1.0000	0.0000	6.8000
E	634.994	90.000	45.1603	5.1199	0.1400	0.1452	0.0000	6.8000
dPolE	634.994	90.000	67.1580	1.0000	0.0000	6.8000
uR	634.994	90.000	0.0115	1.0000	0.0000	6.8000
E	636.605	90.000	45.0702	5.4466	0.1413	0.1467	0.0000	6.8000
dPolE	636.605	90.000	70.6079	1.0000	0.0000	6.8000
uR	636.605	90.000	0.0112	1.0000	0.0000	6.8000
E	638.216	90.000	44.3160	5.2560	0.1466	0.1521	0.0000	6.8000
dPolE	638.216	90.000	71.5629	1.0000	0.0000	6.8000
uR	638.216	90.000	0.0112	1.0000	0.0000	6.8000
E	639.827	90.000	44.9380	5.0648	0.1438	0.1487	0.0000	6.8000
dPolE	639.827	90.000	70.8885	1.0000	0.0000	6.8000
uR	639.827	90.000	0.0111	1.0000	0.0000	6.8000
E	641.438	90.000	45.0163	5.2512	0.1441	0.1486	0.0000	6.8000
dPolE	641.438	90.000	72.0244	1.0000	0.0000	6.8000
uR	641.438	90.000	0.0114	1.0000	0.0000	6.8000
E	643.049	90.000	44.7779	5.6466	0.1457	0.1502	0.0000	6.8000
dPolE	643.049	90.000	70.3471	1.0000	0.0000	6.8000
uR	643.049	90.000	0.0111	1.0000	0.0000	6.8000
E	644.660	90.000	44.7156	5.4892	0.1510	0.1547	0.0000	6.8000
dPolE	644.660	90.000	69.6367	1.0000	0.0000	6.8000
uR	644.660	90.000	0.0111	1.0000	0.0000	6.8000
E	646.271	90.000	45.0986	5.6255	0.1447	0.1475	0.0000	6.8000
dPolE	646.271	90.000	72.1252	1.0000	0.0000	6.8000
uR	646.271	90.000	0.0108	1.0000	0.0000	6.8000
E	647.881	90.000	45.0086	5.0959	0.1465	0.1481	0.0000	6.8000
dPolE	647.881	90.000	68.5818	1.0000	0.0000	6.8000
uR	647.881	90.000	0.0110	1.0000	0.0000	6.8000
E	649.492	90.000	45.0009	5.1886	0.1544	0.1550	0.0000	6.8000
dPolE	649.492	90.000	68.4519	1.0000	0.0000	6.8000
uR	649.492	90.000	0.0109	1.0000	0.0000	6.8000
E	651.103	90.000	44.7298	5.3831	0.1551	0.1547	0.0000	6.8000
dPolE	651.103	90.000	68.7058	1.0000	0.0000	6.8000
uR	651.103	90.000	0.0110	1.0000	0.0000	6.8000
E	652.713	90.000	45.1570	4.6467	0.1463	0.1447	0.0000	6.8000
dPolE	652.713	90.000	70.9736	1.0000	0.0000	6.8000
uR	652.713	90.000	0.0112	1.0000	0.0000	6.8000
E	654.323	90.000	45.0617	5.3048	0.1594	0.1571	0.0000	6.8000
dPolE	654.323	90.000	69.7630	1.0000	0.0000	6.8000
uR	654.323	90.000	0.0113	1.0000	0.0000	6.8000
E	655.934	90.000	44.9966	4.7682	0.1639	0.1605	0.0000	6.8000
dPolE	655.934	90.000	70.7484	1.0000	0.0000	6.8000
uR	655.934	90.000	0.0110	1.0000	0.0000	6.8000
E	657.544	90.000	44.8456	4.8328	0.1502	0.1467	0.0000	6.8000
dPolE	657.544	90.000	69.7091	1.0000	0.0000	6.8000
uR	657.544	90.000	0.0111	1.0000	0.0000	6.8000
E	659.154	90.000	45.0403	4.9158	0.1668	0.1627	0.0000	6.8000
dPolE	659.154	90.000	70.6855	1.0000	0.0000	6.8000
uR	659.154	90.000	0.0112	1.0000	0.0000	6.8000
E	660.764	90.000	44.3856	4.8041	0.1640	0.1595	0.0000	6.8000
dPolE	660.764	90.000	70.3719	1.0000	0.0000	6.8000
uR	660.764	90.000	0.0113	1.0000	0.0000	6.8000
E	662.374	90.000	44.8154	4.7667	0.1596	0.1551	0.0000	6.8000
dPolE	662.374	90.000	71.1077	1.0000	0.0000	6.8000
uR	662.374	90.000	0.0112	1.0000	0.0000	6.8000
E	663.984	90.000	45.1660	4.7058	0.1575	0.1529	0.0000	6.8000
dPolE	663.984	90.000	68.4863	1.0000	0.0000	6.8000
uR	663.984	90.000	0.0116	1.0000	0.0000	6.8000
E	665.594	90.000	44.5137	4.7623	0.1603	0.1557	0.0000	6.8000
dPolE	665.594	90.000	72.4327	1.0000	0.0000	6.8000
uR	665.594	90.000	0.0111	1.0000	0.0000	6.8000
E	667.204	90.000	45.0072	4.6205	0.1619	0.1571	0.0000	6.8000
dPolE	667.204	90.000	69.4816	1.0000	0.0000	6.8000
uR	667.204	90.000	0.0113	1.0000	0.0000	6.8000
E	668.813	90.000	45.6687	4.8397	0.1584	0.1536	0.0000	6.8000
dPolE	668.813	90.000	64.7366	1.0000	0.0000	6.8000
uR	668.813	90.000	0.0114	1.0000	0.0000	6.8000
E	670.423	90.000	44.8138	4.7606	0.1652	0.1597	0.0000	6.8000
dPolE	670.423	90.000	68.5389	1.0000	0.0000	6.8000
uR	670.423	90.000	0.0111	1.0000	0.0000	6.8000
E	672.032	90.000	44.7508	4.3111	0.1671	0.1609	0.0000	6.8000
dPolE	672.032	90.000	66.8699	1.0000	0.0000	6.8000
uR	672.032	90.000	0.0112	1.0000	0.0000	6.8000
E	673.642	90.000	44.8360	4.9588	0.1651	0.1589	0.0000	6.8000
dPolE	673.642	90.000	65.0294	1.0000	0.0000	6.8000
uR	673.642	90.000	0.0114	1.0000	0.0000	6.8000
E	675.251	90.000	44.9522	5.0497	0.1576	0.1512	0.0000	6.8000
dPolE	675.251	90.000	69.3377	1.0000	0.0000	6.8000
uR	675.251	90.000	0.0112	1.0000	0.0000	6.8000
E	676.860	90.000	45.5993	4.9480	0.1642	0.1567	0.0000	6.8000
dPolE	676.860	90.000	65.9153	1.0000	0.0000	6.8000
uR	676.860	90.000	0.0114	1.0000	0.0000	6.8000
E	678.469	90.000	44.5361	4.2727	0.1695	0.1601	0.0000	6.8000
dPolE	678.469	90.000	67.1865	1.0000	0.0000	6.8000
uR	678.469	90.000	0.0110	1.0000	0.0000	6.8000
E	680.079	90.000	45.1792	4.2072	0.1672	0.1570	0.0000	6.8000
dPolE	680.079	90.000	66.8595	1.0000	0.0000	6.8000
uR	680.079	90.000	0.0108	1.0000	0.0000	6.8000
E	681.688	90.000	45.6395	4.6032	0.1671	0.1562	0.0000	6.8000
dPolE	681.688	90.000	69.5388	1.0000	0.0000	6.8000
uR	681.688	90.000	0.0107	1.0000	0.0000	6.8000
E	683.296	90.000	44.9282	4.7130	0.1591	0.1478	0.0000	6.8000
dPolE	683.296	90.000	62.8871	1.0000	0.0000	6.8000
uR	683.296	90.000	0.0113	1.0000	0.0000	6.8000
E	684.905	90.000	45.0814	4.4485	0.1622	0.1496	0.0000	6.8000
dPolE	684.905	90.000	62.7720	1.0000	0.0000	6.8000
uR	684.905	90.000	0.0110	1.0000	0.0000	6.8000
E	686.514	90.000	45.1350	4.0937	0.1632	0.1494	0.0000	6.8000
dPolE	686.514	90.000	60.9262	1.0000	0.0000	6.8000
uR	686.514	90.000	0.0111	1.0000	0.0000	6.8000
E	688.123	90.000	45.5920	4.2750	0.1605	0.1466	0.0000	6.8000
dPolE	688.123	90.000	63.5270	1.0000	0.0000	6.8000
uR	688.123	90.000	0.0111	1.0000	0.0000	6.8000
E	689.731	90.000	44.3535	4.0244	0.1641	0.1493	0.0000	6.8000
dPolE	689.731	90.000	58.0373	1.0000	0.0000	6.8000
uR	689.731	90.000	0.0114	1.0000	0.0000	6.8000
E	691.340	90.000	44.8490	4.7166	0.1609	0.1464	0.0000	6.8000
dPolE	691.340	90.000	64.9937	1.0000	0.0000	6.8000
uR	691.340	90.000	0.0113	1.0000	0.0000	6.8000
E	692.948	90.000	45.3747	4.0951	0.1723	0.1560	0.0000	6.8000
dPolE	692.948	90.000	61.3160	1.0000	0.0000	6.8000
uR	692.948	90.000	0.0115	1.0000	0.0000	6.8000
E	694.556	90.000	45.7266	4.4064	0.1753	0.1589	0.0000	6.8000
dPolE	694.556	90.000	63.9699	1.0000	0.0000	6.8000
uR	694.556	90.000	0.0115	1.0000	0.0000	6.8000
E	696.164	90.000	45.4253	4.2526	0.1755	0.1590	0.0000	6.8000
dPolE	696.164	90.000	64.2482	1.0000	0.0000	6.8000
uR	696.164	90.000	0.0117	1.0000	0.0000	6.8000
E	697.772	90.000	44.9692	3.7023	0.1822	0.1645	0.0000	6.8000
dPolE	697.772	90.000	66.1819	1.0000	0.0000	6.8000
uR	697.772	90.000	0.0114	1.0000	0.0000	6.8000
E	699.380	90.000	44.7123	4.6537	0.1782	0.1617	0.0000	6.8000
dPolE	699.380	90.000	69.0153	1.0000	0.0000	6.8000
uR	699.380	90.000	0.0112	1.0000	0.0000	6.8000
E	700.988	90.000	44.9410	4.2485	0.1789	0.1617	0.0000	6.8000
dPolE	700.988	90.000	66.5741	1.0000	0.0000	6.8000
uR	700.988	90.000	0.0114	1.0000	0.0000	6.8000
E	702.596	90.000	44.6520	4.0627	0.1840	0.1658	0.0000	6.8000
dPolE	702.596	90.000	70.2144	1.0000	0.0000	6.8000
uR	702.596	90.000	0.0109	1.0000	0.0000	6.8000
E	704.204	90.000	45.4194	3.5354	0.1868	0.1678	0.0000	6.8000
dPolE	704.204	90.000	69.0219	1.0000	0.0000	6.8000
uR	704.204	90.000	0.0108	1.0000	0.0000	6.8000
E	705.811	90.000	43.7908	4.3292	0.1908	0.1712	0.0000	6.8000
dPolE	705.811	90.000	72.8524	1.0000	0.0000	6.8000
uR	705.811	90.000	0.0108	1.0000	0.0000	6.8000
E	707.419	90.000	44.9657	4.4099	0.1963	0.1758	0.0000	6.8000
dPolE	707.419	90.000	69.7758	1.0000	0.0000	6.8000
uR	707.419	90.000	0.0110	1.0000	0.0000	6.8000
E	709.026	90.000	45.1319	4.4354	0.1900	0.1695	0.0000	6.8000
dPolE	709.026	90.000	65.9214	1.0000	0.0000	6.8000
uR	709.026	90.000	0.0110	1.0000	0.0000	6.8000
E	710.634	90.000	45.1433	4.1442	0.1891	0.1677	0.0000	6.8000
dPolE	710.634	90.000	67.0452	1.0000	0.0000	6.8000
uR	710.634	90.000	0.0114	1.0000	0.0000	6.8000
E	712.241	90.000	45.8613	3.9883	0.1850	0.1632	0.0000	6.8000
dPolE	712.241	90.000	64.4696	1.0000	0.0000	6.8000
uR	712.241	90.000	0.0125	1.0000	0.0000	6.8000
E	713.848	90.000	44.3956	3.8626	0.2164	0.1896	0.0000	6.8000
dPolE	713.848	90.000	69.8354	1.0000	0.0000	6.8000
uR	713.848	90.000	0.0120	1.0000	0.0000	6.8000
E	715.455	90.000	45.2185	4.7750	0.2293	0.2007	0.0000	6.8000
dPolE	715.455	90.000	74.0027	1.0000	0.0000	6.8000
uR	715.455	90.000	0.0100	1.0000	0.0000	6.8000
E	717.062	90.000	45.7057	3.8067	0.2064	0.1789	0.0000	6.8000
dPolE	717.062	90.000	75.1525	1.0000	0.0000	6.8000
uR	717.062	90.000	0.0092	1.0000	0.0000	6.8000
E	718.669	90.000	44.0995	4.3538	0.2012	0.1742	0.0000	6.8000
dPolE	718.669	90.000	71.6701	1.0000	0.0000	6.8000
uR	718.669	90.000	0.0099	1.0000	0.0000	6.8000
E	720.276	90.000	45.5082	3.6991	0.2042	0.1754	0.0000	6.8000
dPolE	720.276	90.000	70.0314	1.0000	0.0000	6.8000
uR	720.276	90.000	0.0112	1.0000	0.0000	6.8000
E	721.882	90.000	44.3902	3.6759	0.2002	0.1711	0.0000	6.8000
dPolE	721.882	90.000	71.3182	1.0000	0.0000	6.8000
uR	721.882	90.000	0.0115	1.0000	0.0000	6.8000
E	723.489	90.000	45.4759	3.5101	0.2219	0.1886	0.0000	6.8000
dPolE	723.489	90.000	67.5870	1.0000	0.0000	6.8000
uR	723.489	90.000	0.0112	1.0000	0.0000	6.8000
E	725.095	90.000	43.7310	3.5933	0.2247	0.1908	0.0000	6.8000
dPolE	725.095	90.000	72.5660	1.0000	0.0000	6.8000
uR	725.095	90.000	0.0108	1.0000	0.0000	6.8000
E	726.701	90.000	46.2273	4.2519	0.2160	0.1836	0.0000	6.8000
dPolE	726.701	90.000	69.6340	1.0000	0.0000	6.8000
uR	726.701	90.000	0.0108	1.0000	0.0000	6.8000
E	728.308	90.000	44.4429	3.8764	0.2084	0.1764	0.0000	6.8000
dPolE	728.308	90.000	72.8638	1.0000	0.0000	6.8000
uR	728.308	90.000	0.0103	1.0000	0.0000	6.8000
E	729.914	90.000	45.2692	4.4053	0.2064	0.1747	0.0000	6.8000
dPolE	729.914	90.000	67.8919	1.0000	0.0000	6.8000
uR	729.914	90.000	0.0106	1.0000	0.0000	6.8000
E	731.520	90.000	44.9237	3.7084	0.2049	0.1728	0.0000	6.8000
dPolE	731.520	90.000	67.3158	1.0000	0.0000	6.8000
uR	731.520	90.000	0.0106	1.0000	0.0000	6.8000
E	733.126	90.000	44.6970	4.2767	0.1957	0.1656	0.0000	6.8000
dPolE	733.126	90.000	65.3945	1.0000	0.0000	6.8000
uR	733.126	90.000	0.0109	1.0000	0.0000	6.8000
E	734.732	90.000	44.5522	3.9098	0.2048	0.1729	0.0000	6.8000
dPolE	734.732	90.000	61.3081	1.0000	0.0000	6.8000
uR	734.732	90.000	0.0115	1.0000	0.0000	6.8000
E	736.337	90.000	45.5281	3.8201	0.1934	0.1630	0.0000	6.8000
dPolE	736.337	90.000	68.0578	1.0000	0.0000	6.8000
uR	736.337	90.000	0.0112	1.0000	0.0000	6.8000
E	737.943	90.000	44.8057	3.4062	0.2051	0.1725	0.0000	6.8000
dPolE	737.943	90.000	67.4540	1.0000	0.0000	6.8000
uR	737.943	90.000	0.0112	1.0000	0.0000	6.8000
E	739.548	90.000	44.8652	3.4520	0.2159	0.1810	0.0000	6.8000
dPolE	739.548	90.000	64.4265	1.0000	0.0000	6.8000
uR	739.548	90.000	0.0111	1.0000	0.0000	6.8000
E	741.154	90.000	45.5652	4.2481	0.2050	0.1726	0.0000	6.8000
dPolE	741.154	90.000	64.5309	1.0000	0.0000	6.8000
uR	741.154	90.000	0.0112	1.0000	0.0000	6.8000
E	742.759	90.000	45.2968	3.6330	0.2087	0.1745	0.0000	6.8000
dPolE	742.759	90.000	63.6326	1.0000	0.0000	6.8000
uR	742.759	90.000	0.0113	1.0000	0.0000	6.8000
E	744.364	90.000	45.7403	3.5217	0.2059	0.1714	0.0000	6.8000
dPolE	744.364	90.000	60.7027	1.0000	0.0000	6.8000
uR	744.364	90.000	0.0118	1.0000	0.0000	6.8000
E	745.969	90.000	44.4489	3.7178	0.2240	0.1859	0.0000	6.8000
dPolE	745.969	90.000	69.5574	1.0000	0.0000	6.8000
uR	745.969	90.000	0.0110	1.0000	0.0000	6.8000
E	747.574	90.000	44.7503	4.3524	0.2231	0.1851	0.0000	6.8000
dPolE	747.574	90.000	70.0716	1.0000	0.0000	6.8000
uR	747.574	90.000	0.0104	1.0000	0.0000	6.8000
E	749.179	90.000	45.0535	3.3243	0.2188	0.1797	0.0000	6.8000
dPolE	749.179	90.000	69.8314	1.0000	0.0000	6.8000
uR	749.179	90.000	0.0108	1.0000	0.0000	6.8000
E	750.784	90.000	44.5591	2.9319	0.2290	0.1870	0.0000	6.8000
dPolE	750.784	90.000	63.6696	1.0000	0.0000	6.8000
uR	750.784	90.000	0.0112	1.0000	0.0000	6.8000
E	752.388	90.000	44.7855	2.8018	0.2325	0.1887	0.0000	6.8000
dPolE	752.388	90.000	69.9882	1.0000	0.0000	6.8000
uR	752.388	90.000	0.0107	1.0000	0.0000	6.8000
E	753.993	90.000	44.9122	3.5807	0.2350	0.1904	0.0000	6.8000
dPolE	753.993	90.000	65.6412	1.0000	0.0000	6.8000
uR	753.993	90.000	0.0118	1.0000	0.0000	6.8000
E	755.597	90.000	45.6993	3.1496	0.2321	0.1867	0.0000	6.8000
dPolE	755.597	90.000	65.1289	1.0000	0.0000	6.8000
uR	755.597	90.000	0.0115	1.0000	0.0000	6.8000
E	757.202	90.000	45.7246	3.6689	0.2214	0.1782	0.0000	6.8000
dPolE	757.202	90.000	65.3063	1.0000	0.0000	6.8000
uR	757.202	90.000	0.0117	1.0000	0.0000	6.8000
E	758.806	90.000	45.1285	3.8027	0.2251	0.1801	0.0000	6.8000
dPolE	758.806	90.000	66.6452	1.0000	0.0000	6.8000
uR	758.806	90.000	0.0114	1.0000	0.0000	6.8000
E	760.410	90.000	45.1132	3.1052	0.2230	0.1772	0.0000	6.8000
dPolE	760.410	90.000	64.5973	1.0000	0.0000	6.8000
uR	760.410	90.000	0.0112	1.0000	0.0000	6.8000
E	762.014	90.000	45.2092	3.5408	0.2018	0.1597	0.0000	6.8000
dPolE	762.014	90.000	63.7003	1.0000	0.0000	6.8000
uR	762.014	90.000	0.0113	1.0000	0.0000	6.8000
E	763.618	90.000	44.8940	3.4241	0.1896	0.1498	0.0000	6.8000
dPolE	763.618	90.000	46.4467	1.0000	0.0000	6.8000
uR	763.618	90.000	0.0127	1.0000	0.0000	6.8000
E	765.221	90.000	45.5037	3.6425	0.1685	0.1331	0.0000	6.8000
dPolE	765.221	90.000	47.4955	1.0000	0.0000	6.8000
uR	765.221	90.000	0.0124	1.0000	0.0000	6.8000
E	766.825	90.000	44.8801	3.5985	0.1765	0.1391	0.0000	6.8000
dPolE	766.825	90.000	45.3794	1.0000	0.0000	6.8000
uR	766.825	90.000	0.0122	1.0000	0.0000	6.8000
E	768.429	90.000	45.5286	3.4004	0.2038	0.1600	0.0000	6.8000
dPolE	768.429	90.000	57.5389	1.0000	0.0000	6.8000
uR	768.429	90.000	0.0117	1.0000	0.0000	6.8000
E	770.032	90.000	45.3572	3.6295	0.2239	0.1759	0.0000	6.8000
dPolE	770.032	90.000	67.5606	1.0000	0.0000	6.8000
uR	770.032	90.000	0.0117	1.0000	0.0000	6.8000
E	771.635	90.000	45.1895	3.1288	0.2524	0.1976	0.0000	6.8000
dPolE	771.635	90.000	61.9062	1.0000	0.0000	6.8000
uR	771.635	90.000	0.0126	1.0000	0.0000	6.8000
E	773.238	90.000	44.2504	3.5860	0.2681	0.2105	0.0000	6.8000
dPolE	773.238	90.000	72.2331	1.0000	0.0000	6.8000
uR	773.238	90.000	0.0113	1.0000	0.0000	6.8000
E	774.841	90.000	45.8628	2.3298	0.2755	0.2148	0.0000	6.8000
dPolE	774.841	90.000	68.8559	1.0000	0.0000	6.8000
uR	774.841	90.000	0.0118	1.0000	0.0000	6.8000
E	776.444	90.000	42.9063	3.0451	0.2645	0.2072	0.0000	6.8000
dPolE	776.444	90.000	76.8402	1.0000	0.0000	6.8000
uR	776.444	90.000	0.0111	1.0000	0.0000	6.8000
E	778.047	90.000	44.9375	3.4493	0.2774	0.2164	0.0000	6.8000
dPolE	778.047	90.000	77.6138	1.0000	0.0000	6.8000
uR	778.047	90.000	0.0105	1.0000	0.0000	6.8000
E	779.650	90.000	44.5929	3.2305	0.2733	0.2128	0.0000	6.8000
dPolE	779.650	90.000	79.9060	1.0000	0.0000	6.8000
uR	779.650	90.000	0.0101	1.0000	0.0000	6.8000
E	781.252	90.000	46.3678	3.6069	0.2822	0.2208	0.0000	6.8000
dPolE	781.252	90.000	78.1291	1.0000	0.0000	6.8000
uR	781.252	90.000	0.0103	1.0000	0.0000	6.8000
E	782.855	90.000	45.2937	3.2224	0.2632	0.2046	0.0000	6.8000
dPolE	782.855	90.000	77.6652	1.0000	0.0000	6.8000
uR	782.855	90.000	0.0118	1.0000	0.0000	6.8000
E	784.457	90.000	45.0149	3.7167	0.2732	0.2128	0.0000	6.8000
dPolE	784.457	90.000	74.6602	1.0000	0.0000	6.8000
uR	784.457	90.000	0.0120	1.0000	0.0000	6.8000
E	786.059	90.000	45.6649	3.5682	0.2646	0.2053	0.0000	6.8000
dPolE	786.059	90.000	76.4979	1.0000	0.0000	6.8000
uR	786.059	90.000	0.0113	1.0000	0.0000	6.8000
E	787.661	90.000	43.9998	2.8114	0.2747	0.2107	0.0000	6.8000
dPolE	787.661	90.000	71.3879	1.0000	0.0000	6.8000
uR	787.661	90.000	0.0116	1.0000	0.0000	6.8000
E	789.263	90.000	44.3014	2.5956	0.2367	0.1814	0.0000	6.8000
dPolE	789.263	90.000	74.1022	1.0000	0.0000	6.8000
uR	789.263	90.000	0.0109	1.0000	0.0000	6.8000
E	790.865	90.000	45.1189	3.2181	0.2564	0.1961	0.0000	6.8000
dPolE	790.865	90.000	69.8277	1.0000	0.0000	6.8000
uR	790.865	90.000	0.0108	1.0000	0.0000	6.8000
E	792.467	90.000	45.5964	3.1518	0.2771	0.2114	0.0000	6.8000
dPolE	792.467	90.000	69.8458	1.0000	0.0000	6.8000
uR	792.467	90.000	0.0104	1.0000	0.0000	6.8000
E	794.068	90.000	45.7757	2.6894	0.2715	0.2054	0.0000	6.8000
dPolE	794.068	90.000	76.0756	1.0000	0.0000	6.8000
uR	794.068	90.000	0.0104	1.0000	0.0000	6.8000
E	795.670	90.000	44.4864	2.5922	0.2566	0.1932	0.0000	6.8000
dPolE	795.670	90.000	74.1006	1.0000	0.0000	6.8000
uR	795.670	90.000	0.0110	1.0000	0.0000	6.8000
E	797.271	90.000	44.2908	1.9645	0.2446	0.1831	0.0000	6.8000
dPolE	797.271	90.000	69.4712	1.0000	0.0000	6.8000
uR	797.271	90.000	0.0122	1.0000	0.0000	6.8000
E	798.872	90.000	45.1223	3.0800	0.2483	0.1859	0.0000	6.8000
dPolE	798.872	90.000	62.0459	1.0000	0.0000	6.8000
uR	798.872	90.000	0.0126	1.0000	0.0000	6.8000
E	800.473	90.000	44.9549	3.2201	0.2674	0.1999	0.0000	6.8000
dPolE	800.473	90.000	68.4364	1.0000	0.0000	6.8000
uR	800.473	90.000	0.0120	1.0000	0.0000	6.8000
E	802.074	90.000	45.5874	2.4054	0.2882	0.2134	0.0000	6.8000
dPolE	802.074	90.000	67.7241	1.0000	0.0000	6.8000
uR	802.074	90.000	0.0119	1.0000	0.0000	6.8000
E	803.675	90.000	44.6529	3.3374	0.2811	0.2078	0.0000	6.8000
dPolE	803.675	90.000	73.7831	1.0000	0.0000	6.8000
uR	803.675	90.000	0.0118	1.0000	0.0000	6.8000
E	805.276	90.000	44.8427	2.6856	0.2848	0.2092	0.0000	6.8000
dPolE	805.276	90.000	71.2080	1.0000	0.0000	6.8000
uR	805.276	90.000	0.0119	1.0000	0.0000	6.8000
E	806.876	90.000	46.4220	2.8813	0.2685	0.1975	0.0000	6.8000
dPolE	806.876	90.000	74.7519	1.0000	0.0000	6.8000
uR	806.876	90.000	0.0107	1.0000	0.0000	6.8000
E	808.477	90.000	44.3649	2.2659	0.2805	0.2050	0.0000	6.8000
dPolE	808.477	90.000	71.4730	1.0000	0.0000	6.8000
uR	808.477	90.000	0.0114	1.0000	0.0000	6.8000
E	810.077	90.000	46.3821	2.4342	0.2742	0.2000	0.0000	6.8000
dPolE	810.077	90.000	70.5321	1.0000	0.0000	6.8000
uR	810.077	90.000	0.0115	1.0000	0.0000	6.8000
E	811.677	90.000	45.4899	2.4786	0.2624	0.1909	0.0000	6.8000
dPolE	811.677	90.000	68.1492	1.0000	0.0000	6.8000
uR	811.677	90.000	0.0125	1.0000	0.0000	6.8000
E	813.277	90.000	43.1809	2.2598	0.2794	0.2035	0.0000	6.8000
dPolE	813.277	90.000	70.9009	1.0000	0.0000	6.8000
uR	813.277	90.000	0.0116	1.0000	0.0000	6.8000
E	814.877	90.000	44.3968	2.8397	0.2682	0.1952	0.0000	6.8000
dPolE	814.877	90.000	70.8694	1.0000	0.0000	6.8000
uR	814.877	90.000	0.0108	1.0000	0.0000	6.8000
E	816.477	90.000	45.0303	3.1033	0.2625	0.1908	0.0000	6.8000
dPolE	816.477	90.000	64.4408	1.0000	0.0000	6.8000
uR	816.477	90.000	0.0112	1.0000	0.0000	6.8000
E	818.077	90.000	44.8381	3.2664	0.2315	0.1688	0.0000	6.8000
dPolE	818.077	90.000	58.2655	1.0000	0.0000	6.8000
uR	818.077	90.000	0.0109	1.0000	0.0000	6.8000
E	819.676	90.000	45.2553	2.5994	0.1689	0.1225	0.0000	6.8000
dPolE	819.676	90.000	42.2646	1.0000	0.0000	6.8000
uR	819.676	90.000	0.0106	1.0000	0.0000	6.8000
E	821.276	90.000	45.1001	2.7611	0.1104	0.0800	0.0000	6.8000
dPolE	821.276	90.000	19.7949	1.0000	0.0000	6.8000
uR	821.276	90.000	0.0108	1.0000	0.0000	6.8000
E	822.875	90.000	44.9878	2.6605	0.0751	0.0544	0.0000	6.8000
dPolE	822.875	90.000	14.9080	1.0000	0.0000	6.8000
uR	822.875	90.000	0.0123	1.0000	0.0000	6.8000
E	824.474	90.000	44.9700	2.7460	0.0640	0.0463	0.0000	6.8000
dPolE	824.474	90.000	12.2313	1.0000	0.0000	6.8000
uR	824.474	90.000	0.0129	1.0000	0.0000	6.8000
E	826.073	90.000	44.9198	2.6785	0.0727	0.0525	0.0000	6.8000
dPolE	826.073	90.000	13.4720	1.0000	0.0000	6.8000
uR	826.073	90.000	0.0122	1.0000	0.0000	6.8000
E	827.672	90.000	44.9252	2.7670	0.0872	0.0629	0.0000	6.8000
dPolE	827.672	90.000	17.8983	1.0000	0.0000	6.8000
uR	827.672	90.000	0.0119	1.0000	0.0000	6.8000
E	829.271	90.000	44.8681	2.6674	0.0992	0.0714	0.0000	6.8000
dPolE	829.271	90.000	21.7286	1.0000	0.0000	6.8000
uR	829.271	90.000	0.0124	1.0000	0.0000	6.8000
E	830.869	90.000	45.2394	2.7862	0.1221	0.0877	0.0000	6.8000
dPolE	830.869	90.000	27.4383	1.0000	0.0000	6.8000
uR	830.869	90.000	0.0117	1.0000	0.0000	6.8000
E	832.468	90.000	44.8003	2.8536	0.1479	0.1062	0.0000	6.8000
dPolE	832.468	90.000	42.5131	1.0000	0.0000	6.8000
uR	832.468	90.000	0.0113	1.0000	0.0000	6.8000
E	834.066	90.000	44.8626	2.4918	0.1391	0.0994	0.0000	6.8000
dPolE	834.066	90.000	38.9909	1.0000	0.0000	6.8000
uR	834.066	90.000	0.0115	1.0000	0.0000	6.8000
E	835.664	90.000	44.8342	2.6132	0.1450	0.1034	0.0000	6.8000
dPolE	835.664	90.000	38.8969	1.0000	0.0000	6.8000
uR	835.664	90.000	0.0117	1.0000	0.0000	6.8000
E	837.262	90.000	45.0287	2.6801	0.1626	0.1156	0.0000	6.8000
dPolE	837.262	90.000	42.2858	1.0000	0.0000	6.8000
uR	837.262	90.000	0.0120	1.0000	0.0000	6.8000
E	838.860	90.000	44.7200	2.4534	0.1911	0.1351	0.0000	6.8000
dPolE	838.860	90.000	50.4936	1.0000	0.0000	6.8000
uR	838.860	90.000	0.0118	1.0000	0.0000	6.8000
E	840.458	90.000	45.4999	2.5451	0.2017	0.1419	0.0000	6.8000
dPolE	840.458	90.000	55.4424	1.0000	0.0000	6.8000
uR	840.458	90.000	0.0127	1.0000	0.0000	6.8000
E	842.055	90.000	44.7013	2.2231	0.2055	0.1443	0.0000	6.8000
dPolE	842.055	90.000	58.4861	1.0000	0.0000	6.8000
uR	842.055	90.000	0.0134	1.0000	0.0000	6.8000
E	843.653	90.000	44.9672	2.5925	0.2306	0.1616	0.0000	6.8000
dPolE	843.653	90.000	59.6589	1.0000	0.0000	6.8000
uR	843.653	90.000	0.0127	1.0000	0.0000	6.8000
E	845.250	90.000	44.4802	2.0356	0.2753	0.1911	0.0000	6.8000
dPolE	845.250	90.000	72.8285	1.0000	0.0000	6.8000
uR	845.250	90.000	0.0122	1.0000	0.0000	6.8000
E	846.847	90.000	45.6019	1.6819	0.3484	0.2405	0.0000	6.8000
dPolE	846.847	90.000	80.3916	1.0000	0.0000	6.8000
uR	846.847	90.000	0.0102	1.0000	0.0000	6.8000
E	848.444	90.000	45.4825	2.2135	0.3544	0.2443	0.0000	6.8000
dPolE	848.444	90.000	84.1839	1.0000	0.0000	6.8000
uR	848.444	90.000	0.0103	1.0000	0.0000	6.8000
E	850.041	90.000	46.0680	3.2351	0.3575	0.2471	0.0000	6.8000
dPolE	850.041	90.000	85.4095	1.0000	0.0000	6.8000
uR	850.041	90.000	0.0111	1.0000	0.0000	6.8000
E	851.638	90.000	44.7686	3.7751	0.3667	0.2536	0.0000	6.8000
dPolE	851.638	90.000	87.2292	1.0000	0.0000	6.8000
uR	851.638	90.000	0.0103	1.0000	0.0000	6.8000
E	853.234	90.000	44.0834	2.1963	0.3856	0.2629	0.0000	6.8000
dPolE	853.234	90.000	81.8427	1.0000	0.0000	6.8000
uR	853.234	90.000	0.0119	1.0000	0.0000	6.8000
E	854.831	90.000	45.1705	4.4437	0.4119	0.2840	0.0000	6.8000
dPolE	854.831	90.000	82.8823	1.0000	0.0000	6.8000
uR	854.831	90.000	0.0106	1.0000	0.0000	6.8000
E	856.427	90.000	44.2880	3.0734	0.3611	0.2463	0.0000	6.8000
dPolE	856.427	90.000	83.4279	1.0000	0.0000	6.8000
uR	856.427	90.000	0.0107	1.0000	0.0000	6.8000
E	858.023	90.000	46.8939	2.6736	0.3814	0.2592	0.0000	6.8000
dPolE	858.023	90.000	78.5423	1.0000	0.0000	6.8000
uR	858.023	90.000	0.0111	1.0000	0.0000	6.8000
E	859.619	90.000	45.3446	2.8771	0.3690	0.2495	0.0000	6.8000
dPolE	859.619	90.000	80.1045	1.0000	0.0000	6.8000
uR	859.619	90.000	0.0104	1.0000	0.0000	6.8000
E	861.215	90.000	43.1268	4.1890	0.3825	0.2619	0.0000	6.8000
dPolE	861.215	90.000	80.7095	1.0000	0.0000	6.8000
uR	861.215	90.000	0.0106	1.0000	0.0000	6.8000
E	862.811	90.000	46.3603	2.6179	0.3889	0.2626	0.0000	6.8000
dPolE	862.811	90.000	75.1107	1.0000	0.0000	6.8000
uR	862.811	90.000	0.0110	1.0000	0.0000	6.8000
E	864.407	90.000	46.0771	2.1945	0.3367	0.2261	0.0000	6.8000
dPolE	864.407	90.000	78.6717	1.0000	0.0000	6.8000
uR	864.407	90.000	0.0106	1.0000	0.0000	6.8000
E	866.002	90.000	44.7103	3.3834	0.3462	0.2340	0.0000	6.8000
dPolE	866.002	90.000	77.6985	1.0000	0.0000	6.8000
uR	866.002	90.000	0.0107	1.0000	0.0000	6.8000
E	867.597	90.000	44.6070	2.6321	0.3384	0.2277	0.0000	6.8000
dPolE	867.597	90.000	71.8174	1.0000	0.0000	6.8000
uR	867.597	90.000	0.0109	1.0000	0.0000	6.8000
E	869.192	90.000	44.7021	2.4176	0.3333	0.2236	0.0000	6.8000
dPolE	869.192	90.000	72.1141	1.0000	0.0000	6.8000
uR	869.192	90.000	0.0105	1.0000	0.0000	6.8000
E	870.787	90.000	45.5745	2.1727	0.3028	0.2029	0.0000	6.8000
dPolE	870.787	90.000	67.2148	1.0000	0.0000	6.8000
uR	870.787	90.000	0.0111	1.0000	0.0000	6.8000
E	872.382	90.000	44.6514	3.0285	0.2974	0.1999	0.0000	6.8000
dPolE	872.382	90.000	59.9001	1.0000	0.0000	6.8000
uR	872.382	90.000	0.0116	1.0000	0.0000	6.8000
E	873.977	90.000	45.3013	2.3034	0.2738	0.1834	0.0000	6.8000
dPolE	873.977	90.000	58.8945	1.0000	0.0000	6.8000
uR	873.977	90.000	0.0110	1.0000	0.0000	6.8000
E	875.571	90.000	44.7713	2.5073	0.2450	0.1643	0.0000	6.8000
dPolE	875.571	90.000	57.9088	1.0000	0.0000	6.8000
uR	875.571	90.000	0.0108	1.0000	0.0000	6.8000
E	877.166	90.000	45.0251	2.2239	0.2032	0.1358	0.0000	6.8000
dPolE	877.166	90.000	45.5654	1.0000	0.0000	6.8000
uR	877.166	90.000	0.0112	1.0000	0.0000	6.8000
E	878.760	90.000	44.9715	2.0510	0.1535	0.1024	0.0000	6.8000
dPolE	878.760	90.000	26.5794	1.0000	0.0000	6.8000
uR	878.760	90.000	0.0109	1.0000	0.0000	6.8000
E	880.354	90.000	44.8480	2.2602	0.0981	0.0654	0.0000	6.8000
dPolE	880.354	90.000	17.9180	1.0000	0.0000	6.8000
uR	880.354	90.000	0.0115	1.0000	0.0000	6.8000
E	881.948	90.000	44.9122	2.2774	0.0809	0.0538	0.0000	6.8000
dPolE	881.948	90.000	12.0911	1.0000	0.0000	6.8000
uR	881.948	90.000	0.0125	1.0000	0.0000	6.8000
E	883.542	90.000	45.1099	2.1563	0.0730	0.0484	0.0000	6.8000
dPolE	883.542	90.000	10.8458	1.0000	0.0000	6.8000
uR	883.542	90.000	0.0130	1.0000	0.0000	6.8000
E	885.135	90.000	45.0401	2.3230	0.0858	0.0569	0.0000	6.8000
dPolE	885.135	90.000	14.9311	1.0000	0.0000	6.8000
uR	885.135	90.000	0.0120	1.0000	0.0000	6.8000
E	886.729	90.000	44.9350	2.2774	0.1163	0.0768	0.0000	6.8000
dPolE	886.729	90.000	25.7220	1.0000	0.0000	6.8000
uR	886.729	90.000	0.0111	1.0000	0.0000	6.8000
E	888.322	90.000	45.0328	2.1523	0.1539	0.1014	0.0000	6.8000
dPolE	888.322	90.000	35.9447	1.0000	0.0000	6.8000
uR	888.322	90.000	0.0111	1.0000	0.0000	6.8000
E	889.915	90.000	44.3880	2.0351	0.1772	0.1163	0.0000	6.8000
dPolE	889.915	90.000	43.4073	1.0000	0.0000	6.8000
uR	889.915	90.000	0.0108	1.0000	0.0000	6.8000
E	891.508	90.000	44.9838	2.6229	0.1904	0.1249	0.0000	6.8000
dPolE	891.508	90.000	40.8411	1.0000	0.0000	6.8000
uR	891.508	90.000	0.0110	1.0000	0.0000	6.8000
E	893.101	90.000	44.5950	2.1947	0.1641	0.1070	0.0000	6.8000
dPolE	893.101	90.000	38.6989	1.0000	0.0000	6.8000
uR	893.101	90.000	0.0109	1.0000	0.0000	6.8000
E	894.694	90.000	44.8371	2.2880	0.1461	0.0949	0.0000	6.8000
dPolE	894.694	90.000	30.5521	1.0000	0.0000	6.8000
uR	894.694	90.000	0.0119	1.0000	0.0000	6.8000
E	896.286	90.000	44.9913	2.1877	0.1403	0.0908	0.0000	6.8000
dPolE	896.286	90.000	30.3254	1.0000	0.0000	6.8000
uR	896.286	90.000	0.0116	1.0000	0.0000	6.8000
E	897.879	90.000	45.2880	2.3704	0.1542	0.0995	0.0000	6.8000
dPolE	897.879	90.000	29.8015	1.0000	0.0000	6.8000
uR	897.879	90.000	0.0113	1.0000	0.0000	6.8000
E	899.471	90.000	45.1851	2.1845	0.1647	0.1058	0.0000	6.8000
dPolE	899.471	90.000	38.5855	1.0000	0.0000	6.8000
uR	899.471	90.000	0.0112	1.0000	0.0000	6.8000
E	901.063	90.000	45.2784	2.0557	0.1897	0.1212	0.0000	6.8000
dPolE	901.063	90.000	39.1627	1.0000	0.0000	6.8000
uR	901.063	90.000	0.0110	1.0000	0.0000	6.8000
E	902.655	90.000	45.1032	2.2031	0.1691	0.1079	0.0000	6.8000
dPolE	902.655	90.000	35.4967	1.0000	0.0000	6.8000
uR	902.655	90.000	0.0115	1.0000	0.0000	6.8000
E	904.247	90.000	44.8490	2.2053	0.1415	0.0899	0.0000	6.8000
dPolE	904.247	90.000	29.4222	1.0000	0.0000	6.8000
uR	904.247	90.000	0.0128	1.0000	0.0000	6.8000
E	905.838	90.000	45.0189	1.9357	0.1386	0.0878	0.0000	6.8000
dPolE	905.838	90.000	28.9115	1.0000	0.0000	6.8000
uR	905.838	90.000	0.0126	1.0000	0.0000	6.8000
E	907.429	90.000	44.7764	2.2513	0.1682	0.1064	0.0000	6.8000
dPolE	907.429	90.000	34.6752	1.0000	0.0000	6.8000
uR	907.429	90.000	0.0118	1.0000	0.0000	6.8000
E	909.021	90.000	44.5318	2.1092	0.2018	0.1275	0.0000	6.8000
dPolE	909.021	90.000	45.6911	1.0000	0.0000	6.8000
uR	909.021	90.000	0.0110	1.0000	0.0000	6.8000
E	910.612	90.000	44.5469	1.6808	0.2389	0.1496	0.0000	6.8000
dPolE	910.612	90.000	46.9271	1.0000	0.0000	6.8000
uR	910.612	90.000	0.0110	1.0000	0.0000	6.8000
E	912.203	90.000	44.8114	2.0072	0.2116	0.1326	0.0000	6.8000
dPolE	912.203	90.000	39.4795	1.0000	0.0000	6.8000
uR	912.203	90.000	0.0116	1.0000	0.0000	6.8000
E	913.793	90.000	45.0147	2.1672	0.1620	0.1012	0.0000	6.8000
dPolE	913.793	90.000	30.7047	1.0000	0.0000	6.8000
uR	913.793	90.000	0.0121	1.0000	0.0000	6.8000
E	915.384	90.000	44.9234	2.2361	0.1287	0.0804	0.0000	6.8000
dPolE	915.384	90.000	25.4044	1.0000	0.0000	6.8000
uR	915.384	90.000	0.0125	1.0000	0.0000	6.8000
E	916.974	90.000	45.1372	2.1948	0.1219	0.0760	0.0000	6.8000
dPolE	916.974	90.000	20.9725	1.0000	0.0000	6.8000
uR	916.974	90.000	0.0125	1.0000	0.0000	6.8000
E	918.565	90.000	44.8983	2.1075	0.1270	0.0791	0.0000	6.8000
dPolE	918.565	90.000	23.4033	1.0000	0.0000	6.8000
uR	918.565	90.000	0.0120	1.0000	0.0000	6.8000
E	920.155	90.000	44.8803	1.9208	0.1644	0.1021	0.0000	6.8000
dPolE	920.155	90.000	34.6964	1.0000	0.0000	6.8000
uR	920.155	90.000	0.0111	1.0000	0.0000	6.8000
E	921.745	90.000	44.3813	2.2615	0.2075	0.1288	0.0000	6.8000
dPolE	921.745	90.000	46.1861	1.0000	0.0000	6.8000
uR	921.745	90.000	0.0109	1.0000	0.0000	6.8000
E	923.334	90.000	44.8102	2.2723	0.2373	0.1473	0.0000	6.8000
dPolE	923.334	90.000	45.6163	1.0000	0.0000	6.8000
uR	923.334	90.000	0.0116	1.0000	0.0000	6.8000
E	924.924	90.000	45.1022	2.1386	0.2843	0.1759	0.0000	6.8000
dPolE	924.924	90.000	51.2805	1.0000	0.0000	6.8000
uR	924.924	90.000	0.0117	1.0000	0.0000	6.8000
E	926.513	90.000	45.0451	2.2324	0.3134	0.1937	0.0000	6.8000
dPolE	926.513	90.000	59.8601	1.0000	0.0000	6.8000
uR	926.513	90.000	0.0122	1.0000	0.0000	6.8000
E	928.103	90.000	43.5577	2.3225	0.3615	0.2238	0.0000	6.8000
dPolE	928.103	90.000	65.6497	1.0000	0.0000	6.8000
uR	928.103	90.000	0.0113	1.0000	0.0000	6.8000
E	929.692	90.000	46.0351	2.3842	0.3369	0.2080	0.0000	6.8000
dPolE	929.692	90.000	75.3568	1.0000	0.0000	6.8000
uR	929.692	90.000	0.0105	1.0000	0.0000	6.8000
E	931.280	90.000	44.9238	1.4328	0.3711	0.2284	0.0000	6.8000
dPolE	931.280	90.000	66.4486	1.0000	0.0000	6.8000
uR	931.280	90.000	0.0120	1.0000	0.0000	6.8000
E	932.869	90.000	45.0467	2.2378	0.3602	0.2223	0.0000	6.8000
dPolE	932.869	90.000	72.6498	1.0000	0.0000	6.8000
uR	932.869	90.000	0.0106	1.0000	0.0000	6.8000
E	934.458	90.000	46.5923	1.6682	0.3572	0.2192	0.0000	6.8000
dPolE	934.458	90.000	73.4681	1.0000	0.0000	6.8000
uR	934.458	90.000	0.0108	1.0000	0.0000	6.8000
E	936.046	90.000	43.9685	2.4234	0.3314	0.2043	0.0000	6.8000
dPolE	936.046	90.000	69.4188	1.0000	0.0000	6.8000
uR	936.046	90.000	0.0117	1.0000	0.0000	6.8000
E	937.634	90.000	44.9311	1.9893	0.3336	0.2048	0.0000	6.8000
dPolE	937.634	90.000	64.3815	1.0000	0.0000	6.8000
uR	937.634	90.000	0.0115	1.0000	0.0000	6.8000
E	939.222	90.000	45.3453	1.3978	0.3246	0.1986	0.0000	6.8000
dPolE	939.222	90.000	61.6094	1.0000	0.0000	6.8000
uR	939.222	90.000	0.0125	1.0000	0.0000	6.8000
E	940.810	90.000	45.4083	2.2967	0.3337	0.2035	0.0000	6.8000
dPolE	940.810	90.000	60.9328	1.0000	0.0000	6.8000
uR	940.810	90.000	0.0126	1.0000	0.0000	6.8000
E	942.398	90.000	45.3395	1.9249	0.3429	0.2080	0.0000	6.8000
dPolE	942.398	90.000	68.3599	1.0000	0.0000	6.8000
uR	942.398	90.000	0.0115	1.0000	0.0000	6.8000
E	943.985	90.000	45.1016	2.0916	0.3760	0.2296	0.0000	6.8000
dPolE	943.985	90.000	65.2582	1.0000	0.0000	6.8000
uR	943.985	90.000	0.0117	1.0000	0.0000	6.8000
E	945.573	90.000	46.3523	2.3711	0.3544	0.2166	0.0000	6.8000
dPolE	945.573	90.000	75.8282	1.0000	0.0000	6.8000
uR	945.573	90.000	0.0106	1.0000	0.0000	6.8000
E	947.160	90.000	44.2902	2.3618	0.3827	0.2333	0.0000	6.8000
dPolE	947.160	90.000	69.9261	1.0000	0.0000	6.8000
uR	947.160	90.000	0.0106	1.0000	0.0000	6.8000
E	948.747	90.000	45.2476	1.0464	0.3648	0.2197	0.0000	6.8000
dPolE	948.747	90.000	69.0852	1.0000	0.0000	6.8000
uR	948.747	90.000	0.0113	1.0000	0.0000	6.8000
E	950.334	90.000	44.7468	2.1494	0.3468	0.2100	0.0000	6.8000
dPolE	950.334	90.000	62.8232	1.0000	0.0000	6.8000
uR	950.334	90.000	0.0125	1.0000	0.0000	6.8000
E	951.920	90.000	44.4859	2.1017	0.3548	0.2136	0.0000	6.8000
dPolE	951.920	90.000	66.5851	1.0000	0.0000	6.8000
uR	951.920	90.000	0.0113	1.0000	0.0000	6.8000
E	953.507	90.000	43.9458	2.1269	0.3718	0.2234	0.0000	6.8000
dPolE	953.507	90.000	70.0547	1.0000	0.0000	6.8000
uR	953.507	90.000	0.0110	1.0000	0.0000	6.8000
E	955.093	90.000	44.2685	2.2891	0.3919	0.2344	0.0000	6.8000
dPolE	955.093	90.000	71.1647	1.0000	0.0000	6.8000
uR	955.093	90.000	0.0107	1.0000	0.0000	6.8000
E	956.679	90.000	46.1960	2.2667	0.4158	0.2495	0.0000	6.8000
dPolE	956.679	90.000	75.1192	1.0000	0.0000	6.8000
uR	956.679	90.000	0.0105	1.0000	0.0000	6.8000
E	958.265	90.000	46.4221	1.3508	0.4402	0.2616	0.0000	6.8000
dPolE	958.265	90.000	80.5522	1.0000	0.0000	6.8000
uR	958.265	90.000	0.0101	1.0000	0.0000	6.8000
E	959.851	90.000	42.5777	1.0335	0.4708	0.2786	0.0000	6.8000
dPolE	959.851	90.000	85.8124	1.0000	0.0000	6.8000
uR	959.851	90.000	0.0093	1.0000	0.0000	6.8000
E	961.436	90.000	45.2372	1.1241	0.4545	0.2674	0.0000	6.8000
dPolE	961.436	90.000	87.0573	1.0000	0.0000	6.8000
uR	961.436	90.000	0.0094	1.0000	0.0000	6.8000
E	963.022	90.000	43.1926	1.6396	0.4671	0.2758	0.0000	6.8000
dPolE	963.022	90.000	82.7368	1.0000	0.0000	6.8000
uR	963.022	90.000	0.0110	1.0000	0.0000	6.8000
E	964.607	90.000	42.9630	1.6939	0.4628	0.2723	0.0000	6.8000
dPolE	964.607	90.000	82.1120	1.0000	0.0000	6.8000
uR	964.607	90.000	0.0103	1.0000	0.0000	6.8000
E	966.192	90.000	45.5938	2.7136	0.4617	0.2723	0.0000	6.8000
dPolE	966.192	90.000	78.0255	1.0000	0.0000	6.8000
uR	966.192	90.000	0.0110	1.0000	0.0000	6.8000
E	967.777	90.000	46.4580	2.9609	0.4125	0.2427	0.0000	6.8000
dPolE	967.777	90.000	74.8406	1.0000	0.0000	6.8000
uR	967.777	90.000	0.0109	1.0000	0.0000	6.8000
E	969.361	90.000	44.7320	2.3185	0.4139	0.2416	0.0000	6.8000
dPolE	969.361	90.000	69.8113	1.0000	0.0000	6.8000
uR	969.361	90.000	0.0112	1.0000	0.0000	6.8000
E	970.946	90.000	44.7041	2.3778	0.3971	0.2309	0.0000	6.8000
dPolE	970.946	90.000	69.6681	1.0000	0.0000	6.8000
uR	970.946	90.000	0.0107	1.0000	0.0000	6.8000
E	972.530	90.000	45.1354	1.9137	0.3444	0.1997	0.0000	6.8000
dPolE	972.530	90.000	66.7888	1.0000	0.0000	6.8000
uR	972.530	90.000	0.0111	1.0000	0.0000	6.8000
E	974.114	90.000	43.6634	1.7438	0.3460	0.2004	0.0000	6.8000
dPolE	974.114	90.000	59.7326	1.0000	0.0000	6.8000
uR	974.114	90.000	0.0112	1.0000	0.0000	6.8000
E	975.698	90.000	45.5619	1.8390	0.3072	0.1769	0.0000	6.8000
dPolE	975.698	90.000	52.0455	1.0000	0.0000	6.8000
uR	975.698	90.000	0.0109	1.0000	0.0000	6.8000
E	977.282	90.000	44.3433	1.8256	0.2697	0.1549	0.0000	6.8000
dPolE	977.282	90.000	44.4321	1.0000	0.0000	6.8000
uR	977.282	90.000	0.0116	1.0000	0.0000	6.8000
E	978.865	90.000	44.6225	1.8419	0.2364	0.1352	0.0000	6.8000
dPolE	978.865	90.000	26.7879	1.0000	0.0000	6.8000
uR	978.865	90.000	0.0123	1.0000	0.0000	6.8000
E	980.449	90.000	44.4818	1.8751	0.2295	0.1313	0.0000	6.8000
dPolE	980.449	90.000	29.9023	1.0000	0.0000	6.8000
uR	980.449	90.000	0.0124	1.0000	0.0000	6.8000
E	982.032	90.000	45.4755	1.9654	0.2257	0.1295	0.0000	6.8000
dPolE	982.032	90.000	40.0397	1.0000	0.0000	6.8000
uR	982.032	90.000	0.0123	1.0000	0.0000	6.8000
E	983.615	90.000	45.4014	2.1321	0.2890	0.1657	0.0000	6.8000
dPolE	983.615	90.000	39.7882	1.0000	0.0000	6.8000
uR	983.615	90.000	0.0113	1.0000	0.0000	6.8000
E	985.198	90.000	44.3554	1.7151	0.3357	0.1915	0.0000	6.8000
dPolE	985.198	90.000	51.1606	1.0000	0.0000	6.8000
uR	985.198	90.000	0.0115	1.0000	0.0000	6.8000
E	986.780	90.000	45.4347	1.9575	0.3360	0.1923	0.0000	6.8000
dPolE	986.780	90.000	51.2433	1.0000	0.0000	6.8000
uR	986.780	90.000	0.0113	1.0000	0.0000	6.8000
E	988.363	90.000	44.3544	2.3476	0.3122	0.1787	0.0000	6.8000
dPolE	988.363	90.000	57.4604	1.0000	0.0000	6.8000
uR	988.363	90.000	0.0110	1.0000	0.0000	6.8000
E	989.945	90.000	44.8424	1.7273	0.2832	0.1612	0.0000	6.8000
dPolE	989.945	90.000	38.6423	1.0000	0.0000	6.8000
uR	989.945	90.000	0.0122	1.0000	0.0000	6.8000
E	991.527	90.000	45.0357	1.8524	0.2485	0.1410	0.0000	6.8000
dPolE	991.527	90.000	36.8465	1.0000	0.0000	6.8000
uR	991.527	90.000	0.0133	1.0000	0.0000	6.8000
E	993.109	90.000	44.7413	1.8052	0.2481	0.1410	0.0000	6.8000
dPolE	993.109	90.000	34.5392	1.0000	0.0000	6.8000
uR	993.109	90.000	0.0121	1.0000	0.0000	6.8000
E	994.690	90.000	45.4202	1.6614	0.2595	0.1468	0.0000	6.8000
dPolE	994.690	90.000	31.3599	1.0000	0.0000	6.8000
uR	994.690	90.000	0.0120	1.0000	0.0000	6.8000
E	996.272	90.000	45.9503	2.0148	0.3113	0.1767	0.0000	6.8000
dPolE	996.272	90.000	35.2738	1.0000	0.0000	6.8000
uR	996.272	90.000	0.0123	1.0000	0.0000	6.8000
E	997.853	90.000	45.5233	2.1574	0.3491	0.1976	0.0000	6.8000
dPolE	997.853	90.000	45.0757	1.0000	0.0000	6.8000
uR	997.853	90.000	0.0120	1.0000	0.0000	6.8000
E	999.434	90.000	46.4732	2.1659	0.4125	0.2335	0.0000	6.8000
dPolE	999.434	90.000	63.6356	1.0000	0.0000	6.8000
uR	999.434	90.000	0.0110	1.0000	0.0000	6.8000
