
FM-removed
XY-Scan
nm
E	210.379	90.000	51.3784	172.7522	0.2622	0.5168	0.0000	6.8000
dPolE	210.379	90.000	99.9866	1.0000	0.0000	6.8000
uR	210.379	90.000	0.0219	1.0000	0.0000	6.8000
E	211.990	90.000	63.8798	19.6610	0.2543	0.6194	0.0000	6.8000
dPolE	211.990	90.000	99.9579	1.0000	0.0000	6.8000
uR	211.990	90.000	0.0150	1.0000	0.0000	6.8000
E	213.602	90.000	14.0157	262.2313	0.2331	1.0415	0.0000	6.8000
dPolE	213.602	90.000	99.9973	1.0000	0.0000	6.8000
uR	213.602	90.000	0.0072	1.0000	0.0000	6.8000
E	215.214	90.000	45.4873	153.9700	0.2303	0.4282	0.0000	6.8000
dPolE	215.214	90.000	99.9923	1.0000	0.0000	6.8000
uR	215.214	90.000	0.0104	1.0000	0.0000	6.8000
E	216.826	90.000	25.4415	355.6684	0.2688	0.6120	0.0000	6.8000
dPolE	216.826	90.000	99.9721	1.0000	0.0000	6.8000
uR	216.826	90.000	0.0088	1.0000	0.0000	6.8000
E	218.438	90.000	67.1146	215.4610	0.2711	0.7002	0.0000	6.8000
dPolE	218.438	90.000	99.9687	1.0000	0.0000	6.8000
uR	218.438	90.000	0.0055	1.0000	0.0000	6.8000
E	220.050	90.000	17.1127	343.2632	0.2582	0.7764	0.0000	6.8000
dPolE	220.050	90.000	99.8796	1.0000	0.0000	6.8000
uR	220.050	90.000	0.0087	1.0000	0.0000	6.8000
E	221.662	90.000	80.3831	245.4384	0.2141	1.4779	0.0000	6.8000
dPolE	221.662	90.000	99.9768	1.0000	0.0000	6.8000
uR	221.662	90.000	0.0074	1.0000	0.0000	6.8000
E	223.274	90.000	38.8561	300.7676	0.2630	0.5114	0.0000	6.8000
dPolE	223.274	90.000	99.9995	1.0000	0.0000	6.8000
uR	223.274	90.000	0.0020	1.0000	0.0000	6.8000
E	224.886	90.000	31.7938	244.5101	0.2719	0.6035	0.0000	6.8000
dPolE	224.886	90.000	99.9921	1.0000	0.0000	6.8000
uR	224.886	90.000	0.0018	1.0000	0.0000	6.8000
E	226.498	90.000	28.2062	290.3824	0.2759	0.6901	0.0000	6.8000
dPolE	226.498	90.000	99.9605	1.0000	0.0000	6.8000
uR	226.498	90.000	0.0036	1.0000	0.0000	6.8000
E	228.111	90.000	39.6058	11.2893	0.2514	0.3570	0.0000	6.8000
dPolE	228.111	90.000	99.9481	1.0000	0.0000	6.8000
uR	228.111	90.000	0.0037	1.0000	0.0000	6.8000
E	229.723	90.000	40.2745	304.2291	0.2912	0.5378	0.0000	6.8000
dPolE	229.723	90.000	99.9933	1.0000	0.0000	6.8000
uR	229.723	90.000	0.0021	1.0000	0.0000	6.8000
E	231.335	90.000	43.7486	238.7847	0.2815	0.5170	0.0000	6.8000
dPolE	231.335	90.000	99.9986	1.0000	0.0000	6.8000
uR	231.335	90.000	0.0021	1.0000	0.0000	6.8000
E	232.948	90.000	60.3165	187.8256	0.2726	0.3991	0.0000	6.8000
dPolE	232.948	90.000	99.9347	1.0000	0.0000	6.8000
uR	232.948	90.000	0.0022	1.0000	0.0000	6.8000
E	234.560	90.000	11.7270	181.3855	0.2784	0.8451	0.0000	6.8000
dPolE	234.560	90.000	99.9939	1.0000	0.0000	6.8000
uR	234.560	90.000	0.0017	1.0000	0.0000	6.8000
E	236.173	90.000	50.0251	80.7544	0.3035	0.6172	0.0000	6.8000
dPolE	236.173	90.000	99.9829	1.0000	0.0000	6.8000
uR	236.173	90.000	0.0018	1.0000	0.0000	6.8000
E	237.786	90.000	63.8929	22.5189	0.3061	0.5160	0.0000	6.8000
dPolE	237.786	90.000	99.9836	1.0000	0.0000	6.8000
uR	237.786	90.000	0.0010	1.0000	0.0000	6.8000
E	239.398	90.000	43.3969	247.7763	0.3038	0.5786	0.0000	6.8000
dPolE	239.398	90.000	99.9930	1.0000	0.0000	6.8000
uR	239.398	90.000	0.0018	1.0000	0.0000	6.8000
E	241.011	90.000	23.0075	349.0010	0.3104	0.4967	0.0000	6.8000
dPolE	241.011	90.000	99.9096	1.0000	0.0000	6.8000
uR	241.011	90.000	0.0016	1.0000	0.0000	6.8000
E	242.624	90.000	22.8448	184.3272	0.3070	0.4668	0.0000	6.8000
dPolE	242.624	90.000	99.9691	1.0000	0.0000	6.8000
uR	242.624	90.000	0.0014	1.0000	0.0000	6.8000
E	244.237	90.000	11.6796	91.5251	0.1942	1.5566	0.0000	6.8000
dPolE	244.237	90.000	99.9882	1.0000	0.0000	6.8000
uR	244.237	90.000	0.0008	1.0000	0.0000	6.8000
E	245.850	90.000	19.5128	216.3625	0.2813	0.7071	0.0000	6.8000
dPolE	245.850	90.000	99.9308	1.0000	0.0000	6.8000
uR	245.850	90.000	0.0014	1.0000	0.0000	6.8000
E	247.463	90.000	55.6344	223.6026	0.2879	0.4968	0.0000	6.8000
dPolE	247.463	90.000	99.9794	1.0000	0.0000	6.8000
uR	247.463	90.000	0.0007	1.0000	0.0000	6.8000
E	249.076	90.000	59.0830	357.5877	0.3170	0.3709	0.0000	6.8000
dPolE	249.076	90.000	99.9473	1.0000	0.0000	6.8000
uR	249.076	90.000	0.0009	1.0000	0.0000	6.8000
E	250.689	90.000	26.3938	349.1646	0.3179	0.4294	0.0000	6.8000
dPolE	250.689	90.000	99.9519	1.0000	0.0000	6.8000
uR	250.689	90.000	0.0014	1.0000	0.0000	6.8000
E	252.302	90.000	74.0070	200.2906	0.3194	0.7339	0.0000	6.8000
dPolE	252.302	90.000	99.9233	1.0000	0.0000	6.8000
uR	252.302	90.000	0.0009	1.0000	0.0000	6.8000
E	253.916	90.000	24.7140	155.4837	0.2782	0.4663	0.0000	6.8000
dPolE	253.916	90.000	99.9610	1.0000	0.0000	6.8000
uR	253.916	90.000	0.0007	1.0000	0.0000	6.8000
E	255.529	90.000	67.5054	327.9902	0.2901	0.5902	0.0000	6.8000
dPolE	255.529	90.000	99.9888	1.0000	0.0000	6.8000
uR	255.529	90.000	0.0004	1.0000	0.0000	6.8000
E	257.142	90.000	7.3426	313.8043	0.2490	1.9737	0.0000	6.8000
dPolE	257.142	90.000	99.9288	1.0000	0.0000	6.8000
uR	257.142	90.000	0.0010	1.0000	0.0000	6.8000
E	258.756	90.000	6.2523	220.5554	0.2521	2.1000	0.0000	6.8000
dPolE	258.756	90.000	99.9970	1.0000	0.0000	6.8000
uR	258.756	90.000	0.0012	1.0000	0.0000	6.8000
E	260.369	90.000	49.9322	262.0261	0.3145	0.6407	0.0000	6.8000
dPolE	260.369	90.000	99.9991	1.0000	0.0000	6.8000
uR	260.369	90.000	0.0007	1.0000	0.0000	6.8000
E	261.983	90.000	56.4250	352.4055	0.2942	0.3292	0.0000	6.8000
dPolE	261.983	90.000	99.9595	1.0000	0.0000	6.8000
uR	261.983	90.000	0.0012	1.0000	0.0000	6.8000
E	263.596	90.000	54.7869	131.7177	0.2904	0.5165	0.0000	6.8000
dPolE	263.596	90.000	99.9854	1.0000	0.0000	6.8000
uR	263.596	90.000	0.0005	1.0000	0.0000	6.8000
E	265.210	90.000	43.8701	182.3513	0.2986	0.3028	0.0000	6.8000
dPolE	265.210	90.000	99.9443	1.0000	0.0000	6.8000
uR	265.210	90.000	0.0008	1.0000	0.0000	6.8000
E	266.823	90.000	63.8751	325.6309	0.2754	0.5129	0.0000	6.8000
dPolE	266.823	90.000	99.9167	1.0000	0.0000	6.8000
uR	266.823	90.000	0.0009	1.0000	0.0000	6.8000
E	268.437	90.000	39.6666	356.9130	0.2979	0.3112	0.0000	6.8000
dPolE	268.437	90.000	99.9999	1.0000	0.0000	6.8000
uR	268.437	90.000	0.0010	1.0000	0.0000	6.8000
E	270.051	90.000	46.5625	11.8743	0.2630	0.2863	0.0000	6.8000
dPolE	270.051	90.000	99.9718	1.0000	0.0000	6.8000
uR	270.051	90.000	0.0006	1.0000	0.0000	6.8000
E	271.665	90.000	67.9029	20.1367	0.2774	0.4855	0.0000	6.8000
dPolE	271.665	90.000	99.9816	1.0000	0.0000	6.8000
uR	271.665	90.000	0.0006	1.0000	0.0000	6.8000
E	273.279	90.000	39.1752	332.1333	0.2802	0.3772	0.0000	6.8000
dPolE	273.279	90.000	99.9848	1.0000	0.0000	6.8000
uR	273.279	90.000	0.0005	1.0000	0.0000	6.8000
E	274.892	90.000	72.5734	279.2065	0.2111	1.0090	0.0000	6.8000
dPolE	274.892	90.000	99.9477	1.0000	0.0000	6.8000
uR	274.892	90.000	0.0008	1.0000	0.0000	6.8000
E	276.506	90.000	29.2602	149.3997	0.2522	0.4154	0.0000	6.8000
dPolE	276.506	90.000	99.9817	1.0000	0.0000	6.8000
uR	276.506	90.000	0.0009	1.0000	0.0000	6.8000
E	278.120	90.000	8.9845	134.1799	0.2151	1.3793	0.0000	6.8000
dPolE	278.120	90.000	99.9999	1.0000	0.0000	6.8000
uR	278.120	90.000	0.0008	1.0000	0.0000	6.8000
E	279.734	90.000	51.0457	166.5078	0.2606	0.3078	0.0000	6.8000
dPolE	279.734	90.000	99.9270	1.0000	0.0000	6.8000
uR	279.734	90.000	0.0007	1.0000	0.0000	6.8000
E	281.349	90.000	25.1100	290.1206	0.2238	0.6451	0.0000	6.8000
dPolE	281.349	90.000	99.9879	1.0000	0.0000	6.8000
uR	281.349	90.000	0.0008	1.0000	0.0000	6.8000
E	282.963	90.000	26.8588	0.9674	0.2593	0.3572	0.0000	6.8000
dPolE	282.963	90.000	99.9837	1.0000	0.0000	6.8000
uR	282.963	90.000	0.0004	1.0000	0.0000	6.8000
E	284.577	90.000	34.3115	54.9113	0.2385	0.4650	0.0000	6.8000
dPolE	284.577	90.000	99.9689	1.0000	0.0000	6.8000
uR	284.577	90.000	0.0005	1.0000	0.0000	6.8000
E	286.191	90.000	7.2434	149.0289	0.2173	1.3477	0.0000	6.8000
dPolE	286.191	90.000	99.9989	1.0000	0.0000	6.8000
uR	286.191	90.000	0.0007	1.0000	0.0000	6.8000
E	287.805	90.000	44.2768	95.2071	0.2452	0.4894	0.0000	6.8000
dPolE	287.805	90.000	99.9936	1.0000	0.0000	6.8000
uR	287.805	90.000	0.0003	1.0000	0.0000	6.8000
E	289.420	90.000	55.5670	19.7490	0.2342	0.3232	0.0000	6.8000
dPolE	289.420	90.000	99.9646	1.0000	0.0000	6.8000
uR	289.420	90.000	0.0005	1.0000	0.0000	6.8000
E	291.034	90.000	46.0815	207.5870	0.2323	0.3231	0.0000	6.8000
dPolE	291.034	90.000	99.9429	1.0000	0.0000	6.8000
uR	291.034	90.000	0.0006	1.0000	0.0000	6.8000
E	292.649	90.000	54.0232	45.7542	0.2089	0.3694	0.0000	6.8000
dPolE	292.649	90.000	99.9736	1.0000	0.0000	6.8000
uR	292.649	90.000	0.0005	1.0000	0.0000	6.8000
E	294.263	90.000	89.9900	270.8463	0.1392	1330.6329	0.0000	6.8000
dPolE	294.263	90.000	99.9824	1.0000	0.0000	6.8000
uR	294.263	90.000	0.0006	1.0000	0.0000	6.8000
E	295.877	90.000	55.1967	204.2966	0.2259	0.3348	0.0000	6.8000
dPolE	295.877	90.000	99.9809	1.0000	0.0000	6.8000
uR	295.877	90.000	0.0004	1.0000	0.0000	6.8000
E	297.492	90.000	56.7004	12.2747	0.2227	0.3098	0.0000	6.8000
dPolE	297.492	90.000	99.9089	1.0000	0.0000	6.8000
uR	297.492	90.000	0.0008	1.0000	0.0000	6.8000
E	299.107	90.000	75.4163	79.3796	0.1502	0.8236	0.0000	6.8000
dPolE	299.107	90.000	99.9786	1.0000	0.0000	6.8000
uR	299.107	90.000	0.0004	1.0000	0.0000	6.8000
E	300.721	90.000	33.6717	182.5746	0.2118	0.2904	0.0000	6.8000
dPolE	300.721	90.000	99.9496	1.0000	0.0000	6.8000
uR	300.721	90.000	0.0006	1.0000	0.0000	6.8000
E	302.336	90.000	51.1819	16.9811	0.2037	0.2826	0.0000	6.8000
dPolE	302.336	90.000	99.9643	1.0000	0.0000	6.8000
uR	302.336	90.000	0.0005	1.0000	0.0000	6.8000
E	303.950	90.000	41.6510	175.4291	0.1912	0.2501	0.0000	6.8000
dPolE	303.950	90.000	99.9879	1.0000	0.0000	6.8000
uR	303.950	90.000	0.0004	1.0000	0.0000	6.8000
E	305.565	90.000	46.9052	15.7863	0.2056	0.2837	0.0000	6.8000
dPolE	305.565	90.000	99.9635	1.0000	0.0000	6.8000
uR	305.565	90.000	0.0006	1.0000	0.0000	6.8000
E	307.180	90.000	42.7186	358.1302	0.1899	0.2529	0.0000	6.8000
dPolE	307.180	90.000	99.9993	1.0000	0.0000	6.8000
uR	307.180	90.000	0.0002	1.0000	0.0000	6.8000
E	308.795	90.000	85.5362	90.6052	0.1272	2.4053	0.0000	6.8000
dPolE	308.795	90.000	99.9703	1.0000	0.0000	6.8000
uR	308.795	90.000	0.0004	1.0000	0.0000	6.8000
E	310.410	90.000	45.2466	305.1521	0.1796	0.3259	0.0000	6.8000
dPolE	310.410	90.000	99.9920	1.0000	0.0000	6.8000
uR	310.410	90.000	0.0004	1.0000	0.0000	6.8000
E	312.024	90.000	48.9026	187.4377	0.1887	0.2644	0.0000	6.8000
dPolE	312.024	90.000	99.9919	1.0000	0.0000	6.8000
uR	312.024	90.000	0.0002	1.0000	0.0000	6.8000
E	313.639	90.000	8.3083	178.0194	0.1802	0.8781	0.0000	6.8000
dPolE	313.639	90.000	99.9414	1.0000	0.0000	6.8000
uR	313.639	90.000	0.0006	1.0000	0.0000	6.8000
E	315.254	90.000	45.2196	113.8231	0.1885	0.3613	0.0000	6.8000
dPolE	315.254	90.000	99.9975	1.0000	0.0000	6.8000
uR	315.254	90.000	0.0004	1.0000	0.0000	6.8000
E	316.869	90.000	71.9427	94.2314	0.1568	0.6438	0.0000	6.8000
dPolE	316.869	90.000	99.9568	1.0000	0.0000	6.8000
uR	316.869	90.000	0.0006	1.0000	0.0000	6.8000
E	318.484	90.000	64.0478	2.4281	0.1687	0.3088	0.0000	6.8000
dPolE	318.484	90.000	99.9736	1.0000	0.0000	6.8000
uR	318.484	90.000	0.0005	1.0000	0.0000	6.8000
E	320.099	90.000	47.6414	295.1240	0.1703	0.3280	0.0000	6.8000
dPolE	320.099	90.000	99.9993	1.0000	0.0000	6.8000
uR	320.099	90.000	0.0005	1.0000	0.0000	6.8000
E	321.714	90.000	25.4972	90.5841	0.1509	0.4287	0.0000	6.8000
dPolE	321.714	90.000	99.9943	1.0000	0.0000	6.8000
uR	321.714	90.000	0.0005	1.0000	0.0000	6.8000
E	323.330	90.000	67.9557	258.3406	0.1472	0.4753	0.0000	6.8000
dPolE	323.330	90.000	99.9938	1.0000	0.0000	6.8000
uR	323.330	90.000	0.0003	1.0000	0.0000	6.8000
E	324.945	90.000	55.6161	234.9652	0.1627	0.3296	0.0000	6.8000
dPolE	324.945	90.000	99.9904	1.0000	0.0000	6.8000
uR	324.945	90.000	0.0006	1.0000	0.0000	6.8000
E	326.560	90.000	36.4184	46.4936	0.1728	0.3274	0.0000	6.8000
dPolE	326.560	90.000	99.9937	1.0000	0.0000	6.8000
uR	326.560	90.000	0.0004	1.0000	0.0000	6.8000
E	328.175	90.000	45.5111	15.6776	0.1643	0.2590	0.0000	6.8000
dPolE	328.175	90.000	99.9999	1.0000	0.0000	6.8000
uR	328.175	90.000	0.0005	1.0000	0.0000	6.8000
E	329.790	90.000	73.8679	112.0451	0.1377	0.5769	0.0000	6.8000
dPolE	329.790	90.000	99.9913	1.0000	0.0000	6.8000
uR	329.790	90.000	0.0005	1.0000	0.0000	6.8000
E	331.406	90.000	72.8509	199.2637	0.1546	0.4536	0.0000	6.8000
dPolE	331.406	90.000	99.9645	1.0000	0.0000	6.8000
uR	331.406	90.000	0.0004	1.0000	0.0000	6.8000
E	333.021	90.000	52.9893	238.0674	0.1550	0.3086	0.0000	6.8000
dPolE	333.021	90.000	99.9902	1.0000	0.0000	6.8000
uR	333.021	90.000	0.0005	1.0000	0.0000	6.8000
E	334.636	90.000	73.0283	333.9905	0.1343	0.4150	0.0000	6.8000
dPolE	334.636	90.000	99.9912	1.0000	0.0000	6.8000
uR	334.636	90.000	0.0003	1.0000	0.0000	6.8000
E	336.251	90.000	65.2030	179.3469	0.1497	0.3176	0.0000	6.8000
dPolE	336.251	90.000	99.9940	1.0000	0.0000	6.8000
uR	336.251	90.000	0.0004	1.0000	0.0000	6.8000
E	337.867	90.000	39.7733	164.4600	0.1496	0.2542	0.0000	6.8000
dPolE	337.867	90.000	99.9994	1.0000	0.0000	6.8000
uR	337.867	90.000	0.0002	1.0000	0.0000	6.8000
E	339.482	90.000	13.5674	130.9672	0.1381	0.6080	0.0000	6.8000
dPolE	339.482	90.000	99.9895	1.0000	0.0000	6.8000
uR	339.482	90.000	0.0003	1.0000	0.0000	6.8000
E	341.098	90.000	44.8073	76.0201	0.1512	0.2997	0.0000	6.8000
dPolE	341.098	90.000	99.9959	1.0000	0.0000	6.8000
uR	341.098	90.000	0.0003	1.0000	0.0000	6.8000
E	342.713	90.000	34.7523	195.6814	0.1531	0.2779	0.0000	6.8000
dPolE	342.713	90.000	99.9616	1.0000	0.0000	6.8000
uR	342.713	90.000	0.0005	1.0000	0.0000	6.8000
E	344.329	90.000	62.9501	3.8721	0.1522	0.3194	0.0000	6.8000
dPolE	344.329	90.000	99.9795	1.0000	0.0000	6.8000
uR	344.329	90.000	0.0004	1.0000	0.0000	6.8000
E	345.944	90.000	76.5179	204.1791	0.1465	0.5801	0.0000	6.8000
dPolE	345.944	90.000	99.9978	1.0000	0.0000	6.8000
uR	345.944	90.000	0.0002	1.0000	0.0000	6.8000
E	347.560	90.000	46.6363	271.3239	0.1475	0.2956	0.0000	6.8000
dPolE	347.560	90.000	99.9999	1.0000	0.0000	6.8000
uR	347.560	90.000	0.0003	1.0000	0.0000	6.8000
E	349.175	90.000	17.3106	206.3360	0.1426	0.4548	0.0000	6.8000
dPolE	349.175	90.000	99.9976	1.0000	0.0000	6.8000
uR	349.175	90.000	0.0003	1.0000	0.0000	6.8000
E	350.791	90.000	36.2469	154.4920	0.1466	0.2772	0.0000	6.8000
dPolE	350.791	90.000	99.9939	1.0000	0.0000	6.8000
uR	350.791	90.000	0.0003	1.0000	0.0000	6.8000
E	352.406	90.000	22.2869	319.1176	0.1472	0.4021	0.0000	6.8000
dPolE	352.406	90.000	99.9979	1.0000	0.0000	6.8000
uR	352.406	90.000	0.0003	1.0000	0.0000	6.8000
E	354.022	90.000	46.9747	246.5070	0.1392	0.2743	0.0000	6.8000
dPolE	354.022	90.000	99.9826	1.0000	0.0000	6.8000
uR	354.022	90.000	0.0004	1.0000	0.0000	6.8000
E	355.638	90.000	72.1352	283.5338	0.1316	0.4812	0.0000	6.8000
dPolE	355.638	90.000	99.9999	1.0000	0.0000	6.8000
uR	355.638	90.000	0.0003	1.0000	0.0000	6.8000
E	357.253	90.000	25.0436	157.8826	0.1333	0.3196	0.0000	6.8000
dPolE	357.253	90.000	99.9887	1.0000	0.0000	6.8000
uR	357.253	90.000	0.0003	1.0000	0.0000	6.8000
E	358.869	90.000	25.6050	142.0044	0.1383	0.3398	0.0000	6.8000
dPolE	358.869	90.000	99.9977	1.0000	0.0000	6.8000
uR	358.869	90.000	0.0004	1.0000	0.0000	6.8000
E	360.485	90.000	26.7556	191.7285	0.1387	0.3164	0.0000	6.8000
dPolE	360.485	90.000	99.9830	1.0000	0.0000	6.8000
uR	360.485	90.000	0.0004	1.0000	0.0000	6.8000
E	362.100	90.000	47.3376	284.0485	0.1346	0.2688	0.0000	6.8000
dPolE	362.100	90.000	99.9880	1.0000	0.0000	6.8000
uR	362.100	90.000	0.0005	1.0000	0.0000	6.8000
E	363.716	90.000	51.9379	90.7851	0.1369	0.2835	0.0000	6.8000
dPolE	363.716	90.000	99.9751	1.0000	0.0000	6.8000
uR	363.716	90.000	0.0004	1.0000	0.0000	6.8000
E	365.332	90.000	11.4512	199.6934	0.1361	0.6533	0.0000	6.8000
dPolE	365.332	90.000	99.9999	1.0000	0.0000	6.8000
uR	365.332	90.000	0.0002	1.0000	0.0000	6.8000
E	366.948	90.000	9.1591	349.6606	0.1255	0.7412	0.0000	6.8000
dPolE	366.948	90.000	99.9999	1.0000	0.0000	6.8000
uR	366.948	90.000	0.0004	1.0000	0.0000	6.8000
E	368.563	90.000	39.4978	90.5426	0.1342	0.2741	0.0000	6.8000
dPolE	368.563	90.000	99.9999	1.0000	0.0000	6.8000
uR	368.563	90.000	0.0005	1.0000	0.0000	6.8000
E	370.179	90.000	75.2397	189.1995	0.1302	0.4857	0.0000	6.8000
dPolE	370.179	90.000	99.9818	1.0000	0.0000	6.8000
uR	370.179	90.000	0.0004	1.0000	0.0000	6.8000
E	371.795	90.000	19.9362	316.7456	0.1290	0.3941	0.0000	6.8000
dPolE	371.795	90.000	99.9905	1.0000	0.0000	6.8000
uR	371.795	90.000	0.0003	1.0000	0.0000	6.8000
E	373.411	90.000	35.1738	121.9864	0.1262	0.2642	0.0000	6.8000
dPolE	373.411	90.000	99.9956	1.0000	0.0000	6.8000
uR	373.411	90.000	0.0004	1.0000	0.0000	6.8000
E	375.027	90.000	40.1062	94.7589	0.1217	0.2473	0.0000	6.8000
dPolE	375.027	90.000	99.9933	1.0000	0.0000	6.8000
uR	375.027	90.000	0.0005	1.0000	0.0000	6.8000
E	376.643	90.000	40.2081	123.1324	0.1310	0.2614	0.0000	6.8000
dPolE	376.643	90.000	99.9957	1.0000	0.0000	6.8000
uR	376.643	90.000	0.0005	1.0000	0.0000	6.8000
E	378.258	90.000	43.3205	103.6369	0.1208	0.2412	0.0000	6.8000
dPolE	378.258	90.000	99.9987	1.0000	0.0000	6.8000
uR	378.258	90.000	0.0002	1.0000	0.0000	6.8000
E	379.874	90.000	56.4971	89.6485	0.1242	0.2725	0.0000	6.8000
dPolE	379.874	90.000	99.9969	1.0000	0.0000	6.8000
uR	379.874	90.000	0.0003	1.0000	0.0000	6.8000
E	381.490	90.000	43.4649	48.8830	0.1204	0.2353	0.0000	6.8000
dPolE	381.490	90.000	99.9907	1.0000	0.0000	6.8000
uR	381.490	90.000	0.0003	1.0000	0.0000	6.8000
E	383.106	90.000	18.5126	198.4935	0.1310	0.4166	0.0000	6.8000
dPolE	383.106	90.000	99.9990	1.0000	0.0000	6.8000
uR	383.106	90.000	0.0004	1.0000	0.0000	6.8000
E	384.722	90.000	44.8735	232.1611	0.1318	0.2587	0.0000	6.8000
dPolE	384.722	90.000	99.9991	1.0000	0.0000	6.8000
uR	384.722	90.000	0.0002	1.0000	0.0000	6.8000
E	386.338	90.000	72.8396	122.0007	0.1153	0.4140	0.0000	6.8000
dPolE	386.338	90.000	99.9937	1.0000	0.0000	6.8000
uR	386.338	90.000	0.0002	1.0000	0.0000	6.8000
E	387.954	90.000	52.4814	338.2916	0.1229	0.2410	0.0000	6.8000
dPolE	387.954	90.000	99.9976	1.0000	0.0000	6.8000
uR	387.954	90.000	0.0001	1.0000	0.0000	6.8000
E	389.570	90.000	13.5193	113.5232	0.1093	0.4961	0.0000	6.8000
dPolE	389.570	90.000	99.9984	1.0000	0.0000	6.8000
uR	389.570	90.000	0.0002	1.0000	0.0000	6.8000
E	391.186	90.000	52.2480	279.0641	0.1147	0.2375	0.0000	6.8000
dPolE	391.186	90.000	99.9990	1.0000	0.0000	6.8000
uR	391.186	90.000	0.0003	1.0000	0.0000	6.8000
E	392.802	90.000	26.1021	200.9591	0.1220	0.2967	0.0000	6.8000
dPolE	392.802	90.000	99.9993	1.0000	0.0000	6.8000
uR	392.802	90.000	0.0002	1.0000	0.0000	6.8000
E	394.418	90.000	41.9356	347.0780	0.1252	0.2400	0.0000	6.8000
dPolE	394.418	90.000	99.9910	1.0000	0.0000	6.8000
uR	394.418	90.000	0.0002	1.0000	0.0000	6.8000
E	396.034	90.000	43.1586	49.1762	0.1299	0.2540	0.0000	6.8000
dPolE	396.034	90.000	99.9983	1.0000	0.0000	6.8000
uR	396.034	90.000	0.0003	1.0000	0.0000	6.8000
E	397.650	90.000	60.4460	346.4339	0.1141	0.2506	0.0000	6.8000
dPolE	397.650	90.000	99.9902	1.0000	0.0000	6.8000
uR	397.650	90.000	0.0002	1.0000	0.0000	6.8000
E	399.266	90.000	46.2590	36.6285	0.1199	0.2308	0.0000	6.8000
dPolE	399.266	90.000	99.9902	1.0000	0.0000	6.8000
uR	399.266	90.000	0.0002	1.0000	0.0000	6.8000
E	400.882	90.000	49.5371	354.2644	0.1204	0.2309	0.0000	6.8000
dPolE	400.882	90.000	99.9904	1.0000	0.0000	6.8000
uR	400.882	90.000	0.0002	1.0000	0.0000	6.8000
E	402.498	90.000	51.1634	57.7851	0.1173	0.2372	0.0000	6.8000
dPolE	402.498	90.000	99.9916	1.0000	0.0000	6.8000
uR	402.498	90.000	0.0003	1.0000	0.0000	6.8000
E	404.114	90.000	31.1299	11.7530	0.1177	0.2527	0.0000	6.8000
dPolE	404.114	90.000	99.9840	1.0000	0.0000	6.8000
uR	404.114	90.000	0.0003	1.0000	0.0000	6.8000
E	405.730	90.000	32.0039	40.0763	0.1108	0.2389	0.0000	6.8000
dPolE	405.730	90.000	99.9454	1.0000	0.0000	6.8000
uR	405.730	90.000	0.0005	1.0000	0.0000	6.8000
E	407.346	90.000	41.5139	31.2715	0.1194	0.2290	0.0000	6.8000
dPolE	407.346	90.000	99.9429	1.0000	0.0000	6.8000
uR	407.346	90.000	0.0005	1.0000	0.0000	6.8000
E	408.962	90.000	43.8995	15.0662	0.1170	0.2192	0.0000	6.8000
dPolE	408.962	90.000	99.9344	1.0000	0.0000	6.8000
uR	408.962	90.000	0.0005	1.0000	0.0000	6.8000
E	410.578	90.000	44.7651	41.5559	0.1194	0.2304	0.0000	6.8000
dPolE	410.578	90.000	99.8145	1.0000	0.0000	6.8000
uR	410.578	90.000	0.0008	1.0000	0.0000	6.8000
E	412.194	90.000	51.5226	27.4922	0.1115	0.2187	0.0000	6.8000
dPolE	412.194	90.000	99.8005	1.0000	0.0000	6.8000
uR	412.194	90.000	0.0009	1.0000	0.0000	6.8000
E	413.810	90.000	48.0115	35.2590	0.1177	0.2274	0.0000	6.8000
dPolE	413.810	90.000	99.8362	1.0000	0.0000	6.8000
uR	413.810	90.000	0.0008	1.0000	0.0000	6.8000
E	415.426	90.000	49.4153	32.6089	0.1183	0.2282	0.0000	6.8000
dPolE	415.426	90.000	99.7432	1.0000	0.0000	6.8000
uR	415.426	90.000	0.0010	1.0000	0.0000	6.8000
E	417.042	90.000	46.7453	25.3273	0.1226	0.2301	0.0000	6.8000
dPolE	417.042	90.000	99.5950	1.0000	0.0000	6.8000
uR	417.042	90.000	0.0012	1.0000	0.0000	6.8000
E	418.658	90.000	46.0514	26.1428	0.1157	0.2162	0.0000	6.8000
dPolE	418.658	90.000	99.4408	1.0000	0.0000	6.8000
uR	418.658	90.000	0.0014	1.0000	0.0000	6.8000
E	420.274	90.000	43.7941	28.3634	0.1158	0.2171	0.0000	6.8000
dPolE	420.274	90.000	99.3907	1.0000	0.0000	6.8000
uR	420.274	90.000	0.0014	1.0000	0.0000	6.8000
E	421.890	90.000	47.4706	21.4474	0.1125	0.2109	0.0000	6.8000
dPolE	421.890	90.000	99.2090	1.0000	0.0000	6.8000
uR	421.890	90.000	0.0017	1.0000	0.0000	6.8000
E	423.506	90.000	46.1823	23.9880	0.1099	0.2063	0.0000	6.8000
dPolE	423.506	90.000	99.0211	1.0000	0.0000	6.8000
uR	423.506	90.000	0.0020	1.0000	0.0000	6.8000
E	425.122	90.000	47.7635	21.3211	0.1062	0.1989	0.0000	6.8000
dPolE	425.122	90.000	98.8297	1.0000	0.0000	6.8000
uR	425.122	90.000	0.0022	1.0000	0.0000	6.8000
E	426.738	90.000	46.3553	27.5026	0.1102	0.2057	0.0000	6.8000
dPolE	426.738	90.000	98.7354	1.0000	0.0000	6.8000
uR	426.738	90.000	0.0022	1.0000	0.0000	6.8000
E	428.355	90.000	44.3470	25.2053	0.1060	0.1951	0.0000	6.8000
dPolE	428.355	90.000	98.8089	1.0000	0.0000	6.8000
uR	428.355	90.000	0.0023	1.0000	0.0000	6.8000
E	429.971	90.000	45.2545	24.7030	0.1071	0.1958	0.0000	6.8000
dPolE	429.971	90.000	98.3674	1.0000	0.0000	6.8000
uR	429.971	90.000	0.0026	1.0000	0.0000	6.8000
E	431.587	90.000	43.6305	24.4581	0.1084	0.1984	0.0000	6.8000
dPolE	431.587	90.000	98.2246	1.0000	0.0000	6.8000
uR	431.587	90.000	0.0027	1.0000	0.0000	6.8000
E	433.203	90.000	45.4974	21.5981	0.1127	0.2058	0.0000	6.8000
dPolE	433.203	90.000	98.1017	1.0000	0.0000	6.8000
uR	433.203	90.000	0.0030	1.0000	0.0000	6.8000
E	434.819	90.000	47.1597	23.6733	0.1052	0.1938	0.0000	6.8000
dPolE	434.819	90.000	97.9940	1.0000	0.0000	6.8000
uR	434.819	90.000	0.0031	1.0000	0.0000	6.8000
E	436.435	90.000	45.4627	24.2134	0.1026	0.1881	0.0000	6.8000
dPolE	436.435	90.000	97.1474	1.0000	0.0000	6.8000
uR	436.435	90.000	0.0035	1.0000	0.0000	6.8000
E	438.051	90.000	45.3552	23.3310	0.1082	0.1965	0.0000	6.8000
dPolE	438.051	90.000	96.8569	1.0000	0.0000	6.8000
uR	438.051	90.000	0.0036	1.0000	0.0000	6.8000
E	439.667	90.000	45.6735	21.5973	0.1105	0.1982	0.0000	6.8000
dPolE	439.667	90.000	96.2615	1.0000	0.0000	6.8000
uR	439.667	90.000	0.0039	1.0000	0.0000	6.8000
E	441.283	90.000	45.8106	21.0992	0.1091	0.1941	0.0000	6.8000
dPolE	441.283	90.000	96.0470	1.0000	0.0000	6.8000
uR	441.283	90.000	0.0039	1.0000	0.0000	6.8000
E	442.899	90.000	45.4148	20.6381	0.1126	0.1993	0.0000	6.8000
dPolE	442.899	90.000	95.9374	1.0000	0.0000	6.8000
uR	442.899	90.000	0.0041	1.0000	0.0000	6.8000
E	444.515	90.000	44.0051	23.0266	0.1111	0.1978	0.0000	6.8000
dPolE	444.515	90.000	95.9612	1.0000	0.0000	6.8000
uR	444.515	90.000	0.0041	1.0000	0.0000	6.8000
E	446.131	90.000	45.9781	21.1154	0.1099	0.1955	0.0000	6.8000
dPolE	446.131	90.000	95.9259	1.0000	0.0000	6.8000
uR	446.131	90.000	0.0043	1.0000	0.0000	6.8000
E	447.747	90.000	45.6499	21.7756	0.1087	0.1937	0.0000	6.8000
dPolE	447.747	90.000	95.3870	1.0000	0.0000	6.8000
uR	447.747	90.000	0.0045	1.0000	0.0000	6.8000
E	449.363	90.000	44.3089	19.6010	0.1067	0.1886	0.0000	6.8000
dPolE	449.363	90.000	94.9828	1.0000	0.0000	6.8000
uR	449.363	90.000	0.0045	1.0000	0.0000	6.8000
E	450.979	90.000	45.0955	19.3036	0.1056	0.1847	0.0000	6.8000
dPolE	450.979	90.000	93.6475	1.0000	0.0000	6.8000
uR	450.979	90.000	0.0047	1.0000	0.0000	6.8000
E	452.594	90.000	44.1727	20.8705	0.1023	0.1779	0.0000	6.8000
dPolE	452.594	90.000	93.3308	1.0000	0.0000	6.8000
uR	452.594	90.000	0.0048	1.0000	0.0000	6.8000
E	454.210	90.000	44.3757	20.0813	0.1026	0.1764	0.0000	6.8000
dPolE	454.210	90.000	94.0347	1.0000	0.0000	6.8000
uR	454.210	90.000	0.0049	1.0000	0.0000	6.8000
E	455.826	90.000	45.2614	20.3868	0.1086	0.1862	0.0000	6.8000
dPolE	455.826	90.000	93.4684	1.0000	0.0000	6.8000
uR	455.826	90.000	0.0050	1.0000	0.0000	6.8000
E	457.442	90.000	45.1621	20.5160	0.1073	0.1842	0.0000	6.8000
dPolE	457.442	90.000	93.0853	1.0000	0.0000	6.8000
uR	457.442	90.000	0.0052	1.0000	0.0000	6.8000
E	459.058	90.000	44.0603	19.3876	0.1077	0.1849	0.0000	6.8000
dPolE	459.058	90.000	92.4331	1.0000	0.0000	6.8000
uR	459.058	90.000	0.0053	1.0000	0.0000	6.8000
E	460.674	90.000	45.8601	18.1021	0.1019	0.1747	0.0000	6.8000
dPolE	460.674	90.000	91.0316	1.0000	0.0000	6.8000
uR	460.674	90.000	0.0057	1.0000	0.0000	6.8000
E	462.290	90.000	45.0510	18.0041	0.0964	0.1645	0.0000	6.8000
dPolE	462.290	90.000	90.2993	1.0000	0.0000	6.8000
uR	462.290	90.000	0.0057	1.0000	0.0000	6.8000
E	463.906	90.000	45.1642	18.6629	0.1007	0.1707	0.0000	6.8000
dPolE	463.906	90.000	89.6182	1.0000	0.0000	6.8000
uR	463.906	90.000	0.0058	1.0000	0.0000	6.8000
E	465.521	90.000	44.5383	17.6795	0.0982	0.1644	0.0000	6.8000
dPolE	465.521	90.000	88.5684	1.0000	0.0000	6.8000
uR	465.521	90.000	0.0059	1.0000	0.0000	6.8000
E	467.137	90.000	44.7618	17.2553	0.0951	0.1573	0.0000	6.8000
dPolE	467.137	90.000	86.9485	1.0000	0.0000	6.8000
uR	467.137	90.000	0.0061	1.0000	0.0000	6.8000
E	468.753	90.000	44.6920	17.3174	0.0995	0.1637	0.0000	6.8000
dPolE	468.753	90.000	84.0400	1.0000	0.0000	6.8000
uR	468.753	90.000	0.0063	1.0000	0.0000	6.8000
E	470.369	90.000	44.7470	16.9299	0.0968	0.1588	0.0000	6.8000
dPolE	470.369	90.000	85.1040	1.0000	0.0000	6.8000
uR	470.369	90.000	0.0064	1.0000	0.0000	6.8000
E	471.985	90.000	44.5543	16.4057	0.0972	0.1594	0.0000	6.8000
dPolE	471.985	90.000	87.0317	1.0000	0.0000	6.8000
uR	471.985	90.000	0.0064	1.0000	0.0000	6.8000
E	473.600	90.000	44.5559	16.7766	0.1004	0.1653	0.0000	6.8000
dPolE	473.600	90.000	86.3921	1.0000	0.0000	6.8000
uR	473.600	90.000	0.0067	1.0000	0.0000	6.8000
E	475.216	90.000	45.0663	16.0609	0.1010	0.1658	0.0000	6.8000
dPolE	475.216	90.000	88.5455	1.0000	0.0000	6.8000
uR	475.216	90.000	0.0066	1.0000	0.0000	6.8000
E	476.832	90.000	45.0440	15.5349	0.1027	0.1676	0.0000	6.8000
dPolE	476.832	90.000	88.9067	1.0000	0.0000	6.8000
uR	476.832	90.000	0.0069	1.0000	0.0000	6.8000
E	478.448	90.000	45.4135	15.8535	0.1047	0.1696	0.0000	6.8000
dPolE	478.448	90.000	88.6613	1.0000	0.0000	6.8000
uR	478.448	90.000	0.0070	1.0000	0.0000	6.8000
E	480.063	90.000	44.0794	14.8876	0.1043	0.1670	0.0000	6.8000
dPolE	480.063	90.000	87.9010	1.0000	0.0000	6.8000
uR	480.063	90.000	0.0071	1.0000	0.0000	6.8000
E	481.679	90.000	45.0037	16.1116	0.0960	0.1522	0.0000	6.8000
dPolE	481.679	90.000	87.6710	1.0000	0.0000	6.8000
uR	481.679	90.000	0.0073	1.0000	0.0000	6.8000
E	483.294	90.000	45.0103	15.2402	0.1005	0.1580	0.0000	6.8000
dPolE	483.294	90.000	85.4625	1.0000	0.0000	6.8000
uR	483.294	90.000	0.0074	1.0000	0.0000	6.8000
E	484.910	90.000	44.8259	15.6634	0.0967	0.1516	0.0000	6.8000
dPolE	484.910	90.000	87.0380	1.0000	0.0000	6.8000
uR	484.910	90.000	0.0074	1.0000	0.0000	6.8000
E	486.526	90.000	44.9128	14.3695	0.0975	0.1525	0.0000	6.8000
dPolE	486.526	90.000	88.0337	1.0000	0.0000	6.8000
uR	486.526	90.000	0.0075	1.0000	0.0000	6.8000
E	488.141	90.000	44.6093	14.7717	0.1014	0.1591	0.0000	6.8000
dPolE	488.141	90.000	87.1890	1.0000	0.0000	6.8000
uR	488.141	90.000	0.0076	1.0000	0.0000	6.8000
E	489.757	90.000	45.3397	14.6569	0.1060	0.1664	0.0000	6.8000
dPolE	489.757	90.000	87.0834	1.0000	0.0000	6.8000
uR	489.757	90.000	0.0076	1.0000	0.0000	6.8000
E	491.372	90.000	44.9574	15.1145	0.0960	0.1504	0.0000	6.8000
dPolE	491.372	90.000	85.5399	1.0000	0.0000	6.8000
uR	491.372	90.000	0.0078	1.0000	0.0000	6.8000
E	492.988	90.000	44.8726	13.6928	0.1010	0.1567	0.0000	6.8000
dPolE	492.988	90.000	84.6498	1.0000	0.0000	6.8000
uR	492.988	90.000	0.0079	1.0000	0.0000	6.8000
E	494.603	90.000	44.8992	14.5607	0.1007	0.1554	0.0000	6.8000
dPolE	494.603	90.000	84.6795	1.0000	0.0000	6.8000
uR	494.603	90.000	0.0080	1.0000	0.0000	6.8000
E	496.219	90.000	44.6934	13.5011	0.1041	0.1584	0.0000	6.8000
dPolE	496.219	90.000	85.8462	1.0000	0.0000	6.8000
uR	496.219	90.000	0.0082	1.0000	0.0000	6.8000
E	497.834	90.000	44.6915	13.7809	0.1047	0.1579	0.0000	6.8000
dPolE	497.834	90.000	86.1504	1.0000	0.0000	6.8000
uR	497.834	90.000	0.0080	1.0000	0.0000	6.8000
E	499.450	90.000	45.3708	13.4417	0.1046	0.1565	0.0000	6.8000
dPolE	499.450	90.000	85.3625	1.0000	0.0000	6.8000
uR	499.450	90.000	0.0083	1.0000	0.0000	6.8000
E	501.065	90.000	44.7273	13.1396	0.1067	0.1590	0.0000	6.8000
dPolE	501.065	90.000	86.1107	1.0000	0.0000	6.8000
uR	501.065	90.000	0.0083	1.0000	0.0000	6.8000
E	502.680	90.000	44.8748	14.2294	0.1042	0.1558	0.0000	6.8000
dPolE	502.680	90.000	85.6860	1.0000	0.0000	6.8000
uR	502.680	90.000	0.0084	1.0000	0.0000	6.8000
E	504.296	90.000	45.4127	12.7330	0.0996	0.1485	0.0000	6.8000
dPolE	504.296	90.000	85.9318	1.0000	0.0000	6.8000
uR	504.296	90.000	0.0083	1.0000	0.0000	6.8000
E	505.911	90.000	45.2103	13.4625	0.1023	0.1529	0.0000	6.8000
dPolE	505.911	90.000	85.8027	1.0000	0.0000	6.8000
uR	505.911	90.000	0.0084	1.0000	0.0000	6.8000
E	507.526	90.000	45.3852	12.7773	0.1034	0.1540	0.0000	6.8000
dPolE	507.526	90.000	84.5850	1.0000	0.0000	6.8000
uR	507.526	90.000	0.0085	1.0000	0.0000	6.8000
E	509.141	90.000	44.4248	13.0288	0.1036	0.1536	0.0000	6.8000
dPolE	509.141	90.000	84.2055	1.0000	0.0000	6.8000
uR	509.141	90.000	0.0086	1.0000	0.0000	6.8000
E	510.756	90.000	45.0900	12.4721	0.1010	0.1484	0.0000	6.8000
dPolE	510.756	90.000	83.9970	1.0000	0.0000	6.8000
uR	510.756	90.000	0.0088	1.0000	0.0000	6.8000
E	512.372	90.000	44.9811	12.3456	0.1012	0.1471	0.0000	6.8000
dPolE	512.372	90.000	84.8331	1.0000	0.0000	6.8000
uR	512.372	90.000	0.0090	1.0000	0.0000	6.8000
E	513.987	90.000	45.3967	11.9692	0.1062	0.1526	0.0000	6.8000
dPolE	513.987	90.000	84.3187	1.0000	0.0000	6.8000
uR	513.987	90.000	0.0096	1.0000	0.0000	6.8000
E	515.602	90.000	44.6161	12.0563	0.1136	0.1620	0.0000	6.8000
dPolE	515.602	90.000	84.7372	1.0000	0.0000	6.8000
uR	515.602	90.000	0.0100	1.0000	0.0000	6.8000
E	517.217	90.000	45.2491	12.1533	0.1199	0.1703	0.0000	6.8000
dPolE	517.217	90.000	85.0754	1.0000	0.0000	6.8000
uR	517.217	90.000	0.0097	1.0000	0.0000	6.8000
E	518.832	90.000	45.1811	11.7217	0.1139	0.1611	0.0000	6.8000
dPolE	518.832	90.000	86.3132	1.0000	0.0000	6.8000
uR	518.832	90.000	0.0091	1.0000	0.0000	6.8000
E	520.447	90.000	44.7875	12.1108	0.1200	0.1698	0.0000	6.8000
dPolE	520.447	90.000	86.8377	1.0000	0.0000	6.8000
uR	520.447	90.000	0.0089	1.0000	0.0000	6.8000
E	522.062	90.000	44.4593	11.9971	0.1149	0.1628	0.0000	6.8000
dPolE	522.062	90.000	85.9088	1.0000	0.0000	6.8000
uR	522.062	90.000	0.0085	1.0000	0.0000	6.8000
E	523.677	90.000	44.8231	11.7994	0.1122	0.1589	0.0000	6.8000
dPolE	523.677	90.000	84.7732	1.0000	0.0000	6.8000
uR	523.677	90.000	0.0087	1.0000	0.0000	6.8000
E	525.292	90.000	44.9409	12.1686	0.1092	0.1545	0.0000	6.8000
dPolE	525.292	90.000	83.5061	1.0000	0.0000	6.8000
uR	525.292	90.000	0.0090	1.0000	0.0000	6.8000
E	526.907	90.000	45.0659	11.7126	0.1078	0.1516	0.0000	6.8000
dPolE	526.907	90.000	83.0840	1.0000	0.0000	6.8000
uR	526.907	90.000	0.0091	1.0000	0.0000	6.8000
E	528.521	90.000	45.0803	11.3010	0.1079	0.1505	0.0000	6.8000
dPolE	528.521	90.000	82.5245	1.0000	0.0000	6.8000
uR	528.521	90.000	0.0094	1.0000	0.0000	6.8000
E	530.136	90.000	44.6384	11.6035	0.1129	0.1562	0.0000	6.8000
dPolE	530.136	90.000	81.3271	1.0000	0.0000	6.8000
uR	530.136	90.000	0.0095	1.0000	0.0000	6.8000
E	531.751	90.000	44.2549	11.5529	0.1067	0.1463	0.0000	6.8000
dPolE	531.751	90.000	83.3131	1.0000	0.0000	6.8000
uR	531.751	90.000	0.0094	1.0000	0.0000	6.8000
E	533.366	90.000	44.6764	10.6710	0.1062	0.1438	0.0000	6.8000
dPolE	533.366	90.000	83.3892	1.0000	0.0000	6.8000
uR	533.366	90.000	0.0094	1.0000	0.0000	6.8000
E	534.980	90.000	45.1684	11.3652	0.1139	0.1537	0.0000	6.8000
dPolE	534.980	90.000	81.9543	1.0000	0.0000	6.8000
uR	534.980	90.000	0.0096	1.0000	0.0000	6.8000
E	536.595	90.000	44.5001	11.2435	0.1099	0.1478	0.0000	6.8000
dPolE	536.595	90.000	82.4092	1.0000	0.0000	6.8000
uR	536.595	90.000	0.0096	1.0000	0.0000	6.8000
E	538.210	90.000	44.8871	10.9738	0.1142	0.1531	0.0000	6.8000
dPolE	538.210	90.000	82.9250	1.0000	0.0000	6.8000
uR	538.210	90.000	0.0097	1.0000	0.0000	6.8000
E	539.824	90.000	45.0593	9.8258	0.1130	0.1508	0.0000	6.8000
dPolE	539.824	90.000	80.1813	1.0000	0.0000	6.8000
uR	539.824	90.000	0.0100	1.0000	0.0000	6.8000
E	541.439	90.000	44.4354	10.5861	0.1135	0.1523	0.0000	6.8000
dPolE	541.439	90.000	81.6671	1.0000	0.0000	6.8000
uR	541.439	90.000	0.0097	1.0000	0.0000	6.8000
E	543.053	90.000	44.4342	9.9305	0.1140	0.1524	0.0000	6.8000
dPolE	543.053	90.000	82.0245	1.0000	0.0000	6.8000
uR	543.053	90.000	0.0098	1.0000	0.0000	6.8000
E	544.668	90.000	45.0582	11.0689	0.1164	0.1560	0.0000	6.8000
dPolE	544.668	90.000	80.3258	1.0000	0.0000	6.8000
uR	544.668	90.000	0.0099	1.0000	0.0000	6.8000
E	546.282	90.000	44.7148	10.5097	0.1183	0.1575	0.0000	6.8000
dPolE	546.282	90.000	81.5339	1.0000	0.0000	6.8000
uR	546.282	90.000	0.0099	1.0000	0.0000	6.8000
E	547.896	90.000	44.5927	10.0564	0.1168	0.1541	0.0000	6.8000
dPolE	547.896	90.000	80.2569	1.0000	0.0000	6.8000
uR	547.896	90.000	0.0099	1.0000	0.0000	6.8000
E	549.511	90.000	44.9241	9.7806	0.1156	0.1511	0.0000	6.8000
dPolE	549.511	90.000	81.2685	1.0000	0.0000	6.8000
uR	549.511	90.000	0.0098	1.0000	0.0000	6.8000
E	551.125	90.000	44.4140	10.0183	0.1122	0.1454	0.0000	6.8000
dPolE	551.125	90.000	80.9475	1.0000	0.0000	6.8000
uR	551.125	90.000	0.0099	1.0000	0.0000	6.8000
E	552.739	90.000	45.4665	9.6891	0.1118	0.1434	0.0000	6.8000
dPolE	552.739	90.000	79.7327	1.0000	0.0000	6.8000
uR	552.739	90.000	0.0100	1.0000	0.0000	6.8000
E	554.353	90.000	44.7995	9.8722	0.1170	0.1493	0.0000	6.8000
dPolE	554.353	90.000	80.3624	1.0000	0.0000	6.8000
uR	554.353	90.000	0.0100	1.0000	0.0000	6.8000
E	555.968	90.000	44.8764	10.2742	0.1203	0.1531	0.0000	6.8000
dPolE	555.968	90.000	79.5768	1.0000	0.0000	6.8000
uR	555.968	90.000	0.0099	1.0000	0.0000	6.8000
E	557.582	90.000	44.7343	8.6207	0.1168	0.1472	0.0000	6.8000
dPolE	557.582	90.000	79.3292	1.0000	0.0000	6.8000
uR	557.582	90.000	0.0099	1.0000	0.0000	6.8000
E	559.196	90.000	44.6085	9.1293	0.1187	0.1498	0.0000	6.8000
dPolE	559.196	90.000	79.0993	1.0000	0.0000	6.8000
uR	559.196	90.000	0.0101	1.0000	0.0000	6.8000
E	560.810	90.000	44.0262	8.6570	0.1117	0.1408	0.0000	6.8000
dPolE	560.810	90.000	80.4797	1.0000	0.0000	6.8000
uR	560.810	90.000	0.0100	1.0000	0.0000	6.8000
E	562.424	90.000	44.8782	9.2354	0.1213	0.1532	0.0000	6.8000
dPolE	562.424	90.000	78.7380	1.0000	0.0000	6.8000
uR	562.424	90.000	0.0101	1.0000	0.0000	6.8000
E	564.038	90.000	44.8198	8.9489	0.1239	0.1563	0.0000	6.8000
dPolE	564.038	90.000	76.8097	1.0000	0.0000	6.8000
uR	564.038	90.000	0.0104	1.0000	0.0000	6.8000
E	565.651	90.000	44.8279	8.8530	0.1169	0.1470	0.0000	6.8000
dPolE	565.651	90.000	79.0017	1.0000	0.0000	6.8000
uR	565.651	90.000	0.0103	1.0000	0.0000	6.8000
E	567.265	90.000	44.9914	8.8106	0.1190	0.1491	0.0000	6.8000
dPolE	567.265	90.000	76.7429	1.0000	0.0000	6.8000
uR	567.265	90.000	0.0104	1.0000	0.0000	6.8000
E	568.879	90.000	45.2263	8.8036	0.1197	0.1489	0.0000	6.8000
dPolE	568.879	90.000	77.3272	1.0000	0.0000	6.8000
uR	568.879	90.000	0.0103	1.0000	0.0000	6.8000
E	570.493	90.000	44.7830	8.9258	0.1181	0.1459	0.0000	6.8000
dPolE	570.493	90.000	76.0800	1.0000	0.0000	6.8000
uR	570.493	90.000	0.0105	1.0000	0.0000	6.8000
E	572.106	90.000	45.2523	8.7239	0.1234	0.1511	0.0000	6.8000
dPolE	572.106	90.000	76.0856	1.0000	0.0000	6.8000
uR	572.106	90.000	0.0101	1.0000	0.0000	6.8000
E	573.720	90.000	45.5015	8.0575	0.1185	0.1435	0.0000	6.8000
dPolE	573.720	90.000	75.2478	1.0000	0.0000	6.8000
uR	573.720	90.000	0.0101	1.0000	0.0000	6.8000
E	575.333	90.000	44.9081	7.5839	0.1229	0.1473	0.0000	6.8000
dPolE	575.333	90.000	75.8477	1.0000	0.0000	6.8000
uR	575.333	90.000	0.0104	1.0000	0.0000	6.8000
E	576.947	90.000	45.0461	8.3437	0.1239	0.1482	0.0000	6.8000
dPolE	576.947	90.000	76.5047	1.0000	0.0000	6.8000
uR	576.947	90.000	0.0105	1.0000	0.0000	6.8000
E	578.560	90.000	45.3611	8.3867	0.1309	0.1561	0.0000	6.8000
dPolE	578.560	90.000	75.1890	1.0000	0.0000	6.8000
uR	578.560	90.000	0.0106	1.0000	0.0000	6.8000
E	580.174	90.000	45.2188	7.9462	0.1232	0.1462	0.0000	6.8000
dPolE	580.174	90.000	75.5266	1.0000	0.0000	6.8000
uR	580.174	90.000	0.0105	1.0000	0.0000	6.8000
E	581.787	90.000	44.7176	8.2977	0.1243	0.1476	0.0000	6.8000
dPolE	581.787	90.000	75.3130	1.0000	0.0000	6.8000
uR	581.787	90.000	0.0107	1.0000	0.0000	6.8000
E	583.400	90.000	44.9581	8.0775	0.1238	0.1467	0.0000	6.8000
dPolE	583.400	90.000	75.2328	1.0000	0.0000	6.8000
uR	583.400	90.000	0.0107	1.0000	0.0000	6.8000
E	585.014	90.000	45.0786	8.1297	0.1288	0.1529	0.0000	6.8000
dPolE	585.014	90.000	74.8734	1.0000	0.0000	6.8000
uR	585.014	90.000	0.0106	1.0000	0.0000	6.8000
E	586.627	90.000	45.1545	8.2229	0.1181	0.1402	0.0000	6.8000
dPolE	586.627	90.000	75.5178	1.0000	0.0000	6.8000
uR	586.627	90.000	0.0104	1.0000	0.0000	6.8000
E	588.240	90.000	44.5908	8.5407	0.1242	0.1472	0.0000	6.8000
dPolE	588.240	90.000	75.6939	1.0000	0.0000	6.8000
uR	588.240	90.000	0.0106	1.0000	0.0000	6.8000
E	589.853	90.000	44.3994	7.8532	0.1250	0.1474	0.0000	6.8000
dPolE	589.853	90.000	74.6434	1.0000	0.0000	6.8000
uR	589.853	90.000	0.0106	1.0000	0.0000	6.8000
E	591.466	90.000	44.9287	7.4770	0.1224	0.1431	0.0000	6.8000
dPolE	591.466	90.000	74.7034	1.0000	0.0000	6.8000
uR	591.466	90.000	0.0105	1.0000	0.0000	6.8000
E	593.079	90.000	44.7872	8.0241	0.1233	0.1438	0.0000	6.8000
dPolE	593.079	90.000	73.3543	1.0000	0.0000	6.8000
uR	593.079	90.000	0.0108	1.0000	0.0000	6.8000
E	594.692	90.000	44.3784	7.6069	0.1299	0.1499	0.0000	6.8000
dPolE	594.692	90.000	73.5771	1.0000	0.0000	6.8000
uR	594.692	90.000	0.0109	1.0000	0.0000	6.8000
E	596.305	90.000	45.3177	7.7789	0.1295	0.1484	0.0000	6.8000
dPolE	596.305	90.000	73.2800	1.0000	0.0000	6.8000
uR	596.305	90.000	0.0109	1.0000	0.0000	6.8000
E	597.918	90.000	44.9789	7.8485	0.1294	0.1473	0.0000	6.8000
dPolE	597.918	90.000	76.5958	1.0000	0.0000	6.8000
uR	597.918	90.000	0.0106	1.0000	0.0000	6.8000
E	599.530	90.000	45.0427	7.4057	0.1275	0.1439	0.0000	6.8000
dPolE	599.530	90.000	75.2178	1.0000	0.0000	6.8000
uR	599.530	90.000	0.0106	1.0000	0.0000	6.8000
E	601.143	90.000	45.1424	8.2312	0.1306	0.1474	0.0000	6.8000
dPolE	601.143	90.000	73.3734	1.0000	0.0000	6.8000
uR	601.143	90.000	0.0108	1.0000	0.0000	6.8000
E	602.755	90.000	44.5956	7.2679	0.1364	0.1525	0.0000	6.8000
dPolE	602.755	90.000	73.8858	1.0000	0.0000	6.8000
uR	602.755	90.000	0.0106	1.0000	0.0000	6.8000
E	604.368	90.000	44.7079	7.2023	0.1357	0.1512	0.0000	6.8000
dPolE	604.368	90.000	74.7043	1.0000	0.0000	6.8000
uR	604.368	90.000	0.0107	1.0000	0.0000	6.8000
E	605.981	90.000	44.7555	7.6181	0.1356	0.1514	0.0000	6.8000
dPolE	605.981	90.000	74.6852	1.0000	0.0000	6.8000
uR	605.981	90.000	0.0109	1.0000	0.0000	6.8000
E	607.593	90.000	44.7815	7.0291	0.1316	0.1466	0.0000	6.8000
dPolE	607.593	90.000	73.5303	1.0000	0.0000	6.8000
uR	607.593	90.000	0.0109	1.0000	0.0000	6.8000
E	609.205	90.000	44.8508	7.4162	0.1385	0.1545	0.0000	6.8000
dPolE	609.205	90.000	71.7715	1.0000	0.0000	6.8000
uR	609.205	90.000	0.0108	1.0000	0.0000	6.8000
E	610.818	90.000	45.2559	6.7204	0.1307	0.1452	0.0000	6.8000
dPolE	610.818	90.000	75.9964	1.0000	0.0000	6.8000
uR	610.818	90.000	0.0107	1.0000	0.0000	6.8000
E	612.430	90.000	44.9780	7.0845	0.1380	0.1533	0.0000	6.8000
dPolE	612.430	90.000	73.1552	1.0000	0.0000	6.8000
uR	612.430	90.000	0.0108	1.0000	0.0000	6.8000
E	614.042	90.000	44.5382	6.4876	0.1279	0.1414	0.0000	6.8000
dPolE	614.042	90.000	76.0074	1.0000	0.0000	6.8000
uR	614.042	90.000	0.0107	1.0000	0.0000	6.8000
E	615.654	90.000	45.2908	6.7756	0.1352	0.1490	0.0000	6.8000
dPolE	615.654	90.000	70.8396	1.0000	0.0000	6.8000
uR	615.654	90.000	0.0107	1.0000	0.0000	6.8000
E	617.266	90.000	45.1504	6.6868	0.1337	0.1464	0.0000	6.8000
dPolE	617.266	90.000	73.1575	1.0000	0.0000	6.8000
uR	617.266	90.000	0.0108	1.0000	0.0000	6.8000
E	618.878	90.000	45.3136	6.8977	0.1301	0.1418	0.0000	6.8000
dPolE	618.878	90.000	72.1337	1.0000	0.0000	6.8000
uR	618.878	90.000	0.0110	1.0000	0.0000	6.8000
E	620.490	90.000	44.8653	7.0534	0.1353	0.1466	0.0000	6.8000
dPolE	620.490	90.000	69.9933	1.0000	0.0000	6.8000
uR	620.490	90.000	0.0109	1.0000	0.0000	6.8000
E	622.102	90.000	44.9728	6.6800	0.1366	0.1466	0.0000	6.8000
dPolE	622.102	90.000	70.5957	1.0000	0.0000	6.8000
uR	622.102	90.000	0.0108	1.0000	0.0000	6.8000
E	623.714	90.000	45.0517	6.8010	0.1336	0.1425	0.0000	6.8000
dPolE	623.714	90.000	69.3189	1.0000	0.0000	6.8000
uR	623.714	90.000	0.0110	1.0000	0.0000	6.8000
E	625.325	90.000	44.9784	6.6724	0.1341	0.1420	0.0000	6.8000
dPolE	625.325	90.000	72.0338	1.0000	0.0000	6.8000
uR	625.325	90.000	0.0111	1.0000	0.0000	6.8000
E	626.937	90.000	44.9475	6.4663	0.1397	0.1471	0.0000	6.8000
dPolE	626.937	90.000	70.6798	1.0000	0.0000	6.8000
uR	626.937	90.000	0.0108	1.0000	0.0000	6.8000
E	628.548	90.000	44.9566	6.6226	0.1376	0.1444	0.0000	6.8000
dPolE	628.548	90.000	71.1268	1.0000	0.0000	6.8000
uR	628.548	90.000	0.0107	1.0000	0.0000	6.8000
E	630.160	90.000	44.5142	6.2487	0.1421	0.1484	0.0000	6.8000
dPolE	630.160	90.000	70.7550	1.0000	0.0000	6.8000
uR	630.160	90.000	0.0107	1.0000	0.0000	6.8000
E	631.771	90.000	44.6881	6.3368	0.1454	0.1519	0.0000	6.8000
dPolE	631.771	90.000	69.5315	1.0000	0.0000	6.8000
uR	631.771	90.000	0.0111	1.0000	0.0000	6.8000
E	633.383	90.000	44.5548	6.7590	0.1372	0.1435	0.0000	6.8000
dPolE	633.383	90.000	71.0756	1.0000	0.0000	6.8000
uR	633.383	90.000	0.0111	1.0000	0.0000	6.8000
E	634.994	90.000	44.7115	6.5008	0.1502	0.1568	0.0000	6.8000
dPolE	634.994	90.000	68.2226	1.0000	0.0000	6.8000
uR	634.994	90.000	0.0112	1.0000	0.0000	6.8000
E	636.605	90.000	44.7200	5.8861	0.1445	0.1504	0.0000	6.8000
dPolE	636.605	90.000	71.9783	1.0000	0.0000	6.8000
uR	636.605	90.000	0.0108	1.0000	0.0000	6.8000
E	638.216	90.000	44.9837	5.8117	0.1437	0.1495	0.0000	6.8000
dPolE	638.216	90.000	72.5298	1.0000	0.0000	6.8000
uR	638.216	90.000	0.0108	1.0000	0.0000	6.8000
E	639.827	90.000	44.6320	5.3970	0.1456	0.1508	0.0000	6.8000
dPolE	639.827	90.000	72.0381	1.0000	0.0000	6.8000
uR	639.827	90.000	0.0109	1.0000	0.0000	6.8000
E	641.438	90.000	44.1703	6.4239	0.1513	0.1571	0.0000	6.8000
dPolE	641.438	90.000	74.0615	1.0000	0.0000	6.8000
uR	641.438	90.000	0.0107	1.0000	0.0000	6.8000
E	643.049	90.000	44.9290	6.1438	0.1588	0.1641	0.0000	6.8000
dPolE	643.049	90.000	69.3656	1.0000	0.0000	6.8000
uR	643.049	90.000	0.0109	1.0000	0.0000	6.8000
E	644.660	90.000	44.8263	6.1123	0.1536	0.1579	0.0000	6.8000
dPolE	644.660	90.000	70.8588	1.0000	0.0000	6.8000
uR	644.660	90.000	0.0106	1.0000	0.0000	6.8000
E	646.271	90.000	45.2492	6.6185	0.1501	0.1538	0.0000	6.8000
dPolE	646.271	90.000	70.8346	1.0000	0.0000	6.8000
uR	646.271	90.000	0.0108	1.0000	0.0000	6.8000
E	647.881	90.000	44.6265	5.7994	0.1556	0.1578	0.0000	6.8000
dPolE	647.881	90.000	68.6118	1.0000	0.0000	6.8000
uR	647.881	90.000	0.0108	1.0000	0.0000	6.8000
E	649.492	90.000	44.2016	6.1432	0.1524	0.1538	0.0000	6.8000
dPolE	649.492	90.000	70.0155	1.0000	0.0000	6.8000
uR	649.492	90.000	0.0106	1.0000	0.0000	6.8000
E	651.103	90.000	45.0111	5.4686	0.1560	0.1557	0.0000	6.8000
dPolE	651.103	90.000	70.6177	1.0000	0.0000	6.8000
uR	651.103	90.000	0.0105	1.0000	0.0000	6.8000
E	652.713	90.000	45.3765	5.8923	0.1571	0.1563	0.0000	6.8000
dPolE	652.713	90.000	71.1521	1.0000	0.0000	6.8000
uR	652.713	90.000	0.0109	1.0000	0.0000	6.8000
E	654.323	90.000	44.7850	5.7786	0.1569	0.1550	0.0000	6.8000
dPolE	654.323	90.000	71.6443	1.0000	0.0000	6.8000
uR	654.323	90.000	0.0109	1.0000	0.0000	6.8000
E	655.934	90.000	45.4632	5.7075	0.1625	0.1600	0.0000	6.8000
dPolE	655.934	90.000	72.6234	1.0000	0.0000	6.8000
uR	655.934	90.000	0.0105	1.0000	0.0000	6.8000
E	657.544	90.000	45.4525	6.1016	0.1663	0.1634	0.0000	6.8000
dPolE	657.544	90.000	71.4366	1.0000	0.0000	6.8000
uR	657.544	90.000	0.0104	1.0000	0.0000	6.8000
E	659.154	90.000	45.3068	5.6282	0.1640	0.1605	0.0000	6.8000
dPolE	659.154	90.000	72.0437	1.0000	0.0000	6.8000
uR	659.154	90.000	0.0107	1.0000	0.0000	6.8000
E	660.764	90.000	44.6778	5.4305	0.1649	0.1609	0.0000	6.8000
dPolE	660.764	90.000	69.1319	1.0000	0.0000	6.8000
uR	660.764	90.000	0.0111	1.0000	0.0000	6.8000
E	662.374	90.000	45.3934	5.4649	0.1575	0.1537	0.0000	6.8000
dPolE	662.374	90.000	72.7250	1.0000	0.0000	6.8000
uR	662.374	90.000	0.0108	1.0000	0.0000	6.8000
E	663.984	90.000	45.0441	5.4647	0.1607	0.1565	0.0000	6.8000
dPolE	663.984	90.000	71.8575	1.0000	0.0000	6.8000
uR	663.984	90.000	0.0107	1.0000	0.0000	6.8000
E	665.594	90.000	45.2251	5.5973	0.1537	0.1499	0.0000	6.8000
dPolE	665.594	90.000	72.9743	1.0000	0.0000	6.8000
uR	665.594	90.000	0.0107	1.0000	0.0000	6.8000
E	667.204	90.000	44.1036	5.2003	0.1602	0.1560	0.0000	6.8000
dPolE	667.204	90.000	70.9015	1.0000	0.0000	6.8000
uR	667.204	90.000	0.0109	1.0000	0.0000	6.8000
E	668.813	90.000	44.9944	6.0122	0.1663	0.1623	0.0000	6.8000
dPolE	668.813	90.000	66.9461	1.0000	0.0000	6.8000
uR	668.813	90.000	0.0108	1.0000	0.0000	6.8000
E	670.423	90.000	45.2834	5.7679	0.1626	0.1580	0.0000	6.8000
dPolE	670.423	90.000	69.4347	1.0000	0.0000	6.8000
uR	670.423	90.000	0.0106	1.0000	0.0000	6.8000
E	672.032	90.000	44.7846	5.8675	0.1701	0.1650	0.0000	6.8000
dPolE	672.032	90.000	69.7321	1.0000	0.0000	6.8000
uR	672.032	90.000	0.0106	1.0000	0.0000	6.8000
E	673.642	90.000	44.7512	5.5787	0.1659	0.1603	0.0000	6.8000
dPolE	673.642	90.000	67.0591	1.0000	0.0000	6.8000
uR	673.642	90.000	0.0107	1.0000	0.0000	6.8000
E	675.251	90.000	45.6698	5.6303	0.1603	0.1543	0.0000	6.8000
dPolE	675.251	90.000	70.8911	1.0000	0.0000	6.8000
uR	675.251	90.000	0.0107	1.0000	0.0000	6.8000
E	676.860	90.000	45.1635	5.4991	0.1652	0.1580	0.0000	6.8000
dPolE	676.860	90.000	68.3417	1.0000	0.0000	6.8000
uR	676.860	90.000	0.0110	1.0000	0.0000	6.8000
E	678.469	90.000	45.0010	4.5907	0.1643	0.1554	0.0000	6.8000
dPolE	678.469	90.000	65.8350	1.0000	0.0000	6.8000
uR	678.469	90.000	0.0111	1.0000	0.0000	6.8000
E	680.079	90.000	44.9219	5.2041	0.1667	0.1573	0.0000	6.8000
dPolE	680.079	90.000	67.2789	1.0000	0.0000	6.8000
uR	680.079	90.000	0.0106	1.0000	0.0000	6.8000
E	681.688	90.000	45.0438	5.4372	0.1609	0.1510	0.0000	6.8000
dPolE	681.688	90.000	69.3371	1.0000	0.0000	6.8000
uR	681.688	90.000	0.0106	1.0000	0.0000	6.8000
E	683.296	90.000	44.8655	5.1251	0.1685	0.1569	0.0000	6.8000
dPolE	683.296	90.000	62.7065	1.0000	0.0000	6.8000
uR	683.296	90.000	0.0112	1.0000	0.0000	6.8000
E	684.905	90.000	45.2946	5.3001	0.1720	0.1594	0.0000	6.8000
dPolE	684.905	90.000	63.3958	1.0000	0.0000	6.8000
uR	684.905	90.000	0.0107	1.0000	0.0000	6.8000
E	686.514	90.000	44.8267	5.4815	0.1632	0.1506	0.0000	6.8000
dPolE	686.514	90.000	64.1098	1.0000	0.0000	6.8000
uR	686.514	90.000	0.0105	1.0000	0.0000	6.8000
E	688.123	90.000	44.6890	4.8466	0.1579	0.1447	0.0000	6.8000
dPolE	688.123	90.000	65.4763	1.0000	0.0000	6.8000
uR	688.123	90.000	0.0108	1.0000	0.0000	6.8000
E	689.731	90.000	44.7717	4.7039	0.1608	0.1468	0.0000	6.8000
dPolE	689.731	90.000	58.4829	1.0000	0.0000	6.8000
uR	689.731	90.000	0.0112	1.0000	0.0000	6.8000
E	691.340	90.000	44.9161	4.4685	0.1578	0.1434	0.0000	6.8000
dPolE	691.340	90.000	64.9413	1.0000	0.0000	6.8000
uR	691.340	90.000	0.0111	1.0000	0.0000	6.8000
E	692.948	90.000	45.6592	4.8461	0.1714	0.1558	0.0000	6.8000
dPolE	692.948	90.000	61.5938	1.0000	0.0000	6.8000
uR	692.948	90.000	0.0113	1.0000	0.0000	6.8000
E	694.556	90.000	45.4032	5.0040	0.1742	0.1584	0.0000	6.8000
dPolE	694.556	90.000	66.4399	1.0000	0.0000	6.8000
uR	694.556	90.000	0.0110	1.0000	0.0000	6.8000
E	696.164	90.000	44.3771	4.7834	0.1783	0.1620	0.0000	6.8000
dPolE	696.164	90.000	67.2769	1.0000	0.0000	6.8000
uR	696.164	90.000	0.0110	1.0000	0.0000	6.8000
E	697.772	90.000	44.6177	4.8149	0.1836	0.1667	0.0000	6.8000
dPolE	697.772	90.000	67.6953	1.0000	0.0000	6.8000
uR	697.772	90.000	0.0109	1.0000	0.0000	6.8000
E	699.380	90.000	44.8222	5.2741	0.1817	0.1655	0.0000	6.8000
dPolE	699.380	90.000	70.4838	1.0000	0.0000	6.8000
uR	699.380	90.000	0.0106	1.0000	0.0000	6.8000
E	700.988	90.000	45.0326	4.4774	0.1913	0.1731	0.0000	6.8000
dPolE	700.988	90.000	69.4019	1.0000	0.0000	6.8000
uR	700.988	90.000	0.0106	1.0000	0.0000	6.8000
E	702.596	90.000	45.0484	4.7804	0.1848	0.1672	0.0000	6.8000
dPolE	702.596	90.000	71.2798	1.0000	0.0000	6.8000
uR	702.596	90.000	0.0104	1.0000	0.0000	6.8000
E	704.204	90.000	45.5802	5.5101	0.1968	0.1787	0.0000	6.8000
dPolE	704.204	90.000	71.0278	1.0000	0.0000	6.8000
uR	704.204	90.000	0.0103	1.0000	0.0000	6.8000
E	705.811	90.000	44.6781	4.5628	0.1955	0.1755	0.0000	6.8000
dPolE	705.811	90.000	71.5346	1.0000	0.0000	6.8000
uR	705.811	90.000	0.0105	1.0000	0.0000	6.8000
E	707.419	90.000	45.1567	4.5027	0.1911	0.1713	0.0000	6.8000
dPolE	707.419	90.000	71.1073	1.0000	0.0000	6.8000
uR	707.419	90.000	0.0106	1.0000	0.0000	6.8000
E	709.026	90.000	44.7538	4.2493	0.1917	0.1709	0.0000	6.8000
dPolE	709.026	90.000	67.3332	1.0000	0.0000	6.8000
uR	709.026	90.000	0.0108	1.0000	0.0000	6.8000
E	710.634	90.000	44.7877	4.9155	0.1810	0.1613	0.0000	6.8000
dPolE	710.634	90.000	67.9219	1.0000	0.0000	6.8000
uR	710.634	90.000	0.0110	1.0000	0.0000	6.8000
E	712.241	90.000	44.6283	4.5682	0.1973	0.1746	0.0000	6.8000
dPolE	712.241	90.000	65.8436	1.0000	0.0000	6.8000
uR	712.241	90.000	0.0124	1.0000	0.0000	6.8000
E	713.848	90.000	44.5781	4.3201	0.2153	0.1891	0.0000	6.8000
dPolE	713.848	90.000	69.6614	1.0000	0.0000	6.8000
uR	713.848	90.000	0.0118	1.0000	0.0000	6.8000
E	715.455	90.000	45.6204	3.8805	0.2297	0.2001	0.0000	6.8000
dPolE	715.455	90.000	75.6291	1.0000	0.0000	6.8000
uR	715.455	90.000	0.0096	1.0000	0.0000	6.8000
E	717.062	90.000	45.5914	4.8631	0.2329	0.2031	0.0000	6.8000
dPolE	717.062	90.000	74.9556	1.0000	0.0000	6.8000
uR	717.062	90.000	0.0090	1.0000	0.0000	6.8000
E	718.669	90.000	44.8704	4.1919	0.2006	0.1735	0.0000	6.8000
dPolE	718.669	90.000	72.2386	1.0000	0.0000	6.8000
uR	718.669	90.000	0.0097	1.0000	0.0000	6.8000
E	720.276	90.000	45.0751	4.1238	0.1957	0.1685	0.0000	6.8000
dPolE	720.276	90.000	72.0397	1.0000	0.0000	6.8000
uR	720.276	90.000	0.0106	1.0000	0.0000	6.8000
E	721.882	90.000	45.1518	4.4150	0.2104	0.1805	0.0000	6.8000
dPolE	721.882	90.000	73.9265	1.0000	0.0000	6.8000
uR	721.882	90.000	0.0107	1.0000	0.0000	6.8000
E	723.489	90.000	45.4655	4.3303	0.2257	0.1927	0.0000	6.8000
dPolE	723.489	90.000	65.9878	1.0000	0.0000	6.8000
uR	723.489	90.000	0.0111	1.0000	0.0000	6.8000
E	725.095	90.000	44.7707	3.8851	0.2137	0.1816	0.0000	6.8000
dPolE	725.095	90.000	74.3979	1.0000	0.0000	6.8000
uR	725.095	90.000	0.0102	1.0000	0.0000	6.8000
E	726.701	90.000	45.4090	4.1692	0.2265	0.1922	0.0000	6.8000
dPolE	726.701	90.000	72.2691	1.0000	0.0000	6.8000
uR	726.701	90.000	0.0102	1.0000	0.0000	6.8000
E	728.308	90.000	44.8441	3.9343	0.2150	0.1820	0.0000	6.8000
dPolE	728.308	90.000	71.9951	1.0000	0.0000	6.8000
uR	728.308	90.000	0.0102	1.0000	0.0000	6.8000
E	729.914	90.000	44.4148	4.1752	0.2159	0.1825	0.0000	6.8000
dPolE	729.914	90.000	69.9833	1.0000	0.0000	6.8000
uR	729.914	90.000	0.0101	1.0000	0.0000	6.8000
E	731.520	90.000	45.1635	4.7416	0.2072	0.1758	0.0000	6.8000
dPolE	731.520	90.000	68.5262	1.0000	0.0000	6.8000
uR	731.520	90.000	0.0101	1.0000	0.0000	6.8000
E	733.126	90.000	43.9752	3.9663	0.1997	0.1688	0.0000	6.8000
dPolE	733.126	90.000	65.8811	1.0000	0.0000	6.8000
uR	733.126	90.000	0.0106	1.0000	0.0000	6.8000
E	734.732	90.000	45.1672	4.6774	0.2102	0.1782	0.0000	6.8000
dPolE	734.732	90.000	63.3586	1.0000	0.0000	6.8000
uR	734.732	90.000	0.0110	1.0000	0.0000	6.8000
E	736.337	90.000	45.3301	4.4026	0.1979	0.1674	0.0000	6.8000
dPolE	736.337	90.000	70.5895	1.0000	0.0000	6.8000
uR	736.337	90.000	0.0106	1.0000	0.0000	6.8000
E	737.943	90.000	44.4343	4.7159	0.2249	0.1906	0.0000	6.8000
dPolE	737.943	90.000	67.7029	1.0000	0.0000	6.8000
uR	737.943	90.000	0.0110	1.0000	0.0000	6.8000
E	739.548	90.000	45.2289	3.6789	0.2220	0.1862	0.0000	6.8000
dPolE	739.548	90.000	65.3957	1.0000	0.0000	6.8000
uR	739.548	90.000	0.0107	1.0000	0.0000	6.8000
E	741.154	90.000	44.7029	4.0775	0.2175	0.1829	0.0000	6.8000
dPolE	741.154	90.000	67.4566	1.0000	0.0000	6.8000
uR	741.154	90.000	0.0107	1.0000	0.0000	6.8000
E	742.759	90.000	44.9730	4.5725	0.2033	0.1709	0.0000	6.8000
dPolE	742.759	90.000	63.3819	1.0000	0.0000	6.8000
uR	742.759	90.000	0.0111	1.0000	0.0000	6.8000
E	744.364	90.000	46.4410	3.8426	0.2260	0.1886	0.0000	6.8000
dPolE	744.364	90.000	63.3362	1.0000	0.0000	6.8000
uR	744.364	90.000	0.0111	1.0000	0.0000	6.8000
E	745.969	90.000	44.2717	4.3184	0.2179	0.1815	0.0000	6.8000
dPolE	745.969	90.000	69.6263	1.0000	0.0000	6.8000
uR	745.969	90.000	0.0108	1.0000	0.0000	6.8000
E	747.574	90.000	45.7049	4.3025	0.2247	0.1865	0.0000	6.8000
dPolE	747.574	90.000	68.2006	1.0000	0.0000	6.8000
uR	747.574	90.000	0.0104	1.0000	0.0000	6.8000
E	749.179	90.000	45.6083	4.3792	0.2242	0.1853	0.0000	6.8000
dPolE	749.179	90.000	73.6310	1.0000	0.0000	6.8000
uR	749.179	90.000	0.0099	1.0000	0.0000	6.8000
E	750.784	90.000	44.8408	3.7857	0.2391	0.1960	0.0000	6.8000
dPolE	750.784	90.000	66.1159	1.0000	0.0000	6.8000
uR	750.784	90.000	0.0105	1.0000	0.0000	6.8000
E	752.388	90.000	44.8185	4.0591	0.2191	0.1789	0.0000	6.8000
dPolE	752.388	90.000	69.1882	1.0000	0.0000	6.8000
uR	752.388	90.000	0.0107	1.0000	0.0000	6.8000
E	753.993	90.000	44.5120	3.9499	0.2269	0.1843	0.0000	6.8000
dPolE	753.993	90.000	71.7739	1.0000	0.0000	6.8000
uR	753.993	90.000	0.0107	1.0000	0.0000	6.8000
E	755.597	90.000	44.1988	4.1607	0.2351	0.1903	0.0000	6.8000
dPolE	755.597	90.000	67.5252	1.0000	0.0000	6.8000
uR	755.597	90.000	0.0111	1.0000	0.0000	6.8000
E	757.202	90.000	45.4698	4.3757	0.2265	0.1832	0.0000	6.8000
dPolE	757.202	90.000	70.0249	1.0000	0.0000	6.8000
uR	757.202	90.000	0.0106	1.0000	0.0000	6.8000
E	758.806	90.000	44.5062	4.0122	0.2249	0.1803	0.0000	6.8000
dPolE	758.806	90.000	71.9746	1.0000	0.0000	6.8000
uR	758.806	90.000	0.0104	1.0000	0.0000	6.8000
E	760.410	90.000	45.3187	3.2460	0.2364	0.1880	0.0000	6.8000
dPolE	760.410	90.000	62.7832	1.0000	0.0000	6.8000
uR	760.410	90.000	0.0111	1.0000	0.0000	6.8000
E	762.014	90.000	45.4006	4.2132	0.1948	0.1549	0.0000	6.8000
dPolE	762.014	90.000	63.7894	1.0000	0.0000	6.8000
uR	762.014	90.000	0.0109	1.0000	0.0000	6.8000
E	763.618	90.000	44.4749	3.7718	0.1923	0.1523	0.0000	6.8000
dPolE	763.618	90.000	49.2387	1.0000	0.0000	6.8000
uR	763.618	90.000	0.0122	1.0000	0.0000	6.8000
E	765.221	90.000	44.7728	4.1463	0.1635	0.1295	0.0000	6.8000
dPolE	765.221	90.000	51.4344	1.0000	0.0000	6.8000
uR	765.221	90.000	0.0120	1.0000	0.0000	6.8000
E	766.825	90.000	45.4334	3.7269	0.1788	0.1410	0.0000	6.8000
dPolE	766.825	90.000	47.0221	1.0000	0.0000	6.8000
uR	766.825	90.000	0.0119	1.0000	0.0000	6.8000
E	768.429	90.000	44.3900	3.6756	0.2193	0.1725	0.0000	6.8000
dPolE	768.429	90.000	55.4862	1.0000	0.0000	6.8000
uR	768.429	90.000	0.0119	1.0000	0.0000	6.8000
E	770.032	90.000	44.5986	3.7279	0.2226	0.1750	0.0000	6.8000
dPolE	770.032	90.000	68.1096	1.0000	0.0000	6.8000
uR	770.032	90.000	0.0116	1.0000	0.0000	6.8000
E	771.635	90.000	45.0308	3.4900	0.2587	0.2029	0.0000	6.8000
dPolE	771.635	90.000	65.7763	1.0000	0.0000	6.8000
uR	771.635	90.000	0.0119	1.0000	0.0000	6.8000
E	773.238	90.000	45.1669	3.4373	0.2579	0.2022	0.0000	6.8000
dPolE	773.238	90.000	71.1758	1.0000	0.0000	6.8000
uR	773.238	90.000	0.0112	1.0000	0.0000	6.8000
E	774.841	90.000	44.2677	3.1929	0.2791	0.2185	0.0000	6.8000
dPolE	774.841	90.000	73.0898	1.0000	0.0000	6.8000
uR	774.841	90.000	0.0113	1.0000	0.0000	6.8000
E	776.444	90.000	44.6080	3.8984	0.2679	0.2103	0.0000	6.8000
dPolE	776.444	90.000	76.6310	1.0000	0.0000	6.8000
uR	776.444	90.000	0.0109	1.0000	0.0000	6.8000
E	778.047	90.000	43.4360	3.9460	0.2853	0.2236	0.0000	6.8000
dPolE	778.047	90.000	79.1351	1.0000	0.0000	6.8000
uR	778.047	90.000	0.0104	1.0000	0.0000	6.8000
E	779.650	90.000	45.2442	3.6863	0.2788	0.2177	0.0000	6.8000
dPolE	779.650	90.000	78.1416	1.0000	0.0000	6.8000
uR	779.650	90.000	0.0105	1.0000	0.0000	6.8000
E	781.252	90.000	45.0669	4.1681	0.2757	0.2163	0.0000	6.8000
dPolE	781.252	90.000	79.5089	1.0000	0.0000	6.8000
uR	781.252	90.000	0.0099	1.0000	0.0000	6.8000
E	782.855	90.000	46.0636	4.2689	0.2743	0.2148	0.0000	6.8000
dPolE	782.855	90.000	78.8779	1.0000	0.0000	6.8000
uR	782.855	90.000	0.0112	1.0000	0.0000	6.8000
E	784.457	90.000	45.0567	2.9590	0.2771	0.2149	0.0000	6.8000
dPolE	784.457	90.000	76.3988	1.0000	0.0000	6.8000
uR	784.457	90.000	0.0114	1.0000	0.0000	6.8000
E	786.059	90.000	43.7408	2.9358	0.2688	0.2079	0.0000	6.8000
dPolE	786.059	90.000	77.8576	1.0000	0.0000	6.8000
uR	786.059	90.000	0.0110	1.0000	0.0000	6.8000
E	787.661	90.000	44.2503	3.3057	0.2572	0.1978	0.0000	6.8000
dPolE	787.661	90.000	74.8190	1.0000	0.0000	6.8000
uR	787.661	90.000	0.0108	1.0000	0.0000	6.8000
E	789.263	90.000	45.6878	2.8650	0.2413	0.1851	0.0000	6.8000
dPolE	789.263	90.000	74.9656	1.0000	0.0000	6.8000
uR	789.263	90.000	0.0105	1.0000	0.0000	6.8000
E	790.865	90.000	44.1138	3.0804	0.2459	0.1880	0.0000	6.8000
dPolE	790.865	90.000	70.3729	1.0000	0.0000	6.8000
uR	790.865	90.000	0.0107	1.0000	0.0000	6.8000
E	792.467	90.000	45.5203	3.4768	0.2710	0.2071	0.0000	6.8000
dPolE	792.467	90.000	69.3266	1.0000	0.0000	6.8000
uR	792.467	90.000	0.0104	1.0000	0.0000	6.8000
E	794.068	90.000	45.1233	3.8910	0.2644	0.2013	0.0000	6.8000
dPolE	794.068	90.000	73.4706	1.0000	0.0000	6.8000
uR	794.068	90.000	0.0107	1.0000	0.0000	6.8000
E	795.670	90.000	43.9653	3.3235	0.2563	0.1938	0.0000	6.8000
dPolE	795.670	90.000	72.4048	1.0000	0.0000	6.8000
uR	795.670	90.000	0.0114	1.0000	0.0000	6.8000
E	797.271	90.000	45.3881	3.2533	0.2582	0.1945	0.0000	6.8000
dPolE	797.271	90.000	70.6909	1.0000	0.0000	6.8000
uR	797.271	90.000	0.0117	1.0000	0.0000	6.8000
E	798.872	90.000	45.8462	3.1694	0.2616	0.1961	0.0000	6.8000
dPolE	798.872	90.000	63.5202	1.0000	0.0000	6.8000
uR	798.872	90.000	0.0121	1.0000	0.0000	6.8000
E	800.473	90.000	44.8789	3.1467	0.2716	0.2030	0.0000	6.8000
dPolE	800.473	90.000	68.9040	1.0000	0.0000	6.8000
uR	800.473	90.000	0.0117	1.0000	0.0000	6.8000
E	802.074	90.000	45.2126	3.7471	0.2796	0.2086	0.0000	6.8000
dPolE	802.074	90.000	70.7637	1.0000	0.0000	6.8000
uR	802.074	90.000	0.0113	1.0000	0.0000	6.8000
E	803.675	90.000	45.3898	3.6614	0.2668	0.1977	0.0000	6.8000
dPolE	803.675	90.000	75.4720	1.0000	0.0000	6.8000
uR	803.675	90.000	0.0111	1.0000	0.0000	6.8000
E	805.276	90.000	46.0757	3.6693	0.2845	0.2104	0.0000	6.8000
dPolE	805.276	90.000	70.5006	1.0000	0.0000	6.8000
uR	805.276	90.000	0.0116	1.0000	0.0000	6.8000
E	806.876	90.000	44.6624	4.0321	0.2728	0.2020	0.0000	6.8000
dPolE	806.876	90.000	73.8245	1.0000	0.0000	6.8000
uR	806.876	90.000	0.0111	1.0000	0.0000	6.8000
E	808.477	90.000	45.3992	3.4713	0.2899	0.2133	0.0000	6.8000
dPolE	808.477	90.000	70.7356	1.0000	0.0000	6.8000
uR	808.477	90.000	0.0112	1.0000	0.0000	6.8000
E	810.077	90.000	45.8238	3.9572	0.2786	0.2051	0.0000	6.8000
dPolE	810.077	90.000	71.2506	1.0000	0.0000	6.8000
uR	810.077	90.000	0.0112	1.0000	0.0000	6.8000
E	811.677	90.000	45.0401	3.5043	0.2780	0.2034	0.0000	6.8000
dPolE	811.677	90.000	70.5726	1.0000	0.0000	6.8000
uR	811.677	90.000	0.0119	1.0000	0.0000	6.8000
E	813.277	90.000	45.5103	3.0289	0.2796	0.2041	0.0000	6.8000
dPolE	813.277	90.000	73.8851	1.0000	0.0000	6.8000
uR	813.277	90.000	0.0105	1.0000	0.0000	6.8000
E	814.877	90.000	45.3972	3.1597	0.2550	0.1859	0.0000	6.8000
dPolE	814.877	90.000	71.8717	1.0000	0.0000	6.8000
uR	814.877	90.000	0.0104	1.0000	0.0000	6.8000
E	816.477	90.000	44.8809	3.1018	0.2734	0.1988	0.0000	6.8000
dPolE	816.477	90.000	65.5280	1.0000	0.0000	6.8000
uR	816.477	90.000	0.0108	1.0000	0.0000	6.8000
E	818.077	90.000	45.5343	2.8296	0.2359	0.1716	0.0000	6.8000
dPolE	818.077	90.000	59.3784	1.0000	0.0000	6.8000
uR	818.077	90.000	0.0105	1.0000	0.0000	6.8000
E	819.676	90.000	45.0188	3.0551	0.1700	0.1236	0.0000	6.8000
dPolE	819.676	90.000	43.5258	1.0000	0.0000	6.8000
uR	819.676	90.000	0.0103	1.0000	0.0000	6.8000
E	821.276	90.000	44.8999	3.2298	0.1103	0.0802	0.0000	6.8000
dPolE	821.276	90.000	21.8431	1.0000	0.0000	6.8000
uR	821.276	90.000	0.0105	1.0000	0.0000	6.8000
E	822.875	90.000	44.9562	3.1494	0.0747	0.0542	0.0000	6.8000
dPolE	822.875	90.000	14.8567	1.0000	0.0000	6.8000
uR	822.875	90.000	0.0121	1.0000	0.0000	6.8000
E	824.474	90.000	44.8986	2.9812	0.0679	0.0492	0.0000	6.8000
dPolE	824.474	90.000	12.7591	1.0000	0.0000	6.8000
uR	824.474	90.000	0.0126	1.0000	0.0000	6.8000
E	826.073	90.000	45.0247	3.0777	0.0718	0.0520	0.0000	6.8000
dPolE	826.073	90.000	13.4311	1.0000	0.0000	6.8000
uR	826.073	90.000	0.0119	1.0000	0.0000	6.8000
E	827.672	90.000	44.6936	3.1133	0.0886	0.0641	0.0000	6.8000
dPolE	827.672	90.000	21.5230	1.0000	0.0000	6.8000
uR	827.672	90.000	0.0114	1.0000	0.0000	6.8000
E	829.271	90.000	44.9100	3.0706	0.0968	0.0699	0.0000	6.8000
dPolE	829.271	90.000	21.7186	1.0000	0.0000	6.8000
uR	829.271	90.000	0.0121	1.0000	0.0000	6.8000
E	830.869	90.000	44.6025	3.1260	0.1242	0.0894	0.0000	6.8000
dPolE	830.869	90.000	31.9456	1.0000	0.0000	6.8000
uR	830.869	90.000	0.0113	1.0000	0.0000	6.8000
E	832.468	90.000	44.8050	3.4703	0.1444	0.1041	0.0000	6.8000
dPolE	832.468	90.000	43.2202	1.0000	0.0000	6.8000
uR	832.468	90.000	0.0109	1.0000	0.0000	6.8000
E	834.066	90.000	44.9031	3.0960	0.1468	0.1052	0.0000	6.8000
dPolE	834.066	90.000	39.1277	1.0000	0.0000	6.8000
uR	834.066	90.000	0.0111	1.0000	0.0000	6.8000
E	835.664	90.000	44.8739	3.1600	0.1530	0.1094	0.0000	6.8000
dPolE	835.664	90.000	39.5725	1.0000	0.0000	6.8000
uR	835.664	90.000	0.0113	1.0000	0.0000	6.8000
E	837.262	90.000	44.3918	3.0969	0.1648	0.1174	0.0000	6.8000
dPolE	837.262	90.000	45.2913	1.0000	0.0000	6.8000
uR	837.262	90.000	0.0116	1.0000	0.0000	6.8000
E	838.860	90.000	44.8704	3.2008	0.1968	0.1397	0.0000	6.8000
dPolE	838.860	90.000	50.6832	1.0000	0.0000	6.8000
uR	838.860	90.000	0.0115	1.0000	0.0000	6.8000
E	840.458	90.000	44.7340	3.1246	0.1906	0.1346	0.0000	6.8000
dPolE	840.458	90.000	57.0871	1.0000	0.0000	6.8000
uR	840.458	90.000	0.0124	1.0000	0.0000	6.8000
E	842.055	90.000	44.2689	2.7638	0.1957	0.1378	0.0000	6.8000
dPolE	842.055	90.000	59.3902	1.0000	0.0000	6.8000
uR	842.055	90.000	0.0129	1.0000	0.0000	6.8000
E	843.653	90.000	44.6813	2.4857	0.2470	0.1730	0.0000	6.8000
dPolE	843.653	90.000	60.9390	1.0000	0.0000	6.8000
uR	843.653	90.000	0.0124	1.0000	0.0000	6.8000
E	845.250	90.000	43.8157	2.6395	0.2805	0.1954	0.0000	6.8000
dPolE	845.250	90.000	71.8383	1.0000	0.0000	6.8000
uR	845.250	90.000	0.0122	1.0000	0.0000	6.8000
E	846.847	90.000	45.3770	2.3651	0.3421	0.2369	0.0000	6.8000
dPolE	846.847	90.000	76.6500	1.0000	0.0000	6.8000
uR	846.847	90.000	0.0110	1.0000	0.0000	6.8000
E	848.444	90.000	45.8130	2.6969	0.3517	0.2432	0.0000	6.8000
dPolE	848.444	90.000	83.2044	1.0000	0.0000	6.8000
uR	848.444	90.000	0.0105	1.0000	0.0000	6.8000
E	850.041	90.000	45.7329	3.9080	0.3519	0.2445	0.0000	6.8000
dPolE	850.041	90.000	88.2822	1.0000	0.0000	6.8000
uR	850.041	90.000	0.0098	1.0000	0.0000	6.8000
E	851.638	90.000	44.8004	3.8148	0.3676	0.2542	0.0000	6.8000
dPolE	851.638	90.000	86.2279	1.0000	0.0000	6.8000
uR	851.638	90.000	0.0105	1.0000	0.0000	6.8000
E	853.234	90.000	47.0253	2.8851	0.3772	0.2587	0.0000	6.8000
dPolE	853.234	90.000	83.8281	1.0000	0.0000	6.8000
uR	853.234	90.000	0.0110	1.0000	0.0000	6.8000
E	854.831	90.000	43.4587	1.9882	0.4140	0.2807	0.0000	6.8000
dPolE	854.831	90.000	84.0084	1.0000	0.0000	6.8000
uR	854.831	90.000	0.0103	1.0000	0.0000	6.8000
E	856.427	90.000	46.7097	1.8400	0.3705	0.2513	0.0000	6.8000
dPolE	856.427	90.000	83.0406	1.0000	0.0000	6.8000
uR	856.427	90.000	0.0104	1.0000	0.0000	6.8000
E	858.023	90.000	43.5140	2.3232	0.3782	0.2563	0.0000	6.8000
dPolE	858.023	90.000	82.5529	1.0000	0.0000	6.8000
uR	858.023	90.000	0.0104	1.0000	0.0000	6.8000
E	859.619	90.000	43.7407	4.0003	0.3969	0.2711	0.0000	6.8000
dPolE	859.619	90.000	80.1264	1.0000	0.0000	6.8000
uR	859.619	90.000	0.0107	1.0000	0.0000	6.8000
E	861.215	90.000	45.3528	2.6032	0.3844	0.2593	0.0000	6.8000
dPolE	861.215	90.000	80.3151	1.0000	0.0000	6.8000
uR	861.215	90.000	0.0103	1.0000	0.0000	6.8000
E	862.811	90.000	45.7686	4.0610	0.3597	0.2454	0.0000	6.8000
dPolE	862.811	90.000	81.1790	1.0000	0.0000	6.8000
uR	862.811	90.000	0.0095	1.0000	0.0000	6.8000
E	864.407	90.000	44.5882	2.2433	0.3530	0.2370	0.0000	6.8000
dPolE	864.407	90.000	79.5038	1.0000	0.0000	6.8000
uR	864.407	90.000	0.0105	1.0000	0.0000	6.8000
E	866.002	90.000	45.0856	2.1027	0.3375	0.2262	0.0000	6.8000
dPolE	866.002	90.000	76.1558	1.0000	0.0000	6.8000
uR	866.002	90.000	0.0110	1.0000	0.0000	6.8000
E	867.597	90.000	44.8287	2.4492	0.3386	0.2275	0.0000	6.8000
dPolE	867.597	90.000	73.5604	1.0000	0.0000	6.8000
uR	867.597	90.000	0.0105	1.0000	0.0000	6.8000
E	869.192	90.000	46.5886	3.1723	0.3262	0.2203	0.0000	6.8000
dPolE	869.192	90.000	72.8563	1.0000	0.0000	6.8000
uR	869.192	90.000	0.0099	1.0000	0.0000	6.8000
E	870.787	90.000	44.4990	2.8139	0.3014	0.2027	0.0000	6.8000
dPolE	870.787	90.000	68.8071	1.0000	0.0000	6.8000
uR	870.787	90.000	0.0107	1.0000	0.0000	6.8000
E	872.382	90.000	45.2922	3.0732	0.2829	0.1903	0.0000	6.8000
dPolE	872.382	90.000	63.9255	1.0000	0.0000	6.8000
uR	872.382	90.000	0.0107	1.0000	0.0000	6.8000
E	873.977	90.000	45.3867	2.9772	0.2737	0.1842	0.0000	6.8000
dPolE	873.977	90.000	57.4133	1.0000	0.0000	6.8000
uR	873.977	90.000	0.0111	1.0000	0.0000	6.8000
E	875.571	90.000	43.8896	3.1359	0.2504	0.1687	0.0000	6.8000
dPolE	875.571	90.000	58.0720	1.0000	0.0000	6.8000
uR	875.571	90.000	0.0108	1.0000	0.0000	6.8000
E	877.166	90.000	45.2491	2.9194	0.2093	0.1405	0.0000	6.8000
dPolE	877.166	90.000	44.3772	1.0000	0.0000	6.8000
uR	877.166	90.000	0.0111	1.0000	0.0000	6.8000
E	878.760	90.000	45.3191	2.5309	0.1516	0.1015	0.0000	6.8000
dPolE	878.760	90.000	27.2801	1.0000	0.0000	6.8000
uR	878.760	90.000	0.0105	1.0000	0.0000	6.8000
E	880.354	90.000	44.9451	2.7045	0.1056	0.0706	0.0000	6.8000
dPolE	880.354	90.000	17.4584	1.0000	0.0000	6.8000
uR	880.354	90.000	0.0113	1.0000	0.0000	6.8000
E	881.948	90.000	45.0201	2.5509	0.0762	0.0507	0.0000	6.8000
dPolE	881.948	90.000	12.3580	1.0000	0.0000	6.8000
uR	881.948	90.000	0.0121	1.0000	0.0000	6.8000
E	883.542	90.000	45.0630	2.6507	0.0777	0.0516	0.0000	6.8000
dPolE	883.542	90.000	12.8485	1.0000	0.0000	6.8000
uR	883.542	90.000	0.0126	1.0000	0.0000	6.8000
E	885.135	90.000	44.8797	2.7159	0.0847	0.0563	0.0000	6.8000
dPolE	885.135	90.000	14.8807	1.0000	0.0000	6.8000
uR	885.135	90.000	0.0117	1.0000	0.0000	6.8000
E	886.729	90.000	44.8961	2.4743	0.1208	0.0799	0.0000	6.8000
dPolE	886.729	90.000	26.0272	1.0000	0.0000	6.8000
uR	886.729	90.000	0.0107	1.0000	0.0000	6.8000
E	888.322	90.000	44.8087	2.4617	0.1481	0.0978	0.0000	6.8000
dPolE	888.322	90.000	34.5990	1.0000	0.0000	6.8000
uR	888.322	90.000	0.0111	1.0000	0.0000	6.8000
E	889.915	90.000	45.0523	2.6201	0.1825	0.1202	0.0000	6.8000
dPolE	889.915	90.000	40.6588	1.0000	0.0000	6.8000
uR	889.915	90.000	0.0107	1.0000	0.0000	6.8000
E	891.508	90.000	45.1126	2.4530	0.1819	0.1192	0.0000	6.8000
dPolE	891.508	90.000	38.9777	1.0000	0.0000	6.8000
uR	891.508	90.000	0.0109	1.0000	0.0000	6.8000
E	893.101	90.000	44.7791	2.8174	0.1656	0.1084	0.0000	6.8000
dPolE	893.101	90.000	37.9675	1.0000	0.0000	6.8000
uR	893.101	90.000	0.0106	1.0000	0.0000	6.8000
E	894.694	90.000	44.8881	2.6317	0.1482	0.0965	0.0000	6.8000
dPolE	894.694	90.000	31.8564	1.0000	0.0000	6.8000
uR	894.694	90.000	0.0114	1.0000	0.0000	6.8000
E	896.286	90.000	45.2547	2.6861	0.1404	0.0912	0.0000	6.8000
dPolE	896.286	90.000	30.9636	1.0000	0.0000	6.8000
uR	896.286	90.000	0.0112	1.0000	0.0000	6.8000
E	897.879	90.000	44.5534	2.8926	0.1437	0.0931	0.0000	6.8000
dPolE	897.879	90.000	33.2615	1.0000	0.0000	6.8000
uR	897.879	90.000	0.0110	1.0000	0.0000	6.8000
E	899.471	90.000	44.7778	2.8162	0.1742	0.1124	0.0000	6.8000
dPolE	899.471	90.000	39.0393	1.0000	0.0000	6.8000
uR	899.471	90.000	0.0110	1.0000	0.0000	6.8000
E	901.063	90.000	45.1093	2.6549	0.1861	0.1194	0.0000	6.8000
dPolE	901.063	90.000	39.6944	1.0000	0.0000	6.8000
uR	901.063	90.000	0.0107	1.0000	0.0000	6.8000
E	902.655	90.000	45.4853	2.7397	0.1675	0.1073	0.0000	6.8000
dPolE	902.655	90.000	32.0243	1.0000	0.0000	6.8000
uR	902.655	90.000	0.0114	1.0000	0.0000	6.8000
E	904.247	90.000	44.7924	2.7273	0.1469	0.0937	0.0000	6.8000
dPolE	904.247	90.000	31.6456	1.0000	0.0000	6.8000
uR	904.247	90.000	0.0123	1.0000	0.0000	6.8000
E	905.838	90.000	44.9847	2.4714	0.1508	0.0958	0.0000	6.8000
dPolE	905.838	90.000	30.9897	1.0000	0.0000	6.8000
uR	905.838	90.000	0.0120	1.0000	0.0000	6.8000
E	907.429	90.000	44.6822	2.3848	0.1616	0.1024	0.0000	6.8000
dPolE	907.429	90.000	37.0404	1.0000	0.0000	6.8000
uR	907.429	90.000	0.0114	1.0000	0.0000	6.8000
E	909.021	90.000	44.8591	2.7173	0.2044	0.1297	0.0000	6.8000
dPolE	909.021	90.000	47.7524	1.0000	0.0000	6.8000
uR	909.021	90.000	0.0106	1.0000	0.0000	6.8000
E	910.612	90.000	44.8022	2.4799	0.2341	0.1472	0.0000	6.8000
dPolE	910.612	90.000	43.3672	1.0000	0.0000	6.8000
uR	910.612	90.000	0.0109	1.0000	0.0000	6.8000
E	912.203	90.000	45.2283	2.7382	0.2149	0.1353	0.0000	6.8000
dPolE	912.203	90.000	39.3783	1.0000	0.0000	6.8000
uR	912.203	90.000	0.0113	1.0000	0.0000	6.8000
E	913.793	90.000	45.1009	2.3632	0.1655	0.1036	0.0000	6.8000
dPolE	913.793	90.000	30.0298	1.0000	0.0000	6.8000
uR	913.793	90.000	0.0118	1.0000	0.0000	6.8000
E	915.384	90.000	44.6591	2.4895	0.1285	0.0804	0.0000	6.8000
dPolE	915.384	90.000	26.4666	1.0000	0.0000	6.8000
uR	915.384	90.000	0.0122	1.0000	0.0000	6.8000
E	916.974	90.000	45.0538	2.3160	0.1292	0.0806	0.0000	6.8000
dPolE	916.974	90.000	21.3741	1.0000	0.0000	6.8000
uR	916.974	90.000	0.0122	1.0000	0.0000	6.8000
E	918.565	90.000	45.0595	2.5167	0.1374	0.0858	0.0000	6.8000
dPolE	918.565	90.000	24.0421	1.0000	0.0000	6.8000
uR	918.565	90.000	0.0117	1.0000	0.0000	6.8000
E	920.155	90.000	45.1480	2.2735	0.1697	0.1055	0.0000	6.8000
dPolE	920.155	90.000	33.4807	1.0000	0.0000	6.8000
uR	920.155	90.000	0.0109	1.0000	0.0000	6.8000
E	921.745	90.000	45.2713	2.8508	0.2077	0.1294	0.0000	6.8000
dPolE	921.745	90.000	44.6951	1.0000	0.0000	6.8000
uR	921.745	90.000	0.0107	1.0000	0.0000	6.8000
E	923.334	90.000	44.2236	2.0952	0.2498	0.1549	0.0000	6.8000
dPolE	923.334	90.000	46.8157	1.0000	0.0000	6.8000
uR	923.334	90.000	0.0114	1.0000	0.0000	6.8000
E	924.924	90.000	44.6946	2.5229	0.2875	0.1784	0.0000	6.8000
dPolE	924.924	90.000	52.9547	1.0000	0.0000	6.8000
uR	924.924	90.000	0.0115	1.0000	0.0000	6.8000
E	926.513	90.000	46.1592	2.8407	0.3177	0.1974	0.0000	6.8000
dPolE	926.513	90.000	62.8655	1.0000	0.0000	6.8000
uR	926.513	90.000	0.0117	1.0000	0.0000	6.8000
E	928.103	90.000	43.4581	2.1970	0.3456	0.2139	0.0000	6.8000
dPolE	928.103	90.000	67.2631	1.0000	0.0000	6.8000
uR	928.103	90.000	0.0110	1.0000	0.0000	6.8000
E	929.692	90.000	45.1084	3.4241	0.3636	0.2263	0.0000	6.8000
dPolE	929.692	90.000	76.1995	1.0000	0.0000	6.8000
uR	929.692	90.000	0.0103	1.0000	0.0000	6.8000
E	931.280	90.000	44.4605	2.2217	0.3680	0.2275	0.0000	6.8000
dPolE	931.280	90.000	74.2654	1.0000	0.0000	6.8000
uR	931.280	90.000	0.0104	1.0000	0.0000	6.8000
E	932.869	90.000	45.6887	2.7561	0.3762	0.2331	0.0000	6.8000
dPolE	932.869	90.000	71.6952	1.0000	0.0000	6.8000
uR	932.869	90.000	0.0104	1.0000	0.0000	6.8000
E	934.458	90.000	46.1765	1.7503	0.3511	0.2154	0.0000	6.8000
dPolE	934.458	90.000	74.3075	1.0000	0.0000	6.8000
uR	934.458	90.000	0.0106	1.0000	0.0000	6.8000
E	936.046	90.000	44.9254	2.6407	0.3395	0.2096	0.0000	6.8000
dPolE	936.046	90.000	70.3496	1.0000	0.0000	6.8000
uR	936.046	90.000	0.0113	1.0000	0.0000	6.8000
E	937.634	90.000	44.1110	2.2710	0.3194	0.1965	0.0000	6.8000
dPolE	937.634	90.000	63.5169	1.0000	0.0000	6.8000
uR	937.634	90.000	0.0115	1.0000	0.0000	6.8000
E	939.222	90.000	45.4920	2.2751	0.3149	0.1936	0.0000	6.8000
dPolE	939.222	90.000	65.3846	1.0000	0.0000	6.8000
uR	939.222	90.000	0.0117	1.0000	0.0000	6.8000
E	940.810	90.000	44.5326	2.3377	0.3387	0.2066	0.0000	6.8000
dPolE	940.810	90.000	64.4435	1.0000	0.0000	6.8000
uR	940.810	90.000	0.0119	1.0000	0.0000	6.8000
E	942.398	90.000	44.1618	2.8851	0.3433	0.2098	0.0000	6.8000
dPolE	942.398	90.000	73.5435	1.0000	0.0000	6.8000
uR	942.398	90.000	0.0105	1.0000	0.0000	6.8000
E	943.985	90.000	45.4209	2.6653	0.3792	0.2325	0.0000	6.8000
dPolE	943.985	90.000	66.5114	1.0000	0.0000	6.8000
uR	943.985	90.000	0.0113	1.0000	0.0000	6.8000
E	945.573	90.000	44.1986	2.9598	0.3586	0.2200	0.0000	6.8000
dPolE	945.573	90.000	76.9350	1.0000	0.0000	6.8000
uR	945.573	90.000	0.0105	1.0000	0.0000	6.8000
E	947.160	90.000	46.7243	2.5327	0.3850	0.2353	0.0000	6.8000
dPolE	947.160	90.000	67.5618	1.0000	0.0000	6.8000
uR	947.160	90.000	0.0103	1.0000	0.0000	6.8000
E	948.747	90.000	45.4398	2.5988	0.3539	0.2150	0.0000	6.8000
dPolE	948.747	90.000	73.1701	1.0000	0.0000	6.8000
uR	948.747	90.000	0.0104	1.0000	0.0000	6.8000
E	950.334	90.000	44.2233	2.0553	0.3498	0.2117	0.0000	6.8000
dPolE	950.334	90.000	63.3454	1.0000	0.0000	6.8000
uR	950.334	90.000	0.0122	1.0000	0.0000	6.8000
E	951.920	90.000	45.9952	2.4757	0.3541	0.2138	0.0000	6.8000
dPolE	951.920	90.000	68.4736	1.0000	0.0000	6.8000
uR	951.920	90.000	0.0107	1.0000	0.0000	6.8000
E	953.507	90.000	44.4522	2.8309	0.3706	0.2238	0.0000	6.8000
dPolE	953.507	90.000	69.6058	1.0000	0.0000	6.8000
uR	953.507	90.000	0.0109	1.0000	0.0000	6.8000
E	955.093	90.000	44.9482	2.0106	0.3963	0.2365	0.0000	6.8000
dPolE	955.093	90.000	73.5948	1.0000	0.0000	6.8000
uR	955.093	90.000	0.0102	1.0000	0.0000	6.8000
E	956.679	90.000	45.7906	2.2225	0.4352	0.2610	0.0000	6.8000
dPolE	956.679	90.000	75.3040	1.0000	0.0000	6.8000
uR	956.679	90.000	0.0102	1.0000	0.0000	6.8000
E	958.265	90.000	45.3386	2.0589	0.4431	0.2640	0.0000	6.8000
dPolE	958.265	90.000	81.6258	1.0000	0.0000	6.8000
uR	958.265	90.000	0.0096	1.0000	0.0000	6.8000
E	959.851	90.000	44.3414	2.2171	0.4550	0.2701	0.0000	6.8000
dPolE	959.851	90.000	86.5479	1.0000	0.0000	6.8000
uR	959.851	90.000	0.0088	1.0000	0.0000	6.8000
E	961.436	90.000	43.0992	1.9742	0.4491	0.2659	0.0000	6.8000
dPolE	961.436	90.000	84.9884	1.0000	0.0000	6.8000
uR	961.436	90.000	0.0103	1.0000	0.0000	6.8000
E	963.022	90.000	45.4529	1.8566	0.5016	0.2960	0.0000	6.8000
dPolE	963.022	90.000	84.2966	1.0000	0.0000	6.8000
uR	963.022	90.000	0.0102	1.0000	0.0000	6.8000
E	964.607	90.000	43.0496	2.6293	0.5008	0.2965	0.0000	6.8000
dPolE	964.607	90.000	81.1602	1.0000	0.0000	6.8000
uR	964.607	90.000	0.0104	1.0000	0.0000	6.8000
E	966.192	90.000	42.8947	2.0000	0.4607	0.2709	0.0000	6.8000
dPolE	966.192	90.000	80.1520	1.0000	0.0000	6.8000
uR	966.192	90.000	0.0106	1.0000	0.0000	6.8000
E	967.777	90.000	46.4931	2.9187	0.4104	0.2414	0.0000	6.8000
dPolE	967.777	90.000	73.5881	1.0000	0.0000	6.8000
uR	967.777	90.000	0.0111	1.0000	0.0000	6.8000
E	969.361	90.000	44.7458	2.7655	0.4238	0.2483	0.0000	6.8000
dPolE	969.361	90.000	72.2497	1.0000	0.0000	6.8000
uR	969.361	90.000	0.0105	1.0000	0.0000	6.8000
E	970.946	90.000	45.9811	2.5946	0.3767	0.2196	0.0000	6.8000
dPolE	970.946	90.000	71.4036	1.0000	0.0000	6.8000
uR	970.946	90.000	0.0102	1.0000	0.0000	6.8000
E	972.530	90.000	44.5029	1.6773	0.3625	0.2099	0.0000	6.8000
dPolE	972.530	90.000	70.3545	1.0000	0.0000	6.8000
uR	972.530	90.000	0.0107	1.0000	0.0000	6.8000
E	974.114	90.000	46.0697	2.8617	0.3737	0.2181	0.0000	6.8000
dPolE	974.114	90.000	56.4773	1.0000	0.0000	6.8000
uR	974.114	90.000	0.0112	1.0000	0.0000	6.8000
E	975.698	90.000	44.4761	2.8077	0.2938	0.1705	0.0000	6.8000
dPolE	975.698	90.000	57.0152	1.0000	0.0000	6.8000
uR	975.698	90.000	0.0105	1.0000	0.0000	6.8000
E	977.282	90.000	44.5446	1.9634	0.2770	0.1593	0.0000	6.8000
dPolE	977.282	90.000	40.8644	1.0000	0.0000	6.8000
uR	977.282	90.000	0.0117	1.0000	0.0000	6.8000
E	978.865	90.000	45.0847	1.8252	0.2294	0.1311	0.0000	6.8000
dPolE	978.865	90.000	25.5135	1.0000	0.0000	6.8000
uR	978.865	90.000	0.0121	1.0000	0.0000	6.8000
E	980.449	90.000	44.7631	2.5437	0.2294	0.1319	0.0000	6.8000
dPolE	980.449	90.000	31.6392	1.0000	0.0000	6.8000
uR	980.449	90.000	0.0120	1.0000	0.0000	6.8000
E	982.032	90.000	44.7738	2.0029	0.2447	0.1404	0.0000	6.8000
dPolE	982.032	90.000	38.5790	1.0000	0.0000	6.8000
uR	982.032	90.000	0.0123	1.0000	0.0000	6.8000
E	983.615	90.000	44.0058	2.1632	0.2954	0.1695	0.0000	6.8000
dPolE	983.615	90.000	40.9722	1.0000	0.0000	6.8000
uR	983.615	90.000	0.0113	1.0000	0.0000	6.8000
E	985.198	90.000	44.7252	2.4167	0.3424	0.1963	0.0000	6.8000
dPolE	985.198	90.000	52.7452	1.0000	0.0000	6.8000
uR	985.198	90.000	0.0110	1.0000	0.0000	6.8000
E	986.780	90.000	44.5977	1.9992	0.3399	0.1946	0.0000	6.8000
dPolE	986.780	90.000	50.8722	1.0000	0.0000	6.8000
uR	986.780	90.000	0.0114	1.0000	0.0000	6.8000
E	988.363	90.000	44.8357	1.9794	0.3127	0.1784	0.0000	6.8000
dPolE	988.363	90.000	54.7308	1.0000	0.0000	6.8000
uR	988.363	90.000	0.0111	1.0000	0.0000	6.8000
E	989.945	90.000	44.7304	2.1032	0.2861	0.1632	0.0000	6.8000
dPolE	989.945	90.000	39.8055	1.0000	0.0000	6.8000
uR	989.945	90.000	0.0118	1.0000	0.0000	6.8000
E	991.527	90.000	45.6686	2.1625	0.2555	0.1453	0.0000	6.8000
dPolE	991.527	90.000	35.0693	1.0000	0.0000	6.8000
uR	991.527	90.000	0.0131	1.0000	0.0000	6.8000
E	993.109	90.000	44.1650	1.9252	0.2539	0.1444	0.0000	6.8000
dPolE	993.109	90.000	34.9083	1.0000	0.0000	6.8000
uR	993.109	90.000	0.0122	1.0000	0.0000	6.8000
E	994.690	90.000	45.7158	2.2941	0.2749	0.1563	0.0000	6.8000
dPolE	994.690	90.000	29.0088	1.0000	0.0000	6.8000
uR	994.690	90.000	0.0119	1.0000	0.0000	6.8000
E	996.272	90.000	45.3352	2.3264	0.2907	0.1653	0.0000	6.8000
dPolE	996.272	90.000	36.0217	1.0000	0.0000	6.8000
uR	996.272	90.000	0.0121	1.0000	0.0000	6.8000
E	997.853	90.000	44.5615	1.7145	0.3658	0.2064	0.0000	6.8000
dPolE	997.853	90.000	45.0639	1.0000	0.0000	6.8000
uR	997.853	90.000	0.0120	1.0000	0.0000	6.8000
E	999.434	90.000	44.3801	1.7771	0.4182	0.2359	0.0000	6.8000
dPolE	999.434	90.000	70.1583	1.0000	0.0000	6.8000
uR	999.434	90.000	0.0100	1.0000	0.0000	6.8000
