
FM-removed
XY-Scan
nm
E	210.379	90.000	52.9532	263.4307	0.2544	0.5304	0.0000	6.8000
dPolE	210.379	90.000	99.9962	1.0000	0.0000	6.8000
uR	210.379	90.000	0.0166	1.0000	0.0000	6.8000
E	211.990	90.000	38.3881	30.1360	0.2622	0.5213	0.0000	6.8000
dPolE	211.990	90.000	99.9989	1.0000	0.0000	6.8000
uR	211.990	90.000	0.0142	1.0000	0.0000	6.8000
E	213.602	90.000	42.6436	3.0050	0.2531	0.4753	0.0000	6.8000
dPolE	213.602	90.000	99.9763	1.0000	0.0000	6.8000
uR	213.602	90.000	0.0091	1.0000	0.0000	6.8000
E	215.214	90.000	61.5343	101.3863	0.2334	0.5692	0.0000	6.8000
dPolE	215.214	90.000	99.9563	1.0000	0.0000	6.8000
uR	215.214	90.000	0.0094	1.0000	0.0000	6.8000
E	216.826	90.000	49.0978	278.6609	0.2760	0.5576	0.0000	6.8000
dPolE	216.826	90.000	99.9846	1.0000	0.0000	6.8000
uR	216.826	90.000	0.0060	1.0000	0.0000	6.8000
E	218.438	90.000	67.2504	71.7780	0.2572	0.7592	0.0000	6.8000
dPolE	218.438	90.000	99.9819	1.0000	0.0000	6.8000
uR	218.438	90.000	0.0049	1.0000	0.0000	6.8000
E	220.050	90.000	51.3422	350.7465	0.2727	0.4622	0.0000	6.8000
dPolE	220.050	90.000	99.9556	1.0000	0.0000	6.8000
uR	220.050	90.000	0.0058	1.0000	0.0000	6.8000
E	221.662	90.000	42.7233	132.4451	0.2438	0.4457	0.0000	6.8000
dPolE	221.662	90.000	99.9980	1.0000	0.0000	6.8000
uR	221.662	90.000	0.0069	1.0000	0.0000	6.8000
E	223.274	90.000	16.7365	177.7820	0.2665	0.7360	0.0000	6.8000
dPolE	223.274	90.000	99.8629	1.0000	0.0000	6.8000
uR	223.274	90.000	0.0076	1.0000	0.0000	6.8000
E	224.886	90.000	46.2047	196.6211	0.2952	0.4488	0.0000	6.8000
dPolE	224.886	90.000	99.9485	1.0000	0.0000	6.8000
uR	224.886	90.000	0.0032	1.0000	0.0000	6.8000
E	226.498	90.000	49.1630	213.1005	0.2760	0.4502	0.0000	6.8000
dPolE	226.498	90.000	99.9459	1.0000	0.0000	6.8000
uR	226.498	90.000	0.0031	1.0000	0.0000	6.8000
E	228.111	90.000	16.2116	268.9855	0.2060	0.9764	0.0000	6.8000
dPolE	228.111	90.000	99.9643	1.0000	0.0000	6.8000
uR	228.111	90.000	0.0027	1.0000	0.0000	6.8000
E	229.723	90.000	65.6979	155.1768	0.2903	0.5786	0.0000	6.8000
dPolE	229.723	90.000	99.9489	1.0000	0.0000	6.8000
uR	229.723	90.000	0.0030	1.0000	0.0000	6.8000
E	231.335	90.000	26.8091	186.7198	0.2911	0.4670	0.0000	6.8000
dPolE	231.335	90.000	99.9906	1.0000	0.0000	6.8000
uR	231.335	90.000	0.0012	1.0000	0.0000	6.8000
E	232.948	90.000	28.8766	175.2576	0.2660	0.3923	0.0000	6.8000
dPolE	232.948	90.000	99.8842	1.0000	0.0000	6.8000
uR	232.948	90.000	0.0030	1.0000	0.0000	6.8000
E	234.560	90.000	11.3021	141.2292	0.2478	1.1383	0.0000	6.8000
dPolE	234.560	90.000	99.9999	1.0000	0.0000	6.8000
uR	234.560	90.000	0.0015	1.0000	0.0000	6.8000
E	236.173	90.000	32.5445	261.2132	0.2875	0.6681	0.0000	6.8000
dPolE	236.173	90.000	99.9704	1.0000	0.0000	6.8000
uR	236.173	90.000	0.0015	1.0000	0.0000	6.8000
E	237.786	90.000	64.0169	161.5155	0.3107	0.5033	0.0000	6.8000
dPolE	237.786	90.000	99.9097	1.0000	0.0000	6.8000
uR	237.786	90.000	0.0020	1.0000	0.0000	6.8000
E	239.398	90.000	16.8557	180.1237	0.3132	0.6328	0.0000	6.8000
dPolE	239.398	90.000	99.9126	1.0000	0.0000	6.8000
uR	239.398	90.000	0.0025	1.0000	0.0000	6.8000
E	241.011	90.000	46.3466	243.0903	0.3185	0.5907	0.0000	6.8000
dPolE	241.011	90.000	99.9852	1.0000	0.0000	6.8000
uR	241.011	90.000	0.0013	1.0000	0.0000	6.8000
E	242.624	90.000	41.0557	142.7821	0.3051	0.4582	0.0000	6.8000
dPolE	242.624	90.000	99.9933	1.0000	0.0000	6.8000
uR	242.624	90.000	0.0012	1.0000	0.0000	6.8000
E	244.237	90.000	86.4033	226.3038	0.2519	4.1080	0.0000	6.8000
dPolE	244.237	90.000	99.9858	1.0000	0.0000	6.8000
uR	244.237	90.000	0.0018	1.0000	0.0000	6.8000
E	245.850	90.000	56.6125	349.7424	0.3129	0.3727	0.0000	6.8000
dPolE	245.850	90.000	99.9377	1.0000	0.0000	6.8000
uR	245.850	90.000	0.0013	1.0000	0.0000	6.8000
E	247.463	90.000	16.8005	232.5471	0.2532	0.9477	0.0000	6.8000
dPolE	247.463	90.000	99.9848	1.0000	0.0000	6.8000
uR	247.463	90.000	0.0007	1.0000	0.0000	6.8000
E	249.076	90.000	13.4993	3.0488	0.3141	0.7152	0.0000	6.8000
dPolE	249.076	90.000	99.9999	1.0000	0.0000	6.8000
uR	249.076	90.000	0.0008	1.0000	0.0000	6.8000
E	250.689	90.000	60.7856	234.9802	0.3119	0.6851	0.0000	6.8000
dPolE	250.689	90.000	99.9997	1.0000	0.0000	6.8000
uR	250.689	90.000	0.0006	1.0000	0.0000	6.8000
E	252.302	90.000	41.3993	182.4438	0.3339	0.3424	0.0000	6.8000
dPolE	252.302	90.000	99.8604	1.0000	0.0000	6.8000
uR	252.302	90.000	0.0013	1.0000	0.0000	6.8000
E	253.916	90.000	25.4078	352.9694	0.2891	0.3856	0.0000	6.8000
dPolE	253.916	90.000	99.9472	1.0000	0.0000	6.8000
uR	253.916	90.000	0.0010	1.0000	0.0000	6.8000
E	255.529	90.000	64.4117	112.6957	0.2543	0.7107	0.0000	6.8000
dPolE	255.529	90.000	99.9885	1.0000	0.0000	6.8000
uR	255.529	90.000	0.0008	1.0000	0.0000	6.8000
E	257.142	90.000	55.2357	164.0535	0.3155	0.3755	0.0000	6.8000
dPolE	257.142	90.000	99.9906	1.0000	0.0000	6.8000
uR	257.142	90.000	0.0005	1.0000	0.0000	6.8000
E	258.756	90.000	36.9290	213.8313	0.3071	0.4486	0.0000	6.8000
dPolE	258.756	90.000	99.9818	1.0000	0.0000	6.8000
uR	258.756	90.000	0.0006	1.0000	0.0000	6.8000
E	260.369	90.000	42.4479	342.0224	0.3243	0.3701	0.0000	6.8000
dPolE	260.369	90.000	99.9277	1.0000	0.0000	6.8000
uR	260.369	90.000	0.0008	1.0000	0.0000	6.8000
E	261.983	90.000	79.8419	345.8113	0.2865	0.9182	0.0000	6.8000
dPolE	261.983	90.000	99.9530	1.0000	0.0000	6.8000
uR	261.983	90.000	0.0007	1.0000	0.0000	6.8000
E	263.596	90.000	51.2394	149.9267	0.2876	0.3927	0.0000	6.8000
dPolE	263.596	90.000	99.9697	1.0000	0.0000	6.8000
uR	263.596	90.000	0.0006	1.0000	0.0000	6.8000
E	265.210	90.000	33.4212	174.1730	0.3163	0.3532	0.0000	6.8000
dPolE	265.210	90.000	99.9326	1.0000	0.0000	6.8000
uR	265.210	90.000	0.0010	1.0000	0.0000	6.8000
E	266.823	90.000	65.9255	96.1951	0.2451	0.7987	0.0000	6.8000
dPolE	266.823	90.000	99.9958	1.0000	0.0000	6.8000
uR	266.823	90.000	0.0003	1.0000	0.0000	6.8000
E	268.437	90.000	63.9129	273.4482	0.2502	0.7438	0.0000	6.8000
dPolE	268.437	90.000	99.9979	1.0000	0.0000	6.8000
uR	268.437	90.000	0.0006	1.0000	0.0000	6.8000
E	270.051	90.000	58.2256	180.8364	0.2665	0.3060	0.0000	6.8000
dPolE	270.051	90.000	99.9833	1.0000	0.0000	6.8000
uR	270.051	90.000	0.0007	1.0000	0.0000	6.8000
E	271.665	90.000	41.6406	199.4888	0.2766	0.3299	0.0000	6.8000
dPolE	271.665	90.000	99.9754	1.0000	0.0000	6.8000
uR	271.665	90.000	0.0006	1.0000	0.0000	6.8000
E	273.279	90.000	71.5772	53.2773	0.2318	0.7943	0.0000	6.8000
dPolE	273.279	90.000	99.9329	1.0000	0.0000	6.8000
uR	273.279	90.000	0.0008	1.0000	0.0000	6.8000
E	274.892	90.000	12.1422	217.3237	0.2554	1.0371	0.0000	6.8000
dPolE	274.892	90.000	99.9999	1.0000	0.0000	6.8000
uR	274.892	90.000	0.0005	1.0000	0.0000	6.8000
E	276.506	90.000	36.3065	2.8129	0.2612	0.2919	0.0000	6.8000
dPolE	276.506	90.000	99.9699	1.0000	0.0000	6.8000
uR	276.506	90.000	0.0009	1.0000	0.0000	6.8000
E	278.120	90.000	80.8243	182.2877	0.2562	0.8754	0.0000	6.8000
dPolE	278.120	90.000	99.8608	1.0000	0.0000	6.8000
uR	278.120	90.000	0.0010	1.0000	0.0000	6.8000
E	279.734	90.000	41.1168	325.2714	0.2622	0.3837	0.0000	6.8000
dPolE	279.734	90.000	99.9734	1.0000	0.0000	6.8000
uR	279.734	90.000	0.0008	1.0000	0.0000	6.8000
E	281.349	90.000	48.8370	217.9355	0.2575	0.3915	0.0000	6.8000
dPolE	281.349	90.000	99.9716	1.0000	0.0000	6.8000
uR	281.349	90.000	0.0007	1.0000	0.0000	6.8000
E	282.963	90.000	35.9177	252.6681	0.2473	0.5204	0.0000	6.8000
dPolE	282.963	90.000	99.9706	1.0000	0.0000	6.8000
uR	282.963	90.000	0.0006	1.0000	0.0000	6.8000
E	284.577	90.000	41.7714	333.7270	0.2578	0.3479	0.0000	6.8000
dPolE	284.577	90.000	99.9668	1.0000	0.0000	6.8000
uR	284.577	90.000	0.0007	1.0000	0.0000	6.8000
E	286.191	90.000	80.3894	171.7236	0.2448	0.8653	0.0000	6.8000
dPolE	286.191	90.000	99.9592	1.0000	0.0000	6.8000
uR	286.191	90.000	0.0005	1.0000	0.0000	6.8000
E	287.805	90.000	41.3540	148.4111	0.2444	0.3530	0.0000	6.8000
dPolE	287.805	90.000	99.9914	1.0000	0.0000	6.8000
uR	287.805	90.000	0.0006	1.0000	0.0000	6.8000
E	289.420	90.000	44.4269	31.9093	0.2363	0.3410	0.0000	6.8000
dPolE	289.420	90.000	99.9908	1.0000	0.0000	6.8000
uR	289.420	90.000	0.0004	1.0000	0.0000	6.8000
E	291.034	90.000	9.7064	136.4135	0.2036	1.1669	0.0000	6.8000
dPolE	291.034	90.000	99.9999	1.0000	0.0000	6.8000
uR	291.034	90.000	0.0008	1.0000	0.0000	6.8000
E	292.649	90.000	31.7987	331.3876	0.2131	0.3414	0.0000	6.8000
dPolE	292.649	90.000	99.9987	1.0000	0.0000	6.8000
uR	292.649	90.000	0.0004	1.0000	0.0000	6.8000
E	294.263	90.000	30.7608	3.7290	0.2207	0.3021	0.0000	6.8000
dPolE	294.263	90.000	99.9594	1.0000	0.0000	6.8000
uR	294.263	90.000	0.0006	1.0000	0.0000	6.8000
E	295.877	90.000	71.4616	182.7528	0.2266	0.4580	0.0000	6.8000
dPolE	295.877	90.000	99.9345	1.0000	0.0000	6.8000
uR	295.877	90.000	0.0007	1.0000	0.0000	6.8000
E	297.492	90.000	43.1565	183.7907	0.2189	0.2706	0.0000	6.8000
dPolE	297.492	90.000	99.9928	1.0000	0.0000	6.8000
uR	297.492	90.000	0.0003	1.0000	0.0000	6.8000
E	299.107	90.000	4.9293	177.9074	0.1992	1.4493	0.0000	6.8000
dPolE	299.107	90.000	99.9646	1.0000	0.0000	6.8000
uR	299.107	90.000	0.0005	1.0000	0.0000	6.8000
E	300.721	90.000	55.5177	69.4912	0.2104	0.4495	0.0000	6.8000
dPolE	300.721	90.000	99.9963	1.0000	0.0000	6.8000
uR	300.721	90.000	0.0006	1.0000	0.0000	6.8000
E	302.336	90.000	63.1182	319.4587	0.1898	0.3997	0.0000	6.8000
dPolE	302.336	90.000	99.9928	1.0000	0.0000	6.8000
uR	302.336	90.000	0.0003	1.0000	0.0000	6.8000
E	303.950	90.000	50.9018	342.2838	0.1962	0.2757	0.0000	6.8000
dPolE	303.950	90.000	99.9753	1.0000	0.0000	6.8000
uR	303.950	90.000	0.0005	1.0000	0.0000	6.8000
E	305.565	90.000	74.0388	190.8283	0.2059	0.5271	0.0000	6.8000
dPolE	305.565	90.000	99.9651	1.0000	0.0000	6.8000
uR	305.565	90.000	0.0006	1.0000	0.0000	6.8000
E	307.180	90.000	55.4921	154.0774	0.2006	0.3199	0.0000	6.8000
dPolE	307.180	90.000	99.9851	1.0000	0.0000	6.8000
uR	307.180	90.000	0.0003	1.0000	0.0000	6.8000
E	308.795	90.000	58.8007	161.1369	0.1951	0.3161	0.0000	6.8000
dPolE	308.795	90.000	99.9984	1.0000	0.0000	6.8000
uR	308.795	90.000	0.0002	1.0000	0.0000	6.8000
E	310.410	90.000	53.6139	320.8423	0.1859	0.3237	0.0000	6.8000
dPolE	310.410	90.000	99.9680	1.0000	0.0000	6.8000
uR	310.410	90.000	0.0005	1.0000	0.0000	6.8000
E	312.024	90.000	21.1469	98.8335	0.1723	0.6005	0.0000	6.8000
dPolE	312.024	90.000	99.9902	1.0000	0.0000	6.8000
uR	312.024	90.000	0.0003	1.0000	0.0000	6.8000
E	313.639	90.000	46.3533	312.5799	0.1802	0.3155	0.0000	6.8000
dPolE	313.639	90.000	99.9953	1.0000	0.0000	6.8000
uR	313.639	90.000	0.0003	1.0000	0.0000	6.8000
E	315.254	90.000	23.2750	101.9087	0.1717	0.5319	0.0000	6.8000
dPolE	315.254	90.000	99.9775	1.0000	0.0000	6.8000
uR	315.254	90.000	0.0004	1.0000	0.0000	6.8000
E	316.869	90.000	69.3983	321.8114	0.1768	0.4739	0.0000	6.8000
dPolE	316.869	90.000	99.9896	1.0000	0.0000	6.8000
uR	316.869	90.000	0.0003	1.0000	0.0000	6.8000
E	318.484	90.000	47.3475	68.5009	0.1729	0.3359	0.0000	6.8000
dPolE	318.484	90.000	99.9999	1.0000	0.0000	6.8000
uR	318.484	90.000	0.0003	1.0000	0.0000	6.8000
E	320.099	90.000	54.4272	312.7719	0.1721	0.3266	0.0000	6.8000
dPolE	320.099	90.000	99.9911	1.0000	0.0000	6.8000
uR	320.099	90.000	0.0004	1.0000	0.0000	6.8000
E	321.714	90.000	25.7425	349.7945	0.1683	0.3230	0.0000	6.8000
dPolE	321.714	90.000	99.9878	1.0000	0.0000	6.8000
uR	321.714	90.000	0.0004	1.0000	0.0000	6.8000
E	323.330	90.000	62.5285	78.8045	0.1508	0.3943	0.0000	6.8000
dPolE	323.330	90.000	99.9981	1.0000	0.0000	6.8000
uR	323.330	90.000	0.0003	1.0000	0.0000	6.8000
E	324.945	90.000	28.8657	82.5127	0.1595	0.4008	0.0000	6.8000
dPolE	324.945	90.000	99.9983	1.0000	0.0000	6.8000
uR	324.945	90.000	0.0004	1.0000	0.0000	6.8000
E	326.560	90.000	43.0556	183.5815	0.1722	0.2646	0.0000	6.8000
dPolE	326.560	90.000	99.9954	1.0000	0.0000	6.8000
uR	326.560	90.000	0.0004	1.0000	0.0000	6.8000
E	328.175	90.000	35.2035	243.8786	0.1631	0.3386	0.0000	6.8000
dPolE	328.175	90.000	99.9928	1.0000	0.0000	6.8000
uR	328.175	90.000	0.0003	1.0000	0.0000	6.8000
E	329.790	90.000	7.1227	71.5675	0.1314	1.2859	0.0000	6.8000
dPolE	329.790	90.000	99.9667	1.0000	0.0000	6.8000
uR	329.790	90.000	0.0005	1.0000	0.0000	6.8000
E	331.406	90.000	18.2348	10.0430	0.1584	0.4261	0.0000	6.8000
dPolE	331.406	90.000	99.9874	1.0000	0.0000	6.8000
uR	331.406	90.000	0.0004	1.0000	0.0000	6.8000
E	333.021	90.000	28.9635	307.6033	0.1560	0.3539	0.0000	6.8000
dPolE	333.021	90.000	99.9993	1.0000	0.0000	6.8000
uR	333.021	90.000	0.0004	1.0000	0.0000	6.8000
E	334.636	90.000	49.6379	344.0613	0.1344	0.2224	0.0000	6.8000
dPolE	334.636	90.000	99.9857	1.0000	0.0000	6.8000
uR	334.636	90.000	0.0004	1.0000	0.0000	6.8000
E	336.251	90.000	45.7620	15.9925	0.1491	0.2458	0.0000	6.8000
dPolE	336.251	90.000	99.9930	1.0000	0.0000	6.8000
uR	336.251	90.000	0.0003	1.0000	0.0000	6.8000
E	337.867	90.000	13.6388	286.6518	0.1344	0.6620	0.0000	6.8000
dPolE	337.867	90.000	99.9840	1.0000	0.0000	6.8000
uR	337.867	90.000	0.0003	1.0000	0.0000	6.8000
E	339.482	90.000	39.2246	332.9648	0.1494	0.2643	0.0000	6.8000
dPolE	339.482	90.000	99.9743	1.0000	0.0000	6.8000
uR	339.482	90.000	0.0004	1.0000	0.0000	6.8000
E	341.098	90.000	58.7773	319.5687	0.1490	0.3084	0.0000	6.8000
dPolE	341.098	90.000	99.9974	1.0000	0.0000	6.8000
uR	341.098	90.000	0.0002	1.0000	0.0000	6.8000
E	342.713	90.000	48.1579	94.1792	0.1504	0.3030	0.0000	6.8000
dPolE	342.713	90.000	99.9985	1.0000	0.0000	6.8000
uR	342.713	90.000	0.0004	1.0000	0.0000	6.8000
E	344.329	90.000	9.3149	263.1372	0.1381	0.9944	0.0000	6.8000
dPolE	344.329	90.000	99.9932	1.0000	0.0000	6.8000
uR	344.329	90.000	0.0003	1.0000	0.0000	6.8000
E	345.944	90.000	16.6495	58.6590	0.1357	0.5124	0.0000	6.8000
dPolE	345.944	90.000	99.9961	1.0000	0.0000	6.8000
uR	345.944	90.000	0.0003	1.0000	0.0000	6.8000
E	347.560	90.000	58.8180	343.5610	0.1412	0.2772	0.0000	6.8000
dPolE	347.560	90.000	99.9891	1.0000	0.0000	6.8000
uR	347.560	90.000	0.0003	1.0000	0.0000	6.8000
E	349.175	90.000	47.8701	118.4241	0.1468	0.2866	0.0000	6.8000
dPolE	349.175	90.000	99.9920	1.0000	0.0000	6.8000
uR	349.175	90.000	0.0004	1.0000	0.0000	6.8000
E	350.791	90.000	63.5627	208.1318	0.1486	0.3404	0.0000	6.8000
dPolE	350.791	90.000	99.9964	1.0000	0.0000	6.8000
uR	350.791	90.000	0.0003	1.0000	0.0000	6.8000
E	352.406	90.000	62.9014	281.5828	0.1457	0.3713	0.0000	6.8000
dPolE	352.406	90.000	99.9907	1.0000	0.0000	6.8000
uR	352.406	90.000	0.0003	1.0000	0.0000	6.8000
E	354.022	90.000	46.7335	7.4190	0.1385	0.2460	0.0000	6.8000
dPolE	354.022	90.000	99.9979	1.0000	0.0000	6.8000
uR	354.022	90.000	0.0004	1.0000	0.0000	6.8000
E	355.638	90.000	48.6177	316.2214	0.1444	0.2747	0.0000	6.8000
dPolE	355.638	90.000	99.9940	1.0000	0.0000	6.8000
uR	355.638	90.000	0.0005	1.0000	0.0000	6.8000
E	357.253	90.000	14.8329	173.4721	0.1367	0.4982	0.0000	6.8000
dPolE	357.253	90.000	99.9910	1.0000	0.0000	6.8000
uR	357.253	90.000	0.0003	1.0000	0.0000	6.8000
E	358.869	90.000	25.3454	147.6146	0.1330	0.3253	0.0000	6.8000
dPolE	358.869	90.000	99.9999	1.0000	0.0000	6.8000
uR	358.869	90.000	0.0002	1.0000	0.0000	6.8000
E	360.485	90.000	41.8889	48.7283	0.1430	0.2771	0.0000	6.8000
dPolE	360.485	90.000	99.9964	1.0000	0.0000	6.8000
uR	360.485	90.000	0.0005	1.0000	0.0000	6.8000
E	362.100	90.000	35.6091	207.3866	0.1370	0.2691	0.0000	6.8000
dPolE	362.100	90.000	99.9968	1.0000	0.0000	6.8000
uR	362.100	90.000	0.0003	1.0000	0.0000	6.8000
E	363.716	90.000	43.2499	29.3206	0.1391	0.2597	0.0000	6.8000
dPolE	363.716	90.000	99.9972	1.0000	0.0000	6.8000
uR	363.716	90.000	0.0003	1.0000	0.0000	6.8000
E	365.332	90.000	45.6675	219.4290	0.1339	0.2549	0.0000	6.8000
dPolE	365.332	90.000	99.9956	1.0000	0.0000	6.8000
uR	365.332	90.000	0.0002	1.0000	0.0000	6.8000
E	366.948	90.000	14.5165	221.9715	0.1204	0.4882	0.0000	6.8000
dPolE	366.948	90.000	99.9930	1.0000	0.0000	6.8000
uR	366.948	90.000	0.0004	1.0000	0.0000	6.8000
E	368.563	90.000	53.2140	206.6523	0.1364	0.2669	0.0000	6.8000
dPolE	368.563	90.000	99.9995	1.0000	0.0000	6.8000
uR	368.563	90.000	0.0002	1.0000	0.0000	6.8000
E	370.179	90.000	41.5126	325.9789	0.1311	0.2492	0.0000	6.8000
dPolE	370.179	90.000	99.9999	1.0000	0.0000	6.8000
uR	370.179	90.000	0.0003	1.0000	0.0000	6.8000
E	371.795	90.000	54.5380	328.4591	0.1288	0.2571	0.0000	6.8000
dPolE	371.795	90.000	99.9979	1.0000	0.0000	6.8000
uR	371.795	90.000	0.0002	1.0000	0.0000	6.8000
E	373.411	90.000	62.0674	356.7970	0.1221	0.2736	0.0000	6.8000
dPolE	373.411	90.000	99.9989	1.0000	0.0000	6.8000
uR	373.411	90.000	0.0003	1.0000	0.0000	6.8000
E	375.027	90.000	21.2321	289.1658	0.1223	0.3705	0.0000	6.8000
dPolE	375.027	90.000	99.9923	1.0000	0.0000	6.8000
uR	375.027	90.000	0.0006	1.0000	0.0000	6.8000
E	376.643	90.000	40.7073	290.5146	0.1339	0.2693	0.0000	6.8000
dPolE	376.643	90.000	99.9928	1.0000	0.0000	6.8000
uR	376.643	90.000	0.0004	1.0000	0.0000	6.8000
E	378.258	90.000	49.9613	34.8097	0.1278	0.2483	0.0000	6.8000
dPolE	378.258	90.000	99.9946	1.0000	0.0000	6.8000
uR	378.258	90.000	0.0003	1.0000	0.0000	6.8000
E	379.874	90.000	30.3992	61.2178	0.1275	0.2912	0.0000	6.8000
dPolE	379.874	90.000	99.9971	1.0000	0.0000	6.8000
uR	379.874	90.000	0.0003	1.0000	0.0000	6.8000
E	381.490	90.000	21.8015	48.8812	0.1183	0.3405	0.0000	6.8000
dPolE	381.490	90.000	99.9888	1.0000	0.0000	6.8000
uR	381.490	90.000	0.0003	1.0000	0.0000	6.8000
E	383.106	90.000	68.3595	75.5429	0.1276	0.3805	0.0000	6.8000
dPolE	383.106	90.000	99.9937	1.0000	0.0000	6.8000
uR	383.106	90.000	0.0002	1.0000	0.0000	6.8000
E	384.722	90.000	46.1964	323.4296	0.1284	0.2488	0.0000	6.8000
dPolE	384.722	90.000	99.9784	1.0000	0.0000	6.8000
uR	384.722	90.000	0.0004	1.0000	0.0000	6.8000
E	386.338	90.000	44.2841	14.7182	0.1129	0.2141	0.0000	6.8000
dPolE	386.338	90.000	99.9934	1.0000	0.0000	6.8000
uR	386.338	90.000	0.0002	1.0000	0.0000	6.8000
E	387.954	90.000	30.5698	324.5340	0.1217	0.2680	0.0000	6.8000
dPolE	387.954	90.000	99.9815	1.0000	0.0000	6.8000
uR	387.954	90.000	0.0003	1.0000	0.0000	6.8000
E	389.570	90.000	67.6008	217.5648	0.1158	0.3201	0.0000	6.8000
dPolE	389.570	90.000	99.9974	1.0000	0.0000	6.8000
uR	389.570	90.000	0.0003	1.0000	0.0000	6.8000
E	391.186	90.000	50.6556	314.2096	0.1222	0.2432	0.0000	6.8000
dPolE	391.186	90.000	99.9849	1.0000	0.0000	6.8000
uR	391.186	90.000	0.0003	1.0000	0.0000	6.8000
E	392.802	90.000	24.7265	43.8183	0.1188	0.3081	0.0000	6.8000
dPolE	392.802	90.000	99.9998	1.0000	0.0000	6.8000
uR	392.802	90.000	0.0003	1.0000	0.0000	6.8000
E	394.418	90.000	46.0093	0.0472	0.1260	0.2396	0.0000	6.8000
dPolE	394.418	90.000	99.9735	1.0000	0.0000	6.8000
uR	394.418	90.000	0.0003	1.0000	0.0000	6.8000
E	396.034	90.000	33.9473	328.0077	0.1261	0.2615	0.0000	6.8000
dPolE	396.034	90.000	99.9956	1.0000	0.0000	6.8000
uR	396.034	90.000	0.0004	1.0000	0.0000	6.8000
E	397.650	90.000	43.5761	354.2957	0.1158	0.2176	0.0000	6.8000
dPolE	397.650	90.000	99.9765	1.0000	0.0000	6.8000
uR	397.650	90.000	0.0004	1.0000	0.0000	6.8000
E	399.266	90.000	41.8105	341.6812	0.1225	0.2331	0.0000	6.8000
dPolE	399.266	90.000	99.9703	1.0000	0.0000	6.8000
uR	399.266	90.000	0.0004	1.0000	0.0000	6.8000
E	400.882	90.000	35.4585	2.8868	0.1233	0.2470	0.0000	6.8000
dPolE	400.882	90.000	99.9553	1.0000	0.0000	6.8000
uR	400.882	90.000	0.0004	1.0000	0.0000	6.8000
E	402.498	90.000	43.4667	358.9226	0.1210	0.2303	0.0000	6.8000
dPolE	402.498	90.000	99.9064	1.0000	0.0000	6.8000
uR	402.498	90.000	0.0007	1.0000	0.0000	6.8000
E	404.114	90.000	39.3714	0.6799	0.1192	0.2304	0.0000	6.8000
dPolE	404.114	90.000	99.9181	1.0000	0.0000	6.8000
uR	404.114	90.000	0.0006	1.0000	0.0000	6.8000
E	405.730	90.000	48.0103	341.5023	0.1183	0.2248	0.0000	6.8000
dPolE	405.730	90.000	99.8598	1.0000	0.0000	6.8000
uR	405.730	90.000	0.0008	1.0000	0.0000	6.8000
E	407.346	90.000	45.6902	348.6230	0.1186	0.2218	0.0000	6.8000
dPolE	407.346	90.000	99.5935	1.0000	0.0000	6.8000
uR	407.346	90.000	0.0012	1.0000	0.0000	6.8000
E	408.962	90.000	48.1244	351.2625	0.1151	0.2161	0.0000	6.8000
dPolE	408.962	90.000	99.6081	1.0000	0.0000	6.8000
uR	408.962	90.000	0.0013	1.0000	0.0000	6.8000
E	410.578	90.000	40.5453	343.1347	0.1186	0.2262	0.0000	6.8000
dPolE	410.578	90.000	99.5576	1.0000	0.0000	6.8000
uR	410.578	90.000	0.0013	1.0000	0.0000	6.8000
E	412.194	90.000	42.4090	358.8593	0.1106	0.2092	0.0000	6.8000
dPolE	412.194	90.000	99.3854	1.0000	0.0000	6.8000
uR	412.194	90.000	0.0016	1.0000	0.0000	6.8000
E	413.810	90.000	44.3085	355.1293	0.1121	0.2112	0.0000	6.8000
dPolE	413.810	90.000	99.2105	1.0000	0.0000	6.8000
uR	413.810	90.000	0.0018	1.0000	0.0000	6.8000
E	415.426	90.000	44.5388	351.8882	0.1092	0.2040	0.0000	6.8000
dPolE	415.426	90.000	98.7457	1.0000	0.0000	6.8000
uR	415.426	90.000	0.0022	1.0000	0.0000	6.8000
E	417.042	90.000	46.3029	352.4029	0.1129	0.2088	0.0000	6.8000
dPolE	417.042	90.000	98.1175	1.0000	0.0000	6.8000
uR	417.042	90.000	0.0026	1.0000	0.0000	6.8000
E	418.658	90.000	45.0602	352.0935	0.1118	0.2054	0.0000	6.8000
dPolE	418.658	90.000	97.9562	1.0000	0.0000	6.8000
uR	418.658	90.000	0.0029	1.0000	0.0000	6.8000
E	420.274	90.000	44.8126	351.4883	0.1093	0.2010	0.0000	6.8000
dPolE	420.274	90.000	97.3475	1.0000	0.0000	6.8000
uR	420.274	90.000	0.0032	1.0000	0.0000	6.8000
E	421.890	90.000	46.0846	351.2961	0.1013	0.1875	0.0000	6.8000
dPolE	421.890	90.000	96.9653	1.0000	0.0000	6.8000
uR	421.890	90.000	0.0037	1.0000	0.0000	6.8000
E	423.506	90.000	46.3450	352.2275	0.1014	0.1881	0.0000	6.8000
dPolE	423.506	90.000	96.9401	1.0000	0.0000	6.8000
uR	423.506	90.000	0.0038	1.0000	0.0000	6.8000
E	425.122	90.000	45.0733	352.9554	0.0974	0.1797	0.0000	6.8000
dPolE	425.122	90.000	96.5861	1.0000	0.0000	6.8000
uR	425.122	90.000	0.0042	1.0000	0.0000	6.8000
E	426.738	90.000	44.5513	352.1814	0.1051	0.1921	0.0000	6.8000
dPolE	426.738	90.000	96.0996	1.0000	0.0000	6.8000
uR	426.738	90.000	0.0043	1.0000	0.0000	6.8000
E	428.355	90.000	45.3099	351.4062	0.0979	0.1769	0.0000	6.8000
dPolE	428.355	90.000	95.2000	1.0000	0.0000	6.8000
uR	428.355	90.000	0.0052	1.0000	0.0000	6.8000
E	429.971	90.000	44.2859	352.1869	0.1004	0.1801	0.0000	6.8000
dPolE	429.971	90.000	94.8210	1.0000	0.0000	6.8000
uR	429.971	90.000	0.0053	1.0000	0.0000	6.8000
E	431.587	90.000	45.6632	352.7811	0.1016	0.1823	0.0000	6.8000
dPolE	431.587	90.000	93.8229	1.0000	0.0000	6.8000
uR	431.587	90.000	0.0057	1.0000	0.0000	6.8000
E	433.203	90.000	44.7370	352.7223	0.0955	0.1720	0.0000	6.8000
dPolE	433.203	90.000	93.8633	1.0000	0.0000	6.8000
uR	433.203	90.000	0.0061	1.0000	0.0000	6.8000
E	434.819	90.000	44.0892	352.3187	0.0909	0.1644	0.0000	6.8000
dPolE	434.819	90.000	93.7114	1.0000	0.0000	6.8000
uR	434.819	90.000	0.0062	1.0000	0.0000	6.8000
E	436.435	90.000	45.3864	353.5609	0.0970	0.1745	0.0000	6.8000
dPolE	436.435	90.000	91.5870	1.0000	0.0000	6.8000
uR	436.435	90.000	0.0070	1.0000	0.0000	6.8000
E	438.051	90.000	45.3238	352.7360	0.0938	0.1673	0.0000	6.8000
dPolE	438.051	90.000	90.7347	1.0000	0.0000	6.8000
uR	438.051	90.000	0.0072	1.0000	0.0000	6.8000
E	439.667	90.000	45.0038	352.0987	0.0912	0.1608	0.0000	6.8000
dPolE	439.667	90.000	89.7143	1.0000	0.0000	6.8000
uR	439.667	90.000	0.0076	1.0000	0.0000	6.8000
E	441.283	90.000	44.6523	352.6302	0.0914	0.1596	0.0000	6.8000
dPolE	441.283	90.000	88.3271	1.0000	0.0000	6.8000
uR	441.283	90.000	0.0081	1.0000	0.0000	6.8000
E	442.899	90.000	45.0372	353.6343	0.0957	0.1664	0.0000	6.8000
dPolE	442.899	90.000	87.6729	1.0000	0.0000	6.8000
uR	442.899	90.000	0.0086	1.0000	0.0000	6.8000
E	444.515	90.000	45.7862	354.4522	0.0964	0.1678	0.0000	6.8000
dPolE	444.515	90.000	87.8092	1.0000	0.0000	6.8000
uR	444.515	90.000	0.0086	1.0000	0.0000	6.8000
E	446.131	90.000	44.9804	353.1062	0.0919	0.1606	0.0000	6.8000
dPolE	446.131	90.000	87.6745	1.0000	0.0000	6.8000
uR	446.131	90.000	0.0091	1.0000	0.0000	6.8000
E	447.747	90.000	44.7095	354.4935	0.0894	0.1561	0.0000	6.8000
dPolE	447.747	90.000	86.5843	1.0000	0.0000	6.8000
uR	447.747	90.000	0.0094	1.0000	0.0000	6.8000
E	449.363	90.000	44.8175	354.5020	0.0888	0.1544	0.0000	6.8000
dPolE	449.363	90.000	84.0119	1.0000	0.0000	6.8000
uR	449.363	90.000	0.0101	1.0000	0.0000	6.8000
E	450.979	90.000	45.1291	353.8114	0.0889	0.1529	0.0000	6.8000
dPolE	450.979	90.000	81.6589	1.0000	0.0000	6.8000
uR	450.979	90.000	0.0103	1.0000	0.0000	6.8000
E	452.594	90.000	45.0906	352.9639	0.0889	0.1512	0.0000	6.8000
dPolE	452.594	90.000	80.4220	1.0000	0.0000	6.8000
uR	452.594	90.000	0.0107	1.0000	0.0000	6.8000
E	454.210	90.000	44.7728	353.6908	0.0855	0.1438	0.0000	6.8000
dPolE	454.210	90.000	81.5253	1.0000	0.0000	6.8000
uR	454.210	90.000	0.0112	1.0000	0.0000	6.8000
E	455.826	90.000	44.6074	353.5943	0.0879	0.1472	0.0000	6.8000
dPolE	455.826	90.000	79.5899	1.0000	0.0000	6.8000
uR	455.826	90.000	0.0117	1.0000	0.0000	6.8000
E	457.442	90.000	44.8566	353.5386	0.0846	0.1420	0.0000	6.8000
dPolE	457.442	90.000	79.6561	1.0000	0.0000	6.8000
uR	457.442	90.000	0.0116	1.0000	0.0000	6.8000
E	459.058	90.000	44.7097	353.5688	0.0827	0.1391	0.0000	6.8000
dPolE	459.058	90.000	77.0672	1.0000	0.0000	6.8000
uR	459.058	90.000	0.0122	1.0000	0.0000	6.8000
E	460.674	90.000	44.9126	354.4788	0.0802	0.1350	0.0000	6.8000
dPolE	460.674	90.000	75.8522	1.0000	0.0000	6.8000
uR	460.674	90.000	0.0125	1.0000	0.0000	6.8000
E	462.290	90.000	44.8533	353.9931	0.0775	0.1299	0.0000	6.8000
dPolE	462.290	90.000	73.6658	1.0000	0.0000	6.8000
uR	462.290	90.000	0.0129	1.0000	0.0000	6.8000
E	463.906	90.000	45.0743	354.3434	0.0773	0.1284	0.0000	6.8000
dPolE	463.906	90.000	71.1615	1.0000	0.0000	6.8000
uR	463.906	90.000	0.0134	1.0000	0.0000	6.8000
E	465.521	90.000	44.8668	354.2913	0.0777	0.1276	0.0000	6.8000
dPolE	465.521	90.000	68.6135	1.0000	0.0000	6.8000
uR	465.521	90.000	0.0137	1.0000	0.0000	6.8000
E	467.137	90.000	44.9382	354.0276	0.0744	0.1206	0.0000	6.8000
dPolE	467.137	90.000	66.9837	1.0000	0.0000	6.8000
uR	467.137	90.000	0.0138	1.0000	0.0000	6.8000
E	468.753	90.000	44.9214	353.7361	0.0723	0.1164	0.0000	6.8000
dPolE	468.753	90.000	63.1204	1.0000	0.0000	6.8000
uR	468.753	90.000	0.0140	1.0000	0.0000	6.8000
E	470.369	90.000	44.8618	354.0702	0.0726	0.1167	0.0000	6.8000
dPolE	470.369	90.000	64.4865	1.0000	0.0000	6.8000
uR	470.369	90.000	0.0144	1.0000	0.0000	6.8000
E	471.985	90.000	44.6899	353.9330	0.0751	0.1209	0.0000	6.8000
dPolE	471.985	90.000	66.4975	1.0000	0.0000	6.8000
uR	471.985	90.000	0.0148	1.0000	0.0000	6.8000
E	473.600	90.000	44.8747	354.6028	0.0722	0.1165	0.0000	6.8000
dPolE	473.600	90.000	65.4329	1.0000	0.0000	6.8000
uR	473.600	90.000	0.0152	1.0000	0.0000	6.8000
E	475.216	90.000	44.7995	354.0496	0.0751	0.1211	0.0000	6.8000
dPolE	475.216	90.000	67.6352	1.0000	0.0000	6.8000
uR	475.216	90.000	0.0157	1.0000	0.0000	6.8000
E	476.832	90.000	45.0705	354.2283	0.0759	0.1218	0.0000	6.8000
dPolE	476.832	90.000	70.1998	1.0000	0.0000	6.8000
uR	476.832	90.000	0.0158	1.0000	0.0000	6.8000
E	478.448	90.000	44.8284	354.4591	0.0767	0.1219	0.0000	6.8000
dPolE	478.448	90.000	69.5593	1.0000	0.0000	6.8000
uR	478.448	90.000	0.0161	1.0000	0.0000	6.8000
E	480.063	90.000	44.8853	354.4578	0.0793	0.1247	0.0000	6.8000
dPolE	480.063	90.000	67.7273	1.0000	0.0000	6.8000
uR	480.063	90.000	0.0165	1.0000	0.0000	6.8000
E	481.679	90.000	44.7121	354.4658	0.0719	0.1115	0.0000	6.8000
dPolE	481.679	90.000	67.8640	1.0000	0.0000	6.8000
uR	481.679	90.000	0.0166	1.0000	0.0000	6.8000
E	483.294	90.000	44.7106	354.4531	0.0748	0.1152	0.0000	6.8000
dPolE	483.294	90.000	63.9994	1.0000	0.0000	6.8000
uR	483.294	90.000	0.0168	1.0000	0.0000	6.8000
E	484.910	90.000	44.7898	354.6256	0.0759	0.1165	0.0000	6.8000
dPolE	484.910	90.000	65.7301	1.0000	0.0000	6.8000
uR	484.910	90.000	0.0172	1.0000	0.0000	6.8000
E	486.526	90.000	44.8137	354.8078	0.0723	0.1110	0.0000	6.8000
dPolE	486.526	90.000	68.1825	1.0000	0.0000	6.8000
uR	486.526	90.000	0.0175	1.0000	0.0000	6.8000
E	488.141	90.000	44.8893	354.6347	0.0787	0.1212	0.0000	6.8000
dPolE	488.141	90.000	66.0217	1.0000	0.0000	6.8000
uR	488.141	90.000	0.0178	1.0000	0.0000	6.8000
E	489.757	90.000	45.1530	354.5690	0.0775	0.1194	0.0000	6.8000
dPolE	489.757	90.000	66.1130	1.0000	0.0000	6.8000
uR	489.757	90.000	0.0178	1.0000	0.0000	6.8000
E	491.372	90.000	44.7434	354.6383	0.0778	0.1195	0.0000	6.8000
dPolE	491.372	90.000	64.2994	1.0000	0.0000	6.8000
uR	491.372	90.000	0.0181	1.0000	0.0000	6.8000
E	492.988	90.000	44.8338	354.4949	0.0693	0.1058	0.0000	6.8000
dPolE	492.988	90.000	62.2574	1.0000	0.0000	6.8000
uR	492.988	90.000	0.0185	1.0000	0.0000	6.8000
E	494.603	90.000	44.8501	354.7929	0.0743	0.1124	0.0000	6.8000
dPolE	494.603	90.000	62.3947	1.0000	0.0000	6.8000
uR	494.603	90.000	0.0188	1.0000	0.0000	6.8000
E	496.219	90.000	44.8724	354.9345	0.0790	0.1179	0.0000	6.8000
dPolE	496.219	90.000	64.1852	1.0000	0.0000	6.8000
uR	496.219	90.000	0.0188	1.0000	0.0000	6.8000
E	497.834	90.000	44.6512	355.1339	0.0764	0.1128	0.0000	6.8000
dPolE	497.834	90.000	62.8123	1.0000	0.0000	6.8000
uR	497.834	90.000	0.0193	1.0000	0.0000	6.8000
E	499.450	90.000	44.9508	354.7508	0.0763	0.1120	0.0000	6.8000
dPolE	499.450	90.000	63.6599	1.0000	0.0000	6.8000
uR	499.450	90.000	0.0192	1.0000	0.0000	6.8000
E	501.065	90.000	44.9074	354.9678	0.0767	0.1121	0.0000	6.8000
dPolE	501.065	90.000	65.1519	1.0000	0.0000	6.8000
uR	501.065	90.000	0.0192	1.0000	0.0000	6.8000
E	502.680	90.000	44.8664	355.0520	0.0772	0.1128	0.0000	6.8000
dPolE	502.680	90.000	64.5654	1.0000	0.0000	6.8000
uR	502.680	90.000	0.0193	1.0000	0.0000	6.8000
E	504.296	90.000	44.6971	354.6145	0.0774	0.1134	0.0000	6.8000
dPolE	504.296	90.000	63.5583	1.0000	0.0000	6.8000
uR	504.296	90.000	0.0196	1.0000	0.0000	6.8000
E	505.911	90.000	44.9223	355.0906	0.0760	0.1114	0.0000	6.8000
dPolE	505.911	90.000	64.0821	1.0000	0.0000	6.8000
uR	505.911	90.000	0.0198	1.0000	0.0000	6.8000
E	507.526	90.000	44.8795	355.0678	0.0777	0.1137	0.0000	6.8000
dPolE	507.526	90.000	61.2324	1.0000	0.0000	6.8000
uR	507.526	90.000	0.0203	1.0000	0.0000	6.8000
E	509.141	90.000	44.9385	355.1038	0.0770	0.1121	0.0000	6.8000
dPolE	509.141	90.000	61.1141	1.0000	0.0000	6.8000
uR	509.141	90.000	0.0202	1.0000	0.0000	6.8000
E	510.756	90.000	44.8503	355.0385	0.0766	0.1105	0.0000	6.8000
dPolE	510.756	90.000	61.3977	1.0000	0.0000	6.8000
uR	510.756	90.000	0.0207	1.0000	0.0000	6.8000
E	512.372	90.000	44.9136	354.9869	0.0739	0.1054	0.0000	6.8000
dPolE	512.372	90.000	61.5763	1.0000	0.0000	6.8000
uR	512.372	90.000	0.0214	1.0000	0.0000	6.8000
E	513.987	90.000	44.6048	355.2755	0.0780	0.1101	0.0000	6.8000
dPolE	513.987	90.000	61.9285	1.0000	0.0000	6.8000
uR	513.987	90.000	0.0222	1.0000	0.0000	6.8000
E	515.602	90.000	44.8320	354.9817	0.0828	0.1160	0.0000	6.8000
dPolE	515.602	90.000	62.2645	1.0000	0.0000	6.8000
uR	515.602	90.000	0.0230	1.0000	0.0000	6.8000
E	517.217	90.000	44.8011	354.8123	0.0839	0.1169	0.0000	6.8000
dPolE	517.217	90.000	62.4796	1.0000	0.0000	6.8000
uR	517.217	90.000	0.0229	1.0000	0.0000	6.8000
E	518.832	90.000	44.7303	355.1527	0.0871	0.1209	0.0000	6.8000
dPolE	518.832	90.000	64.5324	1.0000	0.0000	6.8000
uR	518.832	90.000	0.0217	1.0000	0.0000	6.8000
E	520.447	90.000	45.0998	354.9992	0.0852	0.1182	0.0000	6.8000
dPolE	520.447	90.000	66.4711	1.0000	0.0000	6.8000
uR	520.447	90.000	0.0205	1.0000	0.0000	6.8000
E	522.062	90.000	45.2118	354.8872	0.0839	0.1166	0.0000	6.8000
dPolE	522.062	90.000	63.7396	1.0000	0.0000	6.8000
uR	522.062	90.000	0.0200	1.0000	0.0000	6.8000
E	523.677	90.000	45.0854	355.3932	0.0794	0.1103	0.0000	6.8000
dPolE	523.677	90.000	61.3065	1.0000	0.0000	6.8000
uR	523.677	90.000	0.0208	1.0000	0.0000	6.8000
E	525.292	90.000	44.9564	355.5360	0.0778	0.1078	0.0000	6.8000
dPolE	525.292	90.000	59.7436	1.0000	0.0000	6.8000
uR	525.292	90.000	0.0216	1.0000	0.0000	6.8000
E	526.907	90.000	44.7742	355.2586	0.0775	0.1070	0.0000	6.8000
dPolE	526.907	90.000	57.9599	1.0000	0.0000	6.8000
uR	526.907	90.000	0.0219	1.0000	0.0000	6.8000
E	528.521	90.000	44.6437	355.0638	0.0772	0.1058	0.0000	6.8000
dPolE	528.521	90.000	59.6658	1.0000	0.0000	6.8000
uR	528.521	90.000	0.0219	1.0000	0.0000	6.8000
E	530.136	90.000	45.1136	355.2369	0.0828	0.1123	0.0000	6.8000
dPolE	530.136	90.000	57.4973	1.0000	0.0000	6.8000
uR	530.136	90.000	0.0219	1.0000	0.0000	6.8000
E	531.751	90.000	44.9440	355.4693	0.0784	0.1053	0.0000	6.8000
dPolE	531.751	90.000	60.1734	1.0000	0.0000	6.8000
uR	531.751	90.000	0.0218	1.0000	0.0000	6.8000
E	533.366	90.000	44.6313	355.4579	0.0797	0.1061	0.0000	6.8000
dPolE	533.366	90.000	58.7749	1.0000	0.0000	6.8000
uR	533.366	90.000	0.0222	1.0000	0.0000	6.8000
E	534.980	90.000	44.9402	355.7533	0.0782	0.1034	0.0000	6.8000
dPolE	534.980	90.000	57.4332	1.0000	0.0000	6.8000
uR	534.980	90.000	0.0223	1.0000	0.0000	6.8000
E	536.595	90.000	44.9725	355.1677	0.0806	0.1063	0.0000	6.8000
dPolE	536.595	90.000	58.0310	1.0000	0.0000	6.8000
uR	536.595	90.000	0.0223	1.0000	0.0000	6.8000
E	538.210	90.000	44.8345	355.3048	0.0790	0.1039	0.0000	6.8000
dPolE	538.210	90.000	59.3761	1.0000	0.0000	6.8000
uR	538.210	90.000	0.0226	1.0000	0.0000	6.8000
E	539.824	90.000	44.9676	355.7253	0.0789	0.1037	0.0000	6.8000
dPolE	539.824	90.000	57.7936	1.0000	0.0000	6.8000
uR	539.824	90.000	0.0222	1.0000	0.0000	6.8000
E	541.439	90.000	45.0397	355.5359	0.0826	0.1088	0.0000	6.8000
dPolE	541.439	90.000	57.6166	1.0000	0.0000	6.8000
uR	541.439	90.000	0.0224	1.0000	0.0000	6.8000
E	543.053	90.000	44.8390	355.5380	0.0792	0.1042	0.0000	6.8000
dPolE	543.053	90.000	58.4986	1.0000	0.0000	6.8000
uR	543.053	90.000	0.0225	1.0000	0.0000	6.8000
E	544.668	90.000	44.9369	355.3756	0.0809	0.1063	0.0000	6.8000
dPolE	544.668	90.000	56.9027	1.0000	0.0000	6.8000
uR	544.668	90.000	0.0222	1.0000	0.0000	6.8000
E	546.282	90.000	44.6714	355.7388	0.0794	0.1037	0.0000	6.8000
dPolE	546.282	90.000	59.1281	1.0000	0.0000	6.8000
uR	546.282	90.000	0.0223	1.0000	0.0000	6.8000
E	547.896	90.000	44.9476	355.9030	0.0826	0.1071	0.0000	6.8000
dPolE	547.896	90.000	56.4140	1.0000	0.0000	6.8000
uR	547.896	90.000	0.0227	1.0000	0.0000	6.8000
E	549.511	90.000	44.8368	355.6317	0.0776	0.0999	0.0000	6.8000
dPolE	549.511	90.000	56.4238	1.0000	0.0000	6.8000
uR	549.511	90.000	0.0228	1.0000	0.0000	6.8000
E	551.125	90.000	45.0228	355.6250	0.0782	0.0996	0.0000	6.8000
dPolE	551.125	90.000	56.1213	1.0000	0.0000	6.8000
uR	551.125	90.000	0.0227	1.0000	0.0000	6.8000
E	552.739	90.000	44.8514	355.8114	0.0803	0.1012	0.0000	6.8000
dPolE	552.739	90.000	55.1365	1.0000	0.0000	6.8000
uR	552.739	90.000	0.0229	1.0000	0.0000	6.8000
E	554.353	90.000	44.9325	355.6556	0.0807	0.1012	0.0000	6.8000
dPolE	554.353	90.000	57.1225	1.0000	0.0000	6.8000
uR	554.353	90.000	0.0228	1.0000	0.0000	6.8000
E	555.968	90.000	44.8484	355.8891	0.0824	0.1027	0.0000	6.8000
dPolE	555.968	90.000	55.1415	1.0000	0.0000	6.8000
uR	555.968	90.000	0.0228	1.0000	0.0000	6.8000
E	557.582	90.000	44.9791	355.8288	0.0792	0.0984	0.0000	6.8000
dPolE	557.582	90.000	52.9080	1.0000	0.0000	6.8000
uR	557.582	90.000	0.0233	1.0000	0.0000	6.8000
E	559.196	90.000	44.9298	355.7775	0.0835	0.1037	0.0000	6.8000
dPolE	559.196	90.000	54.8678	1.0000	0.0000	6.8000
uR	559.196	90.000	0.0230	1.0000	0.0000	6.8000
E	560.810	90.000	44.8973	355.7966	0.0799	0.0992	0.0000	6.8000
dPolE	560.810	90.000	55.8568	1.0000	0.0000	6.8000
uR	560.810	90.000	0.0231	1.0000	0.0000	6.8000
E	562.424	90.000	45.0594	356.0103	0.0824	0.1024	0.0000	6.8000
dPolE	562.424	90.000	53.3153	1.0000	0.0000	6.8000
uR	562.424	90.000	0.0233	1.0000	0.0000	6.8000
E	564.038	90.000	45.2253	356.0000	0.0844	0.1048	0.0000	6.8000
dPolE	564.038	90.000	52.7900	1.0000	0.0000	6.8000
uR	564.038	90.000	0.0231	1.0000	0.0000	6.8000
E	565.651	90.000	44.8662	355.7864	0.0806	0.0999	0.0000	6.8000
dPolE	565.651	90.000	55.0488	1.0000	0.0000	6.8000
uR	565.651	90.000	0.0234	1.0000	0.0000	6.8000
E	567.265	90.000	45.0509	356.0701	0.0817	0.1008	0.0000	6.8000
dPolE	567.265	90.000	52.6408	1.0000	0.0000	6.8000
uR	567.265	90.000	0.0230	1.0000	0.0000	6.8000
E	568.879	90.000	44.8274	355.9979	0.0832	0.1020	0.0000	6.8000
dPolE	568.879	90.000	52.5750	1.0000	0.0000	6.8000
uR	568.879	90.000	0.0234	1.0000	0.0000	6.8000
E	570.493	90.000	44.9215	356.2744	0.0838	0.1018	0.0000	6.8000
dPolE	570.493	90.000	51.3875	1.0000	0.0000	6.8000
uR	570.493	90.000	0.0232	1.0000	0.0000	6.8000
E	572.106	90.000	44.6253	355.9203	0.0800	0.0965	0.0000	6.8000
dPolE	572.106	90.000	50.5456	1.0000	0.0000	6.8000
uR	572.106	90.000	0.0230	1.0000	0.0000	6.8000
E	573.720	90.000	44.9340	356.3239	0.0844	0.1008	0.0000	6.8000
dPolE	573.720	90.000	50.2099	1.0000	0.0000	6.8000
uR	573.720	90.000	0.0231	1.0000	0.0000	6.8000
E	575.333	90.000	45.0364	355.7286	0.0871	0.1033	0.0000	6.8000
dPolE	575.333	90.000	51.7535	1.0000	0.0000	6.8000
uR	575.333	90.000	0.0230	1.0000	0.0000	6.8000
E	576.947	90.000	45.1352	356.0698	0.0825	0.0972	0.0000	6.8000
dPolE	576.947	90.000	51.7517	1.0000	0.0000	6.8000
uR	576.947	90.000	0.0236	1.0000	0.0000	6.8000
E	578.560	90.000	44.9907	356.1599	0.0858	0.1007	0.0000	6.8000
dPolE	578.560	90.000	51.2971	1.0000	0.0000	6.8000
uR	578.560	90.000	0.0234	1.0000	0.0000	6.8000
E	580.174	90.000	45.0057	356.2020	0.0828	0.0968	0.0000	6.8000
dPolE	580.174	90.000	50.5733	1.0000	0.0000	6.8000
uR	580.174	90.000	0.0235	1.0000	0.0000	6.8000
E	581.787	90.000	45.0979	356.4507	0.0831	0.0971	0.0000	6.8000
dPolE	581.787	90.000	51.7250	1.0000	0.0000	6.8000
uR	581.787	90.000	0.0235	1.0000	0.0000	6.8000
E	583.400	90.000	44.8316	356.4633	0.0839	0.0980	0.0000	6.8000
dPolE	583.400	90.000	51.7685	1.0000	0.0000	6.8000
uR	583.400	90.000	0.0232	1.0000	0.0000	6.8000
E	585.014	90.000	44.6307	356.4727	0.0861	0.1007	0.0000	6.8000
dPolE	585.014	90.000	51.3280	1.0000	0.0000	6.8000
uR	585.014	90.000	0.0231	1.0000	0.0000	6.8000
E	586.627	90.000	44.7464	356.4279	0.0848	0.0991	0.0000	6.8000
dPolE	586.627	90.000	50.8863	1.0000	0.0000	6.8000
uR	586.627	90.000	0.0232	1.0000	0.0000	6.8000
E	588.240	90.000	44.9840	356.0833	0.0829	0.0967	0.0000	6.8000
dPolE	588.240	90.000	51.2049	1.0000	0.0000	6.8000
uR	588.240	90.000	0.0234	1.0000	0.0000	6.8000
E	589.853	90.000	44.9163	356.5915	0.0859	0.0998	0.0000	6.8000
dPolE	589.853	90.000	50.2188	1.0000	0.0000	6.8000
uR	589.853	90.000	0.0234	1.0000	0.0000	6.8000
E	591.466	90.000	44.7669	356.2162	0.0870	0.1005	0.0000	6.8000
dPolE	591.466	90.000	51.2791	1.0000	0.0000	6.8000
uR	591.466	90.000	0.0233	1.0000	0.0000	6.8000
E	593.079	90.000	44.7859	356.4769	0.0875	0.1004	0.0000	6.8000
dPolE	593.079	90.000	50.5671	1.0000	0.0000	6.8000
uR	593.079	90.000	0.0232	1.0000	0.0000	6.8000
E	594.692	90.000	44.8290	356.6068	0.0861	0.0979	0.0000	6.8000
dPolE	594.692	90.000	49.7734	1.0000	0.0000	6.8000
uR	594.692	90.000	0.0234	1.0000	0.0000	6.8000
E	596.305	90.000	44.9704	356.3566	0.0917	0.1035	0.0000	6.8000
dPolE	596.305	90.000	50.8309	1.0000	0.0000	6.8000
uR	596.305	90.000	0.0235	1.0000	0.0000	6.8000
E	597.918	90.000	44.7173	356.6179	0.0878	0.0984	0.0000	6.8000
dPolE	597.918	90.000	51.8749	1.0000	0.0000	6.8000
uR	597.918	90.000	0.0238	1.0000	0.0000	6.8000
E	599.530	90.000	45.0228	356.5094	0.0909	0.1011	0.0000	6.8000
dPolE	599.530	90.000	49.8391	1.0000	0.0000	6.8000
uR	599.530	90.000	0.0238	1.0000	0.0000	6.8000
E	601.143	90.000	44.9495	355.9714	0.0922	0.1022	0.0000	6.8000
dPolE	601.143	90.000	49.2520	1.0000	0.0000	6.8000
uR	601.143	90.000	0.0236	1.0000	0.0000	6.8000
E	602.755	90.000	44.9977	356.5338	0.0916	0.1010	0.0000	6.8000
dPolE	602.755	90.000	48.1089	1.0000	0.0000	6.8000
uR	602.755	90.000	0.0240	1.0000	0.0000	6.8000
E	604.368	90.000	44.8933	356.2975	0.0947	0.1041	0.0000	6.8000
dPolE	604.368	90.000	50.0199	1.0000	0.0000	6.8000
uR	604.368	90.000	0.0241	1.0000	0.0000	6.8000
E	605.981	90.000	45.0372	356.5786	0.0887	0.0974	0.0000	6.8000
dPolE	605.981	90.000	49.6081	1.0000	0.0000	6.8000
uR	605.981	90.000	0.0242	1.0000	0.0000	6.8000
E	607.593	90.000	45.0282	356.5069	0.0901	0.0990	0.0000	6.8000
dPolE	607.593	90.000	48.8343	1.0000	0.0000	6.8000
uR	607.593	90.000	0.0241	1.0000	0.0000	6.8000
E	609.205	90.000	44.5061	356.2968	0.0906	0.0997	0.0000	6.8000
dPolE	609.205	90.000	48.1191	1.0000	0.0000	6.8000
uR	609.205	90.000	0.0239	1.0000	0.0000	6.8000
E	610.818	90.000	44.9492	356.5034	0.0890	0.0977	0.0000	6.8000
dPolE	610.818	90.000	51.8149	1.0000	0.0000	6.8000
uR	610.818	90.000	0.0239	1.0000	0.0000	6.8000
E	612.430	90.000	44.9723	356.4583	0.0871	0.0955	0.0000	6.8000
dPolE	612.430	90.000	48.1562	1.0000	0.0000	6.8000
uR	612.430	90.000	0.0238	1.0000	0.0000	6.8000
E	614.042	90.000	44.8511	356.6060	0.0852	0.0931	0.0000	6.8000
dPolE	614.042	90.000	50.8500	1.0000	0.0000	6.8000
uR	614.042	90.000	0.0237	1.0000	0.0000	6.8000
E	615.654	90.000	44.6549	356.4300	0.0902	0.0982	0.0000	6.8000
dPolE	615.654	90.000	46.2250	1.0000	0.0000	6.8000
uR	615.654	90.000	0.0237	1.0000	0.0000	6.8000
E	617.266	90.000	44.9716	356.4547	0.0923	0.0999	0.0000	6.8000
dPolE	617.266	90.000	49.1272	1.0000	0.0000	6.8000
uR	617.266	90.000	0.0238	1.0000	0.0000	6.8000
E	618.878	90.000	45.1368	356.4963	0.0887	0.0954	0.0000	6.8000
dPolE	618.878	90.000	47.7424	1.0000	0.0000	6.8000
uR	618.878	90.000	0.0241	1.0000	0.0000	6.8000
E	620.490	90.000	44.8226	356.8159	0.0899	0.0959	0.0000	6.8000
dPolE	620.490	90.000	46.6263	1.0000	0.0000	6.8000
uR	620.490	90.000	0.0236	1.0000	0.0000	6.8000
E	622.102	90.000	44.8556	356.7560	0.0977	0.1036	0.0000	6.8000
dPolE	622.102	90.000	46.9010	1.0000	0.0000	6.8000
uR	622.102	90.000	0.0234	1.0000	0.0000	6.8000
E	623.714	90.000	44.8755	356.5130	0.0958	0.1009	0.0000	6.8000
dPolE	623.714	90.000	46.4787	1.0000	0.0000	6.8000
uR	623.714	90.000	0.0236	1.0000	0.0000	6.8000
E	625.325	90.000	44.8825	356.5870	0.0903	0.0944	0.0000	6.8000
dPolE	625.325	90.000	48.1194	1.0000	0.0000	6.8000
uR	625.325	90.000	0.0239	1.0000	0.0000	6.8000
E	626.937	90.000	44.7370	356.5625	0.0954	0.0993	0.0000	6.8000
dPolE	626.937	90.000	45.0004	1.0000	0.0000	6.8000
uR	626.937	90.000	0.0240	1.0000	0.0000	6.8000
E	628.548	90.000	44.8167	356.6623	0.0963	0.0998	0.0000	6.8000
dPolE	628.548	90.000	45.8629	1.0000	0.0000	6.8000
uR	628.548	90.000	0.0239	1.0000	0.0000	6.8000
E	630.160	90.000	44.9738	356.7557	0.0934	0.0964	0.0000	6.8000
dPolE	630.160	90.000	44.4565	1.0000	0.0000	6.8000
uR	630.160	90.000	0.0238	1.0000	0.0000	6.8000
E	631.771	90.000	44.7997	356.7384	0.0956	0.0986	0.0000	6.8000
dPolE	631.771	90.000	44.8624	1.0000	0.0000	6.8000
uR	631.771	90.000	0.0242	1.0000	0.0000	6.8000
E	633.383	90.000	45.0938	356.8960	0.0954	0.0983	0.0000	6.8000
dPolE	633.383	90.000	46.5292	1.0000	0.0000	6.8000
uR	633.383	90.000	0.0241	1.0000	0.0000	6.8000
E	634.994	90.000	45.2013	356.6025	0.0982	0.1012	0.0000	6.8000
dPolE	634.994	90.000	44.1863	1.0000	0.0000	6.8000
uR	634.994	90.000	0.0237	1.0000	0.0000	6.8000
E	636.605	90.000	44.9125	356.9822	0.0965	0.0994	0.0000	6.8000
dPolE	636.605	90.000	46.5743	1.0000	0.0000	6.8000
uR	636.605	90.000	0.0239	1.0000	0.0000	6.8000
E	638.216	90.000	44.7468	356.6830	0.1000	0.1030	0.0000	6.8000
dPolE	638.216	90.000	46.6313	1.0000	0.0000	6.8000
uR	638.216	90.000	0.0244	1.0000	0.0000	6.8000
E	639.827	90.000	45.0481	356.6718	0.0949	0.0975	0.0000	6.8000
dPolE	639.827	90.000	46.5915	1.0000	0.0000	6.8000
uR	639.827	90.000	0.0241	1.0000	0.0000	6.8000
E	641.438	90.000	44.9571	356.7406	0.0999	0.1023	0.0000	6.8000
dPolE	641.438	90.000	47.4310	1.0000	0.0000	6.8000
uR	641.438	90.000	0.0241	1.0000	0.0000	6.8000
E	643.049	90.000	44.9087	356.8912	0.1058	0.1080	0.0000	6.8000
dPolE	643.049	90.000	44.9183	1.0000	0.0000	6.8000
uR	643.049	90.000	0.0237	1.0000	0.0000	6.8000
E	644.660	90.000	44.5676	356.7611	0.1059	0.1077	0.0000	6.8000
dPolE	644.660	90.000	44.4054	1.0000	0.0000	6.8000
uR	644.660	90.000	0.0240	1.0000	0.0000	6.8000
E	646.271	90.000	45.1751	356.9074	0.0936	0.0944	0.0000	6.8000
dPolE	646.271	90.000	46.9210	1.0000	0.0000	6.8000
uR	646.271	90.000	0.0237	1.0000	0.0000	6.8000
E	647.881	90.000	44.9414	356.6862	0.1004	0.1008	0.0000	6.8000
dPolE	647.881	90.000	44.2237	1.0000	0.0000	6.8000
uR	647.881	90.000	0.0239	1.0000	0.0000	6.8000
E	649.492	90.000	44.8638	356.9091	0.0983	0.0979	0.0000	6.8000
dPolE	649.492	90.000	43.6477	1.0000	0.0000	6.8000
uR	649.492	90.000	0.0239	1.0000	0.0000	6.8000
E	651.103	90.000	45.0721	356.7061	0.1013	0.1002	0.0000	6.8000
dPolE	651.103	90.000	42.8740	1.0000	0.0000	6.8000
uR	651.103	90.000	0.0241	1.0000	0.0000	6.8000
E	652.713	90.000	44.9140	356.8393	0.0963	0.0947	0.0000	6.8000
dPolE	652.713	90.000	45.4530	1.0000	0.0000	6.8000
uR	652.713	90.000	0.0244	1.0000	0.0000	6.8000
E	654.323	90.000	45.1686	356.8464	0.1048	0.1023	0.0000	6.8000
dPolE	654.323	90.000	45.7202	1.0000	0.0000	6.8000
uR	654.323	90.000	0.0244	1.0000	0.0000	6.8000
E	655.934	90.000	44.6313	356.9067	0.1046	0.1018	0.0000	6.8000
dPolE	655.934	90.000	44.5899	1.0000	0.0000	6.8000
uR	655.934	90.000	0.0247	1.0000	0.0000	6.8000
E	657.544	90.000	44.9731	356.9891	0.1058	0.1026	0.0000	6.8000
dPolE	657.544	90.000	44.3576	1.0000	0.0000	6.8000
uR	657.544	90.000	0.0244	1.0000	0.0000	6.8000
E	659.154	90.000	44.9347	357.1112	0.1094	0.1059	0.0000	6.8000
dPolE	659.154	90.000	43.6331	1.0000	0.0000	6.8000
uR	659.154	90.000	0.0247	1.0000	0.0000	6.8000
E	660.764	90.000	45.1285	356.8980	0.1138	0.1099	0.0000	6.8000
dPolE	660.764	90.000	42.9748	1.0000	0.0000	6.8000
uR	660.764	90.000	0.0249	1.0000	0.0000	6.8000
E	662.374	90.000	45.2871	356.8496	0.1054	0.1018	0.0000	6.8000
dPolE	662.374	90.000	44.7066	1.0000	0.0000	6.8000
uR	662.374	90.000	0.0246	1.0000	0.0000	6.8000
E	663.984	90.000	44.7885	356.9395	0.1082	0.1043	0.0000	6.8000
dPolE	663.984	90.000	45.6038	1.0000	0.0000	6.8000
uR	663.984	90.000	0.0245	1.0000	0.0000	6.8000
E	665.594	90.000	44.8060	356.8706	0.1044	0.1008	0.0000	6.8000
dPolE	665.594	90.000	46.6536	1.0000	0.0000	6.8000
uR	665.594	90.000	0.0246	1.0000	0.0000	6.8000
E	667.204	90.000	44.6719	357.0339	0.1034	0.0997	0.0000	6.8000
dPolE	667.204	90.000	46.3315	1.0000	0.0000	6.8000
uR	667.204	90.000	0.0243	1.0000	0.0000	6.8000
E	668.813	90.000	45.1237	357.0600	0.1099	0.1057	0.0000	6.8000
dPolE	668.813	90.000	42.6168	1.0000	0.0000	6.8000
uR	668.813	90.000	0.0240	1.0000	0.0000	6.8000
E	670.423	90.000	44.8336	356.8016	0.1079	0.1036	0.0000	6.8000
dPolE	670.423	90.000	43.4940	1.0000	0.0000	6.8000
uR	670.423	90.000	0.0242	1.0000	0.0000	6.8000
E	672.032	90.000	44.9632	356.8837	0.1112	0.1066	0.0000	6.8000
dPolE	672.032	90.000	41.7301	1.0000	0.0000	6.8000
uR	672.032	90.000	0.0242	1.0000	0.0000	6.8000
E	673.642	90.000	44.8844	356.9513	0.1070	0.1022	0.0000	6.8000
dPolE	673.642	90.000	39.4870	1.0000	0.0000	6.8000
uR	673.642	90.000	0.0243	1.0000	0.0000	6.8000
E	675.251	90.000	44.8060	357.3322	0.1047	0.0994	0.0000	6.8000
dPolE	675.251	90.000	44.9721	1.0000	0.0000	6.8000
uR	675.251	90.000	0.0245	1.0000	0.0000	6.8000
E	676.860	90.000	45.0613	357.1185	0.1059	0.1002	0.0000	6.8000
dPolE	676.860	90.000	42.3885	1.0000	0.0000	6.8000
uR	676.860	90.000	0.0244	1.0000	0.0000	6.8000
E	678.469	90.000	45.2016	357.1562	0.1104	0.1037	0.0000	6.8000
dPolE	678.469	90.000	41.4143	1.0000	0.0000	6.8000
uR	678.469	90.000	0.0245	1.0000	0.0000	6.8000
E	680.079	90.000	44.8857	357.1931	0.1063	0.0993	0.0000	6.8000
dPolE	680.079	90.000	41.5992	1.0000	0.0000	6.8000
uR	680.079	90.000	0.0244	1.0000	0.0000	6.8000
E	681.688	90.000	44.7981	357.3888	0.1098	0.1018	0.0000	6.8000
dPolE	681.688	90.000	42.3617	1.0000	0.0000	6.8000
uR	681.688	90.000	0.0249	1.0000	0.0000	6.8000
E	683.296	90.000	44.7873	357.3391	0.1031	0.0950	0.0000	6.8000
dPolE	683.296	90.000	38.6727	1.0000	0.0000	6.8000
uR	683.296	90.000	0.0248	1.0000	0.0000	6.8000
E	684.905	90.000	45.0475	356.8429	0.1091	0.1001	0.0000	6.8000
dPolE	684.905	90.000	38.6718	1.0000	0.0000	6.8000
uR	684.905	90.000	0.0238	1.0000	0.0000	6.8000
E	686.514	90.000	45.1127	357.1024	0.1043	0.0950	0.0000	6.8000
dPolE	686.514	90.000	38.1740	1.0000	0.0000	6.8000
uR	686.514	90.000	0.0239	1.0000	0.0000	6.8000
E	688.123	90.000	45.0244	357.0252	0.1048	0.0952	0.0000	6.8000
dPolE	688.123	90.000	40.8916	1.0000	0.0000	6.8000
uR	688.123	90.000	0.0236	1.0000	0.0000	6.8000
E	689.731	90.000	44.8418	357.3014	0.1053	0.0952	0.0000	6.8000
dPolE	689.731	90.000	36.8302	1.0000	0.0000	6.8000
uR	689.731	90.000	0.0240	1.0000	0.0000	6.8000
E	691.340	90.000	44.6405	357.1440	0.1079	0.0974	0.0000	6.8000
dPolE	691.340	90.000	42.0060	1.0000	0.0000	6.8000
uR	691.340	90.000	0.0239	1.0000	0.0000	6.8000
E	692.948	90.000	44.7851	357.1920	0.1113	0.1003	0.0000	6.8000
dPolE	692.948	90.000	39.0898	1.0000	0.0000	6.8000
uR	692.948	90.000	0.0243	1.0000	0.0000	6.8000
E	694.556	90.000	45.1664	357.1659	0.1126	0.1014	0.0000	6.8000
dPolE	694.556	90.000	42.3872	1.0000	0.0000	6.8000
uR	694.556	90.000	0.0240	1.0000	0.0000	6.8000
E	696.164	90.000	44.7108	357.3012	0.1193	0.1074	0.0000	6.8000
dPolE	696.164	90.000	43.1987	1.0000	0.0000	6.8000
uR	696.164	90.000	0.0238	1.0000	0.0000	6.8000
E	697.772	90.000	44.4829	357.3679	0.1232	0.1109	0.0000	6.8000
dPolE	697.772	90.000	43.6948	1.0000	0.0000	6.8000
uR	697.772	90.000	0.0238	1.0000	0.0000	6.8000
E	699.380	90.000	44.9562	357.4713	0.1274	0.1146	0.0000	6.8000
dPolE	699.380	90.000	43.5902	1.0000	0.0000	6.8000
uR	699.380	90.000	0.0238	1.0000	0.0000	6.8000
E	700.988	90.000	44.9481	357.1609	0.1218	0.1094	0.0000	6.8000
dPolE	700.988	90.000	42.6778	1.0000	0.0000	6.8000
uR	700.988	90.000	0.0239	1.0000	0.0000	6.8000
E	702.596	90.000	44.7999	357.3170	0.1230	0.1103	0.0000	6.8000
dPolE	702.596	90.000	43.2670	1.0000	0.0000	6.8000
uR	702.596	90.000	0.0241	1.0000	0.0000	6.8000
E	704.204	90.000	45.1066	357.0806	0.1315	0.1178	0.0000	6.8000
dPolE	704.204	90.000	43.5180	1.0000	0.0000	6.8000
uR	704.204	90.000	0.0238	1.0000	0.0000	6.8000
E	705.811	90.000	44.9013	357.0117	0.1289	0.1149	0.0000	6.8000
dPolE	705.811	90.000	45.0737	1.0000	0.0000	6.8000
uR	705.811	90.000	0.0238	1.0000	0.0000	6.8000
E	707.419	90.000	44.9701	357.4801	0.1258	0.1118	0.0000	6.8000
dPolE	707.419	90.000	42.5849	1.0000	0.0000	6.8000
uR	707.419	90.000	0.0245	1.0000	0.0000	6.8000
E	709.026	90.000	45.1121	357.4264	0.1248	0.1105	0.0000	6.8000
dPolE	709.026	90.000	39.6553	1.0000	0.0000	6.8000
uR	709.026	90.000	0.0244	1.0000	0.0000	6.8000
E	710.634	90.000	45.3319	357.3849	0.1213	0.1069	0.0000	6.8000
dPolE	710.634	90.000	40.1289	1.0000	0.0000	6.8000
uR	710.634	90.000	0.0254	1.0000	0.0000	6.8000
E	712.241	90.000	44.6659	357.3466	0.1188	0.1042	0.0000	6.8000
dPolE	712.241	90.000	42.0986	1.0000	0.0000	6.8000
uR	712.241	90.000	0.0272	1.0000	0.0000	6.8000
E	713.848	90.000	44.9801	357.1974	0.1358	0.1184	0.0000	6.8000
dPolE	713.848	90.000	42.6718	1.0000	0.0000	6.8000
uR	713.848	90.000	0.0268	1.0000	0.0000	6.8000
E	715.455	90.000	44.6549	356.9220	0.1454	0.1261	0.0000	6.8000
dPolE	715.455	90.000	48.2356	1.0000	0.0000	6.8000
uR	715.455	90.000	0.0231	1.0000	0.0000	6.8000
E	717.062	90.000	44.5508	357.4037	0.1442	0.1243	0.0000	6.8000
dPolE	717.062	90.000	44.0228	1.0000	0.0000	6.8000
uR	717.062	90.000	0.0224	1.0000	0.0000	6.8000
E	718.669	90.000	44.5050	357.2031	0.1325	0.1139	0.0000	6.8000
dPolE	718.669	90.000	42.7003	1.0000	0.0000	6.8000
uR	718.669	90.000	0.0234	1.0000	0.0000	6.8000
E	720.276	90.000	44.9962	357.2591	0.1321	0.1130	0.0000	6.8000
dPolE	720.276	90.000	43.8635	1.0000	0.0000	6.8000
uR	720.276	90.000	0.0249	1.0000	0.0000	6.8000
E	721.882	90.000	44.9496	357.3588	0.1344	0.1143	0.0000	6.8000
dPolE	721.882	90.000	46.9298	1.0000	0.0000	6.8000
uR	721.882	90.000	0.0247	1.0000	0.0000	6.8000
E	723.489	90.000	45.1745	357.2816	0.1407	0.1192	0.0000	6.8000
dPolE	723.489	90.000	42.0967	1.0000	0.0000	6.8000
uR	723.489	90.000	0.0242	1.0000	0.0000	6.8000
E	725.095	90.000	44.8704	357.2910	0.1443	0.1220	0.0000	6.8000
dPolE	725.095	90.000	42.6829	1.0000	0.0000	6.8000
uR	725.095	90.000	0.0251	1.0000	0.0000	6.8000
E	726.701	90.000	44.6496	357.2618	0.1391	0.1173	0.0000	6.8000
dPolE	726.701	90.000	43.8949	1.0000	0.0000	6.8000
uR	726.701	90.000	0.0248	1.0000	0.0000	6.8000
E	728.308	90.000	44.9386	357.1339	0.1341	0.1129	0.0000	6.8000
dPolE	728.308	90.000	41.9981	1.0000	0.0000	6.8000
uR	728.308	90.000	0.0248	1.0000	0.0000	6.8000
E	729.914	90.000	44.7420	357.4579	0.1368	0.1147	0.0000	6.8000
dPolE	729.914	90.000	41.2544	1.0000	0.0000	6.8000
uR	729.914	90.000	0.0246	1.0000	0.0000	6.8000
E	731.520	90.000	45.0430	357.4420	0.1317	0.1105	0.0000	6.8000
dPolE	731.520	90.000	38.1108	1.0000	0.0000	6.8000
uR	731.520	90.000	0.0248	1.0000	0.0000	6.8000
E	733.126	90.000	44.8278	357.3379	0.1238	0.1039	0.0000	6.8000
dPolE	733.126	90.000	40.0512	1.0000	0.0000	6.8000
uR	733.126	90.000	0.0248	1.0000	0.0000	6.8000
E	734.732	90.000	44.7727	357.5215	0.1262	0.1058	0.0000	6.8000
dPolE	734.732	90.000	37.7989	1.0000	0.0000	6.8000
uR	734.732	90.000	0.0249	1.0000	0.0000	6.8000
E	736.337	90.000	45.0445	357.4877	0.1323	0.1109	0.0000	6.8000
dPolE	736.337	90.000	42.6997	1.0000	0.0000	6.8000
uR	736.337	90.000	0.0251	1.0000	0.0000	6.8000
E	737.943	90.000	45.0242	357.2665	0.1286	0.1078	0.0000	6.8000
dPolE	737.943	90.000	42.4007	1.0000	0.0000	6.8000
uR	737.943	90.000	0.0246	1.0000	0.0000	6.8000
E	739.548	90.000	44.8421	357.4659	0.1356	0.1132	0.0000	6.8000
dPolE	739.548	90.000	39.4543	1.0000	0.0000	6.8000
uR	739.548	90.000	0.0242	1.0000	0.0000	6.8000
E	741.154	90.000	45.2824	357.4089	0.1292	0.1079	0.0000	6.8000
dPolE	741.154	90.000	39.2422	1.0000	0.0000	6.8000
uR	741.154	90.000	0.0243	1.0000	0.0000	6.8000
E	742.759	90.000	45.1299	357.4156	0.1314	0.1094	0.0000	6.8000
dPolE	742.759	90.000	38.3707	1.0000	0.0000	6.8000
uR	742.759	90.000	0.0242	1.0000	0.0000	6.8000
E	744.364	90.000	45.3531	357.4554	0.1392	0.1153	0.0000	6.8000
dPolE	744.364	90.000	37.4477	1.0000	0.0000	6.8000
uR	744.364	90.000	0.0245	1.0000	0.0000	6.8000
E	745.969	90.000	44.7829	357.6586	0.1352	0.1115	0.0000	6.8000
dPolE	745.969	90.000	42.3238	1.0000	0.0000	6.8000
uR	745.969	90.000	0.0247	1.0000	0.0000	6.8000
E	747.574	90.000	44.9058	357.1176	0.1445	0.1190	0.0000	6.8000
dPolE	747.574	90.000	41.1366	1.0000	0.0000	6.8000
uR	747.574	90.000	0.0244	1.0000	0.0000	6.8000
E	749.179	90.000	44.9820	357.0327	0.1464	0.1201	0.0000	6.8000
dPolE	749.179	90.000	43.6796	1.0000	0.0000	6.8000
uR	749.179	90.000	0.0242	1.0000	0.0000	6.8000
E	750.784	90.000	45.1163	357.7716	0.1484	0.1208	0.0000	6.8000
dPolE	750.784	90.000	40.1363	1.0000	0.0000	6.8000
uR	750.784	90.000	0.0238	1.0000	0.0000	6.8000
E	752.388	90.000	45.1561	357.4294	0.1558	0.1263	0.0000	6.8000
dPolE	752.388	90.000	40.9677	1.0000	0.0000	6.8000
uR	752.388	90.000	0.0236	1.0000	0.0000	6.8000
E	753.993	90.000	44.9566	357.4975	0.1518	0.1224	0.0000	6.8000
dPolE	753.993	90.000	42.3623	1.0000	0.0000	6.8000
uR	753.993	90.000	0.0241	1.0000	0.0000	6.8000
E	755.597	90.000	45.0686	357.5783	0.1453	0.1165	0.0000	6.8000
dPolE	755.597	90.000	39.5768	1.0000	0.0000	6.8000
uR	755.597	90.000	0.0244	1.0000	0.0000	6.8000
E	757.202	90.000	44.7188	357.7352	0.1498	0.1198	0.0000	6.8000
dPolE	757.202	90.000	42.1453	1.0000	0.0000	6.8000
uR	757.202	90.000	0.0240	1.0000	0.0000	6.8000
E	758.806	90.000	44.7757	357.7643	0.1495	0.1187	0.0000	6.8000
dPolE	758.806	90.000	42.5775	1.0000	0.0000	6.8000
uR	758.806	90.000	0.0235	1.0000	0.0000	6.8000
E	760.410	90.000	45.0708	357.5424	0.1576	0.1249	0.0000	6.8000
dPolE	760.410	90.000	39.6618	1.0000	0.0000	6.8000
uR	760.410	90.000	0.0228	1.0000	0.0000	6.8000
E	762.014	90.000	44.9376	357.5353	0.1320	0.1039	0.0000	6.8000
dPolE	762.014	90.000	37.6055	1.0000	0.0000	6.8000
uR	762.014	90.000	0.0236	1.0000	0.0000	6.8000
E	763.618	90.000	44.9175	357.4530	0.1162	0.0914	0.0000	6.8000
dPolE	763.618	90.000	29.8243	1.0000	0.0000	6.8000
uR	763.618	90.000	0.0246	1.0000	0.0000	6.8000
E	765.221	90.000	44.8264	357.4321	0.1113	0.0874	0.0000	6.8000
dPolE	765.221	90.000	29.8282	1.0000	0.0000	6.8000
uR	765.221	90.000	0.0246	1.0000	0.0000	6.8000
E	766.825	90.000	45.0619	357.5051	0.1160	0.0909	0.0000	6.8000
dPolE	766.825	90.000	31.0140	1.0000	0.0000	6.8000
uR	766.825	90.000	0.0245	1.0000	0.0000	6.8000
E	768.429	90.000	44.7192	357.5065	0.1416	0.1107	0.0000	6.8000
dPolE	768.429	90.000	40.4961	1.0000	0.0000	6.8000
uR	768.429	90.000	0.0232	1.0000	0.0000	6.8000
E	770.032	90.000	44.7092	357.6420	0.1527	0.1192	0.0000	6.8000
dPolE	770.032	90.000	45.9634	1.0000	0.0000	6.8000
uR	770.032	90.000	0.0238	1.0000	0.0000	6.8000
E	771.635	90.000	44.8568	357.4885	0.1608	0.1255	0.0000	6.8000
dPolE	771.635	90.000	42.1093	1.0000	0.0000	6.8000
uR	771.635	90.000	0.0249	1.0000	0.0000	6.8000
E	773.238	90.000	45.0643	357.6251	0.1695	0.1322	0.0000	6.8000
dPolE	773.238	90.000	40.6867	1.0000	0.0000	6.8000
uR	773.238	90.000	0.0257	1.0000	0.0000	6.8000
E	774.841	90.000	45.2440	357.6559	0.1775	0.1384	0.0000	6.8000
dPolE	774.841	90.000	41.7078	1.0000	0.0000	6.8000
uR	774.841	90.000	0.0256	1.0000	0.0000	6.8000
E	776.444	90.000	44.3955	357.4686	0.1939	0.1511	0.0000	6.8000
dPolE	776.444	90.000	48.3779	1.0000	0.0000	6.8000
uR	776.444	90.000	0.0256	1.0000	0.0000	6.8000
E	778.047	90.000	44.9814	357.4857	0.1851	0.1437	0.0000	6.8000
dPolE	778.047	90.000	48.3730	1.0000	0.0000	6.8000
uR	778.047	90.000	0.0254	1.0000	0.0000	6.8000
E	779.650	90.000	45.9352	357.5983	0.1840	0.1427	0.0000	6.8000
dPolE	779.650	90.000	44.6319	1.0000	0.0000	6.8000
uR	779.650	90.000	0.0264	1.0000	0.0000	6.8000
E	781.252	90.000	44.9246	357.3040	0.1830	0.1423	0.0000	6.8000
dPolE	781.252	90.000	43.8280	1.0000	0.0000	6.8000
uR	781.252	90.000	0.0270	1.0000	0.0000	6.8000
E	782.855	90.000	45.0218	357.7121	0.1775	0.1374	0.0000	6.8000
dPolE	782.855	90.000	48.4254	1.0000	0.0000	6.8000
uR	782.855	90.000	0.0281	1.0000	0.0000	6.8000
E	784.457	90.000	45.0779	357.8383	0.1926	0.1488	0.0000	6.8000
dPolE	784.457	90.000	44.6237	1.0000	0.0000	6.8000
uR	784.457	90.000	0.0277	1.0000	0.0000	6.8000
E	786.059	90.000	44.2879	358.1089	0.1842	0.1417	0.0000	6.8000
dPolE	786.059	90.000	44.0774	1.0000	0.0000	6.8000
uR	786.059	90.000	0.0275	1.0000	0.0000	6.8000
E	787.661	90.000	44.7833	357.5445	0.1802	0.1379	0.0000	6.8000
dPolE	787.661	90.000	42.3643	1.0000	0.0000	6.8000
uR	787.661	90.000	0.0261	1.0000	0.0000	6.8000
E	789.263	90.000	45.2212	357.3568	0.1614	0.1237	0.0000	6.8000
dPolE	789.263	90.000	45.5589	1.0000	0.0000	6.8000
uR	789.263	90.000	0.0247	1.0000	0.0000	6.8000
E	790.865	90.000	45.0381	357.7152	0.1638	0.1247	0.0000	6.8000
dPolE	790.865	90.000	43.4808	1.0000	0.0000	6.8000
uR	790.865	90.000	0.0241	1.0000	0.0000	6.8000
E	792.467	90.000	45.1104	357.6535	0.1777	0.1350	0.0000	6.8000
dPolE	792.467	90.000	41.8835	1.0000	0.0000	6.8000
uR	792.467	90.000	0.0239	1.0000	0.0000	6.8000
E	794.068	90.000	44.7021	357.4860	0.1815	0.1371	0.0000	6.8000
dPolE	794.068	90.000	45.1278	1.0000	0.0000	6.8000
uR	794.068	90.000	0.0249	1.0000	0.0000	6.8000
E	795.670	90.000	44.6699	357.7821	0.1818	0.1366	0.0000	6.8000
dPolE	795.670	90.000	42.3122	1.0000	0.0000	6.8000
uR	795.670	90.000	0.0258	1.0000	0.0000	6.8000
E	797.271	90.000	45.2766	357.8303	0.1767	0.1323	0.0000	6.8000
dPolE	797.271	90.000	40.6547	1.0000	0.0000	6.8000
uR	797.271	90.000	0.0262	1.0000	0.0000	6.8000
E	798.872	90.000	45.1220	357.4681	0.1735	0.1296	0.0000	6.8000
dPolE	798.872	90.000	36.4149	1.0000	0.0000	6.8000
uR	798.872	90.000	0.0264	1.0000	0.0000	6.8000
E	800.473	90.000	45.0608	357.5440	0.1720	0.1281	0.0000	6.8000
dPolE	800.473	90.000	41.6025	1.0000	0.0000	6.8000
uR	800.473	90.000	0.0262	1.0000	0.0000	6.8000
E	802.074	90.000	45.2610	357.5705	0.1891	0.1401	0.0000	6.8000
dPolE	802.074	90.000	41.6701	1.0000	0.0000	6.8000
uR	802.074	90.000	0.0256	1.0000	0.0000	6.8000
E	803.675	90.000	44.3910	357.6236	0.1799	0.1323	0.0000	6.8000
dPolE	803.675	90.000	44.3428	1.0000	0.0000	6.8000
uR	803.675	90.000	0.0269	1.0000	0.0000	6.8000
E	805.276	90.000	44.5259	357.5748	0.1841	0.1350	0.0000	6.8000
dPolE	805.276	90.000	41.7082	1.0000	0.0000	6.8000
uR	805.276	90.000	0.0268	1.0000	0.0000	6.8000
E	806.876	90.000	44.6883	357.9332	0.1932	0.1414	0.0000	6.8000
dPolE	806.876	90.000	45.1690	1.0000	0.0000	6.8000
uR	806.876	90.000	0.0253	1.0000	0.0000	6.8000
E	808.477	90.000	44.8730	358.0851	0.1903	0.1388	0.0000	6.8000
dPolE	808.477	90.000	43.5813	1.0000	0.0000	6.8000
uR	808.477	90.000	0.0246	1.0000	0.0000	6.8000
E	810.077	90.000	44.9260	357.4715	0.1758	0.1282	0.0000	6.8000
dPolE	810.077	90.000	39.4194	1.0000	0.0000	6.8000
uR	810.077	90.000	0.0258	1.0000	0.0000	6.8000
E	811.677	90.000	44.8452	357.5656	0.1813	0.1318	0.0000	6.8000
dPolE	811.677	90.000	41.1982	1.0000	0.0000	6.8000
uR	811.677	90.000	0.0267	1.0000	0.0000	6.8000
E	813.277	90.000	44.8485	357.7666	0.1833	0.1332	0.0000	6.8000
dPolE	813.277	90.000	41.7535	1.0000	0.0000	6.8000
uR	813.277	90.000	0.0252	1.0000	0.0000	6.8000
E	814.877	90.000	44.9871	357.8494	0.1791	0.1299	0.0000	6.8000
dPolE	814.877	90.000	40.3151	1.0000	0.0000	6.8000
uR	814.877	90.000	0.0247	1.0000	0.0000	6.8000
E	816.477	90.000	44.7174	357.8597	0.1727	0.1249	0.0000	6.8000
dPolE	816.477	90.000	37.4495	1.0000	0.0000	6.8000
uR	816.477	90.000	0.0249	1.0000	0.0000	6.8000
E	818.077	90.000	45.0314	357.9712	0.1468	0.1063	0.0000	6.8000
dPolE	818.077	90.000	32.4166	1.0000	0.0000	6.8000
uR	818.077	90.000	0.0230	1.0000	0.0000	6.8000
E	819.676	90.000	44.9491	357.8105	0.1135	0.0821	0.0000	6.8000
dPolE	819.676	90.000	25.0448	1.0000	0.0000	6.8000
uR	819.676	90.000	0.0204	1.0000	0.0000	6.8000
E	821.276	90.000	45.0569	357.6885	0.0746	0.0540	0.0000	6.8000
dPolE	821.276	90.000	12.5666	1.0000	0.0000	6.8000
uR	821.276	90.000	0.0208	1.0000	0.0000	6.8000
E	822.875	90.000	45.1501	357.7861	0.0538	0.0388	0.0000	6.8000
dPolE	822.875	90.000	6.9899	1.0000	0.0000	6.8000
uR	822.875	90.000	0.0233	1.0000	0.0000	6.8000
E	824.474	90.000	44.9280	357.7191	0.0444	0.0320	0.0000	6.8000
dPolE	824.474	90.000	4.1194	1.0000	0.0000	6.8000
uR	824.474	90.000	0.0250	1.0000	0.0000	6.8000
E	826.073	90.000	44.9090	357.7045	0.0474	0.0342	0.0000	6.8000
dPolE	826.073	90.000	3.5465	1.0000	0.0000	6.8000
uR	826.073	90.000	0.0245	1.0000	0.0000	6.8000
E	827.672	90.000	44.8108	357.7709	0.0566	0.0407	0.0000	6.8000
dPolE	827.672	90.000	7.7966	1.0000	0.0000	6.8000
uR	827.672	90.000	0.0237	1.0000	0.0000	6.8000
E	829.271	90.000	44.8423	357.7902	0.0650	0.0467	0.0000	6.8000
dPolE	829.271	90.000	9.2412	1.0000	0.0000	6.8000
uR	829.271	90.000	0.0251	1.0000	0.0000	6.8000
E	830.869	90.000	44.9872	357.7925	0.0803	0.0576	0.0000	6.8000
dPolE	830.869	90.000	15.1606	1.0000	0.0000	6.8000
uR	830.869	90.000	0.0235	1.0000	0.0000	6.8000
E	832.468	90.000	44.5357	357.7892	0.1002	0.0717	0.0000	6.8000
dPolE	832.468	90.000	26.8222	1.0000	0.0000	6.8000
uR	832.468	90.000	0.0216	1.0000	0.0000	6.8000
E	834.066	90.000	44.8792	357.6808	0.0982	0.0701	0.0000	6.8000
dPolE	834.066	90.000	22.8886	1.0000	0.0000	6.8000
uR	834.066	90.000	0.0226	1.0000	0.0000	6.8000
E	835.664	90.000	44.9621	357.6698	0.0924	0.0657	0.0000	6.8000
dPolE	835.664	90.000	21.6295	1.0000	0.0000	6.8000
uR	835.664	90.000	0.0235	1.0000	0.0000	6.8000
E	837.262	90.000	44.7080	357.7322	0.1066	0.0756	0.0000	6.8000
dPolE	837.262	90.000	23.4930	1.0000	0.0000	6.8000
uR	837.262	90.000	0.0241	1.0000	0.0000	6.8000
E	838.860	90.000	44.6121	357.8747	0.1274	0.0899	0.0000	6.8000
dPolE	838.860	90.000	31.9739	1.0000	0.0000	6.8000
uR	838.860	90.000	0.0233	1.0000	0.0000	6.8000
E	840.458	90.000	44.9977	357.7851	0.1358	0.0953	0.0000	6.8000
dPolE	840.458	90.000	40.5013	1.0000	0.0000	6.8000
uR	840.458	90.000	0.0242	1.0000	0.0000	6.8000
E	842.055	90.000	44.9706	357.7097	0.1402	0.0985	0.0000	6.8000
dPolE	842.055	90.000	40.5738	1.0000	0.0000	6.8000
uR	842.055	90.000	0.0260	1.0000	0.0000	6.8000
E	843.653	90.000	44.5472	357.7395	0.1538	0.1076	0.0000	6.8000
dPolE	843.653	90.000	46.2398	1.0000	0.0000	6.8000
uR	843.653	90.000	0.0247	1.0000	0.0000	6.8000
E	845.250	90.000	45.4820	357.7149	0.1857	0.1291	0.0000	6.8000
dPolE	845.250	90.000	55.2621	1.0000	0.0000	6.8000
uR	845.250	90.000	0.0237	1.0000	0.0000	6.8000
E	846.847	90.000	45.4929	357.7651	0.2278	0.1576	0.0000	6.8000
dPolE	846.847	90.000	49.1761	1.0000	0.0000	6.8000
uR	846.847	90.000	0.0255	1.0000	0.0000	6.8000
E	848.444	90.000	44.9248	357.8054	0.2436	0.1679	0.0000	6.8000
dPolE	848.444	90.000	58.2202	1.0000	0.0000	6.8000
uR	848.444	90.000	0.0257	1.0000	0.0000	6.8000
E	850.041	90.000	44.9890	358.1865	0.2610	0.1788	0.0000	6.8000
dPolE	850.041	90.000	63.7380	1.0000	0.0000	6.8000
uR	850.041	90.000	0.0253	1.0000	0.0000	6.8000
E	851.638	90.000	44.7279	357.2852	0.2549	0.1749	0.0000	6.8000
dPolE	851.638	90.000	63.0678	1.0000	0.0000	6.8000
uR	851.638	90.000	0.0251	1.0000	0.0000	6.8000
E	853.234	90.000	44.7377	358.2356	0.2739	0.1863	0.0000	6.8000
dPolE	853.234	90.000	61.2137	1.0000	0.0000	6.8000
uR	853.234	90.000	0.0253	1.0000	0.0000	6.8000
E	854.831	90.000	44.4095	358.2639	0.2809	0.1900	0.0000	6.8000
dPolE	854.831	90.000	59.0322	1.0000	0.0000	6.8000
uR	854.831	90.000	0.0244	1.0000	0.0000	6.8000
E	856.427	90.000	45.8087	358.1236	0.2730	0.1849	0.0000	6.8000
dPolE	856.427	90.000	62.0638	1.0000	0.0000	6.8000
uR	856.427	90.000	0.0235	1.0000	0.0000	6.8000
E	858.023	90.000	44.3354	357.0522	0.2739	0.1861	0.0000	6.8000
dPolE	858.023	90.000	55.1560	1.0000	0.0000	6.8000
uR	858.023	90.000	0.0252	1.0000	0.0000	6.8000
E	859.619	90.000	43.8658	357.9146	0.2630	0.1771	0.0000	6.8000
dPolE	859.619	90.000	57.7487	1.0000	0.0000	6.8000
uR	859.619	90.000	0.0239	1.0000	0.0000	6.8000
E	861.215	90.000	44.5766	357.6611	0.2605	0.1755	0.0000	6.8000
dPolE	861.215	90.000	57.8592	1.0000	0.0000	6.8000
uR	861.215	90.000	0.0232	1.0000	0.0000	6.8000
E	862.811	90.000	46.3806	357.9736	0.2566	0.1727	0.0000	6.8000
dPolE	862.811	90.000	49.3838	1.0000	0.0000	6.8000
uR	862.811	90.000	0.0245	1.0000	0.0000	6.8000
E	864.407	90.000	45.1246	358.1857	0.2399	0.1607	0.0000	6.8000
dPolE	864.407	90.000	53.3831	1.0000	0.0000	6.8000
uR	864.407	90.000	0.0248	1.0000	0.0000	6.8000
E	866.002	90.000	44.9399	357.9354	0.2323	0.1557	0.0000	6.8000
dPolE	866.002	90.000	49.2235	1.0000	0.0000	6.8000
uR	866.002	90.000	0.0251	1.0000	0.0000	6.8000
E	867.597	90.000	45.1508	357.9738	0.2270	0.1522	0.0000	6.8000
dPolE	867.597	90.000	39.3525	1.0000	0.0000	6.8000
uR	867.597	90.000	0.0254	1.0000	0.0000	6.8000
E	869.192	90.000	44.9453	357.9382	0.2244	0.1502	0.0000	6.8000
dPolE	869.192	90.000	37.9779	1.0000	0.0000	6.8000
uR	869.192	90.000	0.0254	1.0000	0.0000	6.8000
E	870.787	90.000	45.1279	357.7811	0.2030	0.1360	0.0000	6.8000
dPolE	870.787	90.000	37.5645	1.0000	0.0000	6.8000
uR	870.787	90.000	0.0251	1.0000	0.0000	6.8000
E	872.382	90.000	45.0965	357.7893	0.1918	0.1283	0.0000	6.8000
dPolE	872.382	90.000	34.3638	1.0000	0.0000	6.8000
uR	872.382	90.000	0.0242	1.0000	0.0000	6.8000
E	873.977	90.000	45.2155	357.7004	0.1696	0.1137	0.0000	6.8000
dPolE	873.977	90.000	33.8375	1.0000	0.0000	6.8000
uR	873.977	90.000	0.0235	1.0000	0.0000	6.8000
E	875.571	90.000	45.0800	358.0038	0.1619	0.1082	0.0000	6.8000
dPolE	875.571	90.000	30.8969	1.0000	0.0000	6.8000
uR	875.571	90.000	0.0233	1.0000	0.0000	6.8000
E	877.166	90.000	44.4462	357.8670	0.1297	0.0867	0.0000	6.8000
dPolE	877.166	90.000	32.5981	1.0000	0.0000	6.8000
uR	877.166	90.000	0.0215	1.0000	0.0000	6.8000
E	878.760	90.000	44.8824	358.1232	0.0968	0.0646	0.0000	6.8000
dPolE	878.760	90.000	15.9619	1.0000	0.0000	6.8000
uR	878.760	90.000	0.0216	1.0000	0.0000	6.8000
E	880.354	90.000	44.8187	357.9975	0.0675	0.0450	0.0000	6.8000
dPolE	880.354	90.000	7.9215	1.0000	0.0000	6.8000
uR	880.354	90.000	0.0224	1.0000	0.0000	6.8000
E	881.948	90.000	44.9659	357.9505	0.0525	0.0348	0.0000	6.8000
dPolE	881.948	90.000	5.7857	1.0000	0.0000	6.8000
uR	881.948	90.000	0.0246	1.0000	0.0000	6.8000
E	883.542	90.000	44.9381	357.9710	0.0500	0.0331	0.0000	6.8000
dPolE	883.542	90.000	4.3514	1.0000	0.0000	6.8000
uR	883.542	90.000	0.0258	1.0000	0.0000	6.8000
E	885.135	90.000	44.8647	357.9180	0.0566	0.0375	0.0000	6.8000
dPolE	885.135	90.000	4.9442	1.0000	0.0000	6.8000
uR	885.135	90.000	0.0242	1.0000	0.0000	6.8000
E	886.729	90.000	44.8431	357.9934	0.0760	0.0502	0.0000	6.8000
dPolE	886.729	90.000	10.2615	1.0000	0.0000	6.8000
uR	886.729	90.000	0.0227	1.0000	0.0000	6.8000
E	888.322	90.000	44.7643	357.9556	0.0969	0.0638	0.0000	6.8000
dPolE	888.322	90.000	22.3549	1.0000	0.0000	6.8000
uR	888.322	90.000	0.0223	1.0000	0.0000	6.8000
E	889.915	90.000	44.8494	357.8183	0.1141	0.0750	0.0000	6.8000
dPolE	889.915	90.000	22.7755	1.0000	0.0000	6.8000
uR	889.915	90.000	0.0222	1.0000	0.0000	6.8000
E	891.508	90.000	44.8953	357.9058	0.1159	0.0758	0.0000	6.8000
dPolE	891.508	90.000	22.9643	1.0000	0.0000	6.8000
uR	891.508	90.000	0.0230	1.0000	0.0000	6.8000
E	893.101	90.000	44.8383	357.9930	0.1064	0.0693	0.0000	6.8000
dPolE	893.101	90.000	20.1814	1.0000	0.0000	6.8000
uR	893.101	90.000	0.0229	1.0000	0.0000	6.8000
E	894.694	90.000	45.0543	357.9729	0.0880	0.0571	0.0000	6.8000
dPolE	894.694	90.000	13.3648	1.0000	0.0000	6.8000
uR	894.694	90.000	0.0250	1.0000	0.0000	6.8000
E	896.286	90.000	45.0522	357.9442	0.0850	0.0550	0.0000	6.8000
dPolE	896.286	90.000	14.9396	1.0000	0.0000	6.8000
uR	896.286	90.000	0.0249	1.0000	0.0000	6.8000
E	897.879	90.000	44.9993	358.0681	0.0940	0.0605	0.0000	6.8000
dPolE	897.879	90.000	16.3278	1.0000	0.0000	6.8000
uR	897.879	90.000	0.0241	1.0000	0.0000	6.8000
E	899.471	90.000	44.6726	357.9791	0.1098	0.0705	0.0000	6.8000
dPolE	899.471	90.000	26.1877	1.0000	0.0000	6.8000
uR	899.471	90.000	0.0227	1.0000	0.0000	6.8000
E	901.063	90.000	44.7998	357.8374	0.1173	0.0750	0.0000	6.8000
dPolE	901.063	90.000	21.4985	1.0000	0.0000	6.8000
uR	901.063	90.000	0.0228	1.0000	0.0000	6.8000
E	902.655	90.000	45.0037	357.9966	0.1033	0.0658	0.0000	6.8000
dPolE	902.655	90.000	15.2897	1.0000	0.0000	6.8000
uR	902.655	90.000	0.0241	1.0000	0.0000	6.8000
E	904.247	90.000	45.0897	357.9133	0.0963	0.0612	0.0000	6.8000
dPolE	904.247	90.000	12.8469	1.0000	0.0000	6.8000
uR	904.247	90.000	0.0254	1.0000	0.0000	6.8000
E	905.838	90.000	44.8176	358.1108	0.0938	0.0594	0.0000	6.8000
dPolE	905.838	90.000	17.1921	1.0000	0.0000	6.8000
uR	905.838	90.000	0.0244	1.0000	0.0000	6.8000
E	907.429	90.000	45.0393	358.0539	0.1058	0.0669	0.0000	6.8000
dPolE	907.429	90.000	21.9547	1.0000	0.0000	6.8000
uR	907.429	90.000	0.0230	1.0000	0.0000	6.8000
E	909.021	90.000	45.1316	357.9506	0.1323	0.0836	0.0000	6.8000
dPolE	909.021	90.000	27.4549	1.0000	0.0000	6.8000
uR	909.021	90.000	0.0213	1.0000	0.0000	6.8000
E	910.612	90.000	45.2417	358.0526	0.1541	0.0966	0.0000	6.8000
dPolE	910.612	90.000	28.4606	1.0000	0.0000	6.8000
uR	910.612	90.000	0.0214	1.0000	0.0000	6.8000
E	912.203	90.000	44.8363	357.9311	0.1448	0.0908	0.0000	6.8000
dPolE	912.203	90.000	30.1683	1.0000	0.0000	6.8000
uR	912.203	90.000	0.0208	1.0000	0.0000	6.8000
E	913.793	90.000	44.9070	357.8759	0.1116	0.0697	0.0000	6.8000
dPolE	913.793	90.000	21.6015	1.0000	0.0000	6.8000
uR	913.793	90.000	0.0218	1.0000	0.0000	6.8000
E	915.384	90.000	44.7815	358.0020	0.0899	0.0561	0.0000	6.8000
dPolE	915.384	90.000	13.5247	1.0000	0.0000	6.8000
uR	915.384	90.000	0.0230	1.0000	0.0000	6.8000
E	916.974	90.000	45.1093	357.9928	0.0824	0.0513	0.0000	6.8000
dPolE	916.974	90.000	11.3778	1.0000	0.0000	6.8000
uR	916.974	90.000	0.0237	1.0000	0.0000	6.8000
E	918.565	90.000	44.7410	357.9075	0.0900	0.0560	0.0000	6.8000
dPolE	918.565	90.000	14.5857	1.0000	0.0000	6.8000
uR	918.565	90.000	0.0240	1.0000	0.0000	6.8000
E	920.155	90.000	45.1158	357.9924	0.1068	0.0663	0.0000	6.8000
dPolE	920.155	90.000	19.4264	1.0000	0.0000	6.8000
uR	920.155	90.000	0.0228	1.0000	0.0000	6.8000
E	921.745	90.000	44.9981	358.1521	0.1300	0.0805	0.0000	6.8000
dPolE	921.745	90.000	25.3213	1.0000	0.0000	6.8000
uR	921.745	90.000	0.0230	1.0000	0.0000	6.8000
E	923.334	90.000	45.0538	358.0004	0.1543	0.0956	0.0000	6.8000
dPolE	923.334	90.000	28.5223	1.0000	0.0000	6.8000
uR	923.334	90.000	0.0240	1.0000	0.0000	6.8000
E	924.924	90.000	44.6587	358.0377	0.1881	0.1163	0.0000	6.8000
dPolE	924.924	90.000	38.4870	1.0000	0.0000	6.8000
uR	924.924	90.000	0.0228	1.0000	0.0000	6.8000
E	926.513	90.000	44.2032	358.2138	0.2124	0.1310	0.0000	6.8000
dPolE	926.513	90.000	47.6099	1.0000	0.0000	6.8000
uR	926.513	90.000	0.0230	1.0000	0.0000	6.8000
E	928.103	90.000	45.0081	358.1408	0.2278	0.1405	0.0000	6.8000
dPolE	928.103	90.000	43.9244	1.0000	0.0000	6.8000
uR	928.103	90.000	0.0231	1.0000	0.0000	6.8000
E	929.692	90.000	45.5065	357.7359	0.2326	0.1434	0.0000	6.8000
dPolE	929.692	90.000	44.8465	1.0000	0.0000	6.8000
uR	929.692	90.000	0.0243	1.0000	0.0000	6.8000
E	931.280	90.000	44.4927	358.1320	0.2433	0.1501	0.0000	6.8000
dPolE	931.280	90.000	42.5311	1.0000	0.0000	6.8000
uR	931.280	90.000	0.0250	1.0000	0.0000	6.8000
E	932.869	90.000	45.4001	358.0630	0.2534	0.1562	0.0000	6.8000
dPolE	932.869	90.000	36.1945	1.0000	0.0000	6.8000
uR	932.869	90.000	0.0254	1.0000	0.0000	6.8000
E	934.458	90.000	45.4064	358.1688	0.2436	0.1494	0.0000	6.8000
dPolE	934.458	90.000	41.1315	1.0000	0.0000	6.8000
uR	934.458	90.000	0.0254	1.0000	0.0000	6.8000
E	936.046	90.000	44.9704	357.9892	0.2188	0.1345	0.0000	6.8000
dPolE	936.046	90.000	42.8382	1.0000	0.0000	6.8000
uR	936.046	90.000	0.0245	1.0000	0.0000	6.8000
E	937.634	90.000	44.7796	358.1705	0.2255	0.1383	0.0000	6.8000
dPolE	937.634	90.000	36.4621	1.0000	0.0000	6.8000
uR	937.634	90.000	0.0242	1.0000	0.0000	6.8000
E	939.222	90.000	44.7546	357.9861	0.2125	0.1304	0.0000	6.8000
dPolE	939.222	90.000	40.4613	1.0000	0.0000	6.8000
uR	939.222	90.000	0.0247	1.0000	0.0000	6.8000
E	940.810	90.000	44.7691	357.7550	0.2205	0.1344	0.0000	6.8000
dPolE	940.810	90.000	43.1375	1.0000	0.0000	6.8000
uR	940.810	90.000	0.0241	1.0000	0.0000	6.8000
E	942.398	90.000	44.2572	357.8405	0.2364	0.1437	0.0000	6.8000
dPolE	942.398	90.000	43.8006	1.0000	0.0000	6.8000
uR	942.398	90.000	0.0239	1.0000	0.0000	6.8000
E	943.985	90.000	45.0486	358.3444	0.2539	0.1546	0.0000	6.8000
dPolE	943.985	90.000	36.7228	1.0000	0.0000	6.8000
uR	943.985	90.000	0.0247	1.0000	0.0000	6.8000
E	945.573	90.000	44.8684	357.8293	0.2503	0.1526	0.0000	6.8000
dPolE	945.573	90.000	42.5437	1.0000	0.0000	6.8000
uR	945.573	90.000	0.0255	1.0000	0.0000	6.8000
E	947.160	90.000	45.2869	358.2332	0.2537	0.1541	0.0000	6.8000
dPolE	947.160	90.000	37.1675	1.0000	0.0000	6.8000
uR	947.160	90.000	0.0238	1.0000	0.0000	6.8000
E	948.747	90.000	45.1243	358.1584	0.2553	0.1543	0.0000	6.8000
dPolE	948.747	90.000	38.6561	1.0000	0.0000	6.8000
uR	948.747	90.000	0.0243	1.0000	0.0000	6.8000
E	950.334	90.000	45.0175	358.4311	0.2363	0.1426	0.0000	6.8000
dPolE	950.334	90.000	35.0250	1.0000	0.0000	6.8000
uR	950.334	90.000	0.0256	1.0000	0.0000	6.8000
E	951.920	90.000	45.3298	358.1822	0.2330	0.1400	0.0000	6.8000
dPolE	951.920	90.000	36.1852	1.0000	0.0000	6.8000
uR	951.920	90.000	0.0252	1.0000	0.0000	6.8000
E	953.507	90.000	45.1514	358.4206	0.2454	0.1469	0.0000	6.8000
dPolE	953.507	90.000	39.7858	1.0000	0.0000	6.8000
uR	953.507	90.000	0.0246	1.0000	0.0000	6.8000
E	955.093	90.000	44.6535	358.4042	0.2750	0.1637	0.0000	6.8000
dPolE	955.093	90.000	41.7425	1.0000	0.0000	6.8000
uR	955.093	90.000	0.0240	1.0000	0.0000	6.8000
E	956.679	90.000	44.6138	358.1356	0.2903	0.1736	0.0000	6.8000
dPolE	956.679	90.000	47.4078	1.0000	0.0000	6.8000
uR	956.679	90.000	0.0239	1.0000	0.0000	6.8000
E	958.265	90.000	44.5299	358.1601	0.3070	0.1827	0.0000	6.8000
dPolE	958.265	90.000	53.2928	1.0000	0.0000	6.8000
uR	958.265	90.000	0.0243	1.0000	0.0000	6.8000
E	959.851	90.000	44.1858	358.0905	0.3517	0.2084	0.0000	6.8000
dPolE	959.851	90.000	61.4598	1.0000	0.0000	6.8000
uR	959.851	90.000	0.0222	1.0000	0.0000	6.8000
E	961.436	90.000	44.9526	357.4894	0.3304	0.1959	0.0000	6.8000
dPolE	961.436	90.000	65.4640	1.0000	0.0000	6.8000
uR	961.436	90.000	0.0225	1.0000	0.0000	6.8000
E	963.022	90.000	44.0632	358.4266	0.3505	0.2066	0.0000	6.8000
dPolE	963.022	90.000	63.9064	1.0000	0.0000	6.8000
uR	963.022	90.000	0.0228	1.0000	0.0000	6.8000
E	964.607	90.000	44.7121	357.8822	0.3380	0.1989	0.0000	6.8000
dPolE	964.607	90.000	55.4889	1.0000	0.0000	6.8000
uR	964.607	90.000	0.0232	1.0000	0.0000	6.8000
E	966.192	90.000	44.7391	358.3744	0.3392	0.1985	0.0000	6.8000
dPolE	966.192	90.000	58.4998	1.0000	0.0000	6.8000
uR	966.192	90.000	0.0227	1.0000	0.0000	6.8000
E	967.777	90.000	44.6210	358.2549	0.2969	0.1728	0.0000	6.8000
dPolE	967.777	90.000	53.6529	1.0000	0.0000	6.8000
uR	967.777	90.000	0.0227	1.0000	0.0000	6.8000
E	969.361	90.000	44.8839	358.1583	0.2848	0.1657	0.0000	6.8000
dPolE	969.361	90.000	42.5458	1.0000	0.0000	6.8000
uR	969.361	90.000	0.0243	1.0000	0.0000	6.8000
E	970.946	90.000	45.1366	358.0886	0.2594	0.1503	0.0000	6.8000
dPolE	970.946	90.000	36.3541	1.0000	0.0000	6.8000
uR	970.946	90.000	0.0247	1.0000	0.0000	6.8000
E	972.530	90.000	44.9706	358.2007	0.2382	0.1380	0.0000	6.8000
dPolE	972.530	90.000	38.1775	1.0000	0.0000	6.8000
uR	972.530	90.000	0.0241	1.0000	0.0000	6.8000
E	974.114	90.000	45.1642	357.9012	0.2293	0.1330	0.0000	6.8000
dPolE	974.114	90.000	34.3766	1.0000	0.0000	6.8000
uR	974.114	90.000	0.0229	1.0000	0.0000	6.8000
E	975.698	90.000	45.0185	358.1496	0.2032	0.1170	0.0000	6.8000
dPolE	975.698	90.000	30.6978	1.0000	0.0000	6.8000
uR	975.698	90.000	0.0224	1.0000	0.0000	6.8000
E	977.282	90.000	44.7347	358.0867	0.1713	0.0985	0.0000	6.8000
dPolE	977.282	90.000	27.7451	1.0000	0.0000	6.8000
uR	977.282	90.000	0.0230	1.0000	0.0000	6.8000
E	978.865	90.000	44.9757	358.2414	0.1502	0.0858	0.0000	6.8000
dPolE	978.865	90.000	18.9026	1.0000	0.0000	6.8000
uR	978.865	90.000	0.0224	1.0000	0.0000	6.8000
E	980.449	90.000	44.8325	358.0344	0.1548	0.0886	0.0000	6.8000
dPolE	980.449	90.000	21.4792	1.0000	0.0000	6.8000
uR	980.449	90.000	0.0220	1.0000	0.0000	6.8000
E	982.032	90.000	45.1922	358.1935	0.1724	0.0988	0.0000	6.8000
dPolE	982.032	90.000	29.0067	1.0000	0.0000	6.8000
uR	982.032	90.000	0.0225	1.0000	0.0000	6.8000
E	983.615	90.000	44.7184	358.3355	0.1963	0.1122	0.0000	6.8000
dPolE	983.615	90.000	28.7038	1.0000	0.0000	6.8000
uR	983.615	90.000	0.0216	1.0000	0.0000	6.8000
E	985.198	90.000	44.4175	358.0985	0.2132	0.1217	0.0000	6.8000
dPolE	985.198	90.000	40.7672	1.0000	0.0000	6.8000
uR	985.198	90.000	0.0206	1.0000	0.0000	6.8000
E	986.780	90.000	44.2807	357.9531	0.2272	0.1301	0.0000	6.8000
dPolE	986.780	90.000	37.5800	1.0000	0.0000	6.8000
uR	986.780	90.000	0.0213	1.0000	0.0000	6.8000
E	988.363	90.000	45.2414	358.2400	0.2051	0.1169	0.0000	6.8000
dPolE	988.363	90.000	32.3999	1.0000	0.0000	6.8000
uR	988.363	90.000	0.0223	1.0000	0.0000	6.8000
E	989.945	90.000	45.1347	357.9106	0.1876	0.1070	0.0000	6.8000
dPolE	989.945	90.000	31.3466	1.0000	0.0000	6.8000
uR	989.945	90.000	0.0209	1.0000	0.0000	6.8000
E	991.527	90.000	45.0508	358.2571	0.1700	0.0964	0.0000	6.8000
dPolE	991.527	90.000	29.1047	1.0000	0.0000	6.8000
uR	991.527	90.000	0.0228	1.0000	0.0000	6.8000
E	993.109	90.000	44.4555	358.1895	0.1641	0.0933	0.0000	6.8000
dPolE	993.109	90.000	24.6437	1.0000	0.0000	6.8000
uR	993.109	90.000	0.0236	1.0000	0.0000	6.8000
E	994.690	90.000	44.9850	358.1087	0.1767	0.1001	0.0000	6.8000
dPolE	994.690	90.000	24.6843	1.0000	0.0000	6.8000
uR	994.690	90.000	0.0230	1.0000	0.0000	6.8000
E	996.272	90.000	45.0586	358.1544	0.1934	0.1096	0.0000	6.8000
dPolE	996.272	90.000	30.5856	1.0000	0.0000	6.8000
uR	996.272	90.000	0.0224	1.0000	0.0000	6.8000
E	997.853	90.000	45.1658	358.2895	0.2341	0.1321	0.0000	6.8000
dPolE	997.853	90.000	36.0941	1.0000	0.0000	6.8000
uR	997.853	90.000	0.0218	1.0000	0.0000	6.8000
E	999.434	90.000	45.2590	358.4505	0.2671	0.1504	0.0000	6.8000
dPolE	999.434	90.000	41.0788	1.0000	0.0000	6.8000
uR	999.434	90.000	0.0228	1.0000	0.0000	6.8000
