
FM-removed
XY-Scan
nm
E	210.379	90.000	23.6689	265.7191	0.2512	0.6953	0.0000	6.8000
dPolE	210.379	90.000	99.9933	1.0000	0.0000	6.8000
uR	210.379	90.000	0.0232	1.0000	0.0000	6.8000
E	211.990	90.000	42.5937	321.0490	0.2787	0.5446	0.0000	6.8000
dPolE	211.990	90.000	99.9416	1.0000	0.0000	6.8000
uR	211.990	90.000	0.0157	1.0000	0.0000	6.8000
E	213.602	90.000	31.0215	178.7035	0.2476	0.5245	0.0000	6.8000
dPolE	213.602	90.000	99.9975	1.0000	0.0000	6.8000
uR	213.602	90.000	0.0077	1.0000	0.0000	6.8000
E	215.214	90.000	40.0421	299.4954	0.2356	0.4693	0.0000	6.8000
dPolE	215.214	90.000	99.9348	1.0000	0.0000	6.8000
uR	215.214	90.000	0.0148	1.0000	0.0000	6.8000
E	216.826	90.000	33.9301	191.3413	0.2651	0.5082	0.0000	6.8000
dPolE	216.826	90.000	99.9912	1.0000	0.0000	6.8000
uR	216.826	90.000	0.0072	1.0000	0.0000	6.8000
E	218.438	90.000	25.0684	115.8350	0.2617	0.6966	0.0000	6.8000
dPolE	218.438	90.000	99.9905	1.0000	0.0000	6.8000
uR	218.438	90.000	0.0054	1.0000	0.0000	6.8000
E	220.050	90.000	55.7101	311.4135	0.2627	0.5291	0.0000	6.8000
dPolE	220.050	90.000	99.9812	1.0000	0.0000	6.8000
uR	220.050	90.000	0.0048	1.0000	0.0000	6.8000
E	221.662	90.000	24.9725	153.1643	0.2524	0.5611	0.0000	6.8000
dPolE	221.662	90.000	99.9310	1.0000	0.0000	6.8000
uR	221.662	90.000	0.0062	1.0000	0.0000	6.8000
E	223.274	90.000	23.1003	173.5508	0.2796	0.5932	0.0000	6.8000
dPolE	223.274	90.000	99.9493	1.0000	0.0000	6.8000
uR	223.274	90.000	0.0049	1.0000	0.0000	6.8000
E	224.886	90.000	28.7374	45.9103	0.2729	0.5913	0.0000	6.8000
dPolE	224.886	90.000	99.9910	1.0000	0.0000	6.8000
uR	224.886	90.000	0.0040	1.0000	0.0000	6.8000
E	226.498	90.000	30.0511	109.5593	0.2746	0.6525	0.0000	6.8000
dPolE	226.498	90.000	99.9916	1.0000	0.0000	6.8000
uR	226.498	90.000	0.0023	1.0000	0.0000	6.8000
E	228.111	90.000	38.5200	255.4821	0.2580	0.5272	0.0000	6.8000
dPolE	228.111	90.000	99.9667	1.0000	0.0000	6.8000
uR	228.111	90.000	0.0044	1.0000	0.0000	6.8000
E	229.723	90.000	64.8048	23.2422	0.2921	0.5584	0.0000	6.8000
dPolE	229.723	90.000	99.8530	1.0000	0.0000	6.8000
uR	229.723	90.000	0.0036	1.0000	0.0000	6.8000
E	231.335	90.000	39.3379	192.1232	0.2757	0.3706	0.0000	6.8000
dPolE	231.335	90.000	99.9409	1.0000	0.0000	6.8000
uR	231.335	90.000	0.0024	1.0000	0.0000	6.8000
E	232.948	90.000	78.4179	314.1406	0.2322	1.1555	0.0000	6.8000
dPolE	232.948	90.000	99.9754	1.0000	0.0000	6.8000
uR	232.948	90.000	0.0018	1.0000	0.0000	6.8000
E	234.560	90.000	42.4023	208.5347	0.2869	0.4115	0.0000	6.8000
dPolE	234.560	90.000	99.9860	1.0000	0.0000	6.8000
uR	234.560	90.000	0.0014	1.0000	0.0000	6.8000
E	236.173	90.000	68.9338	93.9891	0.2472	0.9185	0.0000	6.8000
dPolE	236.173	90.000	99.9892	1.0000	0.0000	6.8000
uR	236.173	90.000	0.0019	1.0000	0.0000	6.8000
E	237.786	90.000	51.4514	32.1753	0.3102	0.4608	0.0000	6.8000
dPolE	237.786	90.000	99.9820	1.0000	0.0000	6.8000
uR	237.786	90.000	0.0011	1.0000	0.0000	6.8000
E	239.398	90.000	44.3173	75.1917	0.3166	0.6192	0.0000	6.8000
dPolE	239.398	90.000	99.9798	1.0000	0.0000	6.8000
uR	239.398	90.000	0.0012	1.0000	0.0000	6.8000
E	241.011	90.000	7.4898	57.6996	0.2345	2.2204	0.0000	6.8000
dPolE	241.011	90.000	99.9591	1.0000	0.0000	6.8000
uR	241.011	90.000	0.0012	1.0000	0.0000	6.8000
E	242.624	90.000	37.0536	322.7495	0.3159	0.4924	0.0000	6.8000
dPolE	242.624	90.000	99.9788	1.0000	0.0000	6.8000
uR	242.624	90.000	0.0010	1.0000	0.0000	6.8000
E	244.237	90.000	60.8051	138.8928	0.2959	0.5595	0.0000	6.8000
dPolE	244.237	90.000	99.9841	1.0000	0.0000	6.8000
uR	244.237	90.000	0.0012	1.0000	0.0000	6.8000
E	245.850	90.000	13.8186	5.7001	0.2996	0.6886	0.0000	6.8000
dPolE	245.850	90.000	99.9993	1.0000	0.0000	6.8000
uR	245.850	90.000	0.0012	1.0000	0.0000	6.8000
E	247.463	90.000	35.0752	155.7626	0.2816	0.3777	0.0000	6.8000
dPolE	247.463	90.000	99.9314	1.0000	0.0000	6.8000
uR	247.463	90.000	0.0010	1.0000	0.0000	6.8000
E	249.076	90.000	56.4440	241.3712	0.3020	0.6252	0.0000	6.8000
dPolE	249.076	90.000	99.9939	1.0000	0.0000	6.8000
uR	249.076	90.000	0.0008	1.0000	0.0000	6.8000
E	250.689	90.000	47.8443	128.9193	0.3342	0.5666	0.0000	6.8000
dPolE	250.689	90.000	99.9934	1.0000	0.0000	6.8000
uR	250.689	90.000	0.0007	1.0000	0.0000	6.8000
E	252.302	90.000	11.2755	339.2936	0.3168	1.0190	0.0000	6.8000
dPolE	252.302	90.000	99.8885	1.0000	0.0000	6.8000
uR	252.302	90.000	0.0011	1.0000	0.0000	6.8000
E	253.916	90.000	55.1840	258.3175	0.2728	0.5996	0.0000	6.8000
dPolE	253.916	90.000	99.9961	1.0000	0.0000	6.8000
uR	253.916	90.000	0.0004	1.0000	0.0000	6.8000
E	255.529	90.000	30.5021	5.3047	0.3085	0.3595	0.0000	6.8000
dPolE	255.529	90.000	99.8679	1.0000	0.0000	6.8000
uR	255.529	90.000	0.0013	1.0000	0.0000	6.8000
E	257.142	90.000	52.7674	134.7396	0.3178	0.5306	0.0000	6.8000
dPolE	257.142	90.000	99.9868	1.0000	0.0000	6.8000
uR	257.142	90.000	0.0007	1.0000	0.0000	6.8000
E	258.756	90.000	33.3117	175.9059	0.3073	0.3383	0.0000	6.8000
dPolE	258.756	90.000	99.8701	1.0000	0.0000	6.8000
uR	258.756	90.000	0.0012	1.0000	0.0000	6.8000
E	260.369	90.000	11.4319	195.1656	0.3104	0.8989	0.0000	6.8000
dPolE	260.369	90.000	99.9994	1.0000	0.0000	6.8000
uR	260.369	90.000	0.0004	1.0000	0.0000	6.8000
E	261.983	90.000	73.9860	58.8806	0.2285	0.9903	0.0000	6.8000
dPolE	261.983	90.000	99.9933	1.0000	0.0000	6.8000
uR	261.983	90.000	0.0004	1.0000	0.0000	6.8000
E	263.596	90.000	18.0705	204.9227	0.2808	0.6186	0.0000	6.8000
dPolE	263.596	90.000	99.8025	1.0000	0.0000	6.8000
uR	263.596	90.000	0.0014	1.0000	0.0000	6.8000
E	265.210	90.000	4.1364	73.4509	0.1740	4.0802	0.0000	6.8000
dPolE	265.210	90.000	99.9584	1.0000	0.0000	6.8000
uR	265.210	90.000	0.0008	1.0000	0.0000	6.8000
E	266.823	90.000	65.3987	6.5499	0.2944	0.4027	0.0000	6.8000
dPolE	266.823	90.000	99.8713	1.0000	0.0000	6.8000
uR	266.823	90.000	0.0010	1.0000	0.0000	6.8000
E	268.437	90.000	11.3803	179.6944	0.3074	0.8126	0.0000	6.8000
dPolE	268.437	90.000	99.9249	1.0000	0.0000	6.8000
uR	268.437	90.000	0.0008	1.0000	0.0000	6.8000
E	270.051	90.000	9.4296	200.4368	0.2594	0.9957	0.0000	6.8000
dPolE	270.051	90.000	99.9616	1.0000	0.0000	6.8000
uR	270.051	90.000	0.0011	1.0000	0.0000	6.8000
E	271.665	90.000	54.4504	40.4753	0.2712	0.4428	0.0000	6.8000
dPolE	271.665	90.000	99.9982	1.0000	0.0000	6.8000
uR	271.665	90.000	0.0004	1.0000	0.0000	6.8000
E	273.279	90.000	23.0703	1.1324	0.2705	0.3922	0.0000	6.8000
dPolE	273.279	90.000	99.9977	1.0000	0.0000	6.8000
uR	273.279	90.000	0.0011	1.0000	0.0000	6.8000
E	274.892	90.000	16.5037	57.3844	0.2384	0.9726	0.0000	6.8000
dPolE	274.892	90.000	99.9719	1.0000	0.0000	6.8000
uR	274.892	90.000	0.0006	1.0000	0.0000	6.8000
E	276.506	90.000	64.9722	173.7192	0.2408	0.3396	0.0000	6.8000
dPolE	276.506	90.000	99.9517	1.0000	0.0000	6.8000
uR	276.506	90.000	0.0006	1.0000	0.0000	6.8000
E	278.120	90.000	72.9288	137.3341	0.2357	0.7476	0.0000	6.8000
dPolE	278.120	90.000	99.9494	1.0000	0.0000	6.8000
uR	278.120	90.000	0.0007	1.0000	0.0000	6.8000
E	279.734	90.000	77.9189	352.8029	0.2673	0.7251	0.0000	6.8000
dPolE	279.734	90.000	99.9274	1.0000	0.0000	6.8000
uR	279.734	90.000	0.0007	1.0000	0.0000	6.8000
E	281.349	90.000	68.1071	10.5395	0.2741	0.4537	0.0000	6.8000
dPolE	281.349	90.000	99.9720	1.0000	0.0000	6.8000
uR	281.349	90.000	0.0004	1.0000	0.0000	6.8000
E	282.963	90.000	47.6181	179.0308	0.2652	0.2958	0.0000	6.8000
dPolE	282.963	90.000	99.9716	1.0000	0.0000	6.8000
uR	282.963	90.000	0.0004	1.0000	0.0000	6.8000
E	284.577	90.000	28.0217	275.0673	0.2302	0.6237	0.0000	6.8000
dPolE	284.577	90.000	99.9999	1.0000	0.0000	6.8000
uR	284.577	90.000	0.0007	1.0000	0.0000	6.8000
E	286.191	90.000	44.3177	144.9514	0.2347	0.3465	0.0000	6.8000
dPolE	286.191	90.000	99.9993	1.0000	0.0000	6.8000
uR	286.191	90.000	0.0005	1.0000	0.0000	6.8000
E	287.805	90.000	14.9237	301.2750	0.1920	0.8793	0.0000	6.8000
dPolE	287.805	90.000	99.9950	1.0000	0.0000	6.8000
uR	287.805	90.000	0.0004	1.0000	0.0000	6.8000
E	289.420	90.000	67.2292	343.9821	0.2222	0.3912	0.0000	6.8000
dPolE	289.420	90.000	99.9631	1.0000	0.0000	6.8000
uR	289.420	90.000	0.0006	1.0000	0.0000	6.8000
E	291.034	90.000	66.9381	269.0536	0.1968	0.6602	0.0000	6.8000
dPolE	291.034	90.000	99.9703	1.0000	0.0000	6.8000
uR	291.034	90.000	0.0008	1.0000	0.0000	6.8000
E	292.649	90.000	22.1258	185.9403	0.2227	0.3824	0.0000	6.8000
dPolE	292.649	90.000	99.9355	1.0000	0.0000	6.8000
uR	292.649	90.000	0.0007	1.0000	0.0000	6.8000
E	294.263	90.000	48.6932	333.1756	0.2284	0.3226	0.0000	6.8000
dPolE	294.263	90.000	99.9625	1.0000	0.0000	6.8000
uR	294.263	90.000	0.0006	1.0000	0.0000	6.8000
E	295.877	90.000	30.2091	341.4676	0.2300	0.3508	0.0000	6.8000
dPolE	295.877	90.000	99.9615	1.0000	0.0000	6.8000
uR	295.877	90.000	0.0005	1.0000	0.0000	6.8000
E	297.492	90.000	24.9961	338.7419	0.2133	0.3840	0.0000	6.8000
dPolE	297.492	90.000	99.9031	1.0000	0.0000	6.8000
uR	297.492	90.000	0.0007	1.0000	0.0000	6.8000
E	299.107	90.000	64.6476	82.6879	0.1757	0.5189	0.0000	6.8000
dPolE	299.107	90.000	99.9883	1.0000	0.0000	6.8000
uR	299.107	90.000	0.0004	1.0000	0.0000	6.8000
E	300.721	90.000	7.3547	211.9621	0.1944	1.2564	0.0000	6.8000
dPolE	300.721	90.000	99.9945	1.0000	0.0000	6.8000
uR	300.721	90.000	0.0003	1.0000	0.0000	6.8000
E	302.336	90.000	12.3388	322.3987	0.1811	0.7603	0.0000	6.8000
dPolE	302.336	90.000	99.9899	1.0000	0.0000	6.8000
uR	302.336	90.000	0.0004	1.0000	0.0000	6.8000
E	303.950	90.000	29.2360	324.4636	0.1908	0.3608	0.0000	6.8000
dPolE	303.950	90.000	99.9624	1.0000	0.0000	6.8000
uR	303.950	90.000	0.0006	1.0000	0.0000	6.8000
E	305.565	90.000	77.4473	280.2049	0.1458	0.9193	0.0000	6.8000
dPolE	305.565	90.000	99.9737	1.0000	0.0000	6.8000
uR	305.565	90.000	0.0005	1.0000	0.0000	6.8000
E	307.180	90.000	73.2694	304.2787	0.1621	0.6226	0.0000	6.8000
dPolE	307.180	90.000	99.9872	1.0000	0.0000	6.8000
uR	307.180	90.000	0.0003	1.0000	0.0000	6.8000
E	308.795	90.000	30.9603	335.7018	0.1920	0.3245	0.0000	6.8000
dPolE	308.795	90.000	99.9759	1.0000	0.0000	6.8000
uR	308.795	90.000	0.0004	1.0000	0.0000	6.8000
E	310.410	90.000	42.2241	41.2760	0.1891	0.3179	0.0000	6.8000
dPolE	310.410	90.000	99.9974	1.0000	0.0000	6.8000
uR	310.410	90.000	0.0003	1.0000	0.0000	6.8000
E	312.024	90.000	20.2055	169.1974	0.1982	0.4311	0.0000	6.8000
dPolE	312.024	90.000	99.9781	1.0000	0.0000	6.8000
uR	312.024	90.000	0.0004	1.0000	0.0000	6.8000
E	313.639	90.000	41.4129	314.7587	0.1848	0.3220	0.0000	6.8000
dPolE	313.639	90.000	99.9785	1.0000	0.0000	6.8000
uR	313.639	90.000	0.0005	1.0000	0.0000	6.8000
E	315.254	90.000	24.9035	178.7919	0.1949	0.3614	0.0000	6.8000
dPolE	315.254	90.000	99.9771	1.0000	0.0000	6.8000
uR	315.254	90.000	0.0004	1.0000	0.0000	6.8000
E	316.869	90.000	49.7167	105.9042	0.1894	0.3791	0.0000	6.8000
dPolE	316.869	90.000	99.9968	1.0000	0.0000	6.8000
uR	316.869	90.000	0.0003	1.0000	0.0000	6.8000
E	318.484	90.000	69.8525	128.7615	0.1559	0.4766	0.0000	6.8000
dPolE	318.484	90.000	99.9855	1.0000	0.0000	6.8000
uR	318.484	90.000	0.0004	1.0000	0.0000	6.8000
E	320.099	90.000	41.9620	200.7706	0.1661	0.2575	0.0000	6.8000
dPolE	320.099	90.000	99.9875	1.0000	0.0000	6.8000
uR	320.099	90.000	0.0004	1.0000	0.0000	6.8000
E	321.714	90.000	33.4660	315.3528	0.1661	0.3225	0.0000	6.8000
dPolE	321.714	90.000	99.9917	1.0000	0.0000	6.8000
uR	321.714	90.000	0.0003	1.0000	0.0000	6.8000
E	323.330	90.000	42.5562	80.1511	0.1761	0.3517	0.0000	6.8000
dPolE	323.330	90.000	99.9993	1.0000	0.0000	6.8000
uR	323.330	90.000	0.0003	1.0000	0.0000	6.8000
E	324.945	90.000	34.3959	166.8300	0.1721	0.2844	0.0000	6.8000
dPolE	324.945	90.000	99.9968	1.0000	0.0000	6.8000
uR	324.945	90.000	0.0002	1.0000	0.0000	6.8000
E	326.560	90.000	50.2149	264.6818	0.1688	0.3450	0.0000	6.8000
dPolE	326.560	90.000	99.9949	1.0000	0.0000	6.8000
uR	326.560	90.000	0.0002	1.0000	0.0000	6.8000
E	328.175	90.000	39.2732	116.3323	0.1621	0.3192	0.0000	6.8000
dPolE	328.175	90.000	99.9999	1.0000	0.0000	6.8000
uR	328.175	90.000	0.0003	1.0000	0.0000	6.8000
E	329.790	90.000	25.1074	286.3118	0.1466	0.4073	0.0000	6.8000
dPolE	329.790	90.000	99.9999	1.0000	0.0000	6.8000
uR	329.790	90.000	0.0004	1.0000	0.0000	6.8000
E	331.406	90.000	45.8202	38.5809	0.1579	0.2773	0.0000	6.8000
dPolE	331.406	90.000	99.9731	1.0000	0.0000	6.8000
uR	331.406	90.000	0.0004	1.0000	0.0000	6.8000
E	333.021	90.000	13.4103	277.1470	0.1367	0.7153	0.0000	6.8000
dPolE	333.021	90.000	99.9941	1.0000	0.0000	6.8000
uR	333.021	90.000	0.0002	1.0000	0.0000	6.8000
E	334.636	90.000	18.8869	42.8037	0.1330	0.4119	0.0000	6.8000
dPolE	334.636	90.000	99.9982	1.0000	0.0000	6.8000
uR	334.636	90.000	0.0003	1.0000	0.0000	6.8000
E	336.251	90.000	43.6646	287.4783	0.1514	0.2985	0.0000	6.8000
dPolE	336.251	90.000	99.9914	1.0000	0.0000	6.8000
uR	336.251	90.000	0.0003	1.0000	0.0000	6.8000
E	337.867	90.000	69.9306	344.9084	0.1508	0.3928	0.0000	6.8000
dPolE	337.867	90.000	99.9728	1.0000	0.0000	6.8000
uR	337.867	90.000	0.0004	1.0000	0.0000	6.8000
E	339.482	90.000	38.6086	138.4139	0.1560	0.2914	0.0000	6.8000
dPolE	339.482	90.000	99.9922	1.0000	0.0000	6.8000
uR	339.482	90.000	0.0004	1.0000	0.0000	6.8000
E	341.098	90.000	46.3937	245.7439	0.1533	0.2989	0.0000	6.8000
dPolE	341.098	90.000	99.9985	1.0000	0.0000	6.8000
uR	341.098	90.000	0.0001	1.0000	0.0000	6.8000
E	342.713	90.000	61.7486	106.7928	0.1516	0.3751	0.0000	6.8000
dPolE	342.713	90.000	99.9714	1.0000	0.0000	6.8000
uR	342.713	90.000	0.0004	1.0000	0.0000	6.8000
E	344.329	90.000	31.6315	300.7555	0.1517	0.3341	0.0000	6.8000
dPolE	344.329	90.000	99.9944	1.0000	0.0000	6.8000
uR	344.329	90.000	0.0003	1.0000	0.0000	6.8000
E	345.944	90.000	16.2610	328.6118	0.1396	0.4782	0.0000	6.8000
dPolE	345.944	90.000	99.9768	1.0000	0.0000	6.8000
uR	345.944	90.000	0.0005	1.0000	0.0000	6.8000
E	347.560	90.000	65.7764	104.5887	0.1381	0.3880	0.0000	6.8000
dPolE	347.560	90.000	99.9941	1.0000	0.0000	6.8000
uR	347.560	90.000	0.0003	1.0000	0.0000	6.8000
E	349.175	90.000	21.4404	29.8893	0.1470	0.3947	0.0000	6.8000
dPolE	349.175	90.000	99.9953	1.0000	0.0000	6.8000
uR	349.175	90.000	0.0003	1.0000	0.0000	6.8000
E	350.791	90.000	5.3963	137.7606	0.1353	1.4241	0.0000	6.8000
dPolE	350.791	90.000	99.9916	1.0000	0.0000	6.8000
uR	350.791	90.000	0.0003	1.0000	0.0000	6.8000
E	352.406	90.000	54.9213	335.2198	0.1411	0.2722	0.0000	6.8000
dPolE	352.406	90.000	99.9949	1.0000	0.0000	6.8000
uR	352.406	90.000	0.0003	1.0000	0.0000	6.8000
E	354.022	90.000	25.3760	175.7597	0.1403	0.3207	0.0000	6.8000
dPolE	354.022	90.000	99.9971	1.0000	0.0000	6.8000
uR	354.022	90.000	0.0003	1.0000	0.0000	6.8000
E	355.638	90.000	62.4719	94.8710	0.1306	0.3299	0.0000	6.8000
dPolE	355.638	90.000	99.9954	1.0000	0.0000	6.8000
uR	355.638	90.000	0.0004	1.0000	0.0000	6.8000
E	357.253	90.000	39.9180	23.7092	0.1423	0.2651	0.0000	6.8000
dPolE	357.253	90.000	99.9899	1.0000	0.0000	6.8000
uR	357.253	90.000	0.0003	1.0000	0.0000	6.8000
E	358.869	90.000	74.5028	270.1631	0.1275	0.5300	0.0000	6.8000
dPolE	358.869	90.000	99.9922	1.0000	0.0000	6.8000
uR	358.869	90.000	0.0003	1.0000	0.0000	6.8000
E	360.485	90.000	74.3893	146.4512	0.1365	0.5047	0.0000	6.8000
dPolE	360.485	90.000	99.9944	1.0000	0.0000	6.8000
uR	360.485	90.000	0.0003	1.0000	0.0000	6.8000
E	362.100	90.000	31.4137	207.9950	0.1359	0.2847	0.0000	6.8000
dPolE	362.100	90.000	99.9981	1.0000	0.0000	6.8000
uR	362.100	90.000	0.0002	1.0000	0.0000	6.8000
E	363.716	90.000	73.0718	47.9964	0.1376	0.4908	0.0000	6.8000
dPolE	363.716	90.000	99.9880	1.0000	0.0000	6.8000
uR	363.716	90.000	0.0004	1.0000	0.0000	6.8000
E	365.332	90.000	8.9347	228.5784	0.1337	0.8765	0.0000	6.8000
dPolE	365.332	90.000	99.9777	1.0000	0.0000	6.8000
uR	365.332	90.000	0.0004	1.0000	0.0000	6.8000
E	366.948	90.000	56.0652	43.8176	0.1260	0.2626	0.0000	6.8000
dPolE	366.948	90.000	99.9942	1.0000	0.0000	6.8000
uR	366.948	90.000	0.0003	1.0000	0.0000	6.8000
E	368.563	90.000	74.1392	95.0426	0.1255	0.5054	0.0000	6.8000
dPolE	368.563	90.000	99.9818	1.0000	0.0000	6.8000
uR	368.563	90.000	0.0003	1.0000	0.0000	6.8000
E	370.179	90.000	51.5271	181.4495	0.1315	0.2473	0.0000	6.8000
dPolE	370.179	90.000	99.9839	1.0000	0.0000	6.8000
uR	370.179	90.000	0.0003	1.0000	0.0000	6.8000
E	371.795	90.000	42.3021	342.8134	0.1328	0.2468	0.0000	6.8000
dPolE	371.795	90.000	99.9824	1.0000	0.0000	6.8000
uR	371.795	90.000	0.0004	1.0000	0.0000	6.8000
E	373.411	90.000	59.6207	148.7028	0.1270	0.2770	0.0000	6.8000
dPolE	373.411	90.000	99.9909	1.0000	0.0000	6.8000
uR	373.411	90.000	0.0005	1.0000	0.0000	6.8000
E	375.027	90.000	26.1699	215.4051	0.1196	0.2926	0.0000	6.8000
dPolE	375.027	90.000	99.9999	1.0000	0.0000	6.8000
uR	375.027	90.000	0.0004	1.0000	0.0000	6.8000
E	376.643	90.000	42.5681	228.2130	0.1316	0.2572	0.0000	6.8000
dPolE	376.643	90.000	99.9997	1.0000	0.0000	6.8000
uR	376.643	90.000	0.0003	1.0000	0.0000	6.8000
E	378.258	90.000	39.4556	213.1330	0.1294	0.2519	0.0000	6.8000
dPolE	378.258	90.000	99.9974	1.0000	0.0000	6.8000
uR	378.258	90.000	0.0001	1.0000	0.0000	6.8000
E	379.874	90.000	78.4568	100.3868	0.1238	0.6655	0.0000	6.8000
dPolE	379.874	90.000	99.9710	1.0000	0.0000	6.8000
uR	379.874	90.000	0.0004	1.0000	0.0000	6.8000
E	381.490	90.000	23.7618	75.4099	0.1190	0.3296	0.0000	6.8000
dPolE	381.490	90.000	99.9856	1.0000	0.0000	6.8000
uR	381.490	90.000	0.0003	1.0000	0.0000	6.8000
E	383.106	90.000	48.1500	153.0002	0.1338	0.2586	0.0000	6.8000
dPolE	383.106	90.000	99.9966	1.0000	0.0000	6.8000
uR	383.106	90.000	0.0002	1.0000	0.0000	6.8000
E	384.722	90.000	65.0744	63.7984	0.1306	0.3440	0.0000	6.8000
dPolE	384.722	90.000	99.9893	1.0000	0.0000	6.8000
uR	384.722	90.000	0.0003	1.0000	0.0000	6.8000
E	386.338	90.000	61.3541	43.4824	0.1292	0.3004	0.0000	6.8000
dPolE	386.338	90.000	99.9915	1.0000	0.0000	6.8000
uR	386.338	90.000	0.0004	1.0000	0.0000	6.8000
E	387.954	90.000	37.0395	334.3842	0.1252	0.2475	0.0000	6.8000
dPolE	387.954	90.000	99.9999	1.0000	0.0000	6.8000
uR	387.954	90.000	0.0003	1.0000	0.0000	6.8000
E	389.570	90.000	32.3459	358.6388	0.1162	0.2417	0.0000	6.8000
dPolE	389.570	90.000	99.9902	1.0000	0.0000	6.8000
uR	389.570	90.000	0.0003	1.0000	0.0000	6.8000
E	391.186	90.000	61.9849	299.9356	0.1182	0.2848	0.0000	6.8000
dPolE	391.186	90.000	99.9967	1.0000	0.0000	6.8000
uR	391.186	90.000	0.0003	1.0000	0.0000	6.8000
E	392.802	90.000	33.9933	356.0841	0.1220	0.2508	0.0000	6.8000
dPolE	392.802	90.000	99.9841	1.0000	0.0000	6.8000
uR	392.802	90.000	0.0003	1.0000	0.0000	6.8000
E	394.418	90.000	45.9327	40.5154	0.1225	0.2382	0.0000	6.8000
dPolE	394.418	90.000	99.9809	1.0000	0.0000	6.8000
uR	394.418	90.000	0.0003	1.0000	0.0000	6.8000
E	396.034	90.000	11.4388	319.0376	0.1248	0.6345	0.0000	6.8000
dPolE	396.034	90.000	99.9924	1.0000	0.0000	6.8000
uR	396.034	90.000	0.0002	1.0000	0.0000	6.8000
E	397.650	90.000	50.4576	359.4983	0.1177	0.2247	0.0000	6.8000
dPolE	397.650	90.000	99.9653	1.0000	0.0000	6.8000
uR	397.650	90.000	0.0004	1.0000	0.0000	6.8000
E	399.266	90.000	52.4665	300.0608	0.1187	0.2428	0.0000	6.8000
dPolE	399.266	90.000	99.9903	1.0000	0.0000	6.8000
uR	399.266	90.000	0.0003	1.0000	0.0000	6.8000
E	400.882	90.000	41.8322	359.5208	0.1205	0.2296	0.0000	6.8000
dPolE	400.882	90.000	99.9727	1.0000	0.0000	6.8000
uR	400.882	90.000	0.0004	1.0000	0.0000	6.8000
E	402.498	90.000	40.0555	353.1372	0.1108	0.2141	0.0000	6.8000
dPolE	402.498	90.000	99.9258	1.0000	0.0000	6.8000
uR	402.498	90.000	0.0005	1.0000	0.0000	6.8000
E	404.114	90.000	44.0078	356.3741	0.1208	0.2292	0.0000	6.8000
dPolE	404.114	90.000	99.8676	1.0000	0.0000	6.8000
uR	404.114	90.000	0.0007	1.0000	0.0000	6.8000
E	405.730	90.000	43.0658	353.8491	0.1121	0.2110	0.0000	6.8000
dPolE	405.730	90.000	99.8250	1.0000	0.0000	6.8000
uR	405.730	90.000	0.0009	1.0000	0.0000	6.8000
E	407.346	90.000	45.1124	6.0510	0.1154	0.2153	0.0000	6.8000
dPolE	407.346	90.000	99.6937	1.0000	0.0000	6.8000
uR	407.346	90.000	0.0011	1.0000	0.0000	6.8000
E	408.962	90.000	42.6513	3.2826	0.1117	0.2088	0.0000	6.8000
dPolE	408.962	90.000	99.5361	1.0000	0.0000	6.8000
uR	408.962	90.000	0.0014	1.0000	0.0000	6.8000
E	410.578	90.000	44.4074	357.5201	0.1183	0.2216	0.0000	6.8000
dPolE	410.578	90.000	99.1259	1.0000	0.0000	6.8000
uR	410.578	90.000	0.0018	1.0000	0.0000	6.8000
E	412.194	90.000	43.2905	357.4403	0.1109	0.2093	0.0000	6.8000
dPolE	412.194	90.000	99.4146	1.0000	0.0000	6.8000
uR	412.194	90.000	0.0016	1.0000	0.0000	6.8000
E	413.810	90.000	43.9556	0.0754	0.1112	0.2093	0.0000	6.8000
dPolE	413.810	90.000	99.0954	1.0000	0.0000	6.8000
uR	413.810	90.000	0.0019	1.0000	0.0000	6.8000
E	415.426	90.000	44.6566	1.2197	0.1102	0.2055	0.0000	6.8000
dPolE	415.426	90.000	98.7878	1.0000	0.0000	6.8000
uR	415.426	90.000	0.0022	1.0000	0.0000	6.8000
E	417.042	90.000	44.4105	0.4687	0.1163	0.2145	0.0000	6.8000
dPolE	417.042	90.000	98.0641	1.0000	0.0000	6.8000
uR	417.042	90.000	0.0027	1.0000	0.0000	6.8000
E	418.658	90.000	45.0790	357.9576	0.1124	0.2062	0.0000	6.8000
dPolE	418.658	90.000	97.9693	1.0000	0.0000	6.8000
uR	418.658	90.000	0.0029	1.0000	0.0000	6.8000
E	420.274	90.000	44.5105	359.0998	0.1081	0.1984	0.0000	6.8000
dPolE	420.274	90.000	97.1360	1.0000	0.0000	6.8000
uR	420.274	90.000	0.0033	1.0000	0.0000	6.8000
E	421.890	90.000	44.1091	355.2502	0.1086	0.2007	0.0000	6.8000
dPolE	421.890	90.000	97.1534	1.0000	0.0000	6.8000
uR	421.890	90.000	0.0036	1.0000	0.0000	6.8000
E	423.506	90.000	45.6123	357.2354	0.1015	0.1879	0.0000	6.8000
dPolE	423.506	90.000	96.4268	1.0000	0.0000	6.8000
uR	423.506	90.000	0.0042	1.0000	0.0000	6.8000
E	425.122	90.000	45.4853	359.2187	0.1006	0.1854	0.0000	6.8000
dPolE	425.122	90.000	96.4603	1.0000	0.0000	6.8000
uR	425.122	90.000	0.0043	1.0000	0.0000	6.8000
E	426.738	90.000	45.6006	357.5670	0.1002	0.1829	0.0000	6.8000
dPolE	426.738	90.000	95.3828	1.0000	0.0000	6.8000
uR	426.738	90.000	0.0048	1.0000	0.0000	6.8000
E	428.355	90.000	44.6029	359.5779	0.0999	0.1801	0.0000	6.8000
dPolE	428.355	90.000	95.2099	1.0000	0.0000	6.8000
uR	428.355	90.000	0.0052	1.0000	0.0000	6.8000
E	429.971	90.000	45.1211	0.1228	0.1039	0.1859	0.0000	6.8000
dPolE	429.971	90.000	94.6651	1.0000	0.0000	6.8000
uR	429.971	90.000	0.0054	1.0000	0.0000	6.8000
E	431.587	90.000	45.8923	359.2863	0.1014	0.1816	0.0000	6.8000
dPolE	431.587	90.000	93.4397	1.0000	0.0000	6.8000
uR	431.587	90.000	0.0059	1.0000	0.0000	6.8000
E	433.203	90.000	44.9680	358.5838	0.0976	0.1753	0.0000	6.8000
dPolE	433.203	90.000	93.5247	1.0000	0.0000	6.8000
uR	433.203	90.000	0.0062	1.0000	0.0000	6.8000
E	434.819	90.000	45.1866	358.1633	0.0943	0.1700	0.0000	6.8000
dPolE	434.819	90.000	93.3651	1.0000	0.0000	6.8000
uR	434.819	90.000	0.0065	1.0000	0.0000	6.8000
E	436.435	90.000	44.6795	358.7206	0.0988	0.1776	0.0000	6.8000
dPolE	436.435	90.000	91.7432	1.0000	0.0000	6.8000
uR	436.435	90.000	0.0069	1.0000	0.0000	6.8000
E	438.051	90.000	44.2984	359.2501	0.0978	0.1741	0.0000	6.8000
dPolE	438.051	90.000	90.7580	1.0000	0.0000	6.8000
uR	438.051	90.000	0.0073	1.0000	0.0000	6.8000
E	439.667	90.000	44.6964	358.4821	0.0957	0.1683	0.0000	6.8000
dPolE	439.667	90.000	89.0491	1.0000	0.0000	6.8000
uR	439.667	90.000	0.0079	1.0000	0.0000	6.8000
E	441.283	90.000	44.9338	358.7489	0.0965	0.1682	0.0000	6.8000
dPolE	441.283	90.000	88.4101	1.0000	0.0000	6.8000
uR	441.283	90.000	0.0081	1.0000	0.0000	6.8000
E	442.899	90.000	44.3964	357.9714	0.0988	0.1715	0.0000	6.8000
dPolE	442.899	90.000	87.6632	1.0000	0.0000	6.8000
uR	442.899	90.000	0.0086	1.0000	0.0000	6.8000
E	444.515	90.000	44.8364	358.6139	0.0898	0.1559	0.0000	6.8000
dPolE	444.515	90.000	87.1491	1.0000	0.0000	6.8000
uR	444.515	90.000	0.0090	1.0000	0.0000	6.8000
E	446.131	90.000	45.0596	358.9237	0.0888	0.1548	0.0000	6.8000
dPolE	446.131	90.000	87.1105	1.0000	0.0000	6.8000
uR	446.131	90.000	0.0094	1.0000	0.0000	6.8000
E	447.747	90.000	44.8965	358.2466	0.0878	0.1531	0.0000	6.8000
dPolE	447.747	90.000	85.8439	1.0000	0.0000	6.8000
uR	447.747	90.000	0.0097	1.0000	0.0000	6.8000
E	449.363	90.000	44.5385	358.8261	0.0840	0.1457	0.0000	6.8000
dPolE	449.363	90.000	83.6632	1.0000	0.0000	6.8000
uR	449.363	90.000	0.0103	1.0000	0.0000	6.8000
E	450.979	90.000	45.1493	358.5849	0.0850	0.1459	0.0000	6.8000
dPolE	450.979	90.000	81.0275	1.0000	0.0000	6.8000
uR	450.979	90.000	0.0106	1.0000	0.0000	6.8000
E	452.594	90.000	44.7761	359.0667	0.0889	0.1508	0.0000	6.8000
dPolE	452.594	90.000	79.7644	1.0000	0.0000	6.8000
uR	452.594	90.000	0.0109	1.0000	0.0000	6.8000
E	454.210	90.000	44.8057	358.6738	0.0872	0.1463	0.0000	6.8000
dPolE	454.210	90.000	81.1763	1.0000	0.0000	6.8000
uR	454.210	90.000	0.0114	1.0000	0.0000	6.8000
E	455.826	90.000	44.7649	358.8023	0.0840	0.1403	0.0000	6.8000
dPolE	455.826	90.000	79.1862	1.0000	0.0000	6.8000
uR	455.826	90.000	0.0119	1.0000	0.0000	6.8000
E	457.442	90.000	45.1418	357.8792	0.0857	0.1434	0.0000	6.8000
dPolE	457.442	90.000	78.8096	1.0000	0.0000	6.8000
uR	457.442	90.000	0.0120	1.0000	0.0000	6.8000
E	459.058	90.000	45.1583	358.3417	0.0837	0.1405	0.0000	6.8000
dPolE	459.058	90.000	76.8373	1.0000	0.0000	6.8000
uR	459.058	90.000	0.0124	1.0000	0.0000	6.8000
E	460.674	90.000	44.7215	358.7947	0.0833	0.1399	0.0000	6.8000
dPolE	460.674	90.000	76.2948	1.0000	0.0000	6.8000
uR	460.674	90.000	0.0126	1.0000	0.0000	6.8000
E	462.290	90.000	45.0556	358.2835	0.0778	0.1301	0.0000	6.8000
dPolE	462.290	90.000	74.2966	1.0000	0.0000	6.8000
uR	462.290	90.000	0.0128	1.0000	0.0000	6.8000
E	463.906	90.000	44.9044	358.4758	0.0787	0.1304	0.0000	6.8000
dPolE	463.906	90.000	70.7841	1.0000	0.0000	6.8000
uR	463.906	90.000	0.0136	1.0000	0.0000	6.8000
E	465.521	90.000	44.7471	358.4922	0.0739	0.1211	0.0000	6.8000
dPolE	465.521	90.000	68.7869	1.0000	0.0000	6.8000
uR	465.521	90.000	0.0138	1.0000	0.0000	6.8000
E	467.137	90.000	44.8417	358.6988	0.0740	0.1197	0.0000	6.8000
dPolE	467.137	90.000	66.6074	1.0000	0.0000	6.8000
uR	467.137	90.000	0.0140	1.0000	0.0000	6.8000
E	468.753	90.000	44.9595	358.1149	0.0715	0.1148	0.0000	6.8000
dPolE	468.753	90.000	62.3490	1.0000	0.0000	6.8000
uR	468.753	90.000	0.0142	1.0000	0.0000	6.8000
E	470.369	90.000	44.8169	358.1442	0.0716	0.1147	0.0000	6.8000
dPolE	470.369	90.000	63.8716	1.0000	0.0000	6.8000
uR	470.369	90.000	0.0147	1.0000	0.0000	6.8000
E	471.985	90.000	45.1081	358.0767	0.0752	0.1207	0.0000	6.8000
dPolE	471.985	90.000	65.8485	1.0000	0.0000	6.8000
uR	471.985	90.000	0.0151	1.0000	0.0000	6.8000
E	473.600	90.000	44.9605	358.6560	0.0735	0.1183	0.0000	6.8000
dPolE	473.600	90.000	64.6188	1.0000	0.0000	6.8000
uR	473.600	90.000	0.0155	1.0000	0.0000	6.8000
E	475.216	90.000	44.8336	358.6208	0.0749	0.1205	0.0000	6.8000
dPolE	475.216	90.000	67.3325	1.0000	0.0000	6.8000
uR	475.216	90.000	0.0159	1.0000	0.0000	6.8000
E	476.832	90.000	45.0352	358.3032	0.0750	0.1201	0.0000	6.8000
dPolE	476.832	90.000	69.2542	1.0000	0.0000	6.8000
uR	476.832	90.000	0.0162	1.0000	0.0000	6.8000
E	478.448	90.000	44.9272	357.6146	0.0784	0.1243	0.0000	6.8000
dPolE	478.448	90.000	68.7112	1.0000	0.0000	6.8000
uR	478.448	90.000	0.0164	1.0000	0.0000	6.8000
E	480.063	90.000	44.8505	358.1949	0.0754	0.1182	0.0000	6.8000
dPolE	480.063	90.000	67.5832	1.0000	0.0000	6.8000
uR	480.063	90.000	0.0166	1.0000	0.0000	6.8000
E	481.679	90.000	44.9197	358.3622	0.0718	0.1112	0.0000	6.8000
dPolE	481.679	90.000	67.8974	1.0000	0.0000	6.8000
uR	481.679	90.000	0.0168	1.0000	0.0000	6.8000
E	483.294	90.000	44.7279	358.4324	0.0748	0.1148	0.0000	6.8000
dPolE	483.294	90.000	63.5820	1.0000	0.0000	6.8000
uR	483.294	90.000	0.0170	1.0000	0.0000	6.8000
E	484.910	90.000	44.9296	358.8015	0.0752	0.1150	0.0000	6.8000
dPolE	484.910	90.000	65.9096	1.0000	0.0000	6.8000
uR	484.910	90.000	0.0173	1.0000	0.0000	6.8000
E	486.526	90.000	45.3523	358.6051	0.0736	0.1128	0.0000	6.8000
dPolE	486.526	90.000	67.6550	1.0000	0.0000	6.8000
uR	486.526	90.000	0.0176	1.0000	0.0000	6.8000
E	488.141	90.000	44.8944	358.6405	0.0741	0.1138	0.0000	6.8000
dPolE	488.141	90.000	65.6238	1.0000	0.0000	6.8000
uR	488.141	90.000	0.0182	1.0000	0.0000	6.8000
E	489.757	90.000	45.2115	358.2095	0.0777	0.1193	0.0000	6.8000
dPolE	489.757	90.000	64.9170	1.0000	0.0000	6.8000
uR	489.757	90.000	0.0182	1.0000	0.0000	6.8000
E	491.372	90.000	45.1257	358.2686	0.0773	0.1184	0.0000	6.8000
dPolE	491.372	90.000	63.5056	1.0000	0.0000	6.8000
uR	491.372	90.000	0.0183	1.0000	0.0000	6.8000
E	492.988	90.000	44.9754	358.2640	0.0744	0.1131	0.0000	6.8000
dPolE	492.988	90.000	61.7544	1.0000	0.0000	6.8000
uR	492.988	90.000	0.0188	1.0000	0.0000	6.8000
E	494.603	90.000	44.8672	358.0680	0.0734	0.1106	0.0000	6.8000
dPolE	494.603	90.000	63.4114	1.0000	0.0000	6.8000
uR	494.603	90.000	0.0188	1.0000	0.0000	6.8000
E	496.219	90.000	45.1193	358.6290	0.0764	0.1138	0.0000	6.8000
dPolE	496.219	90.000	63.8891	1.0000	0.0000	6.8000
uR	496.219	90.000	0.0190	1.0000	0.0000	6.8000
E	497.834	90.000	44.7817	358.6342	0.0766	0.1129	0.0000	6.8000
dPolE	497.834	90.000	62.5548	1.0000	0.0000	6.8000
uR	497.834	90.000	0.0196	1.0000	0.0000	6.8000
E	499.450	90.000	44.9506	358.3123	0.0737	0.1077	0.0000	6.8000
dPolE	499.450	90.000	63.9728	1.0000	0.0000	6.8000
uR	499.450	90.000	0.0194	1.0000	0.0000	6.8000
E	501.065	90.000	45.0593	358.6273	0.0773	0.1126	0.0000	6.8000
dPolE	501.065	90.000	64.3250	1.0000	0.0000	6.8000
uR	501.065	90.000	0.0195	1.0000	0.0000	6.8000
E	502.680	90.000	44.7888	358.1208	0.0795	0.1158	0.0000	6.8000
dPolE	502.680	90.000	63.9606	1.0000	0.0000	6.8000
uR	502.680	90.000	0.0197	1.0000	0.0000	6.8000
E	504.296	90.000	45.2730	358.2633	0.0750	0.1096	0.0000	6.8000
dPolE	504.296	90.000	63.9209	1.0000	0.0000	6.8000
uR	504.296	90.000	0.0198	1.0000	0.0000	6.8000
E	505.911	90.000	44.8172	358.2443	0.0723	0.1057	0.0000	6.8000
dPolE	505.911	90.000	63.1095	1.0000	0.0000	6.8000
uR	505.911	90.000	0.0201	1.0000	0.0000	6.8000
E	507.526	90.000	44.7982	358.2888	0.0744	0.1085	0.0000	6.8000
dPolE	507.526	90.000	60.9788	1.0000	0.0000	6.8000
uR	507.526	90.000	0.0204	1.0000	0.0000	6.8000
E	509.141	90.000	44.8096	358.3173	0.0738	0.1070	0.0000	6.8000
dPolE	509.141	90.000	60.6578	1.0000	0.0000	6.8000
uR	509.141	90.000	0.0205	1.0000	0.0000	6.8000
E	510.756	90.000	44.8697	358.4312	0.0735	0.1057	0.0000	6.8000
dPolE	510.756	90.000	60.7730	1.0000	0.0000	6.8000
uR	510.756	90.000	0.0209	1.0000	0.0000	6.8000
E	512.372	90.000	44.9049	358.3750	0.0763	0.1085	0.0000	6.8000
dPolE	512.372	90.000	62.0732	1.0000	0.0000	6.8000
uR	512.372	90.000	0.0214	1.0000	0.0000	6.8000
E	513.987	90.000	44.5904	358.5421	0.0777	0.1093	0.0000	6.8000
dPolE	513.987	90.000	61.4354	1.0000	0.0000	6.8000
uR	513.987	90.000	0.0226	1.0000	0.0000	6.8000
E	515.602	90.000	44.6947	358.4700	0.0785	0.1096	0.0000	6.8000
dPolE	515.602	90.000	61.9487	1.0000	0.0000	6.8000
uR	515.602	90.000	0.0233	1.0000	0.0000	6.8000
E	517.217	90.000	45.0772	358.6538	0.0836	0.1160	0.0000	6.8000
dPolE	517.217	90.000	63.0670	1.0000	0.0000	6.8000
uR	517.217	90.000	0.0229	1.0000	0.0000	6.8000
E	518.832	90.000	44.7508	358.0826	0.0824	0.1141	0.0000	6.8000
dPolE	518.832	90.000	63.9763	1.0000	0.0000	6.8000
uR	518.832	90.000	0.0221	1.0000	0.0000	6.8000
E	520.447	90.000	44.9705	358.6261	0.0845	0.1169	0.0000	6.8000
dPolE	520.447	90.000	66.0645	1.0000	0.0000	6.8000
uR	520.447	90.000	0.0207	1.0000	0.0000	6.8000
E	522.062	90.000	44.6896	358.1886	0.0868	0.1203	0.0000	6.8000
dPolE	522.062	90.000	63.2876	1.0000	0.0000	6.8000
uR	522.062	90.000	0.0203	1.0000	0.0000	6.8000
E	523.677	90.000	44.8542	358.2159	0.0820	0.1136	0.0000	6.8000
dPolE	523.677	90.000	61.0388	1.0000	0.0000	6.8000
uR	523.677	90.000	0.0210	1.0000	0.0000	6.8000
E	525.292	90.000	44.5066	357.9997	0.0821	0.1135	0.0000	6.8000
dPolE	525.292	90.000	59.7271	1.0000	0.0000	6.8000
uR	525.292	90.000	0.0218	1.0000	0.0000	6.8000
E	526.907	90.000	44.6050	358.0199	0.0801	0.1102	0.0000	6.8000
dPolE	526.907	90.000	58.4397	1.0000	0.0000	6.8000
uR	526.907	90.000	0.0219	1.0000	0.0000	6.8000
E	528.521	90.000	44.9637	358.2842	0.0771	0.1053	0.0000	6.8000
dPolE	528.521	90.000	59.4591	1.0000	0.0000	6.8000
uR	528.521	90.000	0.0222	1.0000	0.0000	6.8000
E	530.136	90.000	44.6226	358.3552	0.0788	0.1066	0.0000	6.8000
dPolE	530.136	90.000	57.8112	1.0000	0.0000	6.8000
uR	530.136	90.000	0.0222	1.0000	0.0000	6.8000
E	531.751	90.000	44.9601	358.4937	0.0782	0.1047	0.0000	6.8000
dPolE	531.751	90.000	58.6296	1.0000	0.0000	6.8000
uR	531.751	90.000	0.0224	1.0000	0.0000	6.8000
E	533.366	90.000	45.0737	358.5100	0.0763	0.1012	0.0000	6.8000
dPolE	533.366	90.000	58.6789	1.0000	0.0000	6.8000
uR	533.366	90.000	0.0225	1.0000	0.0000	6.8000
E	534.980	90.000	44.5560	358.4569	0.0799	0.1053	0.0000	6.8000
dPolE	534.980	90.000	57.3424	1.0000	0.0000	6.8000
uR	534.980	90.000	0.0225	1.0000	0.0000	6.8000
E	536.595	90.000	44.8021	358.1642	0.0816	0.1072	0.0000	6.8000
dPolE	536.595	90.000	57.9204	1.0000	0.0000	6.8000
uR	536.595	90.000	0.0227	1.0000	0.0000	6.8000
E	538.210	90.000	44.7993	358.3709	0.0813	0.1065	0.0000	6.8000
dPolE	538.210	90.000	59.3464	1.0000	0.0000	6.8000
uR	538.210	90.000	0.0227	1.0000	0.0000	6.8000
E	539.824	90.000	44.9429	358.2819	0.0772	0.1012	0.0000	6.8000
dPolE	539.824	90.000	56.9434	1.0000	0.0000	6.8000
uR	539.824	90.000	0.0228	1.0000	0.0000	6.8000
E	541.439	90.000	45.0293	358.0627	0.0788	0.1035	0.0000	6.8000
dPolE	541.439	90.000	57.5295	1.0000	0.0000	6.8000
uR	541.439	90.000	0.0227	1.0000	0.0000	6.8000
E	543.053	90.000	45.0734	358.2206	0.0790	0.1037	0.0000	6.8000
dPolE	543.053	90.000	58.0162	1.0000	0.0000	6.8000
uR	543.053	90.000	0.0228	1.0000	0.0000	6.8000
E	544.668	90.000	44.9077	358.3684	0.0798	0.1045	0.0000	6.8000
dPolE	544.668	90.000	55.9965	1.0000	0.0000	6.8000
uR	544.668	90.000	0.0227	1.0000	0.0000	6.8000
E	546.282	90.000	44.9120	358.3775	0.0795	0.1036	0.0000	6.8000
dPolE	546.282	90.000	58.3171	1.0000	0.0000	6.8000
uR	546.282	90.000	0.0227	1.0000	0.0000	6.8000
E	547.896	90.000	44.8244	358.1173	0.0821	0.1061	0.0000	6.8000
dPolE	547.896	90.000	56.9422	1.0000	0.0000	6.8000
uR	547.896	90.000	0.0228	1.0000	0.0000	6.8000
E	549.511	90.000	45.0758	358.2046	0.0775	0.0993	0.0000	6.8000
dPolE	549.511	90.000	55.9702	1.0000	0.0000	6.8000
uR	549.511	90.000	0.0231	1.0000	0.0000	6.8000
E	551.125	90.000	44.6791	358.5685	0.0804	0.1019	0.0000	6.8000
dPolE	551.125	90.000	57.1412	1.0000	0.0000	6.8000
uR	551.125	90.000	0.0228	1.0000	0.0000	6.8000
E	552.739	90.000	45.0730	358.3566	0.0818	0.1027	0.0000	6.8000
dPolE	552.739	90.000	55.0056	1.0000	0.0000	6.8000
uR	552.739	90.000	0.0231	1.0000	0.0000	6.8000
E	554.353	90.000	44.7745	358.4815	0.0833	0.1040	0.0000	6.8000
dPolE	554.353	90.000	56.8407	1.0000	0.0000	6.8000
uR	554.353	90.000	0.0230	1.0000	0.0000	6.8000
E	555.968	90.000	44.9074	358.4226	0.0814	0.1011	0.0000	6.8000
dPolE	555.968	90.000	53.7634	1.0000	0.0000	6.8000
uR	555.968	90.000	0.0235	1.0000	0.0000	6.8000
E	557.582	90.000	45.0830	358.0796	0.0798	0.0988	0.0000	6.8000
dPolE	557.582	90.000	54.2026	1.0000	0.0000	6.8000
uR	557.582	90.000	0.0231	1.0000	0.0000	6.8000
E	559.196	90.000	45.0584	358.4285	0.0815	0.1008	0.0000	6.8000
dPolE	559.196	90.000	54.9226	1.0000	0.0000	6.8000
uR	559.196	90.000	0.0232	1.0000	0.0000	6.8000
E	560.810	90.000	45.1309	357.9650	0.0809	0.1002	0.0000	6.8000
dPolE	560.810	90.000	55.8398	1.0000	0.0000	6.8000
uR	560.810	90.000	0.0233	1.0000	0.0000	6.8000
E	562.424	90.000	44.8450	358.3871	0.0788	0.0976	0.0000	6.8000
dPolE	562.424	90.000	53.8784	1.0000	0.0000	6.8000
uR	562.424	90.000	0.0234	1.0000	0.0000	6.8000
E	564.038	90.000	44.9896	358.6298	0.0826	0.1022	0.0000	6.8000
dPolE	564.038	90.000	51.5543	1.0000	0.0000	6.8000
uR	564.038	90.000	0.0237	1.0000	0.0000	6.8000
E	565.651	90.000	44.9925	358.0329	0.0834	0.1031	0.0000	6.8000
dPolE	565.651	90.000	55.0844	1.0000	0.0000	6.8000
uR	565.651	90.000	0.0235	1.0000	0.0000	6.8000
E	567.265	90.000	44.7649	358.5227	0.0814	0.1000	0.0000	6.8000
dPolE	567.265	90.000	52.3047	1.0000	0.0000	6.8000
uR	567.265	90.000	0.0235	1.0000	0.0000	6.8000
E	568.879	90.000	44.7342	358.2416	0.0825	0.1007	0.0000	6.8000
dPolE	568.879	90.000	52.9023	1.0000	0.0000	6.8000
uR	568.879	90.000	0.0237	1.0000	0.0000	6.8000
E	570.493	90.000	44.8314	358.0968	0.0819	0.0992	0.0000	6.8000
dPolE	570.493	90.000	51.4278	1.0000	0.0000	6.8000
uR	570.493	90.000	0.0236	1.0000	0.0000	6.8000
E	572.106	90.000	44.5805	358.1918	0.0831	0.0999	0.0000	6.8000
dPolE	572.106	90.000	50.7594	1.0000	0.0000	6.8000
uR	572.106	90.000	0.0233	1.0000	0.0000	6.8000
E	573.720	90.000	44.9373	358.2968	0.0846	0.1007	0.0000	6.8000
dPolE	573.720	90.000	50.2174	1.0000	0.0000	6.8000
uR	573.720	90.000	0.0233	1.0000	0.0000	6.8000
E	575.333	90.000	45.0874	357.9618	0.0827	0.0977	0.0000	6.8000
dPolE	575.333	90.000	51.3899	1.0000	0.0000	6.8000
uR	575.333	90.000	0.0233	1.0000	0.0000	6.8000
E	576.947	90.000	44.9119	358.2911	0.0868	0.1019	0.0000	6.8000
dPolE	576.947	90.000	52.9264	1.0000	0.0000	6.8000
uR	576.947	90.000	0.0236	1.0000	0.0000	6.8000
E	578.560	90.000	44.8194	358.2247	0.0889	0.1040	0.0000	6.8000
dPolE	578.560	90.000	52.1573	1.0000	0.0000	6.8000
uR	578.560	90.000	0.0235	1.0000	0.0000	6.8000
E	580.174	90.000	45.0245	358.4416	0.0860	0.1002	0.0000	6.8000
dPolE	580.174	90.000	50.0962	1.0000	0.0000	6.8000
uR	580.174	90.000	0.0239	1.0000	0.0000	6.8000
E	581.787	90.000	44.8902	358.6990	0.0860	0.1001	0.0000	6.8000
dPolE	581.787	90.000	51.8856	1.0000	0.0000	6.8000
uR	581.787	90.000	0.0237	1.0000	0.0000	6.8000
E	583.400	90.000	44.7236	358.4344	0.0825	0.0961	0.0000	6.8000
dPolE	583.400	90.000	51.0807	1.0000	0.0000	6.8000
uR	583.400	90.000	0.0237	1.0000	0.0000	6.8000
E	585.014	90.000	44.7908	358.4839	0.0880	0.1026	0.0000	6.8000
dPolE	585.014	90.000	51.1652	1.0000	0.0000	6.8000
uR	585.014	90.000	0.0234	1.0000	0.0000	6.8000
E	586.627	90.000	44.7531	358.4010	0.0868	0.1011	0.0000	6.8000
dPolE	586.627	90.000	50.2133	1.0000	0.0000	6.8000
uR	586.627	90.000	0.0236	1.0000	0.0000	6.8000
E	588.240	90.000	44.7685	358.2693	0.0817	0.0949	0.0000	6.8000
dPolE	588.240	90.000	51.5762	1.0000	0.0000	6.8000
uR	588.240	90.000	0.0236	1.0000	0.0000	6.8000
E	589.853	90.000	44.9753	358.6540	0.0872	0.1009	0.0000	6.8000
dPolE	589.853	90.000	50.5793	1.0000	0.0000	6.8000
uR	589.853	90.000	0.0234	1.0000	0.0000	6.8000
E	591.466	90.000	45.1926	358.3999	0.0836	0.0962	0.0000	6.8000
dPolE	591.466	90.000	50.2164	1.0000	0.0000	6.8000
uR	591.466	90.000	0.0236	1.0000	0.0000	6.8000
E	593.079	90.000	44.9593	358.2153	0.0832	0.0952	0.0000	6.8000
dPolE	593.079	90.000	49.9631	1.0000	0.0000	6.8000
uR	593.079	90.000	0.0237	1.0000	0.0000	6.8000
E	594.692	90.000	45.0410	358.6644	0.0827	0.0937	0.0000	6.8000
dPolE	594.692	90.000	48.4650	1.0000	0.0000	6.8000
uR	594.692	90.000	0.0240	1.0000	0.0000	6.8000
E	596.305	90.000	44.6961	358.5310	0.0886	0.0996	0.0000	6.8000
dPolE	596.305	90.000	49.0901	1.0000	0.0000	6.8000
uR	596.305	90.000	0.0241	1.0000	0.0000	6.8000
E	597.918	90.000	44.5732	357.8743	0.0869	0.0971	0.0000	6.8000
dPolE	597.918	90.000	52.0805	1.0000	0.0000	6.8000
uR	597.918	90.000	0.0242	1.0000	0.0000	6.8000
E	599.530	90.000	45.0751	358.2509	0.0907	0.1007	0.0000	6.8000
dPolE	599.530	90.000	49.3088	1.0000	0.0000	6.8000
uR	599.530	90.000	0.0242	1.0000	0.0000	6.8000
E	601.143	90.000	44.8796	358.5506	0.0920	0.1015	0.0000	6.8000
dPolE	601.143	90.000	50.0071	1.0000	0.0000	6.8000
uR	601.143	90.000	0.0237	1.0000	0.0000	6.8000
E	602.755	90.000	44.9398	358.0428	0.0908	0.0998	0.0000	6.8000
dPolE	602.755	90.000	47.5883	1.0000	0.0000	6.8000
uR	602.755	90.000	0.0242	1.0000	0.0000	6.8000
E	604.368	90.000	45.1540	358.5952	0.0907	0.0993	0.0000	6.8000
dPolE	604.368	90.000	48.8502	1.0000	0.0000	6.8000
uR	604.368	90.000	0.0245	1.0000	0.0000	6.8000
E	605.981	90.000	44.9424	358.4031	0.0899	0.0984	0.0000	6.8000
dPolE	605.981	90.000	48.9768	1.0000	0.0000	6.8000
uR	605.981	90.000	0.0247	1.0000	0.0000	6.8000
E	607.593	90.000	45.1995	358.5043	0.0902	0.0988	0.0000	6.8000
dPolE	607.593	90.000	48.7047	1.0000	0.0000	6.8000
uR	607.593	90.000	0.0244	1.0000	0.0000	6.8000
E	609.205	90.000	45.0124	358.2545	0.0938	0.1027	0.0000	6.8000
dPolE	609.205	90.000	47.1510	1.0000	0.0000	6.8000
uR	609.205	90.000	0.0242	1.0000	0.0000	6.8000
E	610.818	90.000	45.0575	358.5201	0.0896	0.0981	0.0000	6.8000
dPolE	610.818	90.000	51.7596	1.0000	0.0000	6.8000
uR	610.818	90.000	0.0240	1.0000	0.0000	6.8000
E	612.430	90.000	44.7566	358.3869	0.0877	0.0959	0.0000	6.8000
dPolE	612.430	90.000	48.7389	1.0000	0.0000	6.8000
uR	612.430	90.000	0.0240	1.0000	0.0000	6.8000
E	614.042	90.000	44.9515	358.3095	0.0846	0.0922	0.0000	6.8000
dPolE	614.042	90.000	51.5841	1.0000	0.0000	6.8000
uR	614.042	90.000	0.0238	1.0000	0.0000	6.8000
E	615.654	90.000	45.2042	358.5087	0.0895	0.0971	0.0000	6.8000
dPolE	615.654	90.000	45.1922	1.0000	0.0000	6.8000
uR	615.654	90.000	0.0240	1.0000	0.0000	6.8000
E	617.266	90.000	45.0006	358.2698	0.0888	0.0958	0.0000	6.8000
dPolE	617.266	90.000	47.8299	1.0000	0.0000	6.8000
uR	617.266	90.000	0.0243	1.0000	0.0000	6.8000
E	618.878	90.000	44.9024	358.5154	0.0823	0.0882	0.0000	6.8000
dPolE	618.878	90.000	47.5397	1.0000	0.0000	6.8000
uR	618.878	90.000	0.0244	1.0000	0.0000	6.8000
E	620.490	90.000	44.9940	358.4609	0.0911	0.0969	0.0000	6.8000
dPolE	620.490	90.000	44.7960	1.0000	0.0000	6.8000
uR	620.490	90.000	0.0242	1.0000	0.0000	6.8000
E	622.102	90.000	44.9307	358.3122	0.0903	0.0954	0.0000	6.8000
dPolE	622.102	90.000	45.6101	1.0000	0.0000	6.8000
uR	622.102	90.000	0.0241	1.0000	0.0000	6.8000
E	623.714	90.000	44.8590	358.3294	0.0951	0.0997	0.0000	6.8000
dPolE	623.714	90.000	45.6195	1.0000	0.0000	6.8000
uR	623.714	90.000	0.0240	1.0000	0.0000	6.8000
E	625.325	90.000	44.8841	358.2007	0.0938	0.0977	0.0000	6.8000
dPolE	625.325	90.000	49.2077	1.0000	0.0000	6.8000
uR	625.325	90.000	0.0238	1.0000	0.0000	6.8000
E	626.937	90.000	44.6763	358.5400	0.0940	0.0974	0.0000	6.8000
dPolE	626.937	90.000	45.4559	1.0000	0.0000	6.8000
uR	626.937	90.000	0.0242	1.0000	0.0000	6.8000
E	628.548	90.000	44.7930	358.6965	0.0957	0.0987	0.0000	6.8000
dPolE	628.548	90.000	46.1280	1.0000	0.0000	6.8000
uR	628.548	90.000	0.0240	1.0000	0.0000	6.8000
E	630.160	90.000	44.8220	358.4327	0.0981	0.1009	0.0000	6.8000
dPolE	630.160	90.000	44.2060	1.0000	0.0000	6.8000
uR	630.160	90.000	0.0244	1.0000	0.0000	6.8000
E	631.771	90.000	44.8486	358.6833	0.1001	0.1029	0.0000	6.8000
dPolE	631.771	90.000	44.5600	1.0000	0.0000	6.8000
uR	631.771	90.000	0.0244	1.0000	0.0000	6.8000
E	633.383	90.000	44.8056	358.5455	0.0964	0.0991	0.0000	6.8000
dPolE	633.383	90.000	46.6637	1.0000	0.0000	6.8000
uR	633.383	90.000	0.0244	1.0000	0.0000	6.8000
E	634.994	90.000	44.7659	358.4916	0.0988	0.1014	0.0000	6.8000
dPolE	634.994	90.000	44.7277	1.0000	0.0000	6.8000
uR	634.994	90.000	0.0240	1.0000	0.0000	6.8000
E	636.605	90.000	44.8858	358.6053	0.0996	0.1022	0.0000	6.8000
dPolE	636.605	90.000	46.7142	1.0000	0.0000	6.8000
uR	636.605	90.000	0.0243	1.0000	0.0000	6.8000
E	638.216	90.000	44.9026	358.2220	0.0963	0.0989	0.0000	6.8000
dPolE	638.216	90.000	46.8636	1.0000	0.0000	6.8000
uR	638.216	90.000	0.0246	1.0000	0.0000	6.8000
E	639.827	90.000	45.1985	358.5832	0.1008	0.1032	0.0000	6.8000
dPolE	639.827	90.000	45.8065	1.0000	0.0000	6.8000
uR	639.827	90.000	0.0246	1.0000	0.0000	6.8000
E	641.438	90.000	45.0283	358.4687	0.0964	0.0984	0.0000	6.8000
dPolE	641.438	90.000	48.4803	1.0000	0.0000	6.8000
uR	641.438	90.000	0.0239	1.0000	0.0000	6.8000
E	643.049	90.000	45.0926	358.5880	0.0998	0.1016	0.0000	6.8000
dPolE	643.049	90.000	44.9885	1.0000	0.0000	6.8000
uR	643.049	90.000	0.0239	1.0000	0.0000	6.8000
E	644.660	90.000	44.6769	358.4889	0.1024	0.1037	0.0000	6.8000
dPolE	644.660	90.000	43.5061	1.0000	0.0000	6.8000
uR	644.660	90.000	0.0244	1.0000	0.0000	6.8000
E	646.271	90.000	45.1134	358.3563	0.0976	0.0981	0.0000	6.8000
dPolE	646.271	90.000	45.7170	1.0000	0.0000	6.8000
uR	646.271	90.000	0.0243	1.0000	0.0000	6.8000
E	647.881	90.000	45.2084	358.5088	0.1003	0.1003	0.0000	6.8000
dPolE	647.881	90.000	43.2719	1.0000	0.0000	6.8000
uR	647.881	90.000	0.0242	1.0000	0.0000	6.8000
E	649.492	90.000	44.8514	358.4948	0.1005	0.0998	0.0000	6.8000
dPolE	649.492	90.000	42.4431	1.0000	0.0000	6.8000
uR	649.492	90.000	0.0243	1.0000	0.0000	6.8000
E	651.103	90.000	45.0866	358.2090	0.1025	0.1010	0.0000	6.8000
dPolE	651.103	90.000	42.8918	1.0000	0.0000	6.8000
uR	651.103	90.000	0.0243	1.0000	0.0000	6.8000
E	652.713	90.000	44.8014	358.2541	0.0984	0.0964	0.0000	6.8000
dPolE	652.713	90.000	46.8386	1.0000	0.0000	6.8000
uR	652.713	90.000	0.0245	1.0000	0.0000	6.8000
E	654.323	90.000	45.0490	358.1456	0.1060	0.1032	0.0000	6.8000
dPolE	654.323	90.000	46.0421	1.0000	0.0000	6.8000
uR	654.323	90.000	0.0246	1.0000	0.0000	6.8000
E	655.934	90.000	44.8413	358.7298	0.1058	0.1026	0.0000	6.8000
dPolE	655.934	90.000	45.2621	1.0000	0.0000	6.8000
uR	655.934	90.000	0.0249	1.0000	0.0000	6.8000
E	657.544	90.000	45.3323	358.4061	0.1107	0.1070	0.0000	6.8000
dPolE	657.544	90.000	43.8107	1.0000	0.0000	6.8000
uR	657.544	90.000	0.0246	1.0000	0.0000	6.8000
E	659.154	90.000	44.7899	358.4676	0.1070	0.1033	0.0000	6.8000
dPolE	659.154	90.000	43.5671	1.0000	0.0000	6.8000
uR	659.154	90.000	0.0253	1.0000	0.0000	6.8000
E	660.764	90.000	45.1542	358.4218	0.1081	0.1040	0.0000	6.8000
dPolE	660.764	90.000	44.4888	1.0000	0.0000	6.8000
uR	660.764	90.000	0.0249	1.0000	0.0000	6.8000
E	662.374	90.000	44.8532	358.5061	0.1055	0.1015	0.0000	6.8000
dPolE	662.374	90.000	45.5519	1.0000	0.0000	6.8000
uR	662.374	90.000	0.0247	1.0000	0.0000	6.8000
E	663.984	90.000	44.9213	358.3232	0.1051	0.1011	0.0000	6.8000
dPolE	663.984	90.000	46.4640	1.0000	0.0000	6.8000
uR	663.984	90.000	0.0245	1.0000	0.0000	6.8000
E	665.594	90.000	45.2190	358.6254	0.1035	0.0995	0.0000	6.8000
dPolE	665.594	90.000	46.1322	1.0000	0.0000	6.8000
uR	665.594	90.000	0.0249	1.0000	0.0000	6.8000
E	667.204	90.000	44.9267	358.4771	0.1070	0.1028	0.0000	6.8000
dPolE	667.204	90.000	46.4081	1.0000	0.0000	6.8000
uR	667.204	90.000	0.0242	1.0000	0.0000	6.8000
E	668.813	90.000	45.0360	358.4122	0.1076	0.1032	0.0000	6.8000
dPolE	668.813	90.000	42.3240	1.0000	0.0000	6.8000
uR	668.813	90.000	0.0245	1.0000	0.0000	6.8000
E	670.423	90.000	44.7994	358.5809	0.1047	0.1002	0.0000	6.8000
dPolE	670.423	90.000	41.1935	1.0000	0.0000	6.8000
uR	670.423	90.000	0.0247	1.0000	0.0000	6.8000
E	672.032	90.000	45.0696	358.4135	0.1070	0.1022	0.0000	6.8000
dPolE	672.032	90.000	42.8298	1.0000	0.0000	6.8000
uR	672.032	90.000	0.0243	1.0000	0.0000	6.8000
E	673.642	90.000	44.7977	358.4318	0.1080	0.1028	0.0000	6.8000
dPolE	673.642	90.000	41.6824	1.0000	0.0000	6.8000
uR	673.642	90.000	0.0244	1.0000	0.0000	6.8000
E	675.251	90.000	44.6155	358.2244	0.1027	0.0973	0.0000	6.8000
dPolE	675.251	90.000	45.1434	1.0000	0.0000	6.8000
uR	675.251	90.000	0.0248	1.0000	0.0000	6.8000
E	676.860	90.000	44.7624	358.5934	0.1047	0.0987	0.0000	6.8000
dPolE	676.860	90.000	43.9550	1.0000	0.0000	6.8000
uR	676.860	90.000	0.0245	1.0000	0.0000	6.8000
E	678.469	90.000	44.8174	358.6852	0.1090	0.1021	0.0000	6.8000
dPolE	678.469	90.000	41.9632	1.0000	0.0000	6.8000
uR	678.469	90.000	0.0247	1.0000	0.0000	6.8000
E	680.079	90.000	44.6378	358.4666	0.1098	0.1023	0.0000	6.8000
dPolE	680.079	90.000	41.6557	1.0000	0.0000	6.8000
uR	680.079	90.000	0.0247	1.0000	0.0000	6.8000
E	681.688	90.000	44.6393	358.5915	0.1028	0.0950	0.0000	6.8000
dPolE	681.688	90.000	41.9839	1.0000	0.0000	6.8000
uR	681.688	90.000	0.0253	1.0000	0.0000	6.8000
E	683.296	90.000	45.1342	358.3265	0.1058	0.0972	0.0000	6.8000
dPolE	683.296	90.000	37.6230	1.0000	0.0000	6.8000
uR	683.296	90.000	0.0253	1.0000	0.0000	6.8000
E	684.905	90.000	45.0271	358.5150	0.1085	0.0990	0.0000	6.8000
dPolE	684.905	90.000	36.8131	1.0000	0.0000	6.8000
uR	684.905	90.000	0.0246	1.0000	0.0000	6.8000
E	686.514	90.000	44.8870	358.4323	0.1060	0.0963	0.0000	6.8000
dPolE	686.514	90.000	38.8210	1.0000	0.0000	6.8000
uR	686.514	90.000	0.0241	1.0000	0.0000	6.8000
E	688.123	90.000	44.7363	358.4708	0.1036	0.0938	0.0000	6.8000
dPolE	688.123	90.000	40.5635	1.0000	0.0000	6.8000
uR	688.123	90.000	0.0241	1.0000	0.0000	6.8000
E	689.731	90.000	44.9785	358.4036	0.1023	0.0923	0.0000	6.8000
dPolE	689.731	90.000	35.8190	1.0000	0.0000	6.8000
uR	689.731	90.000	0.0242	1.0000	0.0000	6.8000
E	691.340	90.000	44.9557	358.5404	0.1040	0.0935	0.0000	6.8000
dPolE	691.340	90.000	41.4424	1.0000	0.0000	6.8000
uR	691.340	90.000	0.0241	1.0000	0.0000	6.8000
E	692.948	90.000	44.9698	358.5782	0.1107	0.0993	0.0000	6.8000
dPolE	692.948	90.000	39.4210	1.0000	0.0000	6.8000
uR	692.948	90.000	0.0247	1.0000	0.0000	6.8000
E	694.556	90.000	45.0261	358.4790	0.1109	0.0995	0.0000	6.8000
dPolE	694.556	90.000	41.5891	1.0000	0.0000	6.8000
uR	694.556	90.000	0.0247	1.0000	0.0000	6.8000
E	696.164	90.000	44.9715	358.4475	0.1126	0.1011	0.0000	6.8000
dPolE	696.164	90.000	42.9888	1.0000	0.0000	6.8000
uR	696.164	90.000	0.0242	1.0000	0.0000	6.8000
E	697.772	90.000	44.8304	358.7021	0.1181	0.1059	0.0000	6.8000
dPolE	697.772	90.000	42.9034	1.0000	0.0000	6.8000
uR	697.772	90.000	0.0242	1.0000	0.0000	6.8000
E	699.380	90.000	44.9370	358.5451	0.1184	0.1062	0.0000	6.8000
dPolE	699.380	90.000	44.1814	1.0000	0.0000	6.8000
uR	699.380	90.000	0.0240	1.0000	0.0000	6.8000
E	700.988	90.000	45.3184	358.6686	0.1251	0.1120	0.0000	6.8000
dPolE	700.988	90.000	41.8468	1.0000	0.0000	6.8000
uR	700.988	90.000	0.0241	1.0000	0.0000	6.8000
E	702.596	90.000	44.7164	358.6364	0.1233	0.1102	0.0000	6.8000
dPolE	702.596	90.000	43.2782	1.0000	0.0000	6.8000
uR	702.596	90.000	0.0243	1.0000	0.0000	6.8000
E	704.204	90.000	44.8810	358.5836	0.1313	0.1171	0.0000	6.8000
dPolE	704.204	90.000	43.6698	1.0000	0.0000	6.8000
uR	704.204	90.000	0.0242	1.0000	0.0000	6.8000
E	705.811	90.000	45.3427	358.2682	0.1247	0.1107	0.0000	6.8000
dPolE	705.811	90.000	43.5577	1.0000	0.0000	6.8000
uR	705.811	90.000	0.0242	1.0000	0.0000	6.8000
E	707.419	90.000	45.1006	358.4547	0.1256	0.1113	0.0000	6.8000
dPolE	707.419	90.000	41.7175	1.0000	0.0000	6.8000
uR	707.419	90.000	0.0250	1.0000	0.0000	6.8000
E	709.026	90.000	44.9294	358.5500	0.1217	0.1074	0.0000	6.8000
dPolE	709.026	90.000	39.5153	1.0000	0.0000	6.8000
uR	709.026	90.000	0.0249	1.0000	0.0000	6.8000
E	710.634	90.000	44.8253	358.3402	0.1180	0.1037	0.0000	6.8000
dPolE	710.634	90.000	40.3279	1.0000	0.0000	6.8000
uR	710.634	90.000	0.0258	1.0000	0.0000	6.8000
E	712.241	90.000	44.6997	358.4876	0.1187	0.1038	0.0000	6.8000
dPolE	712.241	90.000	41.1190	1.0000	0.0000	6.8000
uR	712.241	90.000	0.0278	1.0000	0.0000	6.8000
E	713.848	90.000	44.8184	358.4716	0.1385	0.1203	0.0000	6.8000
dPolE	713.848	90.000	43.5450	1.0000	0.0000	6.8000
uR	713.848	90.000	0.0269	1.0000	0.0000	6.8000
E	715.455	90.000	44.4495	358.4771	0.1513	0.1306	0.0000	6.8000
dPolE	715.455	90.000	46.9986	1.0000	0.0000	6.8000
uR	715.455	90.000	0.0236	1.0000	0.0000	6.8000
E	717.062	90.000	44.7406	358.6123	0.1453	0.1249	0.0000	6.8000
dPolE	717.062	90.000	45.3543	1.0000	0.0000	6.8000
uR	717.062	90.000	0.0223	1.0000	0.0000	6.8000
E	718.669	90.000	45.0994	358.4566	0.1286	0.1101	0.0000	6.8000
dPolE	718.669	90.000	41.1457	1.0000	0.0000	6.8000
uR	718.669	90.000	0.0237	1.0000	0.0000	6.8000
E	720.276	90.000	45.2750	358.6948	0.1283	0.1093	0.0000	6.8000
dPolE	720.276	90.000	43.3192	1.0000	0.0000	6.8000
uR	720.276	90.000	0.0253	1.0000	0.0000	6.8000
E	721.882	90.000	44.8294	358.6544	0.1347	0.1142	0.0000	6.8000
dPolE	721.882	90.000	47.1339	1.0000	0.0000	6.8000
uR	721.882	90.000	0.0249	1.0000	0.0000	6.8000
E	723.489	90.000	44.9800	358.5446	0.1401	0.1183	0.0000	6.8000
dPolE	723.489	90.000	42.0424	1.0000	0.0000	6.8000
uR	723.489	90.000	0.0245	1.0000	0.0000	6.8000
E	725.095	90.000	45.1357	358.6621	0.1415	0.1191	0.0000	6.8000
dPolE	725.095	90.000	43.5551	1.0000	0.0000	6.8000
uR	725.095	90.000	0.0249	1.0000	0.0000	6.8000
E	726.701	90.000	44.6342	358.7831	0.1415	0.1188	0.0000	6.8000
dPolE	726.701	90.000	42.0239	1.0000	0.0000	6.8000
uR	726.701	90.000	0.0254	1.0000	0.0000	6.8000
E	728.308	90.000	44.7846	358.6638	0.1352	0.1133	0.0000	6.8000
dPolE	728.308	90.000	42.2712	1.0000	0.0000	6.8000
uR	728.308	90.000	0.0253	1.0000	0.0000	6.8000
E	729.914	90.000	44.8778	358.3292	0.1309	0.1095	0.0000	6.8000
dPolE	729.914	90.000	40.0996	1.0000	0.0000	6.8000
uR	729.914	90.000	0.0249	1.0000	0.0000	6.8000
E	731.520	90.000	45.0117	358.5351	0.1317	0.1102	0.0000	6.8000
dPolE	731.520	90.000	38.9545	1.0000	0.0000	6.8000
uR	731.520	90.000	0.0249	1.0000	0.0000	6.8000
E	733.126	90.000	44.9812	358.8463	0.1225	0.1024	0.0000	6.8000
dPolE	733.126	90.000	39.1299	1.0000	0.0000	6.8000
uR	733.126	90.000	0.0251	1.0000	0.0000	6.8000
E	734.732	90.000	44.9233	358.3551	0.1301	0.1088	0.0000	6.8000
dPolE	734.732	90.000	36.3901	1.0000	0.0000	6.8000
uR	734.732	90.000	0.0255	1.0000	0.0000	6.8000
E	736.337	90.000	45.0929	358.6979	0.1271	0.1062	0.0000	6.8000
dPolE	736.337	90.000	41.8521	1.0000	0.0000	6.8000
uR	736.337	90.000	0.0255	1.0000	0.0000	6.8000
E	737.943	90.000	44.9198	358.5671	0.1277	0.1066	0.0000	6.8000
dPolE	737.943	90.000	40.3035	1.0000	0.0000	6.8000
uR	737.943	90.000	0.0255	1.0000	0.0000	6.8000
E	739.548	90.000	45.0186	358.6584	0.1336	0.1111	0.0000	6.8000
dPolE	739.548	90.000	38.7729	1.0000	0.0000	6.8000
uR	739.548	90.000	0.0248	1.0000	0.0000	6.8000
E	741.154	90.000	44.9999	358.6790	0.1311	0.1091	0.0000	6.8000
dPolE	741.154	90.000	38.3814	1.0000	0.0000	6.8000
uR	741.154	90.000	0.0249	1.0000	0.0000	6.8000
E	742.759	90.000	44.6399	358.6878	0.1382	0.1146	0.0000	6.8000
dPolE	742.759	90.000	37.6169	1.0000	0.0000	6.8000
uR	742.759	90.000	0.0248	1.0000	0.0000	6.8000
E	744.364	90.000	45.1126	358.4257	0.1292	0.1067	0.0000	6.8000
dPolE	744.364	90.000	37.8489	1.0000	0.0000	6.8000
uR	744.364	90.000	0.0248	1.0000	0.0000	6.8000
E	745.969	90.000	45.4077	358.6221	0.1443	0.1187	0.0000	6.8000
dPolE	745.969	90.000	39.8117	1.0000	0.0000	6.8000
uR	745.969	90.000	0.0252	1.0000	0.0000	6.8000
E	747.574	90.000	44.6796	358.7238	0.1414	0.1158	0.0000	6.8000
dPolE	747.574	90.000	40.3991	1.0000	0.0000	6.8000
uR	747.574	90.000	0.0250	1.0000	0.0000	6.8000
E	749.179	90.000	44.6434	358.5361	0.1361	0.1110	0.0000	6.8000
dPolE	749.179	90.000	44.2799	1.0000	0.0000	6.8000
uR	749.179	90.000	0.0245	1.0000	0.0000	6.8000
E	750.784	90.000	45.0065	358.5123	0.1483	0.1205	0.0000	6.8000
dPolE	750.784	90.000	38.1968	1.0000	0.0000	6.8000
uR	750.784	90.000	0.0245	1.0000	0.0000	6.8000
E	752.388	90.000	44.9894	358.6287	0.1493	0.1206	0.0000	6.8000
dPolE	752.388	90.000	41.8180	1.0000	0.0000	6.8000
uR	752.388	90.000	0.0241	1.0000	0.0000	6.8000
E	753.993	90.000	45.1599	358.7277	0.1466	0.1177	0.0000	6.8000
dPolE	753.993	90.000	41.6292	1.0000	0.0000	6.8000
uR	753.993	90.000	0.0246	1.0000	0.0000	6.8000
E	755.597	90.000	44.5942	358.7356	0.1534	0.1226	0.0000	6.8000
dPolE	755.597	90.000	38.3513	1.0000	0.0000	6.8000
uR	755.597	90.000	0.0250	1.0000	0.0000	6.8000
E	757.202	90.000	44.8421	358.4254	0.1474	0.1176	0.0000	6.8000
dPolE	757.202	90.000	41.2625	1.0000	0.0000	6.8000
uR	757.202	90.000	0.0244	1.0000	0.0000	6.8000
E	758.806	90.000	44.7897	358.6745	0.1470	0.1165	0.0000	6.8000
dPolE	758.806	90.000	43.7868	1.0000	0.0000	6.8000
uR	758.806	90.000	0.0235	1.0000	0.0000	6.8000
E	760.410	90.000	44.7788	358.6684	0.1520	0.1200	0.0000	6.8000
dPolE	760.410	90.000	39.6046	1.0000	0.0000	6.8000
uR	760.410	90.000	0.0234	1.0000	0.0000	6.8000
E	762.014	90.000	44.8220	358.6081	0.1366	0.1072	0.0000	6.8000
dPolE	762.014	90.000	36.7889	1.0000	0.0000	6.8000
uR	762.014	90.000	0.0241	1.0000	0.0000	6.8000
E	763.618	90.000	45.0244	358.5045	0.1196	0.0938	0.0000	6.8000
dPolE	763.618	90.000	29.8858	1.0000	0.0000	6.8000
uR	763.618	90.000	0.0249	1.0000	0.0000	6.8000
E	765.221	90.000	44.9449	358.5383	0.1072	0.0839	0.0000	6.8000
dPolE	765.221	90.000	29.2194	1.0000	0.0000	6.8000
uR	765.221	90.000	0.0250	1.0000	0.0000	6.8000
E	766.825	90.000	44.6969	358.6543	0.1150	0.0898	0.0000	6.8000
dPolE	766.825	90.000	31.1949	1.0000	0.0000	6.8000
uR	766.825	90.000	0.0250	1.0000	0.0000	6.8000
E	768.429	90.000	45.1402	358.8105	0.1332	0.1037	0.0000	6.8000
dPolE	768.429	90.000	38.6969	1.0000	0.0000	6.8000
uR	768.429	90.000	0.0239	1.0000	0.0000	6.8000
E	770.032	90.000	44.9648	358.3219	0.1497	0.1166	0.0000	6.8000
dPolE	770.032	90.000	46.0980	1.0000	0.0000	6.8000
uR	770.032	90.000	0.0241	1.0000	0.0000	6.8000
E	771.635	90.000	45.0285	358.2276	0.1619	0.1260	0.0000	6.8000
dPolE	771.635	90.000	39.9635	1.0000	0.0000	6.8000
uR	771.635	90.000	0.0257	1.0000	0.0000	6.8000
E	773.238	90.000	44.9350	358.8069	0.1637	0.1273	0.0000	6.8000
dPolE	773.238	90.000	40.6320	1.0000	0.0000	6.8000
uR	773.238	90.000	0.0260	1.0000	0.0000	6.8000
E	774.841	90.000	44.9542	358.5151	0.1769	0.1375	0.0000	6.8000
dPolE	774.841	90.000	43.3924	1.0000	0.0000	6.8000
uR	774.841	90.000	0.0258	1.0000	0.0000	6.8000
E	776.444	90.000	44.7153	358.5885	0.1822	0.1415	0.0000	6.8000
dPolE	776.444	90.000	46.3879	1.0000	0.0000	6.8000
uR	776.444	90.000	0.0265	1.0000	0.0000	6.8000
E	778.047	90.000	44.7669	358.6028	0.1880	0.1454	0.0000	6.8000
dPolE	778.047	90.000	44.7767	1.0000	0.0000	6.8000
uR	778.047	90.000	0.0264	1.0000	0.0000	6.8000
E	779.650	90.000	45.1661	358.4844	0.1881	0.1454	0.0000	6.8000
dPolE	779.650	90.000	47.6034	1.0000	0.0000	6.8000
uR	779.650	90.000	0.0264	1.0000	0.0000	6.8000
E	781.252	90.000	44.9956	358.2443	0.1838	0.1424	0.0000	6.8000
dPolE	781.252	90.000	43.5840	1.0000	0.0000	6.8000
uR	781.252	90.000	0.0274	1.0000	0.0000	6.8000
E	782.855	90.000	45.2261	358.6042	0.1808	0.1395	0.0000	6.8000
dPolE	782.855	90.000	45.8678	1.0000	0.0000	6.8000
uR	782.855	90.000	0.0293	1.0000	0.0000	6.8000
E	784.457	90.000	44.3444	358.3800	0.1845	0.1424	0.0000	6.8000
dPolE	784.457	90.000	46.9213	1.0000	0.0000	6.8000
uR	784.457	90.000	0.0279	1.0000	0.0000	6.8000
E	786.059	90.000	45.2959	358.7196	0.1826	0.1402	0.0000	6.8000
dPolE	786.059	90.000	42.5510	1.0000	0.0000	6.8000
uR	786.059	90.000	0.0279	1.0000	0.0000	6.8000
E	787.661	90.000	44.3517	358.3951	0.1772	0.1352	0.0000	6.8000
dPolE	787.661	90.000	44.9724	1.0000	0.0000	6.8000
uR	787.661	90.000	0.0259	1.0000	0.0000	6.8000
E	789.263	90.000	44.9726	358.5963	0.1640	0.1251	0.0000	6.8000
dPolE	789.263	90.000	45.7053	1.0000	0.0000	6.8000
uR	789.263	90.000	0.0251	1.0000	0.0000	6.8000
E	790.865	90.000	45.2433	358.9210	0.1636	0.1240	0.0000	6.8000
dPolE	790.865	90.000	42.5112	1.0000	0.0000	6.8000
uR	790.865	90.000	0.0246	1.0000	0.0000	6.8000
E	792.467	90.000	44.7075	358.3264	0.1734	0.1314	0.0000	6.8000
dPolE	792.467	90.000	43.2893	1.0000	0.0000	6.8000
uR	792.467	90.000	0.0243	1.0000	0.0000	6.8000
E	794.068	90.000	44.9145	358.7794	0.1844	0.1387	0.0000	6.8000
dPolE	794.068	90.000	43.6704	1.0000	0.0000	6.8000
uR	794.068	90.000	0.0254	1.0000	0.0000	6.8000
E	795.670	90.000	44.6744	358.4279	0.1771	0.1328	0.0000	6.8000
dPolE	795.670	90.000	44.1596	1.0000	0.0000	6.8000
uR	795.670	90.000	0.0257	1.0000	0.0000	6.8000
E	797.271	90.000	44.8564	358.3150	0.1718	0.1285	0.0000	6.8000
dPolE	797.271	90.000	41.2292	1.0000	0.0000	6.8000
uR	797.271	90.000	0.0268	1.0000	0.0000	6.8000
E	798.872	90.000	44.8916	358.4502	0.1680	0.1249	0.0000	6.8000
dPolE	798.872	90.000	36.4586	1.0000	0.0000	6.8000
uR	798.872	90.000	0.0267	1.0000	0.0000	6.8000
E	800.473	90.000	45.2340	358.5445	0.1652	0.1226	0.0000	6.8000
dPolE	800.473	90.000	40.9552	1.0000	0.0000	6.8000
uR	800.473	90.000	0.0265	1.0000	0.0000	6.8000
E	802.074	90.000	45.1863	358.3019	0.1835	0.1355	0.0000	6.8000
dPolE	802.074	90.000	40.9875	1.0000	0.0000	6.8000
uR	802.074	90.000	0.0261	1.0000	0.0000	6.8000
E	803.675	90.000	44.9123	358.4223	0.1871	0.1372	0.0000	6.8000
dPolE	803.675	90.000	44.0465	1.0000	0.0000	6.8000
uR	803.675	90.000	0.0270	1.0000	0.0000	6.8000
E	805.276	90.000	45.1522	358.5617	0.1882	0.1375	0.0000	6.8000
dPolE	805.276	90.000	43.5862	1.0000	0.0000	6.8000
uR	805.276	90.000	0.0264	1.0000	0.0000	6.8000
E	806.876	90.000	44.9965	358.7433	0.1804	0.1317	0.0000	6.8000
dPolE	806.876	90.000	43.3814	1.0000	0.0000	6.8000
uR	806.876	90.000	0.0258	1.0000	0.0000	6.8000
E	808.477	90.000	44.4101	358.2833	0.1746	0.1274	0.0000	6.8000
dPolE	808.477	90.000	43.4998	1.0000	0.0000	6.8000
uR	808.477	90.000	0.0251	1.0000	0.0000	6.8000
E	810.077	90.000	45.1785	358.2536	0.1828	0.1329	0.0000	6.8000
dPolE	810.077	90.000	38.7320	1.0000	0.0000	6.8000
uR	810.077	90.000	0.0262	1.0000	0.0000	6.8000
E	811.677	90.000	44.9908	358.7657	0.1864	0.1350	0.0000	6.8000
dPolE	811.677	90.000	40.1667	1.0000	0.0000	6.8000
uR	811.677	90.000	0.0275	1.0000	0.0000	6.8000
E	813.277	90.000	44.9193	358.7728	0.1819	0.1317	0.0000	6.8000
dPolE	813.277	90.000	42.2517	1.0000	0.0000	6.8000
uR	813.277	90.000	0.0256	1.0000	0.0000	6.8000
E	814.877	90.000	45.1638	358.4533	0.1844	0.1334	0.0000	6.8000
dPolE	814.877	90.000	43.8742	1.0000	0.0000	6.8000
uR	814.877	90.000	0.0240	1.0000	0.0000	6.8000
E	816.477	90.000	45.0196	358.6244	0.1728	0.1247	0.0000	6.8000
dPolE	816.477	90.000	34.0671	1.0000	0.0000	6.8000
uR	816.477	90.000	0.0255	1.0000	0.0000	6.8000
E	818.077	90.000	45.4494	358.4617	0.1507	0.1090	0.0000	6.8000
dPolE	818.077	90.000	31.8855	1.0000	0.0000	6.8000
uR	818.077	90.000	0.0231	1.0000	0.0000	6.8000
E	819.676	90.000	45.0549	358.6693	0.1109	0.0800	0.0000	6.8000
dPolE	819.676	90.000	25.8838	1.0000	0.0000	6.8000
uR	819.676	90.000	0.0204	1.0000	0.0000	6.8000
E	821.276	90.000	44.9048	358.7381	0.0760	0.0548	0.0000	6.8000
dPolE	821.276	90.000	12.0963	1.0000	0.0000	6.8000
uR	821.276	90.000	0.0213	1.0000	0.0000	6.8000
E	822.875	90.000	44.9440	358.6403	0.0520	0.0374	0.0000	6.8000
dPolE	822.875	90.000	7.6734	1.0000	0.0000	6.8000
uR	822.875	90.000	0.0236	1.0000	0.0000	6.8000
E	824.474	90.000	44.9952	358.5993	0.0452	0.0325	0.0000	6.8000
dPolE	824.474	90.000	3.5945	1.0000	0.0000	6.8000
uR	824.474	90.000	0.0252	1.0000	0.0000	6.8000
E	826.073	90.000	44.9951	358.6264	0.0478	0.0344	0.0000	6.8000
dPolE	826.073	90.000	3.2460	1.0000	0.0000	6.8000
uR	826.073	90.000	0.0247	1.0000	0.0000	6.8000
E	827.672	90.000	44.9338	358.6776	0.0590	0.0423	0.0000	6.8000
dPolE	827.672	90.000	7.5308	1.0000	0.0000	6.8000
uR	827.672	90.000	0.0238	1.0000	0.0000	6.8000
E	829.271	90.000	44.6951	358.6921	0.0638	0.0457	0.0000	6.8000
dPolE	829.271	90.000	10.8908	1.0000	0.0000	6.8000
uR	829.271	90.000	0.0252	1.0000	0.0000	6.8000
E	830.869	90.000	45.0947	358.7017	0.0812	0.0580	0.0000	6.8000
dPolE	830.869	90.000	16.0012	1.0000	0.0000	6.8000
uR	830.869	90.000	0.0236	1.0000	0.0000	6.8000
E	832.468	90.000	45.0455	358.7333	0.0990	0.0706	0.0000	6.8000
dPolE	832.468	90.000	26.6981	1.0000	0.0000	6.8000
uR	832.468	90.000	0.0218	1.0000	0.0000	6.8000
E	834.066	90.000	44.8467	358.7373	0.0941	0.0669	0.0000	6.8000
dPolE	834.066	90.000	23.0323	1.0000	0.0000	6.8000
uR	834.066	90.000	0.0229	1.0000	0.0000	6.8000
E	835.664	90.000	44.8966	358.6267	0.0918	0.0651	0.0000	6.8000
dPolE	835.664	90.000	20.2673	1.0000	0.0000	6.8000
uR	835.664	90.000	0.0241	1.0000	0.0000	6.8000
E	837.262	90.000	44.7084	358.5757	0.1037	0.0733	0.0000	6.8000
dPolE	837.262	90.000	23.4348	1.0000	0.0000	6.8000
uR	837.262	90.000	0.0244	1.0000	0.0000	6.8000
E	838.860	90.000	44.6909	358.7826	0.1286	0.0904	0.0000	6.8000
dPolE	838.860	90.000	31.5598	1.0000	0.0000	6.8000
uR	838.860	90.000	0.0237	1.0000	0.0000	6.8000
E	840.458	90.000	44.7314	358.8374	0.1341	0.0938	0.0000	6.8000
dPolE	840.458	90.000	39.9218	1.0000	0.0000	6.8000
uR	840.458	90.000	0.0247	1.0000	0.0000	6.8000
E	842.055	90.000	45.0993	358.5034	0.1432	0.1002	0.0000	6.8000
dPolE	842.055	90.000	40.0274	1.0000	0.0000	6.8000
uR	842.055	90.000	0.0262	1.0000	0.0000	6.8000
E	843.653	90.000	45.2812	358.5100	0.1583	0.1104	0.0000	6.8000
dPolE	843.653	90.000	42.2196	1.0000	0.0000	6.8000
uR	843.653	90.000	0.0253	1.0000	0.0000	6.8000
E	845.250	90.000	44.9487	358.6206	0.1893	0.1311	0.0000	6.8000
dPolE	845.250	90.000	55.3105	1.0000	0.0000	6.8000
uR	845.250	90.000	0.0240	1.0000	0.0000	6.8000
E	846.847	90.000	44.8593	358.4602	0.2271	0.1567	0.0000	6.8000
dPolE	846.847	90.000	50.7472	1.0000	0.0000	6.8000
uR	846.847	90.000	0.0257	1.0000	0.0000	6.8000
E	848.444	90.000	44.7429	359.1957	0.2365	0.1623	0.0000	6.8000
dPolE	848.444	90.000	56.1693	1.0000	0.0000	6.8000
uR	848.444	90.000	0.0268	1.0000	0.0000	6.8000
E	850.041	90.000	45.7110	358.2936	0.2496	0.1710	0.0000	6.8000
dPolE	850.041	90.000	62.0046	1.0000	0.0000	6.8000
uR	850.041	90.000	0.0261	1.0000	0.0000	6.8000
E	851.638	90.000	45.1433	358.5130	0.2639	0.1800	0.0000	6.8000
dPolE	851.638	90.000	61.7057	1.0000	0.0000	6.8000
uR	851.638	90.000	0.0258	1.0000	0.0000	6.8000
E	853.234	90.000	45.0297	358.7473	0.2688	0.1825	0.0000	6.8000
dPolE	853.234	90.000	60.8391	1.0000	0.0000	6.8000
uR	853.234	90.000	0.0254	1.0000	0.0000	6.8000
E	854.831	90.000	44.8035	358.5873	0.2795	0.1888	0.0000	6.8000
dPolE	854.831	90.000	59.6457	1.0000	0.0000	6.8000
uR	854.831	90.000	0.0243	1.0000	0.0000	6.8000
E	856.427	90.000	45.6041	359.0347	0.2791	0.1885	0.0000	6.8000
dPolE	856.427	90.000	61.7673	1.0000	0.0000	6.8000
uR	856.427	90.000	0.0237	1.0000	0.0000	6.8000
E	858.023	90.000	45.1432	358.6970	0.2661	0.1793	0.0000	6.8000
dPolE	858.023	90.000	54.2682	1.0000	0.0000	6.8000
uR	858.023	90.000	0.0255	1.0000	0.0000	6.8000
E	859.619	90.000	44.5903	358.6947	0.2651	0.1779	0.0000	6.8000
dPolE	859.619	90.000	55.8083	1.0000	0.0000	6.8000
uR	859.619	90.000	0.0242	1.0000	0.0000	6.8000
E	861.215	90.000	44.9350	358.6351	0.2599	0.1743	0.0000	6.8000
dPolE	861.215	90.000	53.7214	1.0000	0.0000	6.8000
uR	861.215	90.000	0.0247	1.0000	0.0000	6.8000
E	862.811	90.000	44.7340	358.8835	0.2503	0.1677	0.0000	6.8000
dPolE	862.811	90.000	50.5776	1.0000	0.0000	6.8000
uR	862.811	90.000	0.0250	1.0000	0.0000	6.8000
E	864.407	90.000	44.8631	358.7847	0.2318	0.1549	0.0000	6.8000
dPolE	864.407	90.000	52.2037	1.0000	0.0000	6.8000
uR	864.407	90.000	0.0254	1.0000	0.0000	6.8000
E	866.002	90.000	44.8542	358.8115	0.2266	0.1514	0.0000	6.8000
dPolE	866.002	90.000	44.3606	1.0000	0.0000	6.8000
uR	866.002	90.000	0.0266	1.0000	0.0000	6.8000
E	867.597	90.000	45.2901	358.8305	0.2188	0.1462	0.0000	6.8000
dPolE	867.597	90.000	40.2052	1.0000	0.0000	6.8000
uR	867.597	90.000	0.0257	1.0000	0.0000	6.8000
E	869.192	90.000	45.5108	358.9448	0.2076	0.1384	0.0000	6.8000
dPolE	869.192	90.000	35.0885	1.0000	0.0000	6.8000
uR	869.192	90.000	0.0257	1.0000	0.0000	6.8000
E	870.787	90.000	44.8924	358.5003	0.1977	0.1320	0.0000	6.8000
dPolE	870.787	90.000	35.2995	1.0000	0.0000	6.8000
uR	870.787	90.000	0.0259	1.0000	0.0000	6.8000
E	872.382	90.000	45.2929	358.9038	0.1832	0.1220	0.0000	6.8000
dPolE	872.382	90.000	32.5316	1.0000	0.0000	6.8000
uR	872.382	90.000	0.0247	1.0000	0.0000	6.8000
E	873.977	90.000	44.6939	358.7411	0.1723	0.1149	0.0000	6.8000
dPolE	873.977	90.000	33.4231	1.0000	0.0000	6.8000
uR	873.977	90.000	0.0240	1.0000	0.0000	6.8000
E	875.571	90.000	44.2047	358.9980	0.1570	0.1046	0.0000	6.8000
dPolE	875.571	90.000	32.7712	1.0000	0.0000	6.8000
uR	875.571	90.000	0.0236	1.0000	0.0000	6.8000
E	877.166	90.000	45.1611	358.7532	0.1320	0.0879	0.0000	6.8000
dPolE	877.166	90.000	29.2055	1.0000	0.0000	6.8000
uR	877.166	90.000	0.0220	1.0000	0.0000	6.8000
E	878.760	90.000	44.8885	358.7131	0.0935	0.0622	0.0000	6.8000
dPolE	878.760	90.000	17.3411	1.0000	0.0000	6.8000
uR	878.760	90.000	0.0215	1.0000	0.0000	6.8000
E	880.354	90.000	44.9289	358.7083	0.0684	0.0454	0.0000	6.8000
dPolE	880.354	90.000	8.8411	1.0000	0.0000	6.8000
uR	880.354	90.000	0.0225	1.0000	0.0000	6.8000
E	881.948	90.000	44.9553	358.7540	0.0513	0.0339	0.0000	6.8000
dPolE	881.948	90.000	4.9212	1.0000	0.0000	6.8000
uR	881.948	90.000	0.0250	1.0000	0.0000	6.8000
E	883.542	90.000	44.9048	358.6495	0.0503	0.0332	0.0000	6.8000
dPolE	883.542	90.000	3.9925	1.0000	0.0000	6.8000
uR	883.542	90.000	0.0261	1.0000	0.0000	6.8000
E	885.135	90.000	44.9113	358.7332	0.0565	0.0373	0.0000	6.8000
dPolE	885.135	90.000	5.3837	1.0000	0.0000	6.8000
uR	885.135	90.000	0.0242	1.0000	0.0000	6.8000
E	886.729	90.000	44.8371	358.7744	0.0760	0.0500	0.0000	6.8000
dPolE	886.729	90.000	10.2493	1.0000	0.0000	6.8000
uR	886.729	90.000	0.0229	1.0000	0.0000	6.8000
E	888.322	90.000	44.4850	358.7148	0.0936	0.0615	0.0000	6.8000
dPolE	888.322	90.000	22.2117	1.0000	0.0000	6.8000
uR	888.322	90.000	0.0227	1.0000	0.0000	6.8000
E	889.915	90.000	45.0887	358.6132	0.1140	0.0746	0.0000	6.8000
dPolE	889.915	90.000	23.7730	1.0000	0.0000	6.8000
uR	889.915	90.000	0.0222	1.0000	0.0000	6.8000
E	891.508	90.000	44.8883	358.7673	0.1140	0.0743	0.0000	6.8000
dPolE	891.508	90.000	22.2017	1.0000	0.0000	6.8000
uR	891.508	90.000	0.0234	1.0000	0.0000	6.8000
E	893.101	90.000	44.7552	358.7852	0.1051	0.0683	0.0000	6.8000
dPolE	893.101	90.000	20.6309	1.0000	0.0000	6.8000
uR	893.101	90.000	0.0232	1.0000	0.0000	6.8000
E	894.694	90.000	44.8284	358.6953	0.0942	0.0609	0.0000	6.8000
dPolE	894.694	90.000	15.9911	1.0000	0.0000	6.8000
uR	894.694	90.000	0.0250	1.0000	0.0000	6.8000
E	896.286	90.000	44.8571	358.6834	0.0886	0.0571	0.0000	6.8000
dPolE	896.286	90.000	16.6700	1.0000	0.0000	6.8000
uR	896.286	90.000	0.0250	1.0000	0.0000	6.8000
E	897.879	90.000	44.9645	358.6257	0.0964	0.0619	0.0000	6.8000
dPolE	897.879	90.000	18.3642	1.0000	0.0000	6.8000
uR	897.879	90.000	0.0240	1.0000	0.0000	6.8000
E	899.471	90.000	44.8340	358.7364	0.1092	0.0699	0.0000	6.8000
dPolE	899.471	90.000	24.2266	1.0000	0.0000	6.8000
uR	899.471	90.000	0.0231	1.0000	0.0000	6.8000
E	901.063	90.000	44.7243	358.8347	0.1198	0.0762	0.0000	6.8000
dPolE	901.063	90.000	20.7286	1.0000	0.0000	6.8000
uR	901.063	90.000	0.0230	1.0000	0.0000	6.8000
E	902.655	90.000	45.0245	358.6142	0.1100	0.0699	0.0000	6.8000
dPolE	902.655	90.000	16.4918	1.0000	0.0000	6.8000
uR	902.655	90.000	0.0243	1.0000	0.0000	6.8000
E	904.247	90.000	44.7968	358.7207	0.0934	0.0591	0.0000	6.8000
dPolE	904.247	90.000	15.0413	1.0000	0.0000	6.8000
uR	904.247	90.000	0.0255	1.0000	0.0000	6.8000
E	905.838	90.000	44.8245	358.5959	0.0973	0.0615	0.0000	6.8000
dPolE	905.838	90.000	18.2930	1.0000	0.0000	6.8000
uR	905.838	90.000	0.0245	1.0000	0.0000	6.8000
E	907.429	90.000	44.9222	358.8832	0.1098	0.0692	0.0000	6.8000
dPolE	907.429	90.000	22.4878	1.0000	0.0000	6.8000
uR	907.429	90.000	0.0232	1.0000	0.0000	6.8000
E	909.021	90.000	45.3045	358.5486	0.1313	0.0827	0.0000	6.8000
dPolE	909.021	90.000	26.8868	1.0000	0.0000	6.8000
uR	909.021	90.000	0.0215	1.0000	0.0000	6.8000
E	910.612	90.000	44.6145	358.8711	0.1539	0.0961	0.0000	6.8000
dPolE	910.612	90.000	30.1140	1.0000	0.0000	6.8000
uR	910.612	90.000	0.0215	1.0000	0.0000	6.8000
E	912.203	90.000	44.7984	358.7741	0.1390	0.0868	0.0000	6.8000
dPolE	912.203	90.000	29.3171	1.0000	0.0000	6.8000
uR	912.203	90.000	0.0211	1.0000	0.0000	6.8000
E	913.793	90.000	45.0547	358.7555	0.1122	0.0698	0.0000	6.8000
dPolE	913.793	90.000	20.4620	1.0000	0.0000	6.8000
uR	913.793	90.000	0.0220	1.0000	0.0000	6.8000
E	915.384	90.000	44.6451	358.6621	0.0906	0.0563	0.0000	6.8000
dPolE	915.384	90.000	14.8726	1.0000	0.0000	6.8000
uR	915.384	90.000	0.0232	1.0000	0.0000	6.8000
E	916.974	90.000	45.0422	358.7166	0.0800	0.0496	0.0000	6.8000
dPolE	916.974	90.000	11.0553	1.0000	0.0000	6.8000
uR	916.974	90.000	0.0241	1.0000	0.0000	6.8000
E	918.565	90.000	44.9535	358.6268	0.0882	0.0547	0.0000	6.8000
dPolE	918.565	90.000	13.2570	1.0000	0.0000	6.8000
uR	918.565	90.000	0.0244	1.0000	0.0000	6.8000
E	920.155	90.000	44.8709	358.7511	0.1066	0.0659	0.0000	6.8000
dPolE	920.155	90.000	21.1951	1.0000	0.0000	6.8000
uR	920.155	90.000	0.0229	1.0000	0.0000	6.8000
E	921.745	90.000	45.3501	358.8548	0.1260	0.0778	0.0000	6.8000
dPolE	921.745	90.000	24.6961	1.0000	0.0000	6.8000
uR	921.745	90.000	0.0232	1.0000	0.0000	6.8000
E	923.334	90.000	44.4902	358.6607	0.1514	0.0935	0.0000	6.8000
dPolE	923.334	90.000	29.5465	1.0000	0.0000	6.8000
uR	923.334	90.000	0.0243	1.0000	0.0000	6.8000
E	924.924	90.000	45.1090	358.5023	0.1894	0.1168	0.0000	6.8000
dPolE	924.924	90.000	36.7131	1.0000	0.0000	6.8000
uR	924.924	90.000	0.0232	1.0000	0.0000	6.8000
E	926.513	90.000	44.8933	358.5722	0.2091	0.1287	0.0000	6.8000
dPolE	926.513	90.000	46.9378	1.0000	0.0000	6.8000
uR	926.513	90.000	0.0231	1.0000	0.0000	6.8000
E	928.103	90.000	45.0730	358.9464	0.2284	0.1404	0.0000	6.8000
dPolE	928.103	90.000	39.3285	1.0000	0.0000	6.8000
uR	928.103	90.000	0.0244	1.0000	0.0000	6.8000
E	929.692	90.000	44.7751	358.5708	0.2394	0.1469	0.0000	6.8000
dPolE	929.692	90.000	44.5995	1.0000	0.0000	6.8000
uR	929.692	90.000	0.0249	1.0000	0.0000	6.8000
E	931.280	90.000	44.6981	358.7439	0.2530	0.1556	0.0000	6.8000
dPolE	931.280	90.000	45.3290	1.0000	0.0000	6.8000
uR	931.280	90.000	0.0244	1.0000	0.0000	6.8000
E	932.869	90.000	45.8099	358.5298	0.2407	0.1480	0.0000	6.8000
dPolE	932.869	90.000	37.8301	1.0000	0.0000	6.8000
uR	932.869	90.000	0.0253	1.0000	0.0000	6.8000
E	934.458	90.000	45.0053	359.1828	0.2316	0.1415	0.0000	6.8000
dPolE	934.458	90.000	40.4439	1.0000	0.0000	6.8000
uR	934.458	90.000	0.0261	1.0000	0.0000	6.8000
E	936.046	90.000	45.1526	359.0624	0.2292	0.1402	0.0000	6.8000
dPolE	936.046	90.000	42.7405	1.0000	0.0000	6.8000
uR	936.046	90.000	0.0249	1.0000	0.0000	6.8000
E	937.634	90.000	44.6039	358.3137	0.2204	0.1351	0.0000	6.8000
dPolE	937.634	90.000	42.3042	1.0000	0.0000	6.8000
uR	937.634	90.000	0.0236	1.0000	0.0000	6.8000
E	939.222	90.000	45.2680	358.6034	0.2117	0.1295	0.0000	6.8000
dPolE	939.222	90.000	37.7594	1.0000	0.0000	6.8000
uR	939.222	90.000	0.0250	1.0000	0.0000	6.8000
E	940.810	90.000	44.8129	358.5518	0.2267	0.1376	0.0000	6.8000
dPolE	940.810	90.000	43.1452	1.0000	0.0000	6.8000
uR	940.810	90.000	0.0244	1.0000	0.0000	6.8000
E	942.398	90.000	45.0133	358.3601	0.2278	0.1380	0.0000	6.8000
dPolE	942.398	90.000	43.6255	1.0000	0.0000	6.8000
uR	942.398	90.000	0.0240	1.0000	0.0000	6.8000
E	943.985	90.000	45.0166	358.7058	0.2540	0.1544	0.0000	6.8000
dPolE	943.985	90.000	38.4192	1.0000	0.0000	6.8000
uR	943.985	90.000	0.0248	1.0000	0.0000	6.8000
E	945.573	90.000	44.3793	359.1049	0.2516	0.1525	0.0000	6.8000
dPolE	945.573	90.000	44.8580	1.0000	0.0000	6.8000
uR	945.573	90.000	0.0253	1.0000	0.0000	6.8000
E	947.160	90.000	44.3873	358.6751	0.2495	0.1512	0.0000	6.8000
dPolE	947.160	90.000	37.3982	1.0000	0.0000	6.8000
uR	947.160	90.000	0.0243	1.0000	0.0000	6.8000
E	948.747	90.000	44.7324	359.0052	0.2376	0.1431	0.0000	6.8000
dPolE	948.747	90.000	38.8686	1.0000	0.0000	6.8000
uR	948.747	90.000	0.0247	1.0000	0.0000	6.8000
E	950.334	90.000	44.5171	358.7815	0.2426	0.1462	0.0000	6.8000
dPolE	950.334	90.000	34.7316	1.0000	0.0000	6.8000
uR	950.334	90.000	0.0262	1.0000	0.0000	6.8000
E	951.920	90.000	44.3828	359.0161	0.2332	0.1396	0.0000	6.8000
dPolE	951.920	90.000	35.7824	1.0000	0.0000	6.8000
uR	951.920	90.000	0.0258	1.0000	0.0000	6.8000
E	953.507	90.000	44.9388	358.6012	0.2463	0.1473	0.0000	6.8000
dPolE	953.507	90.000	39.7428	1.0000	0.0000	6.8000
uR	953.507	90.000	0.0251	1.0000	0.0000	6.8000
E	955.093	90.000	45.3024	358.8471	0.2709	0.1609	0.0000	6.8000
dPolE	955.093	90.000	40.3750	1.0000	0.0000	6.8000
uR	955.093	90.000	0.0240	1.0000	0.0000	6.8000
E	956.679	90.000	45.1452	358.6468	0.2917	0.1740	0.0000	6.8000
dPolE	956.679	90.000	42.1065	1.0000	0.0000	6.8000
uR	956.679	90.000	0.0248	1.0000	0.0000	6.8000
E	958.265	90.000	44.1439	358.7166	0.3229	0.1917	0.0000	6.8000
dPolE	958.265	90.000	54.4278	1.0000	0.0000	6.8000
uR	958.265	90.000	0.0243	1.0000	0.0000	6.8000
E	959.851	90.000	45.4339	359.0981	0.3264	0.1924	0.0000	6.8000
dPolE	959.851	90.000	57.5642	1.0000	0.0000	6.8000
uR	959.851	90.000	0.0232	1.0000	0.0000	6.8000
E	961.436	90.000	44.6912	358.4795	0.3339	0.1968	0.0000	6.8000
dPolE	961.436	90.000	63.7957	1.0000	0.0000	6.8000
uR	961.436	90.000	0.0232	1.0000	0.0000	6.8000
E	963.022	90.000	45.0569	359.3998	0.3331	0.1956	0.0000	6.8000
dPolE	963.022	90.000	60.6812	1.0000	0.0000	6.8000
uR	963.022	90.000	0.0239	1.0000	0.0000	6.8000
E	964.607	90.000	45.2474	358.2636	0.3460	0.2031	0.0000	6.8000
dPolE	964.607	90.000	53.8618	1.0000	0.0000	6.8000
uR	964.607	90.000	0.0241	1.0000	0.0000	6.8000
E	966.192	90.000	45.9343	358.6200	0.3240	0.1895	0.0000	6.8000
dPolE	966.192	90.000	56.7793	1.0000	0.0000	6.8000
uR	966.192	90.000	0.0226	1.0000	0.0000	6.8000
E	967.777	90.000	45.0951	358.3747	0.2940	0.1710	0.0000	6.8000
dPolE	967.777	90.000	53.5357	1.0000	0.0000	6.8000
uR	967.777	90.000	0.0229	1.0000	0.0000	6.8000
E	969.361	90.000	45.2926	358.6570	0.2815	0.1633	0.0000	6.8000
dPolE	969.361	90.000	42.6304	1.0000	0.0000	6.8000
uR	969.361	90.000	0.0242	1.0000	0.0000	6.8000
E	970.946	90.000	44.8089	358.6930	0.2479	0.1432	0.0000	6.8000
dPolE	970.946	90.000	37.5203	1.0000	0.0000	6.8000
uR	970.946	90.000	0.0252	1.0000	0.0000	6.8000
E	972.530	90.000	44.0639	358.6136	0.2436	0.1409	0.0000	6.8000
dPolE	972.530	90.000	40.5280	1.0000	0.0000	6.8000
uR	972.530	90.000	0.0247	1.0000	0.0000	6.8000
E	974.114	90.000	44.7691	359.0368	0.2230	0.1286	0.0000	6.8000
dPolE	974.114	90.000	37.4216	1.0000	0.0000	6.8000
uR	974.114	90.000	0.0229	1.0000	0.0000	6.8000
E	975.698	90.000	45.0660	358.7069	0.2012	0.1155	0.0000	6.8000
dPolE	975.698	90.000	33.5609	1.0000	0.0000	6.8000
uR	975.698	90.000	0.0222	1.0000	0.0000	6.8000
E	977.282	90.000	44.7982	358.7527	0.1697	0.0972	0.0000	6.8000
dPolE	977.282	90.000	28.8480	1.0000	0.0000	6.8000
uR	977.282	90.000	0.0232	1.0000	0.0000	6.8000
E	978.865	90.000	45.1352	358.7997	0.1534	0.0874	0.0000	6.8000
dPolE	978.865	90.000	19.8751	1.0000	0.0000	6.8000
uR	978.865	90.000	0.0227	1.0000	0.0000	6.8000
E	980.449	90.000	45.1816	358.6560	0.1508	0.0860	0.0000	6.8000
dPolE	980.449	90.000	19.9254	1.0000	0.0000	6.8000
uR	980.449	90.000	0.0226	1.0000	0.0000	6.8000
E	982.032	90.000	44.7680	358.8852	0.1637	0.0935	0.0000	6.8000
dPolE	982.032	90.000	28.1293	1.0000	0.0000	6.8000
uR	982.032	90.000	0.0233	1.0000	0.0000	6.8000
E	983.615	90.000	44.8156	358.7073	0.1914	0.1092	0.0000	6.8000
dPolE	983.615	90.000	26.2560	1.0000	0.0000	6.8000
uR	983.615	90.000	0.0224	1.0000	0.0000	6.8000
E	985.198	90.000	44.6574	358.6354	0.2186	0.1244	0.0000	6.8000
dPolE	985.198	90.000	36.3692	1.0000	0.0000	6.8000
uR	985.198	90.000	0.0214	1.0000	0.0000	6.8000
E	986.780	90.000	44.7925	358.6777	0.2264	0.1291	0.0000	6.8000
dPolE	986.780	90.000	36.1450	1.0000	0.0000	6.8000
uR	986.780	90.000	0.0216	1.0000	0.0000	6.8000
E	988.363	90.000	44.7770	358.7975	0.2026	0.1151	0.0000	6.8000
dPolE	988.363	90.000	36.3705	1.0000	0.0000	6.8000
uR	988.363	90.000	0.0220	1.0000	0.0000	6.8000
E	989.945	90.000	45.0455	358.9193	0.1876	0.1064	0.0000	6.8000
dPolE	989.945	90.000	28.5457	1.0000	0.0000	6.8000
uR	989.945	90.000	0.0217	1.0000	0.0000	6.8000
E	991.527	90.000	44.6963	358.8901	0.1666	0.0942	0.0000	6.8000
dPolE	991.527	90.000	27.4551	1.0000	0.0000	6.8000
uR	991.527	90.000	0.0236	1.0000	0.0000	6.8000
E	993.109	90.000	44.8479	358.6975	0.1665	0.0944	0.0000	6.8000
dPolE	993.109	90.000	21.1178	1.0000	0.0000	6.8000
uR	993.109	90.000	0.0242	1.0000	0.0000	6.8000
E	994.690	90.000	45.3211	358.7958	0.1724	0.0974	0.0000	6.8000
dPolE	994.690	90.000	20.7947	1.0000	0.0000	6.8000
uR	994.690	90.000	0.0238	1.0000	0.0000	6.8000
E	996.272	90.000	44.4758	358.9937	0.1932	0.1090	0.0000	6.8000
dPolE	996.272	90.000	30.6127	1.0000	0.0000	6.8000
uR	996.272	90.000	0.0231	1.0000	0.0000	6.8000
E	997.853	90.000	44.6119	358.7408	0.2284	0.1285	0.0000	6.8000
dPolE	997.853	90.000	36.7773	1.0000	0.0000	6.8000
uR	997.853	90.000	0.0222	1.0000	0.0000	6.8000
E	999.434	90.000	44.4368	358.7997	0.2667	0.1500	0.0000	6.8000
dPolE	999.434	90.000	47.3843	1.0000	0.0000	6.8000
uR	999.434	90.000	0.0223	1.0000	0.0000	6.8000
