
FM-removed
XY-Scan
nm
E	210.379	90.000	19.2101	319.2822	0.2476	0.7869	0.0000	6.8000
dPolE	210.379	90.000	99.9912	1.0000	0.0000	6.8000
uR	210.379	90.000	0.0295	1.0000	0.0000	6.8000
E	211.990	90.000	35.7118	212.5900	0.2712	0.5552	0.0000	6.8000
dPolE	211.990	90.000	99.9833	1.0000	0.0000	6.8000
uR	211.990	90.000	0.0137	1.0000	0.0000	6.8000
E	213.602	90.000	18.7041	9.5077	0.2503	0.7735	0.0000	6.8000
dPolE	213.602	90.000	99.9986	1.0000	0.0000	6.8000
uR	213.602	90.000	0.0085	1.0000	0.0000	6.8000
E	215.214	90.000	44.6207	197.3483	0.2368	0.4357	0.0000	6.8000
dPolE	215.214	90.000	99.9948	1.0000	0.0000	6.8000
uR	215.214	90.000	0.0087	1.0000	0.0000	6.8000
E	216.826	90.000	44.4589	168.5548	0.2700	0.4792	0.0000	6.8000
dPolE	216.826	90.000	99.9538	1.0000	0.0000	6.8000
uR	216.826	90.000	0.0071	1.0000	0.0000	6.8000
E	218.438	90.000	15.2167	266.2834	0.2554	1.1293	0.0000	6.8000
dPolE	218.438	90.000	99.9621	1.0000	0.0000	6.8000
uR	218.438	90.000	0.0077	1.0000	0.0000	6.8000
E	220.050	90.000	40.3658	213.5707	0.2712	0.4843	0.0000	6.8000
dPolE	220.050	90.000	99.9886	1.0000	0.0000	6.8000
uR	220.050	90.000	0.0057	1.0000	0.0000	6.8000
E	221.662	90.000	34.8136	198.2598	0.2499	0.4346	0.0000	6.8000
dPolE	221.662	90.000	99.9999	1.0000	0.0000	6.8000
uR	221.662	90.000	0.0039	1.0000	0.0000	6.8000
E	223.274	90.000	17.3962	271.4852	0.2348	0.9723	0.0000	6.8000
dPolE	223.274	90.000	99.9993	1.0000	0.0000	6.8000
uR	223.274	90.000	0.0035	1.0000	0.0000	6.8000
E	224.886	90.000	55.5895	334.9227	0.2874	0.4888	0.0000	6.8000
dPolE	224.886	90.000	99.9455	1.0000	0.0000	6.8000
uR	224.886	90.000	0.0038	1.0000	0.0000	6.8000
E	226.498	90.000	46.7634	203.4082	0.3072	0.4684	0.0000	6.8000
dPolE	226.498	90.000	99.9823	1.0000	0.0000	6.8000
uR	226.498	90.000	0.0040	1.0000	0.0000	6.8000
E	228.111	90.000	28.5191	187.1973	0.2555	0.4198	0.0000	6.8000
dPolE	228.111	90.000	99.9780	1.0000	0.0000	6.8000
uR	228.111	90.000	0.0026	1.0000	0.0000	6.8000
E	229.723	90.000	30.6377	157.8814	0.2931	0.4842	0.0000	6.8000
dPolE	229.723	90.000	99.9981	1.0000	0.0000	6.8000
uR	229.723	90.000	0.0027	1.0000	0.0000	6.8000
E	231.335	90.000	47.7978	171.4650	0.2859	0.3727	0.0000	6.8000
dPolE	231.335	90.000	99.9734	1.0000	0.0000	6.8000
uR	231.335	90.000	0.0020	1.0000	0.0000	6.8000
E	232.948	90.000	71.3244	135.7922	0.2512	0.7604	0.0000	6.8000
dPolE	232.948	90.000	99.9656	1.0000	0.0000	6.8000
uR	232.948	90.000	0.0018	1.0000	0.0000	6.8000
E	234.560	90.000	31.6519	2.1354	0.2933	0.3969	0.0000	6.8000
dPolE	234.560	90.000	99.9999	1.0000	0.0000	6.8000
uR	234.560	90.000	0.0018	1.0000	0.0000	6.8000
E	236.173	90.000	12.7804	130.9494	0.2620	1.2340	0.0000	6.8000
dPolE	236.173	90.000	99.9548	1.0000	0.0000	6.8000
uR	236.173	90.000	0.0015	1.0000	0.0000	6.8000
E	237.786	90.000	37.2449	195.1484	0.3182	0.4050	0.0000	6.8000
dPolE	237.786	90.000	99.9008	1.0000	0.0000	6.8000
uR	237.786	90.000	0.0018	1.0000	0.0000	6.8000
E	239.398	90.000	35.3625	163.9185	0.3134	0.4034	0.0000	6.8000
dPolE	239.398	90.000	99.9999	1.0000	0.0000	6.8000
uR	239.398	90.000	0.0013	1.0000	0.0000	6.8000
E	241.011	90.000	68.5021	195.6625	0.3012	0.5319	0.0000	6.8000
dPolE	241.011	90.000	99.9249	1.0000	0.0000	6.8000
uR	241.011	90.000	0.0015	1.0000	0.0000	6.8000
E	242.624	90.000	73.7640	23.3250	0.2967	0.7308	0.0000	6.8000
dPolE	242.624	90.000	99.9901	1.0000	0.0000	6.8000
uR	242.624	90.000	0.0009	1.0000	0.0000	6.8000
E	244.237	90.000	55.6548	133.1836	0.3079	0.5529	0.0000	6.8000
dPolE	244.237	90.000	99.9919	1.0000	0.0000	6.8000
uR	244.237	90.000	0.0009	1.0000	0.0000	6.8000
E	245.850	90.000	35.2330	127.3498	0.3103	0.5789	0.0000	6.8000
dPolE	245.850	90.000	99.9999	1.0000	0.0000	6.8000
uR	245.850	90.000	0.0011	1.0000	0.0000	6.8000
E	247.463	90.000	56.5236	200.7312	0.3024	0.3975	0.0000	6.8000
dPolE	247.463	90.000	99.9840	1.0000	0.0000	6.8000
uR	247.463	90.000	0.0012	1.0000	0.0000	6.8000
E	249.076	90.000	49.8771	200.5365	0.3262	0.3950	0.0000	6.8000
dPolE	249.076	90.000	99.8822	1.0000	0.0000	6.8000
uR	249.076	90.000	0.0012	1.0000	0.0000	6.8000
E	250.689	90.000	81.1199	288.1513	0.2018	2.0299	0.0000	6.8000
dPolE	250.689	90.000	99.9857	1.0000	0.0000	6.8000
uR	250.689	90.000	0.0006	1.0000	0.0000	6.8000
E	252.302	90.000	76.3759	107.1655	0.2348	1.4560	0.0000	6.8000
dPolE	252.302	90.000	99.9718	1.0000	0.0000	6.8000
uR	252.302	90.000	0.0010	1.0000	0.0000	6.8000
E	253.916	90.000	51.1231	24.0871	0.2957	0.3736	0.0000	6.8000
dPolE	253.916	90.000	99.9939	1.0000	0.0000	6.8000
uR	253.916	90.000	0.0006	1.0000	0.0000	6.8000
E	255.529	90.000	80.2535	313.6527	0.2427	1.4452	0.0000	6.8000
dPolE	255.529	90.000	99.9950	1.0000	0.0000	6.8000
uR	255.529	90.000	0.0006	1.0000	0.0000	6.8000
E	257.142	90.000	47.7067	245.4559	0.3115	0.5857	0.0000	6.8000
dPolE	257.142	90.000	99.9976	1.0000	0.0000	6.8000
uR	257.142	90.000	0.0007	1.0000	0.0000	6.8000
E	258.756	90.000	41.4592	298.9315	0.3003	0.5520	0.0000	6.8000
dPolE	258.756	90.000	99.9993	1.0000	0.0000	6.8000
uR	258.756	90.000	0.0003	1.0000	0.0000	6.8000
E	260.369	90.000	84.1937	288.3691	0.1935	3.1122	0.0000	6.8000
dPolE	260.369	90.000	99.9712	1.0000	0.0000	6.8000
uR	260.369	90.000	0.0006	1.0000	0.0000	6.8000
E	261.983	90.000	50.5525	162.2266	0.2958	0.3425	0.0000	6.8000
dPolE	261.983	90.000	99.9715	1.0000	0.0000	6.8000
uR	261.983	90.000	0.0012	1.0000	0.0000	6.8000
E	263.596	90.000	48.1701	69.3339	0.3049	0.5866	0.0000	6.8000
dPolE	263.596	90.000	99.9988	1.0000	0.0000	6.8000
uR	263.596	90.000	0.0005	1.0000	0.0000	6.8000
E	265.210	90.000	49.4856	127.7337	0.2977	0.5149	0.0000	6.8000
dPolE	265.210	90.000	99.9945	1.0000	0.0000	6.8000
uR	265.210	90.000	0.0006	1.0000	0.0000	6.8000
E	266.823	90.000	12.0538	95.7990	0.1743	1.3657	0.0000	6.8000
dPolE	266.823	90.000	99.9872	1.0000	0.0000	6.8000
uR	266.823	90.000	0.0005	1.0000	0.0000	6.8000
E	268.437	90.000	24.1635	321.6633	0.2804	0.5930	0.0000	6.8000
dPolE	268.437	90.000	99.9804	1.0000	0.0000	6.8000
uR	268.437	90.000	0.0010	1.0000	0.0000	6.8000
E	270.051	90.000	42.7274	26.4241	0.2777	0.3569	0.0000	6.8000
dPolE	270.051	90.000	99.9710	1.0000	0.0000	6.8000
uR	270.051	90.000	0.0006	1.0000	0.0000	6.8000
E	271.665	90.000	63.0023	105.2600	0.2454	0.6759	0.0000	6.8000
dPolE	271.665	90.000	99.9721	1.0000	0.0000	6.8000
uR	271.665	90.000	0.0006	1.0000	0.0000	6.8000
E	273.279	90.000	49.4197	159.0768	0.2848	0.3490	0.0000	6.8000
dPolE	273.279	90.000	99.9410	1.0000	0.0000	6.8000
uR	273.279	90.000	0.0008	1.0000	0.0000	6.8000
E	274.892	90.000	59.4962	303.4283	0.2606	0.5608	0.0000	6.8000
dPolE	274.892	90.000	99.9805	1.0000	0.0000	6.8000
uR	274.892	90.000	0.0005	1.0000	0.0000	6.8000
E	276.506	90.000	83.0522	91.2935	0.1498	2.1902	0.0000	6.8000
dPolE	276.506	90.000	99.9232	1.0000	0.0000	6.8000
uR	276.506	90.000	0.0009	1.0000	0.0000	6.8000
E	278.120	90.000	63.7516	28.5871	0.2671	0.4666	0.0000	6.8000
dPolE	278.120	90.000	99.9122	1.0000	0.0000	6.8000
uR	278.120	90.000	0.0009	1.0000	0.0000	6.8000
E	279.734	90.000	51.6157	201.4615	0.2654	0.3408	0.0000	6.8000
dPolE	279.734	90.000	99.9902	1.0000	0.0000	6.8000
uR	279.734	90.000	0.0004	1.0000	0.0000	6.8000
E	281.349	90.000	21.5486	169.0451	0.2606	0.4385	0.0000	6.8000
dPolE	281.349	90.000	99.9717	1.0000	0.0000	6.8000
uR	281.349	90.000	0.0005	1.0000	0.0000	6.8000
E	282.963	90.000	32.3874	140.8737	0.2487	0.4309	0.0000	6.8000
dPolE	282.963	90.000	99.9839	1.0000	0.0000	6.8000
uR	282.963	90.000	0.0006	1.0000	0.0000	6.8000
E	284.577	90.000	55.4996	305.3529	0.2420	0.4690	0.0000	6.8000
dPolE	284.577	90.000	99.9917	1.0000	0.0000	6.8000
uR	284.577	90.000	0.0008	1.0000	0.0000	6.8000
E	286.191	90.000	0.9009	80.4620	0.1381	14.9271	0.0000	6.8000
dPolE	286.191	90.000	99.9903	1.0000	0.0000	6.8000
uR	286.191	90.000	0.0004	1.0000	0.0000	6.8000
E	287.805	90.000	10.0637	35.4410	0.2210	1.0679	0.0000	6.8000
dPolE	287.805	90.000	99.9817	1.0000	0.0000	6.8000
uR	287.805	90.000	0.0005	1.0000	0.0000	6.8000
E	289.420	90.000	15.4621	17.1973	0.2319	0.5779	0.0000	6.8000
dPolE	289.420	90.000	99.9999	1.0000	0.0000	6.8000
uR	289.420	90.000	0.0003	1.0000	0.0000	6.8000
E	291.034	90.000	45.1864	76.1982	0.2428	0.4765	0.0000	6.8000
dPolE	291.034	90.000	99.9874	1.0000	0.0000	6.8000
uR	291.034	90.000	0.0005	1.0000	0.0000	6.8000
E	292.649	90.000	24.5281	133.6788	0.2110	0.5023	0.0000	6.8000
dPolE	292.649	90.000	99.9942	1.0000	0.0000	6.8000
uR	292.649	90.000	0.0002	1.0000	0.0000	6.8000
E	294.263	90.000	24.5020	358.3583	0.2281	0.3624	0.0000	6.8000
dPolE	294.263	90.000	99.9914	1.0000	0.0000	6.8000
uR	294.263	90.000	0.0003	1.0000	0.0000	6.8000
E	295.877	90.000	63.6769	344.3845	0.2315	0.3784	0.0000	6.8000
dPolE	295.877	90.000	99.9926	1.0000	0.0000	6.8000
uR	295.877	90.000	0.0003	1.0000	0.0000	6.8000
E	297.492	90.000	18.6862	119.0714	0.1851	0.6732	0.0000	6.8000
dPolE	297.492	90.000	99.9373	1.0000	0.0000	6.8000
uR	297.492	90.000	0.0006	1.0000	0.0000	6.8000
E	299.107	90.000	62.2500	229.4110	0.1841	0.4084	0.0000	6.8000
dPolE	299.107	90.000	99.9893	1.0000	0.0000	6.8000
uR	299.107	90.000	0.0004	1.0000	0.0000	6.8000
E	300.721	90.000	62.1116	184.8559	0.2194	0.3373	0.0000	6.8000
dPolE	300.721	90.000	99.9660	1.0000	0.0000	6.8000
uR	300.721	90.000	0.0005	1.0000	0.0000	6.8000
E	302.336	90.000	52.3377	166.9829	0.2035	0.2787	0.0000	6.8000
dPolE	302.336	90.000	99.9887	1.0000	0.0000	6.8000
uR	302.336	90.000	0.0005	1.0000	0.0000	6.8000
E	303.950	90.000	27.0675	189.4850	0.2045	0.3334	0.0000	6.8000
dPolE	303.950	90.000	99.9676	1.0000	0.0000	6.8000
uR	303.950	90.000	0.0005	1.0000	0.0000	6.8000
E	305.565	90.000	34.5073	17.7921	0.2094	0.3133	0.0000	6.8000
dPolE	305.565	90.000	99.9976	1.0000	0.0000	6.8000
uR	305.565	90.000	0.0004	1.0000	0.0000	6.8000
E	307.180	90.000	26.8880	357.6050	0.1964	0.3233	0.0000	6.8000
dPolE	307.180	90.000	99.9752	1.0000	0.0000	6.8000
uR	307.180	90.000	0.0004	1.0000	0.0000	6.8000
E	308.795	90.000	28.1999	104.6196	0.1735	0.4457	0.0000	6.8000
dPolE	308.795	90.000	99.9864	1.0000	0.0000	6.8000
uR	308.795	90.000	0.0003	1.0000	0.0000	6.8000
E	310.410	90.000	69.4344	328.6969	0.1788	0.4430	0.0000	6.8000
dPolE	310.410	90.000	99.9813	1.0000	0.0000	6.8000
uR	310.410	90.000	0.0003	1.0000	0.0000	6.8000
E	312.024	90.000	28.3720	77.6586	0.1808	0.4637	0.0000	6.8000
dPolE	312.024	90.000	99.9943	1.0000	0.0000	6.8000
uR	312.024	90.000	0.0003	1.0000	0.0000	6.8000
E	313.639	90.000	46.5639	337.8883	0.1816	0.2716	0.0000	6.8000
dPolE	313.639	90.000	99.9941	1.0000	0.0000	6.8000
uR	313.639	90.000	0.0004	1.0000	0.0000	6.8000
E	315.254	90.000	35.4005	148.9664	0.1789	0.3038	0.0000	6.8000
dPolE	315.254	90.000	99.9933	1.0000	0.0000	6.8000
uR	315.254	90.000	0.0004	1.0000	0.0000	6.8000
E	316.869	90.000	13.7379	8.5219	0.1933	0.6061	0.0000	6.8000
dPolE	316.869	90.000	99.9896	1.0000	0.0000	6.8000
uR	316.869	90.000	0.0004	1.0000	0.0000	6.8000
E	318.484	90.000	1.9279	37.1627	0.1597	4.3559	0.0000	6.8000
dPolE	318.484	90.000	99.9999	1.0000	0.0000	6.8000
uR	318.484	90.000	0.0002	1.0000	0.0000	6.8000
E	320.099	90.000	72.6894	259.7792	0.1397	0.5854	0.0000	6.8000
dPolE	320.099	90.000	99.9901	1.0000	0.0000	6.8000
uR	320.099	90.000	0.0004	1.0000	0.0000	6.8000
E	321.714	90.000	72.7625	352.9883	0.1766	0.4651	0.0000	6.8000
dPolE	321.714	90.000	99.9899	1.0000	0.0000	6.8000
uR	321.714	90.000	0.0003	1.0000	0.0000	6.8000
E	323.330	90.000	25.7912	305.3265	0.1550	0.3877	0.0000	6.8000
dPolE	323.330	90.000	99.9918	1.0000	0.0000	6.8000
uR	323.330	90.000	0.0002	1.0000	0.0000	6.8000
E	324.945	90.000	21.0636	349.4888	0.1723	0.3939	0.0000	6.8000
dPolE	324.945	90.000	99.9999	1.0000	0.0000	6.8000
uR	324.945	90.000	0.0003	1.0000	0.0000	6.8000
E	326.560	90.000	13.3452	59.1584	0.1515	0.7321	0.0000	6.8000
dPolE	326.560	90.000	99.9967	1.0000	0.0000	6.8000
uR	326.560	90.000	0.0004	1.0000	0.0000	6.8000
E	328.175	90.000	31.9532	213.9167	0.1717	0.3282	0.0000	6.8000
dPolE	328.175	90.000	99.9720	1.0000	0.0000	6.8000
uR	328.175	90.000	0.0005	1.0000	0.0000	6.8000
E	329.790	90.000	21.6146	295.3325	0.1417	0.4381	0.0000	6.8000
dPolE	329.790	90.000	99.9988	1.0000	0.0000	6.8000
uR	329.790	90.000	0.0003	1.0000	0.0000	6.8000
E	331.406	90.000	64.5897	204.5660	0.1516	0.3288	0.0000	6.8000
dPolE	331.406	90.000	99.9973	1.0000	0.0000	6.8000
uR	331.406	90.000	0.0003	1.0000	0.0000	6.8000
E	333.021	90.000	26.5674	63.5172	0.1524	0.3879	0.0000	6.8000
dPolE	333.021	90.000	99.9970	1.0000	0.0000	6.8000
uR	333.021	90.000	0.0003	1.0000	0.0000	6.8000
E	334.636	90.000	72.6061	210.0168	0.1408	0.4349	0.0000	6.8000
dPolE	334.636	90.000	99.9947	1.0000	0.0000	6.8000
uR	334.636	90.000	0.0003	1.0000	0.0000	6.8000
E	336.251	90.000	62.9143	3.1497	0.1500	0.2991	0.0000	6.8000
dPolE	336.251	90.000	99.9841	1.0000	0.0000	6.8000
uR	336.251	90.000	0.0005	1.0000	0.0000	6.8000
E	337.867	90.000	28.3784	354.1180	0.1504	0.2962	0.0000	6.8000
dPolE	337.867	90.000	99.9844	1.0000	0.0000	6.8000
uR	337.867	90.000	0.0003	1.0000	0.0000	6.8000
E	339.482	90.000	7.6224	149.9447	0.1515	1.0461	0.0000	6.8000
dPolE	339.482	90.000	99.9882	1.0000	0.0000	6.8000
uR	339.482	90.000	0.0003	1.0000	0.0000	6.8000
E	341.098	90.000	32.8883	23.2102	0.1514	0.2858	0.0000	6.8000
dPolE	341.098	90.000	99.9999	1.0000	0.0000	6.8000
uR	341.098	90.000	0.0003	1.0000	0.0000	6.8000
E	342.713	90.000	31.3611	279.0744	0.1533	0.3549	0.0000	6.8000
dPolE	342.713	90.000	99.9975	1.0000	0.0000	6.8000
uR	342.713	90.000	0.0003	1.0000	0.0000	6.8000
E	344.329	90.000	64.2536	307.1876	0.1507	0.3781	0.0000	6.8000
dPolE	344.329	90.000	99.9947	1.0000	0.0000	6.8000
uR	344.329	90.000	0.0002	1.0000	0.0000	6.8000
E	345.944	90.000	46.8958	171.3282	0.1465	0.2522	0.0000	6.8000
dPolE	345.944	90.000	99.9998	1.0000	0.0000	6.8000
uR	345.944	90.000	0.0004	1.0000	0.0000	6.8000
E	347.560	90.000	43.7481	92.0261	0.1470	0.2944	0.0000	6.8000
dPolE	347.560	90.000	99.9980	1.0000	0.0000	6.8000
uR	347.560	90.000	0.0002	1.0000	0.0000	6.8000
E	349.175	90.000	60.8431	160.2973	0.1466	0.3038	0.0000	6.8000
dPolE	349.175	90.000	99.9858	1.0000	0.0000	6.8000
uR	349.175	90.000	0.0004	1.0000	0.0000	6.8000
E	350.791	90.000	73.4154	281.2493	0.1345	0.5335	0.0000	6.8000
dPolE	350.791	90.000	99.9928	1.0000	0.0000	6.8000
uR	350.791	90.000	0.0003	1.0000	0.0000	6.8000
E	352.406	90.000	59.5483	182.8908	0.1503	0.3042	0.0000	6.8000
dPolE	352.406	90.000	99.9949	1.0000	0.0000	6.8000
uR	352.406	90.000	0.0002	1.0000	0.0000	6.8000
E	354.022	90.000	61.1579	67.6840	0.1355	0.3243	0.0000	6.8000
dPolE	354.022	90.000	99.9918	1.0000	0.0000	6.8000
uR	354.022	90.000	0.0004	1.0000	0.0000	6.8000
E	355.638	90.000	51.6219	262.5079	0.1390	0.2866	0.0000	6.8000
dPolE	355.638	90.000	99.9846	1.0000	0.0000	6.8000
uR	355.638	90.000	0.0004	1.0000	0.0000	6.8000
E	357.253	90.000	54.1327	170.2476	0.1460	0.2776	0.0000	6.8000
dPolE	357.253	90.000	99.9965	1.0000	0.0000	6.8000
uR	357.253	90.000	0.0004	1.0000	0.0000	6.8000
E	358.869	90.000	76.5472	343.3268	0.1368	0.5578	0.0000	6.8000
dPolE	358.869	90.000	99.9722	1.0000	0.0000	6.8000
uR	358.869	90.000	0.0005	1.0000	0.0000	6.8000
E	360.485	90.000	28.1372	358.9558	0.1336	0.2929	0.0000	6.8000
dPolE	360.485	90.000	99.9974	1.0000	0.0000	6.8000
uR	360.485	90.000	0.0002	1.0000	0.0000	6.8000
E	362.100	90.000	37.3052	315.1745	0.1375	0.2732	0.0000	6.8000
dPolE	362.100	90.000	99.9966	1.0000	0.0000	6.8000
uR	362.100	90.000	0.0003	1.0000	0.0000	6.8000
E	363.716	90.000	27.1669	223.6785	0.1405	0.3346	0.0000	6.8000
dPolE	363.716	90.000	99.9999	1.0000	0.0000	6.8000
uR	363.716	90.000	0.0002	1.0000	0.0000	6.8000
E	365.332	90.000	52.4507	23.8511	0.1367	0.2636	0.0000	6.8000
dPolE	365.332	90.000	99.9880	1.0000	0.0000	6.8000
uR	365.332	90.000	0.0003	1.0000	0.0000	6.8000
E	366.948	90.000	75.9236	107.0648	0.1204	0.5358	0.0000	6.8000
dPolE	366.948	90.000	99.9727	1.0000	0.0000	6.8000
uR	366.948	90.000	0.0004	1.0000	0.0000	6.8000
E	368.563	90.000	47.7552	234.6851	0.1361	0.2666	0.0000	6.8000
dPolE	368.563	90.000	99.9927	1.0000	0.0000	6.8000
uR	368.563	90.000	0.0003	1.0000	0.0000	6.8000
E	370.179	90.000	47.5685	357.9100	0.1277	0.2349	0.0000	6.8000
dPolE	370.179	90.000	99.9828	1.0000	0.0000	6.8000
uR	370.179	90.000	0.0004	1.0000	0.0000	6.8000
E	371.795	90.000	55.0740	57.0176	0.1361	0.2849	0.0000	6.8000
dPolE	371.795	90.000	99.9867	1.0000	0.0000	6.8000
uR	371.795	90.000	0.0003	1.0000	0.0000	6.8000
E	373.411	90.000	44.2959	184.7307	0.1282	0.2379	0.0000	6.8000
dPolE	373.411	90.000	99.9914	1.0000	0.0000	6.8000
uR	373.411	90.000	0.0003	1.0000	0.0000	6.8000
E	375.027	90.000	50.4492	293.1458	0.1317	0.2663	0.0000	6.8000
dPolE	375.027	90.000	99.9929	1.0000	0.0000	6.8000
uR	375.027	90.000	0.0004	1.0000	0.0000	6.8000
E	376.643	90.000	63.9756	107.4649	0.1277	0.3288	0.0000	6.8000
dPolE	376.643	90.000	99.9817	1.0000	0.0000	6.8000
uR	376.643	90.000	0.0004	1.0000	0.0000	6.8000
E	378.258	90.000	52.0927	115.5703	0.1257	0.2571	0.0000	6.8000
dPolE	378.258	90.000	99.9847	1.0000	0.0000	6.8000
uR	378.258	90.000	0.0003	1.0000	0.0000	6.8000
E	379.874	90.000	13.8627	232.5565	0.1294	0.5611	0.0000	6.8000
dPolE	379.874	90.000	99.9995	1.0000	0.0000	6.8000
uR	379.874	90.000	0.0002	1.0000	0.0000	6.8000
E	381.490	90.000	37.6726	15.8054	0.1263	0.2471	0.0000	6.8000
dPolE	381.490	90.000	99.9910	1.0000	0.0000	6.8000
uR	381.490	90.000	0.0003	1.0000	0.0000	6.8000
E	383.106	90.000	56.3384	349.5515	0.1357	0.2798	0.0000	6.8000
dPolE	383.106	90.000	99.9885	1.0000	0.0000	6.8000
uR	383.106	90.000	0.0003	1.0000	0.0000	6.8000
E	384.722	90.000	48.5046	271.1791	0.1301	0.2623	0.0000	6.8000
dPolE	384.722	90.000	99.9941	1.0000	0.0000	6.8000
uR	384.722	90.000	0.0003	1.0000	0.0000	6.8000
E	386.338	90.000	18.5210	62.5387	0.1190	0.4017	0.0000	6.8000
dPolE	386.338	90.000	99.9915	1.0000	0.0000	6.8000
uR	386.338	90.000	0.0003	1.0000	0.0000	6.8000
E	387.954	90.000	33.0981	320.1436	0.1226	0.2594	0.0000	6.8000
dPolE	387.954	90.000	99.9999	1.0000	0.0000	6.8000
uR	387.954	90.000	0.0003	1.0000	0.0000	6.8000
E	389.570	90.000	25.5538	117.0551	0.1126	0.2911	0.0000	6.8000
dPolE	389.570	90.000	99.9984	1.0000	0.0000	6.8000
uR	389.570	90.000	0.0004	1.0000	0.0000	6.8000
E	391.186	90.000	41.0124	286.2169	0.1213	0.2442	0.0000	6.8000
dPolE	391.186	90.000	99.9994	1.0000	0.0000	6.8000
uR	391.186	90.000	0.0002	1.0000	0.0000	6.8000
E	392.802	90.000	31.8340	339.6426	0.1173	0.2513	0.0000	6.8000
dPolE	392.802	90.000	99.9824	1.0000	0.0000	6.8000
uR	392.802	90.000	0.0003	1.0000	0.0000	6.8000
E	394.418	90.000	15.2898	9.0521	0.1252	0.4686	0.0000	6.8000
dPolE	394.418	90.000	99.9942	1.0000	0.0000	6.8000
uR	394.418	90.000	0.0001	1.0000	0.0000	6.8000
E	396.034	90.000	51.4318	3.1923	0.1225	0.2367	0.0000	6.8000
dPolE	396.034	90.000	99.9640	1.0000	0.0000	6.8000
uR	396.034	90.000	0.0004	1.0000	0.0000	6.8000
E	397.650	90.000	51.0043	337.7867	0.1154	0.2235	0.0000	6.8000
dPolE	397.650	90.000	99.9723	1.0000	0.0000	6.8000
uR	397.650	90.000	0.0004	1.0000	0.0000	6.8000
E	399.266	90.000	42.7645	18.8599	0.1209	0.2293	0.0000	6.8000
dPolE	399.266	90.000	99.9414	1.0000	0.0000	6.8000
uR	399.266	90.000	0.0004	1.0000	0.0000	6.8000
E	400.882	90.000	39.6106	0.0895	0.1149	0.2214	0.0000	6.8000
dPolE	400.882	90.000	99.9662	1.0000	0.0000	6.8000
uR	400.882	90.000	0.0004	1.0000	0.0000	6.8000
E	402.498	90.000	49.8387	13.3960	0.1176	0.2274	0.0000	6.8000
dPolE	402.498	90.000	99.9656	1.0000	0.0000	6.8000
uR	402.498	90.000	0.0004	1.0000	0.0000	6.8000
E	404.114	90.000	45.2969	355.1409	0.1149	0.2179	0.0000	6.8000
dPolE	404.114	90.000	99.9048	1.0000	0.0000	6.8000
uR	404.114	90.000	0.0006	1.0000	0.0000	6.8000
E	405.730	90.000	41.4733	1.8170	0.1170	0.2213	0.0000	6.8000
dPolE	405.730	90.000	99.8629	1.0000	0.0000	6.8000
uR	405.730	90.000	0.0008	1.0000	0.0000	6.8000
E	407.346	90.000	47.2279	2.3093	0.1201	0.2246	0.0000	6.8000
dPolE	407.346	90.000	99.6739	1.0000	0.0000	6.8000
uR	407.346	90.000	0.0012	1.0000	0.0000	6.8000
E	408.962	90.000	47.4250	8.8878	0.1129	0.2114	0.0000	6.8000
dPolE	408.962	90.000	99.7017	1.0000	0.0000	6.8000
uR	408.962	90.000	0.0011	1.0000	0.0000	6.8000
E	410.578	90.000	45.4410	2.1650	0.1178	0.2207	0.0000	6.8000
dPolE	410.578	90.000	99.5117	1.0000	0.0000	6.8000
uR	410.578	90.000	0.0013	1.0000	0.0000	6.8000
E	412.194	90.000	41.5240	8.8555	0.1132	0.2152	0.0000	6.8000
dPolE	412.194	90.000	99.2508	1.0000	0.0000	6.8000
uR	412.194	90.000	0.0018	1.0000	0.0000	6.8000
E	413.810	90.000	45.2965	4.2893	0.1117	0.2103	0.0000	6.8000
dPolE	413.810	90.000	99.1343	1.0000	0.0000	6.8000
uR	413.810	90.000	0.0019	1.0000	0.0000	6.8000
E	415.426	90.000	43.2688	4.9177	0.1073	0.2005	0.0000	6.8000
dPolE	415.426	90.000	98.8077	1.0000	0.0000	6.8000
uR	415.426	90.000	0.0022	1.0000	0.0000	6.8000
E	417.042	90.000	44.2933	6.8647	0.1157	0.2136	0.0000	6.8000
dPolE	417.042	90.000	98.3359	1.0000	0.0000	6.8000
uR	417.042	90.000	0.0025	1.0000	0.0000	6.8000
E	418.658	90.000	43.2539	3.3849	0.1131	0.2078	0.0000	6.8000
dPolE	418.658	90.000	97.9968	1.0000	0.0000	6.8000
uR	418.658	90.000	0.0028	1.0000	0.0000	6.8000
E	420.274	90.000	45.2019	3.0040	0.1061	0.1948	0.0000	6.8000
dPolE	420.274	90.000	97.1584	1.0000	0.0000	6.8000
uR	420.274	90.000	0.0033	1.0000	0.0000	6.8000
E	421.890	90.000	44.0121	4.3784	0.1056	0.1952	0.0000	6.8000
dPolE	421.890	90.000	96.8919	1.0000	0.0000	6.8000
uR	421.890	90.000	0.0037	1.0000	0.0000	6.8000
E	423.506	90.000	45.5354	4.6542	0.0998	0.1847	0.0000	6.8000
dPolE	423.506	90.000	96.5562	1.0000	0.0000	6.8000
uR	423.506	90.000	0.0041	1.0000	0.0000	6.8000
E	425.122	90.000	46.0622	2.5245	0.1027	0.1894	0.0000	6.8000
dPolE	425.122	90.000	96.6437	1.0000	0.0000	6.8000
uR	425.122	90.000	0.0042	1.0000	0.0000	6.8000
E	426.738	90.000	44.6080	1.1649	0.1071	0.1955	0.0000	6.8000
dPolE	426.738	90.000	95.6544	1.0000	0.0000	6.8000
uR	426.738	90.000	0.0046	1.0000	0.0000	6.8000
E	428.355	90.000	45.7595	3.5406	0.0959	0.1730	0.0000	6.8000
dPolE	428.355	90.000	95.0277	1.0000	0.0000	6.8000
uR	428.355	90.000	0.0052	1.0000	0.0000	6.8000
E	429.971	90.000	44.3813	2.3699	0.0977	0.1747	0.0000	6.8000
dPolE	429.971	90.000	94.4029	1.0000	0.0000	6.8000
uR	429.971	90.000	0.0055	1.0000	0.0000	6.8000
E	431.587	90.000	45.4246	2.6453	0.0997	0.1785	0.0000	6.8000
dPolE	431.587	90.000	94.0486	1.0000	0.0000	6.8000
uR	431.587	90.000	0.0057	1.0000	0.0000	6.8000
E	433.203	90.000	45.0226	3.2948	0.0963	0.1732	0.0000	6.8000
dPolE	433.203	90.000	93.1892	1.0000	0.0000	6.8000
uR	433.203	90.000	0.0064	1.0000	0.0000	6.8000
E	434.819	90.000	45.5019	1.7517	0.0951	0.1716	0.0000	6.8000
dPolE	434.819	90.000	92.9895	1.0000	0.0000	6.8000
uR	434.819	90.000	0.0066	1.0000	0.0000	6.8000
E	436.435	90.000	44.2932	3.0782	0.0961	0.1729	0.0000	6.8000
dPolE	436.435	90.000	92.2357	1.0000	0.0000	6.8000
uR	436.435	90.000	0.0068	1.0000	0.0000	6.8000
E	438.051	90.000	45.6346	3.3578	0.0918	0.1636	0.0000	6.8000
dPolE	438.051	90.000	90.4423	1.0000	0.0000	6.8000
uR	438.051	90.000	0.0074	1.0000	0.0000	6.8000
E	439.667	90.000	45.5613	3.5368	0.0927	0.1632	0.0000	6.8000
dPolE	439.667	90.000	88.9024	1.0000	0.0000	6.8000
uR	439.667	90.000	0.0079	1.0000	0.0000	6.8000
E	441.283	90.000	44.6350	2.3981	0.0944	0.1645	0.0000	6.8000
dPolE	441.283	90.000	88.2691	1.0000	0.0000	6.8000
uR	441.283	90.000	0.0082	1.0000	0.0000	6.8000
E	442.899	90.000	44.5727	3.0107	0.0932	0.1617	0.0000	6.8000
dPolE	442.899	90.000	87.1623	1.0000	0.0000	6.8000
uR	442.899	90.000	0.0088	1.0000	0.0000	6.8000
E	444.515	90.000	45.4226	2.0601	0.0916	0.1592	0.0000	6.8000
dPolE	444.515	90.000	87.2229	1.0000	0.0000	6.8000
uR	444.515	90.000	0.0090	1.0000	0.0000	6.8000
E	446.131	90.000	45.1387	3.1920	0.0910	0.1587	0.0000	6.8000
dPolE	446.131	90.000	87.3045	1.0000	0.0000	6.8000
uR	446.131	90.000	0.0093	1.0000	0.0000	6.8000
E	447.747	90.000	45.1795	2.1808	0.0865	0.1510	0.0000	6.8000
dPolE	447.747	90.000	85.9107	1.0000	0.0000	6.8000
uR	447.747	90.000	0.0098	1.0000	0.0000	6.8000
E	449.363	90.000	44.5884	2.1793	0.0846	0.1468	0.0000	6.8000
dPolE	449.363	90.000	84.6186	1.0000	0.0000	6.8000
uR	449.363	90.000	0.0101	1.0000	0.0000	6.8000
E	450.979	90.000	45.2670	1.6581	0.0866	0.1487	0.0000	6.8000
dPolE	450.979	90.000	80.9879	1.0000	0.0000	6.8000
uR	450.979	90.000	0.0106	1.0000	0.0000	6.8000
E	452.594	90.000	45.0527	1.7648	0.0845	0.1434	0.0000	6.8000
dPolE	452.594	90.000	80.0182	1.0000	0.0000	6.8000
uR	452.594	90.000	0.0109	1.0000	0.0000	6.8000
E	454.210	90.000	44.8271	1.2518	0.0863	0.1448	0.0000	6.8000
dPolE	454.210	90.000	80.9571	1.0000	0.0000	6.8000
uR	454.210	90.000	0.0115	1.0000	0.0000	6.8000
E	455.826	90.000	44.8211	2.1911	0.0866	0.1447	0.0000	6.8000
dPolE	455.826	90.000	79.5084	1.0000	0.0000	6.8000
uR	455.826	90.000	0.0118	1.0000	0.0000	6.8000
E	457.442	90.000	45.0900	0.8769	0.0879	0.1471	0.0000	6.8000
dPolE	457.442	90.000	78.8651	1.0000	0.0000	6.8000
uR	457.442	90.000	0.0120	1.0000	0.0000	6.8000
E	459.058	90.000	44.6306	1.6518	0.0833	0.1398	0.0000	6.8000
dPolE	459.058	90.000	77.2920	1.0000	0.0000	6.8000
uR	459.058	90.000	0.0124	1.0000	0.0000	6.8000
E	460.674	90.000	45.2523	1.7811	0.0818	0.1375	0.0000	6.8000
dPolE	460.674	90.000	75.8118	1.0000	0.0000	6.8000
uR	460.674	90.000	0.0127	1.0000	0.0000	6.8000
E	462.290	90.000	45.0999	1.7931	0.0797	0.1333	0.0000	6.8000
dPolE	462.290	90.000	72.8704	1.0000	0.0000	6.8000
uR	462.290	90.000	0.0132	1.0000	0.0000	6.8000
E	463.906	90.000	44.9234	1.7864	0.0779	0.1291	0.0000	6.8000
dPolE	463.906	90.000	71.1526	1.0000	0.0000	6.8000
uR	463.906	90.000	0.0135	1.0000	0.0000	6.8000
E	465.521	90.000	44.4674	1.6718	0.0752	0.1231	0.0000	6.8000
dPolE	465.521	90.000	68.1265	1.0000	0.0000	6.8000
uR	465.521	90.000	0.0140	1.0000	0.0000	6.8000
E	467.137	90.000	44.7784	1.5375	0.0741	0.1198	0.0000	6.8000
dPolE	467.137	90.000	66.5558	1.0000	0.0000	6.8000
uR	467.137	90.000	0.0140	1.0000	0.0000	6.8000
E	468.753	90.000	44.7668	1.7597	0.0679	0.1090	0.0000	6.8000
dPolE	468.753	90.000	62.2643	1.0000	0.0000	6.8000
uR	468.753	90.000	0.0143	1.0000	0.0000	6.8000
E	470.369	90.000	44.8393	1.5765	0.0757	0.1213	0.0000	6.8000
dPolE	470.369	90.000	63.8150	1.0000	0.0000	6.8000
uR	470.369	90.000	0.0147	1.0000	0.0000	6.8000
E	471.985	90.000	44.7027	1.5181	0.0752	0.1207	0.0000	6.8000
dPolE	471.985	90.000	65.6830	1.0000	0.0000	6.8000
uR	471.985	90.000	0.0151	1.0000	0.0000	6.8000
E	473.600	90.000	44.9049	1.2445	0.0755	0.1216	0.0000	6.8000
dPolE	473.600	90.000	65.3082	1.0000	0.0000	6.8000
uR	473.600	90.000	0.0155	1.0000	0.0000	6.8000
E	475.216	90.000	44.5585	1.0283	0.0736	0.1183	0.0000	6.8000
dPolE	475.216	90.000	67.5926	1.0000	0.0000	6.8000
uR	475.216	90.000	0.0159	1.0000	0.0000	6.8000
E	476.832	90.000	44.9528	1.1776	0.0766	0.1227	0.0000	6.8000
dPolE	476.832	90.000	68.6479	1.0000	0.0000	6.8000
uR	476.832	90.000	0.0164	1.0000	0.0000	6.8000
E	478.448	90.000	44.7510	1.1782	0.0790	0.1253	0.0000	6.8000
dPolE	478.448	90.000	68.2157	1.0000	0.0000	6.8000
uR	478.448	90.000	0.0166	1.0000	0.0000	6.8000
E	480.063	90.000	44.8687	0.9509	0.0761	0.1192	0.0000	6.8000
dPolE	480.063	90.000	67.7632	1.0000	0.0000	6.8000
uR	480.063	90.000	0.0166	1.0000	0.0000	6.8000
E	481.679	90.000	44.8818	0.8630	0.0726	0.1123	0.0000	6.8000
dPolE	481.679	90.000	67.6407	1.0000	0.0000	6.8000
uR	481.679	90.000	0.0169	1.0000	0.0000	6.8000
E	483.294	90.000	44.8672	0.7762	0.0732	0.1124	0.0000	6.8000
dPolE	483.294	90.000	63.6084	1.0000	0.0000	6.8000
uR	483.294	90.000	0.0171	1.0000	0.0000	6.8000
E	484.910	90.000	44.9433	0.9887	0.0761	0.1164	0.0000	6.8000
dPolE	484.910	90.000	65.7629	1.0000	0.0000	6.8000
uR	484.910	90.000	0.0174	1.0000	0.0000	6.8000
E	486.526	90.000	44.9701	0.9086	0.0739	0.1133	0.0000	6.8000
dPolE	486.526	90.000	67.1216	1.0000	0.0000	6.8000
uR	486.526	90.000	0.0179	1.0000	0.0000	6.8000
E	488.141	90.000	44.7717	1.0333	0.0752	0.1154	0.0000	6.8000
dPolE	488.141	90.000	65.6334	1.0000	0.0000	6.8000
uR	488.141	90.000	0.0182	1.0000	0.0000	6.8000
E	489.757	90.000	44.8480	0.6062	0.0752	0.1154	0.0000	6.8000
dPolE	489.757	90.000	65.2943	1.0000	0.0000	6.8000
uR	489.757	90.000	0.0182	1.0000	0.0000	6.8000
E	491.372	90.000	44.8416	0.7928	0.0719	0.1101	0.0000	6.8000
dPolE	491.372	90.000	62.6217	1.0000	0.0000	6.8000
uR	491.372	90.000	0.0187	1.0000	0.0000	6.8000
E	492.988	90.000	44.8362	0.8128	0.0737	0.1121	0.0000	6.8000
dPolE	492.988	90.000	62.2348	1.0000	0.0000	6.8000
uR	492.988	90.000	0.0186	1.0000	0.0000	6.8000
E	494.603	90.000	44.8141	1.1586	0.0709	0.1069	0.0000	6.8000
dPolE	494.603	90.000	62.1574	1.0000	0.0000	6.8000
uR	494.603	90.000	0.0191	1.0000	0.0000	6.8000
E	496.219	90.000	44.9964	1.1701	0.0773	0.1151	0.0000	6.8000
dPolE	496.219	90.000	63.3910	1.0000	0.0000	6.8000
uR	496.219	90.000	0.0193	1.0000	0.0000	6.8000
E	497.834	90.000	44.9557	1.2152	0.0778	0.1146	0.0000	6.8000
dPolE	497.834	90.000	62.9080	1.0000	0.0000	6.8000
uR	497.834	90.000	0.0195	1.0000	0.0000	6.8000
E	499.450	90.000	44.9799	0.4856	0.0794	0.1160	0.0000	6.8000
dPolE	499.450	90.000	62.5495	1.0000	0.0000	6.8000
uR	499.450	90.000	0.0198	1.0000	0.0000	6.8000
E	501.065	90.000	44.8422	0.7687	0.0753	0.1098	0.0000	6.8000
dPolE	501.065	90.000	64.2364	1.0000	0.0000	6.8000
uR	501.065	90.000	0.0198	1.0000	0.0000	6.8000
E	502.680	90.000	44.8618	0.6135	0.0759	0.1105	0.0000	6.8000
dPolE	502.680	90.000	63.7791	1.0000	0.0000	6.8000
uR	502.680	90.000	0.0198	1.0000	0.0000	6.8000
E	504.296	90.000	44.8370	0.7815	0.0772	0.1127	0.0000	6.8000
dPolE	504.296	90.000	62.9514	1.0000	0.0000	6.8000
uR	504.296	90.000	0.0201	1.0000	0.0000	6.8000
E	505.911	90.000	44.9619	0.8646	0.0755	0.1103	0.0000	6.8000
dPolE	505.911	90.000	62.7859	1.0000	0.0000	6.8000
uR	505.911	90.000	0.0203	1.0000	0.0000	6.8000
E	507.526	90.000	44.9127	0.6230	0.0730	0.1065	0.0000	6.8000
dPolE	507.526	90.000	61.5199	1.0000	0.0000	6.8000
uR	507.526	90.000	0.0203	1.0000	0.0000	6.8000
E	509.141	90.000	44.9440	0.9725	0.0768	0.1115	0.0000	6.8000
dPolE	509.141	90.000	60.3987	1.0000	0.0000	6.8000
uR	509.141	90.000	0.0206	1.0000	0.0000	6.8000
E	510.756	90.000	44.6176	0.4431	0.0731	0.1051	0.0000	6.8000
dPolE	510.756	90.000	60.7233	1.0000	0.0000	6.8000
uR	510.756	90.000	0.0210	1.0000	0.0000	6.8000
E	512.372	90.000	44.9757	0.9020	0.0774	0.1100	0.0000	6.8000
dPolE	512.372	90.000	61.7428	1.0000	0.0000	6.8000
uR	512.372	90.000	0.0216	1.0000	0.0000	6.8000
E	513.987	90.000	44.8913	0.8532	0.0743	0.1045	0.0000	6.8000
dPolE	513.987	90.000	61.7320	1.0000	0.0000	6.8000
uR	513.987	90.000	0.0225	1.0000	0.0000	6.8000
E	515.602	90.000	44.8696	0.2962	0.0791	0.1104	0.0000	6.8000
dPolE	515.602	90.000	61.3819	1.0000	0.0000	6.8000
uR	515.602	90.000	0.0237	1.0000	0.0000	6.8000
E	517.217	90.000	45.0518	0.5473	0.0864	0.1199	0.0000	6.8000
dPolE	517.217	90.000	61.7512	1.0000	0.0000	6.8000
uR	517.217	90.000	0.0233	1.0000	0.0000	6.8000
E	518.832	90.000	45.0723	0.3829	0.0843	0.1166	0.0000	6.8000
dPolE	518.832	90.000	64.5869	1.0000	0.0000	6.8000
uR	518.832	90.000	0.0219	1.0000	0.0000	6.8000
E	520.447	90.000	44.8566	0.7461	0.0798	0.1103	0.0000	6.8000
dPolE	520.447	90.000	66.2354	1.0000	0.0000	6.8000
uR	520.447	90.000	0.0207	1.0000	0.0000	6.8000
E	522.062	90.000	44.8202	0.4905	0.0832	0.1153	0.0000	6.8000
dPolE	522.062	90.000	63.9789	1.0000	0.0000	6.8000
uR	522.062	90.000	0.0203	1.0000	0.0000	6.8000
E	523.677	90.000	44.8693	0.0275	0.0783	0.1084	0.0000	6.8000
dPolE	523.677	90.000	60.5723	1.0000	0.0000	6.8000
uR	523.677	90.000	0.0212	1.0000	0.0000	6.8000
E	525.292	90.000	44.9089	0.2514	0.0744	0.1028	0.0000	6.8000
dPolE	525.292	90.000	58.9530	1.0000	0.0000	6.8000
uR	525.292	90.000	0.0220	1.0000	0.0000	6.8000
E	526.907	90.000	44.9298	0.5552	0.0760	0.1044	0.0000	6.8000
dPolE	526.907	90.000	57.8224	1.0000	0.0000	6.8000
uR	526.907	90.000	0.0221	1.0000	0.0000	6.8000
E	528.521	90.000	44.9291	0.4409	0.0784	0.1070	0.0000	6.8000
dPolE	528.521	90.000	60.2837	1.0000	0.0000	6.8000
uR	528.521	90.000	0.0220	1.0000	0.0000	6.8000
E	530.136	90.000	45.1180	0.3385	0.0774	0.1046	0.0000	6.8000
dPolE	530.136	90.000	57.1981	1.0000	0.0000	6.8000
uR	530.136	90.000	0.0224	1.0000	0.0000	6.8000
E	531.751	90.000	44.7387	0.1609	0.0759	0.1016	0.0000	6.8000
dPolE	531.751	90.000	57.8806	1.0000	0.0000	6.8000
uR	531.751	90.000	0.0227	1.0000	0.0000	6.8000
E	533.366	90.000	44.7570	0.1975	0.0765	0.1014	0.0000	6.8000
dPolE	533.366	90.000	58.5731	1.0000	0.0000	6.8000
uR	533.366	90.000	0.0226	1.0000	0.0000	6.8000
E	534.980	90.000	45.2275	0.2421	0.0803	0.1057	0.0000	6.8000
dPolE	534.980	90.000	56.7575	1.0000	0.0000	6.8000
uR	534.980	90.000	0.0227	1.0000	0.0000	6.8000
E	536.595	90.000	45.0588	0.2294	0.0821	0.1077	0.0000	6.8000
dPolE	536.595	90.000	57.4826	1.0000	0.0000	6.8000
uR	536.595	90.000	0.0227	1.0000	0.0000	6.8000
E	538.210	90.000	45.1319	0.0707	0.0798	0.1044	0.0000	6.8000
dPolE	538.210	90.000	59.3353	1.0000	0.0000	6.8000
uR	538.210	90.000	0.0229	1.0000	0.0000	6.8000
E	539.824	90.000	44.8755	0.4484	0.0793	0.1039	0.0000	6.8000
dPolE	539.824	90.000	57.0439	1.0000	0.0000	6.8000
uR	539.824	90.000	0.0228	1.0000	0.0000	6.8000
E	541.439	90.000	44.9264	0.0144	0.0796	0.1044	0.0000	6.8000
dPolE	541.439	90.000	57.2134	1.0000	0.0000	6.8000
uR	541.439	90.000	0.0228	1.0000	0.0000	6.8000
E	543.053	90.000	44.8632	0.3156	0.0776	0.1017	0.0000	6.8000
dPolE	543.053	90.000	58.0709	1.0000	0.0000	6.8000
uR	543.053	90.000	0.0229	1.0000	0.0000	6.8000
E	544.668	90.000	44.8843	0.1863	0.0784	0.1025	0.0000	6.8000
dPolE	544.668	90.000	55.5353	1.0000	0.0000	6.8000
uR	544.668	90.000	0.0230	1.0000	0.0000	6.8000
E	546.282	90.000	45.0013	0.0935	0.0788	0.1026	0.0000	6.8000
dPolE	546.282	90.000	58.4502	1.0000	0.0000	6.8000
uR	546.282	90.000	0.0229	1.0000	0.0000	6.8000
E	547.896	90.000	44.9732	0.1796	0.0825	0.1065	0.0000	6.8000
dPolE	547.896	90.000	55.2934	1.0000	0.0000	6.8000
uR	547.896	90.000	0.0234	1.0000	0.0000	6.8000
E	549.511	90.000	44.8443	0.0154	0.0821	0.1052	0.0000	6.8000
dPolE	549.511	90.000	56.4342	1.0000	0.0000	6.8000
uR	549.511	90.000	0.0233	1.0000	0.0000	6.8000
E	551.125	90.000	44.8275	359.8854	0.0828	0.1049	0.0000	6.8000
dPolE	551.125	90.000	56.2896	1.0000	0.0000	6.8000
uR	551.125	90.000	0.0230	1.0000	0.0000	6.8000
E	552.739	90.000	44.8564	0.2419	0.0796	0.0999	0.0000	6.8000
dPolE	552.739	90.000	56.0564	1.0000	0.0000	6.8000
uR	552.739	90.000	0.0228	1.0000	0.0000	6.8000
E	554.353	90.000	44.7279	359.9915	0.0820	0.1023	0.0000	6.8000
dPolE	554.353	90.000	55.9805	1.0000	0.0000	6.8000
uR	554.353	90.000	0.0231	1.0000	0.0000	6.8000
E	555.968	90.000	44.8104	359.8072	0.0795	0.0987	0.0000	6.8000
dPolE	555.968	90.000	54.6898	1.0000	0.0000	6.8000
uR	555.968	90.000	0.0233	1.0000	0.0000	6.8000
E	557.582	90.000	44.8338	0.0526	0.0775	0.0959	0.0000	6.8000
dPolE	557.582	90.000	53.0644	1.0000	0.0000	6.8000
uR	557.582	90.000	0.0234	1.0000	0.0000	6.8000
E	559.196	90.000	44.6860	0.1495	0.0815	0.1008	0.0000	6.8000
dPolE	559.196	90.000	53.2854	1.0000	0.0000	6.8000
uR	559.196	90.000	0.0237	1.0000	0.0000	6.8000
E	560.810	90.000	44.9669	0.0355	0.0853	0.1055	0.0000	6.8000
dPolE	560.810	90.000	55.4574	1.0000	0.0000	6.8000
uR	560.810	90.000	0.0236	1.0000	0.0000	6.8000
E	562.424	90.000	44.8932	0.1532	0.0814	0.1009	0.0000	6.8000
dPolE	562.424	90.000	53.9491	1.0000	0.0000	6.8000
uR	562.424	90.000	0.0234	1.0000	0.0000	6.8000
E	564.038	90.000	44.6906	359.8620	0.0807	0.0999	0.0000	6.8000
dPolE	564.038	90.000	51.8771	1.0000	0.0000	6.8000
uR	564.038	90.000	0.0237	1.0000	0.0000	6.8000
E	565.651	90.000	44.7735	359.8648	0.0789	0.0975	0.0000	6.8000
dPolE	565.651	90.000	56.0739	1.0000	0.0000	6.8000
uR	565.651	90.000	0.0235	1.0000	0.0000	6.8000
E	567.265	90.000	44.7244	0.0800	0.0827	0.1016	0.0000	6.8000
dPolE	567.265	90.000	51.0502	1.0000	0.0000	6.8000
uR	567.265	90.000	0.0239	1.0000	0.0000	6.8000
E	568.879	90.000	44.8152	359.7832	0.0848	0.1034	0.0000	6.8000
dPolE	568.879	90.000	52.7742	1.0000	0.0000	6.8000
uR	568.879	90.000	0.0236	1.0000	0.0000	6.8000
E	570.493	90.000	45.0369	0.1371	0.0851	0.1030	0.0000	6.8000
dPolE	570.493	90.000	51.5434	1.0000	0.0000	6.8000
uR	570.493	90.000	0.0236	1.0000	0.0000	6.8000
E	572.106	90.000	45.0084	359.9566	0.0866	0.1040	0.0000	6.8000
dPolE	572.106	90.000	50.3678	1.0000	0.0000	6.8000
uR	572.106	90.000	0.0235	1.0000	0.0000	6.8000
E	573.720	90.000	44.7445	0.1800	0.0833	0.0991	0.0000	6.8000
dPolE	573.720	90.000	50.2405	1.0000	0.0000	6.8000
uR	573.720	90.000	0.0234	1.0000	0.0000	6.8000
E	575.333	90.000	44.9116	359.9675	0.0870	0.1026	0.0000	6.8000
dPolE	575.333	90.000	50.9162	1.0000	0.0000	6.8000
uR	575.333	90.000	0.0236	1.0000	0.0000	6.8000
E	576.947	90.000	44.7762	359.7762	0.0835	0.0980	0.0000	6.8000
dPolE	576.947	90.000	52.3982	1.0000	0.0000	6.8000
uR	576.947	90.000	0.0239	1.0000	0.0000	6.8000
E	578.560	90.000	44.6607	359.9124	0.0824	0.0963	0.0000	6.8000
dPolE	578.560	90.000	52.6686	1.0000	0.0000	6.8000
uR	578.560	90.000	0.0236	1.0000	0.0000	6.8000
E	580.174	90.000	44.8896	359.9681	0.0843	0.0982	0.0000	6.8000
dPolE	580.174	90.000	51.2988	1.0000	0.0000	6.8000
uR	580.174	90.000	0.0238	1.0000	0.0000	6.8000
E	581.787	90.000	44.9253	359.9622	0.0872	0.1015	0.0000	6.8000
dPolE	581.787	90.000	51.2755	1.0000	0.0000	6.8000
uR	581.787	90.000	0.0238	1.0000	0.0000	6.8000
E	583.400	90.000	44.8140	359.8906	0.0823	0.0957	0.0000	6.8000
dPolE	583.400	90.000	50.7357	1.0000	0.0000	6.8000
uR	583.400	90.000	0.0238	1.0000	0.0000	6.8000
E	585.014	90.000	45.0003	359.8445	0.0864	0.1006	0.0000	6.8000
dPolE	585.014	90.000	50.3246	1.0000	0.0000	6.8000
uR	585.014	90.000	0.0236	1.0000	0.0000	6.8000
E	586.627	90.000	45.1212	359.8463	0.0827	0.0963	0.0000	6.8000
dPolE	586.627	90.000	50.5175	1.0000	0.0000	6.8000
uR	586.627	90.000	0.0237	1.0000	0.0000	6.8000
E	588.240	90.000	44.9828	359.7620	0.0830	0.0963	0.0000	6.8000
dPolE	588.240	90.000	50.0164	1.0000	0.0000	6.8000
uR	588.240	90.000	0.0239	1.0000	0.0000	6.8000
E	589.853	90.000	44.8919	359.8702	0.0835	0.0966	0.0000	6.8000
dPolE	589.853	90.000	49.9232	1.0000	0.0000	6.8000
uR	589.853	90.000	0.0238	1.0000	0.0000	6.8000
E	591.466	90.000	44.7334	359.9313	0.0877	0.1008	0.0000	6.8000
dPolE	591.466	90.000	50.7387	1.0000	0.0000	6.8000
uR	591.466	90.000	0.0237	1.0000	0.0000	6.8000
E	593.079	90.000	45.0098	359.8653	0.0855	0.0978	0.0000	6.8000
dPolE	593.079	90.000	49.6969	1.0000	0.0000	6.8000
uR	593.079	90.000	0.0237	1.0000	0.0000	6.8000
E	594.692	90.000	44.7224	359.6013	0.0838	0.0950	0.0000	6.8000
dPolE	594.692	90.000	49.1797	1.0000	0.0000	6.8000
uR	594.692	90.000	0.0240	1.0000	0.0000	6.8000
E	596.305	90.000	44.4789	359.4983	0.0894	0.1005	0.0000	6.8000
dPolE	596.305	90.000	50.3038	1.0000	0.0000	6.8000
uR	596.305	90.000	0.0238	1.0000	0.0000	6.8000
E	597.918	90.000	45.0122	359.6439	0.0879	0.0981	0.0000	6.8000
dPolE	597.918	90.000	51.7515	1.0000	0.0000	6.8000
uR	597.918	90.000	0.0244	1.0000	0.0000	6.8000
E	599.530	90.000	44.8711	359.8519	0.0863	0.0956	0.0000	6.8000
dPolE	599.530	90.000	48.2269	1.0000	0.0000	6.8000
uR	599.530	90.000	0.0246	1.0000	0.0000	6.8000
E	601.143	90.000	44.8902	359.4501	0.0900	0.0993	0.0000	6.8000
dPolE	601.143	90.000	47.7095	1.0000	0.0000	6.8000
uR	601.143	90.000	0.0245	1.0000	0.0000	6.8000
E	602.755	90.000	44.8585	359.7082	0.0915	0.1004	0.0000	6.8000
dPolE	602.755	90.000	47.9741	1.0000	0.0000	6.8000
uR	602.755	90.000	0.0244	1.0000	0.0000	6.8000
E	604.368	90.000	45.1592	359.8455	0.0926	0.1013	0.0000	6.8000
dPolE	604.368	90.000	48.2676	1.0000	0.0000	6.8000
uR	604.368	90.000	0.0247	1.0000	0.0000	6.8000
E	605.981	90.000	44.8613	359.8745	0.0909	0.0995	0.0000	6.8000
dPolE	605.981	90.000	48.0051	1.0000	0.0000	6.8000
uR	605.981	90.000	0.0250	1.0000	0.0000	6.8000
E	607.593	90.000	44.9297	359.6555	0.0877	0.0960	0.0000	6.8000
dPolE	607.593	90.000	48.3057	1.0000	0.0000	6.8000
uR	607.593	90.000	0.0247	1.0000	0.0000	6.8000
E	609.205	90.000	45.0194	359.7912	0.0929	0.1016	0.0000	6.8000
dPolE	609.205	90.000	47.1537	1.0000	0.0000	6.8000
uR	609.205	90.000	0.0243	1.0000	0.0000	6.8000
E	610.818	90.000	45.1020	359.6867	0.0878	0.0961	0.0000	6.8000
dPolE	610.818	90.000	51.0472	1.0000	0.0000	6.8000
uR	610.818	90.000	0.0242	1.0000	0.0000	6.8000
E	612.430	90.000	44.8500	359.8193	0.0918	0.1002	0.0000	6.8000
dPolE	612.430	90.000	47.8784	1.0000	0.0000	6.8000
uR	612.430	90.000	0.0244	1.0000	0.0000	6.8000
E	614.042	90.000	45.0447	359.7715	0.0910	0.0991	0.0000	6.8000
dPolE	614.042	90.000	50.2278	1.0000	0.0000	6.8000
uR	614.042	90.000	0.0242	1.0000	0.0000	6.8000
E	615.654	90.000	44.8224	359.8605	0.0901	0.0977	0.0000	6.8000
dPolE	615.654	90.000	45.3345	1.0000	0.0000	6.8000
uR	615.654	90.000	0.0243	1.0000	0.0000	6.8000
E	617.266	90.000	44.8747	359.4998	0.0881	0.0949	0.0000	6.8000
dPolE	617.266	90.000	46.8400	1.0000	0.0000	6.8000
uR	617.266	90.000	0.0248	1.0000	0.0000	6.8000
E	618.878	90.000	45.0707	359.6372	0.0846	0.0906	0.0000	6.8000
dPolE	618.878	90.000	47.4274	1.0000	0.0000	6.8000
uR	618.878	90.000	0.0245	1.0000	0.0000	6.8000
E	620.490	90.000	44.9412	359.8654	0.0912	0.0970	0.0000	6.8000
dPolE	620.490	90.000	44.4973	1.0000	0.0000	6.8000
uR	620.490	90.000	0.0244	1.0000	0.0000	6.8000
E	622.102	90.000	45.2036	359.4931	0.0916	0.0967	0.0000	6.8000
dPolE	622.102	90.000	44.9627	1.0000	0.0000	6.8000
uR	622.102	90.000	0.0243	1.0000	0.0000	6.8000
E	623.714	90.000	45.0168	359.3216	0.0909	0.0952	0.0000	6.8000
dPolE	623.714	90.000	45.4893	1.0000	0.0000	6.8000
uR	623.714	90.000	0.0241	1.0000	0.0000	6.8000
E	625.325	90.000	44.8472	359.6840	0.0895	0.0931	0.0000	6.8000
dPolE	625.325	90.000	48.5557	1.0000	0.0000	6.8000
uR	625.325	90.000	0.0243	1.0000	0.0000	6.8000
E	626.937	90.000	44.8807	359.6602	0.0954	0.0988	0.0000	6.8000
dPolE	626.937	90.000	45.2959	1.0000	0.0000	6.8000
uR	626.937	90.000	0.0242	1.0000	0.0000	6.8000
E	628.548	90.000	44.6968	359.8247	0.0934	0.0963	0.0000	6.8000
dPolE	628.548	90.000	46.4648	1.0000	0.0000	6.8000
uR	628.548	90.000	0.0242	1.0000	0.0000	6.8000
E	630.160	90.000	44.9635	359.8969	0.0968	0.0995	0.0000	6.8000
dPolE	630.160	90.000	44.3261	1.0000	0.0000	6.8000
uR	630.160	90.000	0.0244	1.0000	0.0000	6.8000
E	631.771	90.000	44.7012	359.7866	0.0949	0.0975	0.0000	6.8000
dPolE	631.771	90.000	45.3572	1.0000	0.0000	6.8000
uR	631.771	90.000	0.0246	1.0000	0.0000	6.8000
E	633.383	90.000	44.7990	359.6340	0.0936	0.0961	0.0000	6.8000
dPolE	633.383	90.000	45.9832	1.0000	0.0000	6.8000
uR	633.383	90.000	0.0247	1.0000	0.0000	6.8000
E	634.994	90.000	44.8411	359.6961	0.0956	0.0980	0.0000	6.8000
dPolE	634.994	90.000	43.5429	1.0000	0.0000	6.8000
uR	634.994	90.000	0.0243	1.0000	0.0000	6.8000
E	636.605	90.000	44.6357	359.5654	0.0988	0.1013	0.0000	6.8000
dPolE	636.605	90.000	46.9847	1.0000	0.0000	6.8000
uR	636.605	90.000	0.0243	1.0000	0.0000	6.8000
E	638.216	90.000	44.7937	359.5914	0.0989	0.1014	0.0000	6.8000
dPolE	638.216	90.000	47.7029	1.0000	0.0000	6.8000
uR	638.216	90.000	0.0245	1.0000	0.0000	6.8000
E	639.827	90.000	45.1148	359.8598	0.0975	0.0997	0.0000	6.8000
dPolE	639.827	90.000	45.7287	1.0000	0.0000	6.8000
uR	639.827	90.000	0.0248	1.0000	0.0000	6.8000
E	641.438	90.000	44.9212	359.3810	0.0940	0.0959	0.0000	6.8000
dPolE	641.438	90.000	47.7561	1.0000	0.0000	6.8000
uR	641.438	90.000	0.0244	1.0000	0.0000	6.8000
E	643.049	90.000	45.0842	359.4859	0.1020	0.1037	0.0000	6.8000
dPolE	643.049	90.000	45.1641	1.0000	0.0000	6.8000
uR	643.049	90.000	0.0239	1.0000	0.0000	6.8000
E	644.660	90.000	44.8880	359.5319	0.0990	0.1002	0.0000	6.8000
dPolE	644.660	90.000	43.2988	1.0000	0.0000	6.8000
uR	644.660	90.000	0.0245	1.0000	0.0000	6.8000
E	646.271	90.000	45.0067	359.5714	0.1002	0.1007	0.0000	6.8000
dPolE	646.271	90.000	45.0558	1.0000	0.0000	6.8000
uR	646.271	90.000	0.0245	1.0000	0.0000	6.8000
E	647.881	90.000	45.0579	359.3773	0.0977	0.0976	0.0000	6.8000
dPolE	647.881	90.000	43.0999	1.0000	0.0000	6.8000
uR	647.881	90.000	0.0244	1.0000	0.0000	6.8000
E	649.492	90.000	45.0845	359.3445	0.1004	0.0996	0.0000	6.8000
dPolE	649.492	90.000	41.4897	1.0000	0.0000	6.8000
uR	649.492	90.000	0.0246	1.0000	0.0000	6.8000
E	651.103	90.000	44.8274	359.6378	0.1016	0.1000	0.0000	6.8000
dPolE	651.103	90.000	41.9967	1.0000	0.0000	6.8000
uR	651.103	90.000	0.0248	1.0000	0.0000	6.8000
E	652.713	90.000	45.0155	359.5758	0.1009	0.0987	0.0000	6.8000
dPolE	652.713	90.000	45.5687	1.0000	0.0000	6.8000
uR	652.713	90.000	0.0247	1.0000	0.0000	6.8000
E	654.323	90.000	44.7577	359.6876	0.1014	0.0986	0.0000	6.8000
dPolE	654.323	90.000	45.5363	1.0000	0.0000	6.8000
uR	654.323	90.000	0.0248	1.0000	0.0000	6.8000
E	655.934	90.000	44.7458	359.6161	0.1026	0.0995	0.0000	6.8000
dPolE	655.934	90.000	43.9744	1.0000	0.0000	6.8000
uR	655.934	90.000	0.0252	1.0000	0.0000	6.8000
E	657.544	90.000	45.1058	359.6159	0.1045	0.1009	0.0000	6.8000
dPolE	657.544	90.000	43.5761	1.0000	0.0000	6.8000
uR	657.544	90.000	0.0247	1.0000	0.0000	6.8000
E	659.154	90.000	45.1748	359.6250	0.1101	0.1061	0.0000	6.8000
dPolE	659.154	90.000	44.2605	1.0000	0.0000	6.8000
uR	659.154	90.000	0.0251	1.0000	0.0000	6.8000
E	660.764	90.000	45.0994	359.9644	0.1106	0.1063	0.0000	6.8000
dPolE	660.764	90.000	42.4047	1.0000	0.0000	6.8000
uR	660.764	90.000	0.0254	1.0000	0.0000	6.8000
E	662.374	90.000	44.7782	359.8867	0.1035	0.0995	0.0000	6.8000
dPolE	662.374	90.000	44.7970	1.0000	0.0000	6.8000
uR	662.374	90.000	0.0250	1.0000	0.0000	6.8000
E	663.984	90.000	44.7313	359.5654	0.1072	0.1029	0.0000	6.8000
dPolE	663.984	90.000	45.6448	1.0000	0.0000	6.8000
uR	663.984	90.000	0.0246	1.0000	0.0000	6.8000
E	665.594	90.000	44.7840	359.3365	0.1066	0.1024	0.0000	6.8000
dPolE	665.594	90.000	46.1049	1.0000	0.0000	6.8000
uR	665.594	90.000	0.0249	1.0000	0.0000	6.8000
E	667.204	90.000	44.8001	359.3634	0.1039	0.0998	0.0000	6.8000
dPolE	667.204	90.000	46.0502	1.0000	0.0000	6.8000
uR	667.204	90.000	0.0245	1.0000	0.0000	6.8000
E	668.813	90.000	44.9539	359.3482	0.1036	0.0992	0.0000	6.8000
dPolE	668.813	90.000	41.4491	1.0000	0.0000	6.8000
uR	668.813	90.000	0.0246	1.0000	0.0000	6.8000
E	670.423	90.000	44.8165	359.5125	0.1033	0.0987	0.0000	6.8000
dPolE	670.423	90.000	42.7579	1.0000	0.0000	6.8000
uR	670.423	90.000	0.0245	1.0000	0.0000	6.8000
E	672.032	90.000	44.9120	359.4217	0.1068	0.1019	0.0000	6.8000
dPolE	672.032	90.000	43.3181	1.0000	0.0000	6.8000
uR	672.032	90.000	0.0243	1.0000	0.0000	6.8000
E	673.642	90.000	44.9876	359.6217	0.1059	0.1007	0.0000	6.8000
dPolE	673.642	90.000	41.0846	1.0000	0.0000	6.8000
uR	673.642	90.000	0.0245	1.0000	0.0000	6.8000
E	675.251	90.000	45.2369	359.5483	0.1010	0.0956	0.0000	6.8000
dPolE	675.251	90.000	42.5137	1.0000	0.0000	6.8000
uR	675.251	90.000	0.0252	1.0000	0.0000	6.8000
E	676.860	90.000	45.0124	359.4917	0.1071	0.1008	0.0000	6.8000
dPolE	676.860	90.000	42.7355	1.0000	0.0000	6.8000
uR	676.860	90.000	0.0248	1.0000	0.0000	6.8000
E	678.469	90.000	44.8625	359.3900	0.1088	0.1017	0.0000	6.8000
dPolE	678.469	90.000	42.4642	1.0000	0.0000	6.8000
uR	678.469	90.000	0.0248	1.0000	0.0000	6.8000
E	680.079	90.000	44.5346	359.5344	0.1075	0.0999	0.0000	6.8000
dPolE	680.079	90.000	40.6678	1.0000	0.0000	6.8000
uR	680.079	90.000	0.0251	1.0000	0.0000	6.8000
E	681.688	90.000	44.6147	359.5073	0.1069	0.0988	0.0000	6.8000
dPolE	681.688	90.000	41.9302	1.0000	0.0000	6.8000
uR	681.688	90.000	0.0255	1.0000	0.0000	6.8000
E	683.296	90.000	44.9280	359.4361	0.1039	0.0953	0.0000	6.8000
dPolE	683.296	90.000	38.4156	1.0000	0.0000	6.8000
uR	683.296	90.000	0.0252	1.0000	0.0000	6.8000
E	684.905	90.000	44.8566	359.3800	0.1040	0.0948	0.0000	6.8000
dPolE	684.905	90.000	38.3611	1.0000	0.0000	6.8000
uR	684.905	90.000	0.0244	1.0000	0.0000	6.8000
E	686.514	90.000	45.0319	359.5686	0.1019	0.0924	0.0000	6.8000
dPolE	686.514	90.000	37.9052	1.0000	0.0000	6.8000
uR	686.514	90.000	0.0243	1.0000	0.0000	6.8000
E	688.123	90.000	45.0092	359.4721	0.1017	0.0919	0.0000	6.8000
dPolE	688.123	90.000	39.8461	1.0000	0.0000	6.8000
uR	688.123	90.000	0.0242	1.0000	0.0000	6.8000
E	689.731	90.000	44.9677	359.4660	0.1043	0.0939	0.0000	6.8000
dPolE	689.731	90.000	36.2196	1.0000	0.0000	6.8000
uR	689.731	90.000	0.0242	1.0000	0.0000	6.8000
E	691.340	90.000	44.7287	359.4543	0.1020	0.0916	0.0000	6.8000
dPolE	691.340	90.000	41.7709	1.0000	0.0000	6.8000
uR	691.340	90.000	0.0243	1.0000	0.0000	6.8000
E	692.948	90.000	44.9054	359.2640	0.1099	0.0985	0.0000	6.8000
dPolE	692.948	90.000	38.8832	1.0000	0.0000	6.8000
uR	692.948	90.000	0.0249	1.0000	0.0000	6.8000
E	694.556	90.000	44.8724	359.5958	0.1153	0.1033	0.0000	6.8000
dPolE	694.556	90.000	40.9192	1.0000	0.0000	6.8000
uR	694.556	90.000	0.0249	1.0000	0.0000	6.8000
E	696.164	90.000	44.8559	359.5251	0.1153	0.1034	0.0000	6.8000
dPolE	696.164	90.000	42.6189	1.0000	0.0000	6.8000
uR	696.164	90.000	0.0245	1.0000	0.0000	6.8000
E	697.772	90.000	45.0209	359.4797	0.1164	0.1043	0.0000	6.8000
dPolE	697.772	90.000	42.1032	1.0000	0.0000	6.8000
uR	697.772	90.000	0.0245	1.0000	0.0000	6.8000
E	699.380	90.000	44.8858	359.5930	0.1181	0.1058	0.0000	6.8000
dPolE	699.380	90.000	43.5473	1.0000	0.0000	6.8000
uR	699.380	90.000	0.0242	1.0000	0.0000	6.8000
E	700.988	90.000	45.1085	359.4500	0.1199	0.1073	0.0000	6.8000
dPolE	700.988	90.000	40.9011	1.0000	0.0000	6.8000
uR	700.988	90.000	0.0246	1.0000	0.0000	6.8000
E	702.596	90.000	44.9595	359.3837	0.1205	0.1076	0.0000	6.8000
dPolE	702.596	90.000	42.3530	1.0000	0.0000	6.8000
uR	702.596	90.000	0.0246	1.0000	0.0000	6.8000
E	704.204	90.000	45.0611	359.3723	0.1188	0.1059	0.0000	6.8000
dPolE	704.204	90.000	43.1724	1.0000	0.0000	6.8000
uR	704.204	90.000	0.0244	1.0000	0.0000	6.8000
E	705.811	90.000	44.8262	359.1935	0.1218	0.1080	0.0000	6.8000
dPolE	705.811	90.000	44.1088	1.0000	0.0000	6.8000
uR	705.811	90.000	0.0244	1.0000	0.0000	6.8000
E	707.419	90.000	45.0408	359.1148	0.1266	0.1121	0.0000	6.8000
dPolE	707.419	90.000	41.9010	1.0000	0.0000	6.8000
uR	707.419	90.000	0.0250	1.0000	0.0000	6.8000
E	709.026	90.000	44.8172	359.2957	0.1249	0.1102	0.0000	6.8000
dPolE	709.026	90.000	37.9071	1.0000	0.0000	6.8000
uR	709.026	90.000	0.0252	1.0000	0.0000	6.8000
E	710.634	90.000	44.7278	359.4886	0.1136	0.0997	0.0000	6.8000
dPolE	710.634	90.000	39.4424	1.0000	0.0000	6.8000
uR	710.634	90.000	0.0262	1.0000	0.0000	6.8000
E	712.241	90.000	44.9024	359.3093	0.1222	0.1067	0.0000	6.8000
dPolE	712.241	90.000	40.4317	1.0000	0.0000	6.8000
uR	712.241	90.000	0.0280	1.0000	0.0000	6.8000
E	713.848	90.000	45.3103	359.4667	0.1341	0.1164	0.0000	6.8000
dPolE	713.848	90.000	42.7759	1.0000	0.0000	6.8000
uR	713.848	90.000	0.0269	1.0000	0.0000	6.8000
E	715.455	90.000	44.6508	358.9028	0.1463	0.1262	0.0000	6.8000
dPolE	715.455	90.000	46.8645	1.0000	0.0000	6.8000
uR	715.455	90.000	0.0236	1.0000	0.0000	6.8000
E	717.062	90.000	44.9191	358.9441	0.1462	0.1256	0.0000	6.8000
dPolE	717.062	90.000	44.6227	1.0000	0.0000	6.8000
uR	717.062	90.000	0.0222	1.0000	0.0000	6.8000
E	718.669	90.000	44.9439	359.4485	0.1276	0.1091	0.0000	6.8000
dPolE	718.669	90.000	41.9137	1.0000	0.0000	6.8000
uR	718.669	90.000	0.0238	1.0000	0.0000	6.8000
E	720.276	90.000	45.2826	359.5265	0.1297	0.1103	0.0000	6.8000
dPolE	720.276	90.000	43.2742	1.0000	0.0000	6.8000
uR	720.276	90.000	0.0252	1.0000	0.0000	6.8000
E	721.882	90.000	45.0789	359.3116	0.1323	0.1120	0.0000	6.8000
dPolE	721.882	90.000	47.0513	1.0000	0.0000	6.8000
uR	721.882	90.000	0.0249	1.0000	0.0000	6.8000
E	723.489	90.000	45.2196	359.3192	0.1435	0.1209	0.0000	6.8000
dPolE	723.489	90.000	40.7296	1.0000	0.0000	6.8000
uR	723.489	90.000	0.0246	1.0000	0.0000	6.8000
E	725.095	90.000	45.0811	359.1722	0.1423	0.1197	0.0000	6.8000
dPolE	725.095	90.000	44.4862	1.0000	0.0000	6.8000
uR	725.095	90.000	0.0251	1.0000	0.0000	6.8000
E	726.701	90.000	44.9395	359.3177	0.1430	0.1199	0.0000	6.8000
dPolE	726.701	90.000	41.4964	1.0000	0.0000	6.8000
uR	726.701	90.000	0.0257	1.0000	0.0000	6.8000
E	728.308	90.000	44.7881	359.5425	0.1373	0.1150	0.0000	6.8000
dPolE	728.308	90.000	42.1382	1.0000	0.0000	6.8000
uR	728.308	90.000	0.0252	1.0000	0.0000	6.8000
E	729.914	90.000	44.9163	359.5576	0.1336	0.1116	0.0000	6.8000
dPolE	729.914	90.000	40.0434	1.0000	0.0000	6.8000
uR	729.914	90.000	0.0252	1.0000	0.0000	6.8000
E	731.520	90.000	45.2822	359.2838	0.1272	0.1063	0.0000	6.8000
dPolE	731.520	90.000	36.2079	1.0000	0.0000	6.8000
uR	731.520	90.000	0.0256	1.0000	0.0000	6.8000
E	733.126	90.000	44.8004	359.1157	0.1192	0.0996	0.0000	6.8000
dPolE	733.126	90.000	38.2461	1.0000	0.0000	6.8000
uR	733.126	90.000	0.0254	1.0000	0.0000	6.8000
E	734.732	90.000	44.8410	359.0331	0.1279	0.1068	0.0000	6.8000
dPolE	734.732	90.000	36.5271	1.0000	0.0000	6.8000
uR	734.732	90.000	0.0257	1.0000	0.0000	6.8000
E	736.337	90.000	44.7285	359.1039	0.1307	0.1091	0.0000	6.8000
dPolE	736.337	90.000	42.6577	1.0000	0.0000	6.8000
uR	736.337	90.000	0.0256	1.0000	0.0000	6.8000
E	737.943	90.000	44.7020	359.1655	0.1316	0.1098	0.0000	6.8000
dPolE	737.943	90.000	42.4722	1.0000	0.0000	6.8000
uR	737.943	90.000	0.0253	1.0000	0.0000	6.8000
E	739.548	90.000	44.8263	359.4231	0.1385	0.1151	0.0000	6.8000
dPolE	739.548	90.000	38.3615	1.0000	0.0000	6.8000
uR	739.548	90.000	0.0253	1.0000	0.0000	6.8000
E	741.154	90.000	44.9473	359.2794	0.1325	0.1101	0.0000	6.8000
dPolE	741.154	90.000	38.1572	1.0000	0.0000	6.8000
uR	741.154	90.000	0.0252	1.0000	0.0000	6.8000
E	742.759	90.000	45.1451	359.3718	0.1279	0.1059	0.0000	6.8000
dPolE	742.759	90.000	38.0114	1.0000	0.0000	6.8000
uR	742.759	90.000	0.0249	1.0000	0.0000	6.8000
E	744.364	90.000	45.0953	359.2592	0.1353	0.1116	0.0000	6.8000
dPolE	744.364	90.000	39.7611	1.0000	0.0000	6.8000
uR	744.364	90.000	0.0247	1.0000	0.0000	6.8000
E	745.969	90.000	45.5571	359.6315	0.1345	0.1105	0.0000	6.8000
dPolE	745.969	90.000	40.6352	1.0000	0.0000	6.8000
uR	745.969	90.000	0.0253	1.0000	0.0000	6.8000
E	747.574	90.000	45.0829	359.3390	0.1469	0.1202	0.0000	6.8000
dPolE	747.574	90.000	38.6870	1.0000	0.0000	6.8000
uR	747.574	90.000	0.0255	1.0000	0.0000	6.8000
E	749.179	90.000	44.8496	359.6322	0.1396	0.1137	0.0000	6.8000
dPolE	749.179	90.000	42.3780	1.0000	0.0000	6.8000
uR	749.179	90.000	0.0253	1.0000	0.0000	6.8000
E	750.784	90.000	44.6792	359.2835	0.1488	0.1207	0.0000	6.8000
dPolE	750.784	90.000	38.4950	1.0000	0.0000	6.8000
uR	750.784	90.000	0.0248	1.0000	0.0000	6.8000
E	752.388	90.000	44.5165	359.3576	0.1563	0.1261	0.0000	6.8000
dPolE	752.388	90.000	40.4239	1.0000	0.0000	6.8000
uR	752.388	90.000	0.0243	1.0000	0.0000	6.8000
E	753.993	90.000	45.0851	359.5059	0.1479	0.1187	0.0000	6.8000
dPolE	753.993	90.000	41.0478	1.0000	0.0000	6.8000
uR	753.993	90.000	0.0249	1.0000	0.0000	6.8000
E	755.597	90.000	45.0632	359.2861	0.1543	0.1232	0.0000	6.8000
dPolE	755.597	90.000	38.9510	1.0000	0.0000	6.8000
uR	755.597	90.000	0.0249	1.0000	0.0000	6.8000
E	757.202	90.000	44.7797	359.2922	0.1475	0.1175	0.0000	6.8000
dPolE	757.202	90.000	41.0935	1.0000	0.0000	6.8000
uR	757.202	90.000	0.0247	1.0000	0.0000	6.8000
E	758.806	90.000	44.9665	359.4689	0.1458	0.1153	0.0000	6.8000
dPolE	758.806	90.000	43.0891	1.0000	0.0000	6.8000
uR	758.806	90.000	0.0238	1.0000	0.0000	6.8000
E	760.410	90.000	44.9106	359.4843	0.1513	0.1193	0.0000	6.8000
dPolE	760.410	90.000	38.9408	1.0000	0.0000	6.8000
uR	760.410	90.000	0.0235	1.0000	0.0000	6.8000
E	762.014	90.000	44.7735	359.4783	0.1332	0.1044	0.0000	6.8000
dPolE	762.014	90.000	36.8435	1.0000	0.0000	6.8000
uR	762.014	90.000	0.0242	1.0000	0.0000	6.8000
E	763.618	90.000	44.9941	359.2710	0.1187	0.0929	0.0000	6.8000
dPolE	763.618	90.000	29.4796	1.0000	0.0000	6.8000
uR	763.618	90.000	0.0249	1.0000	0.0000	6.8000
E	765.221	90.000	44.7508	359.0492	0.1093	0.0854	0.0000	6.8000
dPolE	765.221	90.000	30.0610	1.0000	0.0000	6.8000
uR	765.221	90.000	0.0250	1.0000	0.0000	6.8000
E	766.825	90.000	45.1583	359.1695	0.1176	0.0917	0.0000	6.8000
dPolE	766.825	90.000	30.7718	1.0000	0.0000	6.8000
uR	766.825	90.000	0.0249	1.0000	0.0000	6.8000
E	768.429	90.000	45.0209	359.1050	0.1360	0.1059	0.0000	6.8000
dPolE	768.429	90.000	39.8305	1.0000	0.0000	6.8000
uR	768.429	90.000	0.0238	1.0000	0.0000	6.8000
E	770.032	90.000	45.0801	359.0766	0.1402	0.1090	0.0000	6.8000
dPolE	770.032	90.000	41.5043	1.0000	0.0000	6.8000
uR	770.032	90.000	0.0249	1.0000	0.0000	6.8000
E	771.635	90.000	45.1356	359.0983	0.1654	0.1285	0.0000	6.8000
dPolE	771.635	90.000	41.3949	1.0000	0.0000	6.8000
uR	771.635	90.000	0.0254	1.0000	0.0000	6.8000
E	773.238	90.000	44.6535	359.6404	0.1628	0.1264	0.0000	6.8000
dPolE	773.238	90.000	41.3422	1.0000	0.0000	6.8000
uR	773.238	90.000	0.0257	1.0000	0.0000	6.8000
E	774.841	90.000	44.6432	359.3993	0.1752	0.1360	0.0000	6.8000
dPolE	774.841	90.000	41.3282	1.0000	0.0000	6.8000
uR	774.841	90.000	0.0263	1.0000	0.0000	6.8000
E	776.444	90.000	44.9454	359.6414	0.1833	0.1421	0.0000	6.8000
dPolE	776.444	90.000	46.8167	1.0000	0.0000	6.8000
uR	776.444	90.000	0.0261	1.0000	0.0000	6.8000
E	778.047	90.000	45.0492	359.1676	0.1901	0.1469	0.0000	6.8000
dPolE	778.047	90.000	46.1950	1.0000	0.0000	6.8000
uR	778.047	90.000	0.0263	1.0000	0.0000	6.8000
E	779.650	90.000	45.7839	359.3657	0.1884	0.1455	0.0000	6.8000
dPolE	779.650	90.000	46.6999	1.0000	0.0000	6.8000
uR	779.650	90.000	0.0264	1.0000	0.0000	6.8000
E	781.252	90.000	44.6013	359.3447	0.1839	0.1422	0.0000	6.8000
dPolE	781.252	90.000	44.4782	1.0000	0.0000	6.8000
uR	781.252	90.000	0.0276	1.0000	0.0000	6.8000
E	782.855	90.000	44.7268	359.3160	0.1754	0.1352	0.0000	6.8000
dPolE	782.855	90.000	47.2926	1.0000	0.0000	6.8000
uR	782.855	90.000	0.0292	1.0000	0.0000	6.8000
E	784.457	90.000	45.1380	359.6451	0.1797	0.1384	0.0000	6.8000
dPolE	784.457	90.000	44.0241	1.0000	0.0000	6.8000
uR	784.457	90.000	0.0287	1.0000	0.0000	6.8000
E	786.059	90.000	45.1562	358.9331	0.1800	0.1382	0.0000	6.8000
dPolE	786.059	90.000	42.7699	1.0000	0.0000	6.8000
uR	786.059	90.000	0.0282	1.0000	0.0000	6.8000
E	787.661	90.000	45.2211	359.3491	0.1750	0.1333	0.0000	6.8000
dPolE	787.661	90.000	41.3724	1.0000	0.0000	6.8000
uR	787.661	90.000	0.0264	1.0000	0.0000	6.8000
E	789.263	90.000	44.8688	359.2859	0.1565	0.1192	0.0000	6.8000
dPolE	789.263	90.000	45.5064	1.0000	0.0000	6.8000
uR	789.263	90.000	0.0254	1.0000	0.0000	6.8000
E	790.865	90.000	45.2799	359.6071	0.1595	0.1209	0.0000	6.8000
dPolE	790.865	90.000	41.9237	1.0000	0.0000	6.8000
uR	790.865	90.000	0.0247	1.0000	0.0000	6.8000
E	792.467	90.000	45.7356	359.3383	0.1790	0.1354	0.0000	6.8000
dPolE	792.467	90.000	38.1141	1.0000	0.0000	6.8000
uR	792.467	90.000	0.0248	1.0000	0.0000	6.8000
E	794.068	90.000	44.6307	358.6868	0.1779	0.1338	0.0000	6.8000
dPolE	794.068	90.000	46.3351	1.0000	0.0000	6.8000
uR	794.068	90.000	0.0248	1.0000	0.0000	6.8000
E	795.670	90.000	44.7982	359.2943	0.1822	0.1363	0.0000	6.8000
dPolE	795.670	90.000	42.6098	1.0000	0.0000	6.8000
uR	795.670	90.000	0.0259	1.0000	0.0000	6.8000
E	797.271	90.000	45.1256	359.3728	0.1692	0.1262	0.0000	6.8000
dPolE	797.271	90.000	41.1757	1.0000	0.0000	6.8000
uR	797.271	90.000	0.0264	1.0000	0.0000	6.8000
E	798.872	90.000	44.9185	359.1097	0.1739	0.1292	0.0000	6.8000
dPolE	798.872	90.000	35.1601	1.0000	0.0000	6.8000
uR	798.872	90.000	0.0270	1.0000	0.0000	6.8000
E	800.473	90.000	45.2347	359.2278	0.1735	0.1286	0.0000	6.8000
dPolE	800.473	90.000	40.2611	1.0000	0.0000	6.8000
uR	800.473	90.000	0.0267	1.0000	0.0000	6.8000
E	802.074	90.000	45.4454	359.4827	0.1856	0.1367	0.0000	6.8000
dPolE	802.074	90.000	40.3648	1.0000	0.0000	6.8000
uR	802.074	90.000	0.0261	1.0000	0.0000	6.8000
E	803.675	90.000	44.9737	358.7941	0.1865	0.1366	0.0000	6.8000
dPolE	803.675	90.000	44.8552	1.0000	0.0000	6.8000
uR	803.675	90.000	0.0269	1.0000	0.0000	6.8000
E	805.276	90.000	45.1791	358.9504	0.1843	0.1345	0.0000	6.8000
dPolE	805.276	90.000	44.3718	1.0000	0.0000	6.8000
uR	805.276	90.000	0.0260	1.0000	0.0000	6.8000
E	806.876	90.000	44.3598	359.4518	0.1903	0.1388	0.0000	6.8000
dPolE	806.876	90.000	43.0036	1.0000	0.0000	6.8000
uR	806.876	90.000	0.0262	1.0000	0.0000	6.8000
E	808.477	90.000	45.0496	359.1155	0.1823	0.1326	0.0000	6.8000
dPolE	808.477	90.000	42.1808	1.0000	0.0000	6.8000
uR	808.477	90.000	0.0253	1.0000	0.0000	6.8000
E	810.077	90.000	44.1367	359.2231	0.1858	0.1347	0.0000	6.8000
dPolE	810.077	90.000	42.3512	1.0000	0.0000	6.8000
uR	810.077	90.000	0.0261	1.0000	0.0000	6.8000
E	811.677	90.000	44.6133	359.2484	0.1799	0.1301	0.0000	6.8000
dPolE	811.677	90.000	43.6085	1.0000	0.0000	6.8000
uR	811.677	90.000	0.0270	1.0000	0.0000	6.8000
E	813.277	90.000	44.6138	359.1246	0.1902	0.1377	0.0000	6.8000
dPolE	813.277	90.000	43.8630	1.0000	0.0000	6.8000
uR	813.277	90.000	0.0250	1.0000	0.0000	6.8000
E	814.877	90.000	45.0431	359.5511	0.1736	0.1253	0.0000	6.8000
dPolE	814.877	90.000	43.2555	1.0000	0.0000	6.8000
uR	814.877	90.000	0.0244	1.0000	0.0000	6.8000
E	816.477	90.000	44.9684	359.4128	0.1745	0.1257	0.0000	6.8000
dPolE	816.477	90.000	37.9156	1.0000	0.0000	6.8000
uR	816.477	90.000	0.0249	1.0000	0.0000	6.8000
E	818.077	90.000	45.0690	359.4377	0.1481	0.1069	0.0000	6.8000
dPolE	818.077	90.000	33.9458	1.0000	0.0000	6.8000
uR	818.077	90.000	0.0231	1.0000	0.0000	6.8000
E	819.676	90.000	45.2430	359.3456	0.1114	0.0802	0.0000	6.8000
dPolE	819.676	90.000	23.6085	1.0000	0.0000	6.8000
uR	819.676	90.000	0.0208	1.0000	0.0000	6.8000
E	821.276	90.000	45.0394	359.2815	0.0751	0.0540	0.0000	6.8000
dPolE	821.276	90.000	11.6716	1.0000	0.0000	6.8000
uR	821.276	90.000	0.0216	1.0000	0.0000	6.8000
E	822.875	90.000	44.9799	359.2068	0.0535	0.0384	0.0000	6.8000
dPolE	822.875	90.000	6.5121	1.0000	0.0000	6.8000
uR	822.875	90.000	0.0240	1.0000	0.0000	6.8000
E	824.474	90.000	44.8960	359.2750	0.0443	0.0318	0.0000	6.8000
dPolE	824.474	90.000	3.4600	1.0000	0.0000	6.8000
uR	824.474	90.000	0.0254	1.0000	0.0000	6.8000
E	826.073	90.000	45.0353	359.2878	0.0493	0.0354	0.0000	6.8000
dPolE	826.073	90.000	2.3383	1.0000	0.0000	6.8000
uR	826.073	90.000	0.0248	1.0000	0.0000	6.8000
E	827.672	90.000	44.7706	359.3004	0.0559	0.0400	0.0000	6.8000
dPolE	827.672	90.000	8.7931	1.0000	0.0000	6.8000
uR	827.672	90.000	0.0239	1.0000	0.0000	6.8000
E	829.271	90.000	44.7710	359.1761	0.0640	0.0458	0.0000	6.8000
dPolE	829.271	90.000	9.7576	1.0000	0.0000	6.8000
uR	829.271	90.000	0.0254	1.0000	0.0000	6.8000
E	830.869	90.000	44.8462	359.2559	0.0815	0.0581	0.0000	6.8000
dPolE	830.869	90.000	15.9165	1.0000	0.0000	6.8000
uR	830.869	90.000	0.0237	1.0000	0.0000	6.8000
E	832.468	90.000	44.6585	359.4411	0.0968	0.0689	0.0000	6.8000
dPolE	832.468	90.000	27.7452	1.0000	0.0000	6.8000
uR	832.468	90.000	0.0219	1.0000	0.0000	6.8000
E	834.066	90.000	44.6942	359.1122	0.0978	0.0695	0.0000	6.8000
dPolE	834.066	90.000	23.4260	1.0000	0.0000	6.8000
uR	834.066	90.000	0.0230	1.0000	0.0000	6.8000
E	835.664	90.000	44.7815	359.3041	0.0950	0.0673	0.0000	6.8000
dPolE	835.664	90.000	21.5217	1.0000	0.0000	6.8000
uR	835.664	90.000	0.0241	1.0000	0.0000	6.8000
E	837.262	90.000	44.6712	359.3918	0.1042	0.0735	0.0000	6.8000
dPolE	837.262	90.000	24.3465	1.0000	0.0000	6.8000
uR	837.262	90.000	0.0246	1.0000	0.0000	6.8000
E	838.860	90.000	44.7232	359.2343	0.1234	0.0867	0.0000	6.8000
dPolE	838.860	90.000	30.7410	1.0000	0.0000	6.8000
uR	838.860	90.000	0.0240	1.0000	0.0000	6.8000
E	840.458	90.000	44.9047	359.2016	0.1300	0.0909	0.0000	6.8000
dPolE	840.458	90.000	39.4079	1.0000	0.0000	6.8000
uR	840.458	90.000	0.0249	1.0000	0.0000	6.8000
E	842.055	90.000	44.8453	359.2856	0.1429	0.0999	0.0000	6.8000
dPolE	842.055	90.000	42.2324	1.0000	0.0000	6.8000
uR	842.055	90.000	0.0259	1.0000	0.0000	6.8000
E	843.653	90.000	44.6239	359.1923	0.1510	0.1051	0.0000	6.8000
dPolE	843.653	90.000	46.1649	1.0000	0.0000	6.8000
uR	843.653	90.000	0.0248	1.0000	0.0000	6.8000
E	845.250	90.000	45.3820	359.4399	0.1809	0.1250	0.0000	6.8000
dPolE	845.250	90.000	52.2901	1.0000	0.0000	6.8000
uR	845.250	90.000	0.0246	1.0000	0.0000	6.8000
E	846.847	90.000	45.8085	359.2260	0.2255	0.1553	0.0000	6.8000
dPolE	846.847	90.000	46.8438	1.0000	0.0000	6.8000
uR	846.847	90.000	0.0264	1.0000	0.0000	6.8000
E	848.444	90.000	45.1110	359.0692	0.2409	0.1653	0.0000	6.8000
dPolE	848.444	90.000	53.7188	1.0000	0.0000	6.8000
uR	848.444	90.000	0.0275	1.0000	0.0000	6.8000
E	850.041	90.000	45.7374	359.6586	0.2479	0.1693	0.0000	6.8000
dPolE	850.041	90.000	61.7556	1.0000	0.0000	6.8000
uR	850.041	90.000	0.0265	1.0000	0.0000	6.8000
E	851.638	90.000	45.1627	359.1702	0.2647	0.1802	0.0000	6.8000
dPolE	851.638	90.000	58.1191	1.0000	0.0000	6.8000
uR	851.638	90.000	0.0271	1.0000	0.0000	6.8000
E	853.234	90.000	45.0651	359.6408	0.2685	0.1820	0.0000	6.8000
dPolE	853.234	90.000	59.2681	1.0000	0.0000	6.8000
uR	853.234	90.000	0.0260	1.0000	0.0000	6.8000
E	854.831	90.000	45.6492	359.1336	0.2826	0.1907	0.0000	6.8000
dPolE	854.831	90.000	59.5809	1.0000	0.0000	6.8000
uR	854.831	90.000	0.0242	1.0000	0.0000	6.8000
E	856.427	90.000	44.4591	359.2436	0.2637	0.1780	0.0000	6.8000
dPolE	856.427	90.000	64.7010	1.0000	0.0000	6.8000
uR	856.427	90.000	0.0232	1.0000	0.0000	6.8000
E	858.023	90.000	44.9954	359.2732	0.2696	0.1814	0.0000	6.8000
dPolE	858.023	90.000	53.0715	1.0000	0.0000	6.8000
uR	858.023	90.000	0.0257	1.0000	0.0000	6.8000
E	859.619	90.000	44.5767	359.6396	0.2730	0.1828	0.0000	6.8000
dPolE	859.619	90.000	57.4196	1.0000	0.0000	6.8000
uR	859.619	90.000	0.0236	1.0000	0.0000	6.8000
E	861.215	90.000	44.4746	359.1476	0.2594	0.1738	0.0000	6.8000
dPolE	861.215	90.000	55.8982	1.0000	0.0000	6.8000
uR	861.215	90.000	0.0239	1.0000	0.0000	6.8000
E	862.811	90.000	45.2654	359.4273	0.2538	0.1698	0.0000	6.8000
dPolE	862.811	90.000	48.8946	1.0000	0.0000	6.8000
uR	862.811	90.000	0.0252	1.0000	0.0000	6.8000
E	864.407	90.000	44.3577	359.6187	0.2301	0.1536	0.0000	6.8000
dPolE	864.407	90.000	55.4076	1.0000	0.0000	6.8000
uR	864.407	90.000	0.0250	1.0000	0.0000	6.8000
E	866.002	90.000	45.0685	359.0442	0.2293	0.1530	0.0000	6.8000
dPolE	866.002	90.000	44.8376	1.0000	0.0000	6.8000
uR	866.002	90.000	0.0263	1.0000	0.0000	6.8000
E	867.597	90.000	45.0742	359.2762	0.2125	0.1419	0.0000	6.8000
dPolE	867.597	90.000	40.4317	1.0000	0.0000	6.8000
uR	867.597	90.000	0.0261	1.0000	0.0000	6.8000
E	869.192	90.000	45.4239	359.5403	0.2079	0.1385	0.0000	6.8000
dPolE	869.192	90.000	34.9557	1.0000	0.0000	6.8000
uR	869.192	90.000	0.0261	1.0000	0.0000	6.8000
E	870.787	90.000	44.9256	359.0929	0.1993	0.1329	0.0000	6.8000
dPolE	870.787	90.000	35.2597	1.0000	0.0000	6.8000
uR	870.787	90.000	0.0260	1.0000	0.0000	6.8000
E	872.382	90.000	44.7703	359.1295	0.1882	0.1253	0.0000	6.8000
dPolE	872.382	90.000	36.5962	1.0000	0.0000	6.8000
uR	872.382	90.000	0.0242	1.0000	0.0000	6.8000
E	873.977	90.000	45.3328	359.5348	0.1768	0.1177	0.0000	6.8000
dPolE	873.977	90.000	31.2965	1.0000	0.0000	6.8000
uR	873.977	90.000	0.0242	1.0000	0.0000	6.8000
E	875.571	90.000	44.5784	359.4234	0.1593	0.1061	0.0000	6.8000
dPolE	875.571	90.000	33.6197	1.0000	0.0000	6.8000
uR	875.571	90.000	0.0233	1.0000	0.0000	6.8000
E	877.166	90.000	45.4461	359.0870	0.1313	0.0873	0.0000	6.8000
dPolE	877.166	90.000	30.1562	1.0000	0.0000	6.8000
uR	877.166	90.000	0.0216	1.0000	0.0000	6.8000
E	878.760	90.000	44.8033	359.4259	0.0965	0.0641	0.0000	6.8000
dPolE	878.760	90.000	18.4349	1.0000	0.0000	6.8000
uR	878.760	90.000	0.0214	1.0000	0.0000	6.8000
E	880.354	90.000	44.8501	359.2534	0.0648	0.0429	0.0000	6.8000
dPolE	880.354	90.000	8.1474	1.0000	0.0000	6.8000
uR	880.354	90.000	0.0224	1.0000	0.0000	6.8000
E	881.948	90.000	44.9044	359.3081	0.0525	0.0346	0.0000	6.8000
dPolE	881.948	90.000	5.6585	1.0000	0.0000	6.8000
uR	881.948	90.000	0.0249	1.0000	0.0000	6.8000
E	883.542	90.000	44.9774	359.2151	0.0502	0.0331	0.0000	6.8000
dPolE	883.542	90.000	2.7798	1.0000	0.0000	6.8000
uR	883.542	90.000	0.0263	1.0000	0.0000	6.8000
E	885.135	90.000	44.9611	359.2511	0.0617	0.0406	0.0000	6.8000
dPolE	885.135	90.000	4.9025	1.0000	0.0000	6.8000
uR	885.135	90.000	0.0243	1.0000	0.0000	6.8000
E	886.729	90.000	44.9592	359.2296	0.0744	0.0489	0.0000	6.8000
dPolE	886.729	90.000	10.4658	1.0000	0.0000	6.8000
uR	886.729	90.000	0.0229	1.0000	0.0000	6.8000
E	888.322	90.000	44.6778	359.2193	0.1013	0.0664	0.0000	6.8000
dPolE	888.322	90.000	22.2366	1.0000	0.0000	6.8000
uR	888.322	90.000	0.0227	1.0000	0.0000	6.8000
E	889.915	90.000	44.7696	359.3432	0.1149	0.0750	0.0000	6.8000
dPolE	889.915	90.000	25.8689	1.0000	0.0000	6.8000
uR	889.915	90.000	0.0219	1.0000	0.0000	6.8000
E	891.508	90.000	45.0507	359.2702	0.1156	0.0752	0.0000	6.8000
dPolE	891.508	90.000	22.5151	1.0000	0.0000	6.8000
uR	891.508	90.000	0.0232	1.0000	0.0000	6.8000
E	893.101	90.000	44.8606	359.2594	0.1057	0.0686	0.0000	6.8000
dPolE	893.101	90.000	20.1375	1.0000	0.0000	6.8000
uR	893.101	90.000	0.0232	1.0000	0.0000	6.8000
E	894.694	90.000	44.8244	359.3628	0.0903	0.0583	0.0000	6.8000
dPolE	894.694	90.000	16.4230	1.0000	0.0000	6.8000
uR	894.694	90.000	0.0250	1.0000	0.0000	6.8000
E	896.286	90.000	44.9627	359.2730	0.0880	0.0567	0.0000	6.8000
dPolE	896.286	90.000	16.2369	1.0000	0.0000	6.8000
uR	896.286	90.000	0.0250	1.0000	0.0000	6.8000
E	897.879	90.000	44.8151	359.1483	0.0945	0.0606	0.0000	6.8000
dPolE	897.879	90.000	16.2307	1.0000	0.0000	6.8000
uR	897.879	90.000	0.0244	1.0000	0.0000	6.8000
E	899.471	90.000	44.7126	359.3772	0.1059	0.0677	0.0000	6.8000
dPolE	899.471	90.000	23.6561	1.0000	0.0000	6.8000
uR	899.471	90.000	0.0232	1.0000	0.0000	6.8000
E	901.063	90.000	44.9942	359.2128	0.1224	0.0778	0.0000	6.8000
dPolE	901.063	90.000	20.9148	1.0000	0.0000	6.8000
uR	901.063	90.000	0.0230	1.0000	0.0000	6.8000
E	902.655	90.000	45.0120	359.1507	0.1041	0.0661	0.0000	6.8000
dPolE	902.655	90.000	15.9935	1.0000	0.0000	6.8000
uR	902.655	90.000	0.0244	1.0000	0.0000	6.8000
E	904.247	90.000	45.0522	359.3462	0.0964	0.0609	0.0000	6.8000
dPolE	904.247	90.000	13.4379	1.0000	0.0000	6.8000
uR	904.247	90.000	0.0257	1.0000	0.0000	6.8000
E	905.838	90.000	44.8019	359.3157	0.0951	0.0600	0.0000	6.8000
dPolE	905.838	90.000	17.6863	1.0000	0.0000	6.8000
uR	905.838	90.000	0.0249	1.0000	0.0000	6.8000
E	907.429	90.000	44.9330	359.1713	0.1079	0.0679	0.0000	6.8000
dPolE	907.429	90.000	22.4306	1.0000	0.0000	6.8000
uR	907.429	90.000	0.0235	1.0000	0.0000	6.8000
E	909.021	90.000	44.8909	359.2673	0.1278	0.0803	0.0000	6.8000
dPolE	909.021	90.000	25.9338	1.0000	0.0000	6.8000
uR	909.021	90.000	0.0220	1.0000	0.0000	6.8000
E	910.612	90.000	44.8582	359.4321	0.1565	0.0976	0.0000	6.8000
dPolE	910.612	90.000	30.7069	1.0000	0.0000	6.8000
uR	910.612	90.000	0.0216	1.0000	0.0000	6.8000
E	912.203	90.000	44.8761	359.3319	0.1377	0.0859	0.0000	6.8000
dPolE	912.203	90.000	28.6841	1.0000	0.0000	6.8000
uR	912.203	90.000	0.0213	1.0000	0.0000	6.8000
E	913.793	90.000	45.0210	359.1781	0.1127	0.0700	0.0000	6.8000
dPolE	913.793	90.000	19.4400	1.0000	0.0000	6.8000
uR	913.793	90.000	0.0223	1.0000	0.0000	6.8000
E	915.384	90.000	44.9694	359.2395	0.0889	0.0552	0.0000	6.8000
dPolE	915.384	90.000	12.4919	1.0000	0.0000	6.8000
uR	915.384	90.000	0.0234	1.0000	0.0000	6.8000
E	916.974	90.000	44.7838	359.1944	0.0850	0.0527	0.0000	6.8000
dPolE	916.974	90.000	12.0559	1.0000	0.0000	6.8000
uR	916.974	90.000	0.0243	1.0000	0.0000	6.8000
E	918.565	90.000	44.8399	359.1643	0.0880	0.0545	0.0000	6.8000
dPolE	918.565	90.000	14.3897	1.0000	0.0000	6.8000
uR	918.565	90.000	0.0245	1.0000	0.0000	6.8000
E	920.155	90.000	45.1246	359.2579	0.1014	0.0626	0.0000	6.8000
dPolE	920.155	90.000	18.1513	1.0000	0.0000	6.8000
uR	920.155	90.000	0.0233	1.0000	0.0000	6.8000
E	921.745	90.000	44.8729	359.3284	0.1292	0.0796	0.0000	6.8000
dPolE	921.745	90.000	25.7453	1.0000	0.0000	6.8000
uR	921.745	90.000	0.0233	1.0000	0.0000	6.8000
E	923.334	90.000	44.7274	359.3450	0.1537	0.0947	0.0000	6.8000
dPolE	923.334	90.000	27.1125	1.0000	0.0000	6.8000
uR	923.334	90.000	0.0248	1.0000	0.0000	6.8000
E	924.924	90.000	44.5709	359.2393	0.1871	0.1151	0.0000	6.8000
dPolE	924.924	90.000	39.3796	1.0000	0.0000	6.8000
uR	924.924	90.000	0.0230	1.0000	0.0000	6.8000
E	926.513	90.000	44.4107	359.1852	0.2060	0.1266	0.0000	6.8000
dPolE	926.513	90.000	49.4387	1.0000	0.0000	6.8000
uR	926.513	90.000	0.0230	1.0000	0.0000	6.8000
E	928.103	90.000	44.4904	358.6564	0.2279	0.1402	0.0000	6.8000
dPolE	928.103	90.000	44.1852	1.0000	0.0000	6.8000
uR	928.103	90.000	0.0237	1.0000	0.0000	6.8000
E	929.692	90.000	45.0924	359.0718	0.2307	0.1413	0.0000	6.8000
dPolE	929.692	90.000	44.5755	1.0000	0.0000	6.8000
uR	929.692	90.000	0.0250	1.0000	0.0000	6.8000
E	931.280	90.000	44.9631	359.0375	0.2318	0.1425	0.0000	6.8000
dPolE	931.280	90.000	43.2382	1.0000	0.0000	6.8000
uR	931.280	90.000	0.0249	1.0000	0.0000	6.8000
E	932.869	90.000	45.2987	359.4252	0.2395	0.1469	0.0000	6.8000
dPolE	932.869	90.000	37.1993	1.0000	0.0000	6.8000
uR	932.869	90.000	0.0258	1.0000	0.0000	6.8000
E	934.458	90.000	44.9246	359.2359	0.2419	0.1478	0.0000	6.8000
dPolE	934.458	90.000	42.7925	1.0000	0.0000	6.8000
uR	934.458	90.000	0.0256	1.0000	0.0000	6.8000
E	936.046	90.000	44.3208	358.9561	0.2149	0.1315	0.0000	6.8000
dPolE	936.046	90.000	45.2712	1.0000	0.0000	6.8000
uR	936.046	90.000	0.0248	1.0000	0.0000	6.8000
E	937.634	90.000	45.1644	359.2634	0.2199	0.1343	0.0000	6.8000
dPolE	937.634	90.000	37.4080	1.0000	0.0000	6.8000
uR	937.634	90.000	0.0243	1.0000	0.0000	6.8000
E	939.222	90.000	44.7964	358.9541	0.2115	0.1292	0.0000	6.8000
dPolE	939.222	90.000	40.8806	1.0000	0.0000	6.8000
uR	939.222	90.000	0.0248	1.0000	0.0000	6.8000
E	940.810	90.000	45.2123	359.1991	0.2177	0.1318	0.0000	6.8000
dPolE	940.810	90.000	41.4503	1.0000	0.0000	6.8000
uR	940.810	90.000	0.0246	1.0000	0.0000	6.8000
E	942.398	90.000	44.8013	359.2643	0.2276	0.1374	0.0000	6.8000
dPolE	942.398	90.000	44.9905	1.0000	0.0000	6.8000
uR	942.398	90.000	0.0237	1.0000	0.0000	6.8000
E	943.985	90.000	44.4053	358.5588	0.2493	0.1518	0.0000	6.8000
dPolE	943.985	90.000	39.0211	1.0000	0.0000	6.8000
uR	943.985	90.000	0.0249	1.0000	0.0000	6.8000
E	945.573	90.000	45.1077	359.0179	0.2506	0.1519	0.0000	6.8000
dPolE	945.573	90.000	41.2356	1.0000	0.0000	6.8000
uR	945.573	90.000	0.0259	1.0000	0.0000	6.8000
E	947.160	90.000	45.1731	359.0938	0.2611	0.1580	0.0000	6.8000
dPolE	947.160	90.000	36.5122	1.0000	0.0000	6.8000
uR	947.160	90.000	0.0242	1.0000	0.0000	6.8000
E	948.747	90.000	44.6554	358.9806	0.2365	0.1425	0.0000	6.8000
dPolE	948.747	90.000	37.2025	1.0000	0.0000	6.8000
uR	948.747	90.000	0.0253	1.0000	0.0000	6.8000
E	950.334	90.000	45.2535	359.3145	0.2285	0.1375	0.0000	6.8000
dPolE	950.334	90.000	34.9099	1.0000	0.0000	6.8000
uR	950.334	90.000	0.0259	1.0000	0.0000	6.8000
E	951.920	90.000	45.2022	359.3799	0.2298	0.1375	0.0000	6.8000
dPolE	951.920	90.000	37.0513	1.0000	0.0000	6.8000
uR	951.920	90.000	0.0253	1.0000	0.0000	6.8000
E	953.507	90.000	45.3580	359.4281	0.2461	0.1469	0.0000	6.8000
dPolE	953.507	90.000	37.9624	1.0000	0.0000	6.8000
uR	953.507	90.000	0.0253	1.0000	0.0000	6.8000
E	955.093	90.000	44.3046	359.4236	0.2611	0.1549	0.0000	6.8000
dPolE	955.093	90.000	42.7413	1.0000	0.0000	6.8000
uR	955.093	90.000	0.0243	1.0000	0.0000	6.8000
E	956.679	90.000	45.1350	359.1592	0.2877	0.1713	0.0000	6.8000
dPolE	956.679	90.000	44.5055	1.0000	0.0000	6.8000
uR	956.679	90.000	0.0242	1.0000	0.0000	6.8000
E	958.265	90.000	44.6324	359.4892	0.3165	0.1874	0.0000	6.8000
dPolE	958.265	90.000	50.1223	1.0000	0.0000	6.8000
uR	958.265	90.000	0.0250	1.0000	0.0000	6.8000
E	959.851	90.000	45.6488	358.8916	0.3309	0.1952	0.0000	6.8000
dPolE	959.851	90.000	57.2700	1.0000	0.0000	6.8000
uR	959.851	90.000	0.0233	1.0000	0.0000	6.8000
E	961.436	90.000	44.3867	359.0730	0.3234	0.1902	0.0000	6.8000
dPolE	961.436	90.000	63.8820	1.0000	0.0000	6.8000
uR	961.436	90.000	0.0235	1.0000	0.0000	6.8000
E	963.022	90.000	45.8948	359.1277	0.3246	0.1908	0.0000	6.8000
dPolE	963.022	90.000	60.2997	1.0000	0.0000	6.8000
uR	963.022	90.000	0.0237	1.0000	0.0000	6.8000
E	964.607	90.000	45.1639	359.7955	0.3340	0.1951	0.0000	6.8000
dPolE	964.607	90.000	55.3203	1.0000	0.0000	6.8000
uR	964.607	90.000	0.0237	1.0000	0.0000	6.8000
E	966.192	90.000	44.5970	359.6499	0.3193	0.1861	0.0000	6.8000
dPolE	966.192	90.000	57.9638	1.0000	0.0000	6.8000
uR	966.192	90.000	0.0231	1.0000	0.0000	6.8000
E	967.777	90.000	44.9780	359.4958	0.2841	0.1646	0.0000	6.8000
dPolE	967.777	90.000	45.8394	1.0000	0.0000	6.8000
uR	967.777	90.000	0.0247	1.0000	0.0000	6.8000
E	969.361	90.000	45.1903	359.0135	0.2763	0.1601	0.0000	6.8000
dPolE	969.361	90.000	42.3150	1.0000	0.0000	6.8000
uR	969.361	90.000	0.0247	1.0000	0.0000	6.8000
E	970.946	90.000	44.6772	359.4188	0.2550	0.1470	0.0000	6.8000
dPolE	970.946	90.000	37.6020	1.0000	0.0000	6.8000
uR	970.946	90.000	0.0254	1.0000	0.0000	6.8000
E	972.530	90.000	45.4291	359.2526	0.2320	0.1338	0.0000	6.8000
dPolE	972.530	90.000	37.6009	1.0000	0.0000	6.8000
uR	972.530	90.000	0.0245	1.0000	0.0000	6.8000
E	974.114	90.000	44.9718	359.3301	0.2174	0.1252	0.0000	6.8000
dPolE	974.114	90.000	36.7983	1.0000	0.0000	6.8000
uR	974.114	90.000	0.0230	1.0000	0.0000	6.8000
E	975.698	90.000	45.1035	359.0215	0.1937	0.1111	0.0000	6.8000
dPolE	975.698	90.000	30.7405	1.0000	0.0000	6.8000
uR	975.698	90.000	0.0230	1.0000	0.0000	6.8000
E	977.282	90.000	44.9562	359.0258	0.1631	0.0933	0.0000	6.8000
dPolE	977.282	90.000	28.0656	1.0000	0.0000	6.8000
uR	977.282	90.000	0.0238	1.0000	0.0000	6.8000
E	978.865	90.000	44.9456	359.1392	0.1530	0.0871	0.0000	6.8000
dPolE	978.865	90.000	19.6236	1.0000	0.0000	6.8000
uR	978.865	90.000	0.0233	1.0000	0.0000	6.8000
E	980.449	90.000	44.9321	359.0487	0.1439	0.0819	0.0000	6.8000
dPolE	980.449	90.000	21.3845	1.0000	0.0000	6.8000
uR	980.449	90.000	0.0230	1.0000	0.0000	6.8000
E	982.032	90.000	45.0221	359.4024	0.1613	0.0920	0.0000	6.8000
dPolE	982.032	90.000	23.4896	1.0000	0.0000	6.8000
uR	982.032	90.000	0.0240	1.0000	0.0000	6.8000
E	983.615	90.000	44.9315	359.0788	0.1818	0.1036	0.0000	6.8000
dPolE	983.615	90.000	29.0645	1.0000	0.0000	6.8000
uR	983.615	90.000	0.0218	1.0000	0.0000	6.8000
E	985.198	90.000	45.0732	358.8125	0.2195	0.1249	0.0000	6.8000
dPolE	985.198	90.000	36.0739	1.0000	0.0000	6.8000
uR	985.198	90.000	0.0215	1.0000	0.0000	6.8000
E	986.780	90.000	45.0523	359.2146	0.2206	0.1255	0.0000	6.8000
dPolE	986.780	90.000	34.8121	1.0000	0.0000	6.8000
uR	986.780	90.000	0.0217	1.0000	0.0000	6.8000
E	988.363	90.000	44.8833	359.1759	0.2001	0.1135	0.0000	6.8000
dPolE	988.363	90.000	32.8618	1.0000	0.0000	6.8000
uR	988.363	90.000	0.0229	1.0000	0.0000	6.8000
E	989.945	90.000	45.0319	359.3489	0.1875	0.1062	0.0000	6.8000
dPolE	989.945	90.000	27.3874	1.0000	0.0000	6.8000
uR	989.945	90.000	0.0221	1.0000	0.0000	6.8000
E	991.527	90.000	45.0432	359.1213	0.1670	0.0943	0.0000	6.8000
dPolE	991.527	90.000	27.0065	1.0000	0.0000	6.8000
uR	991.527	90.000	0.0237	1.0000	0.0000	6.8000
E	993.109	90.000	45.3276	359.4646	0.1597	0.0902	0.0000	6.8000
dPolE	993.109	90.000	18.9704	1.0000	0.0000	6.8000
uR	993.109	90.000	0.0244	1.0000	0.0000	6.8000
E	994.690	90.000	44.6962	359.2739	0.1653	0.0932	0.0000	6.8000
dPolE	994.690	90.000	22.8560	1.0000	0.0000	6.8000
uR	994.690	90.000	0.0241	1.0000	0.0000	6.8000
E	996.272	90.000	45.1038	359.1118	0.1833	0.1034	0.0000	6.8000
dPolE	996.272	90.000	31.0583	1.0000	0.0000	6.8000
uR	996.272	90.000	0.0230	1.0000	0.0000	6.8000
E	997.853	90.000	45.2610	359.1788	0.2200	0.1236	0.0000	6.8000
dPolE	997.853	90.000	35.1503	1.0000	0.0000	6.8000
uR	997.853	90.000	0.0224	1.0000	0.0000	6.8000
E	999.434	90.000	45.1194	359.2985	0.2620	0.1470	0.0000	6.8000
dPolE	999.434	90.000	42.7165	1.0000	0.0000	6.8000
uR	999.434	90.000	0.0231	1.0000	0.0000	6.8000
