
FM-removed
XY-Scan
nm
E	210.379	90.000	54.4075	32.1798	0.2575	0.5295	0.0000	6.8000
dPolE	210.379	90.000	99.9494	1.0000	0.0000	6.8000
uR	210.379	90.000	0.0261	1.0000	0.0000	6.8000
E	211.990	90.000	53.9575	282.3943	0.2703	0.5692	0.0000	6.8000
dPolE	211.990	90.000	99.9769	1.0000	0.0000	6.8000
uR	211.990	90.000	0.0124	1.0000	0.0000	6.8000
E	213.602	90.000	12.9639	18.5371	0.2551	1.1054	0.0000	6.8000
dPolE	213.602	90.000	99.9064	1.0000	0.0000	6.8000
uR	213.602	90.000	0.0156	1.0000	0.0000	6.8000
E	215.214	90.000	28.3714	121.1932	0.2414	0.5750	0.0000	6.8000
dPolE	215.214	90.000	99.9867	1.0000	0.0000	6.8000
uR	215.214	90.000	0.0121	1.0000	0.0000	6.8000
E	216.826	90.000	43.7425	196.6342	0.2720	0.4860	0.0000	6.8000
dPolE	216.826	90.000	99.9754	1.0000	0.0000	6.8000
uR	216.826	90.000	0.0087	1.0000	0.0000	6.8000
E	218.438	90.000	37.9828	11.6741	0.2927	0.5181	0.0000	6.8000
dPolE	218.438	90.000	99.9484	1.0000	0.0000	6.8000
uR	218.438	90.000	0.0089	1.0000	0.0000	6.8000
E	220.050	90.000	49.6878	188.6455	0.2652	0.4441	0.0000	6.8000
dPolE	220.050	90.000	99.9476	1.0000	0.0000	6.8000
uR	220.050	90.000	0.0067	1.0000	0.0000	6.8000
E	221.662	90.000	40.9602	48.9707	0.2442	0.4526	0.0000	6.8000
dPolE	221.662	90.000	99.9820	1.0000	0.0000	6.8000
uR	221.662	90.000	0.0036	1.0000	0.0000	6.8000
E	223.274	90.000	49.8053	126.8106	0.2733	0.5128	0.0000	6.8000
dPolE	223.274	90.000	99.9832	1.0000	0.0000	6.8000
uR	223.274	90.000	0.0046	1.0000	0.0000	6.8000
E	224.886	90.000	46.3793	199.3753	0.2739	0.4213	0.0000	6.8000
dPolE	224.886	90.000	99.9664	1.0000	0.0000	6.8000
uR	224.886	90.000	0.0027	1.0000	0.0000	6.8000
E	226.498	90.000	32.6186	7.4733	0.3028	0.4759	0.0000	6.8000
dPolE	226.498	90.000	99.9785	1.0000	0.0000	6.8000
uR	226.498	90.000	0.0025	1.0000	0.0000	6.8000
E	228.111	90.000	14.3706	330.4993	0.2384	0.8060	0.0000	6.8000
dPolE	228.111	90.000	99.9717	1.0000	0.0000	6.8000
uR	228.111	90.000	0.0035	1.0000	0.0000	6.8000
E	229.723	90.000	21.0506	20.1897	0.2968	0.6394	0.0000	6.8000
dPolE	229.723	90.000	99.9381	1.0000	0.0000	6.8000
uR	229.723	90.000	0.0040	1.0000	0.0000	6.8000
E	231.335	90.000	29.8617	26.0166	0.2850	0.4838	0.0000	6.8000
dPolE	231.335	90.000	99.9688	1.0000	0.0000	6.8000
uR	231.335	90.000	0.0023	1.0000	0.0000	6.8000
E	232.948	90.000	60.3363	46.8039	0.2572	0.5274	0.0000	6.8000
dPolE	232.948	90.000	99.9945	1.0000	0.0000	6.8000
uR	232.948	90.000	0.0016	1.0000	0.0000	6.8000
E	234.560	90.000	72.4619	1.1726	0.2841	0.5970	0.0000	6.8000
dPolE	234.560	90.000	99.9807	1.0000	0.0000	6.8000
uR	234.560	90.000	0.0017	1.0000	0.0000	6.8000
E	236.173	90.000	79.4554	124.3664	0.2405	1.5206	0.0000	6.8000
dPolE	236.173	90.000	99.9716	1.0000	0.0000	6.8000
uR	236.173	90.000	0.0015	1.0000	0.0000	6.8000
E	237.786	90.000	20.5278	198.0181	0.3136	0.6101	0.0000	6.8000
dPolE	237.786	90.000	99.9178	1.0000	0.0000	6.8000
uR	237.786	90.000	0.0023	1.0000	0.0000	6.8000
E	239.398	90.000	32.6430	218.5706	0.3013	0.5177	0.0000	6.8000
dPolE	239.398	90.000	99.9849	1.0000	0.0000	6.8000
uR	239.398	90.000	0.0020	1.0000	0.0000	6.8000
E	241.011	90.000	19.1415	159.2275	0.3088	0.6399	0.0000	6.8000
dPolE	241.011	90.000	99.9490	1.0000	0.0000	6.8000
uR	241.011	90.000	0.0013	1.0000	0.0000	6.8000
E	242.624	90.000	43.2057	345.1688	0.3172	0.3694	0.0000	6.8000
dPolE	242.624	90.000	99.9972	1.0000	0.0000	6.8000
uR	242.624	90.000	0.0007	1.0000	0.0000	6.8000
E	244.237	90.000	28.5180	37.6347	0.2981	0.5492	0.0000	6.8000
dPolE	244.237	90.000	99.9792	1.0000	0.0000	6.8000
uR	244.237	90.000	0.0010	1.0000	0.0000	6.8000
E	245.850	90.000	36.1632	171.9484	0.3228	0.3649	0.0000	6.8000
dPolE	245.850	90.000	99.9877	1.0000	0.0000	6.8000
uR	245.850	90.000	0.0009	1.0000	0.0000	6.8000
E	247.463	90.000	48.2368	249.8210	0.3021	0.5835	0.0000	6.8000
dPolE	247.463	90.000	99.9918	1.0000	0.0000	6.8000
uR	247.463	90.000	0.0008	1.0000	0.0000	6.8000
E	249.076	90.000	46.4964	175.1240	0.3292	0.3425	0.0000	6.8000
dPolE	249.076	90.000	99.9285	1.0000	0.0000	6.8000
uR	249.076	90.000	0.0011	1.0000	0.0000	6.8000
E	250.689	90.000	16.0156	37.1430	0.2927	0.8949	0.0000	6.8000
dPolE	250.689	90.000	99.9928	1.0000	0.0000	6.8000
uR	250.689	90.000	0.0007	1.0000	0.0000	6.8000
E	252.302	90.000	58.0336	14.6442	0.3319	0.4099	0.0000	6.8000
dPolE	252.302	90.000	99.8793	1.0000	0.0000	6.8000
uR	252.302	90.000	0.0012	1.0000	0.0000	6.8000
E	253.916	90.000	35.1719	199.7558	0.3108	0.3868	0.0000	6.8000
dPolE	253.916	90.000	99.9612	1.0000	0.0000	6.8000
uR	253.916	90.000	0.0012	1.0000	0.0000	6.8000
E	255.529	90.000	33.5457	144.5321	0.3013	0.4738	0.0000	6.8000
dPolE	255.529	90.000	99.9888	1.0000	0.0000	6.8000
uR	255.529	90.000	0.0008	1.0000	0.0000	6.8000
E	257.142	90.000	24.0588	16.5163	0.3219	0.4901	0.0000	6.8000
dPolE	257.142	90.000	99.9432	1.0000	0.0000	6.8000
uR	257.142	90.000	0.0012	1.0000	0.0000	6.8000
E	258.756	90.000	75.5720	237.5483	0.2314	1.1046	0.0000	6.8000
dPolE	258.756	90.000	99.9753	1.0000	0.0000	6.8000
uR	258.756	90.000	0.0008	1.0000	0.0000	6.8000
E	260.369	90.000	13.4623	339.2452	0.2992	0.8075	0.0000	6.8000
dPolE	260.369	90.000	99.9847	1.0000	0.0000	6.8000
uR	260.369	90.000	0.0011	1.0000	0.0000	6.8000
E	261.983	90.000	8.9157	159.3732	0.2884	1.1563	0.0000	6.8000
dPolE	261.983	90.000	99.9999	1.0000	0.0000	6.8000
uR	261.983	90.000	0.0006	1.0000	0.0000	6.8000
E	263.596	90.000	33.7053	232.2847	0.2945	0.5612	0.0000	6.8000
dPolE	263.596	90.000	99.9901	1.0000	0.0000	6.8000
uR	263.596	90.000	0.0004	1.0000	0.0000	6.8000
E	265.210	90.000	36.4960	130.2207	0.3155	0.5584	0.0000	6.8000
dPolE	265.210	90.000	99.9936	1.0000	0.0000	6.8000
uR	265.210	90.000	0.0004	1.0000	0.0000	6.8000
E	266.823	90.000	82.6759	32.1338	0.2574	1.5525	0.0000	6.8000
dPolE	266.823	90.000	99.9829	1.0000	0.0000	6.8000
uR	266.823	90.000	0.0005	1.0000	0.0000	6.8000
E	268.437	90.000	39.6948	129.4449	0.2997	0.5148	0.0000	6.8000
dPolE	268.437	90.000	99.9946	1.0000	0.0000	6.8000
uR	268.437	90.000	0.0003	1.0000	0.0000	6.8000
E	270.051	90.000	47.0507	200.6033	0.2656	0.3175	0.0000	6.8000
dPolE	270.051	90.000	99.9862	1.0000	0.0000	6.8000
uR	270.051	90.000	0.0009	1.0000	0.0000	6.8000
E	271.665	90.000	48.2707	165.1933	0.2743	0.3109	0.0000	6.8000
dPolE	271.665	90.000	99.9032	1.0000	0.0000	6.8000
uR	271.665	90.000	0.0009	1.0000	0.0000	6.8000
E	273.279	90.000	17.1702	166.0113	0.2773	0.5603	0.0000	6.8000
dPolE	273.279	90.000	99.9884	1.0000	0.0000	6.8000
uR	273.279	90.000	0.0005	1.0000	0.0000	6.8000
E	274.892	90.000	52.6567	346.4641	0.2755	0.3225	0.0000	6.8000
dPolE	274.892	90.000	99.9374	1.0000	0.0000	6.8000
uR	274.892	90.000	0.0008	1.0000	0.0000	6.8000
E	276.506	90.000	22.7043	217.9556	0.2351	0.5280	0.0000	6.8000
dPolE	276.506	90.000	99.9999	1.0000	0.0000	6.8000
uR	276.506	90.000	0.0006	1.0000	0.0000	6.8000
E	278.120	90.000	49.9472	228.7570	0.2593	0.4401	0.0000	6.8000
dPolE	278.120	90.000	99.9926	1.0000	0.0000	6.8000
uR	278.120	90.000	0.0005	1.0000	0.0000	6.8000
E	279.734	90.000	72.6782	353.8619	0.2809	0.5448	0.0000	6.8000
dPolE	279.734	90.000	99.9819	1.0000	0.0000	6.8000
uR	279.734	90.000	0.0005	1.0000	0.0000	6.8000
E	281.349	90.000	18.9967	265.0160	0.2021	0.8681	0.0000	6.8000
dPolE	281.349	90.000	99.9999	1.0000	0.0000	6.8000
uR	281.349	90.000	0.0006	1.0000	0.0000	6.8000
E	282.963	90.000	41.0697	63.6840	0.2659	0.5016	0.0000	6.8000
dPolE	282.963	90.000	99.9845	1.0000	0.0000	6.8000
uR	282.963	90.000	0.0004	1.0000	0.0000	6.8000
E	284.577	90.000	10.8580	349.5463	0.2615	0.8285	0.0000	6.8000
dPolE	284.577	90.000	99.9935	1.0000	0.0000	6.8000
uR	284.577	90.000	0.0005	1.0000	0.0000	6.8000
E	286.191	90.000	83.8382	270.8293	0.1443	2.2812	0.0000	6.8000
dPolE	286.191	90.000	99.9504	1.0000	0.0000	6.8000
uR	286.191	90.000	0.0007	1.0000	0.0000	6.8000
E	287.805	90.000	31.4110	222.5951	0.2338	0.4331	0.0000	6.8000
dPolE	287.805	90.000	99.9838	1.0000	0.0000	6.8000
uR	287.805	90.000	0.0006	1.0000	0.0000	6.8000
E	289.420	90.000	14.7558	34.4368	0.2187	0.7171	0.0000	6.8000
dPolE	289.420	90.000	99.9925	1.0000	0.0000	6.8000
uR	289.420	90.000	0.0007	1.0000	0.0000	6.8000
E	291.034	90.000	36.9928	166.3446	0.2358	0.3024	0.0000	6.8000
dPolE	291.034	90.000	99.9715	1.0000	0.0000	6.8000
uR	291.034	90.000	0.0004	1.0000	0.0000	6.8000
E	292.649	90.000	55.1242	190.6190	0.2145	0.2796	0.0000	6.8000
dPolE	292.649	90.000	99.9684	1.0000	0.0000	6.8000
uR	292.649	90.000	0.0005	1.0000	0.0000	6.8000
E	294.263	90.000	63.7112	326.9967	0.2131	0.4124	0.0000	6.8000
dPolE	294.263	90.000	99.9746	1.0000	0.0000	6.8000
uR	294.263	90.000	0.0005	1.0000	0.0000	6.8000
E	295.877	90.000	77.5902	153.4142	0.2152	0.7626	0.0000	6.8000
dPolE	295.877	90.000	99.9903	1.0000	0.0000	6.8000
uR	295.877	90.000	0.0005	1.0000	0.0000	6.8000
E	297.492	90.000	45.6219	24.2568	0.2177	0.3026	0.0000	6.8000
dPolE	297.492	90.000	99.9927	1.0000	0.0000	6.8000
uR	297.492	90.000	0.0006	1.0000	0.0000	6.8000
E	299.107	90.000	10.7668	318.8444	0.1762	0.8837	0.0000	6.8000
dPolE	299.107	90.000	99.9842	1.0000	0.0000	6.8000
uR	299.107	90.000	0.0004	1.0000	0.0000	6.8000
E	300.721	90.000	48.7506	45.0149	0.2206	0.3733	0.0000	6.8000
dPolE	300.721	90.000	99.9776	1.0000	0.0000	6.8000
uR	300.721	90.000	0.0004	1.0000	0.0000	6.8000
E	302.336	90.000	68.9279	9.0822	0.2073	0.4033	0.0000	6.8000
dPolE	302.336	90.000	99.9961	1.0000	0.0000	6.8000
uR	302.336	90.000	0.0004	1.0000	0.0000	6.8000
E	303.950	90.000	51.7860	265.4486	0.2013	0.4201	0.0000	6.8000
dPolE	303.950	90.000	99.9984	1.0000	0.0000	6.8000
uR	303.950	90.000	0.0002	1.0000	0.0000	6.8000
E	305.565	90.000	25.2224	174.4125	0.2093	0.3593	0.0000	6.8000
dPolE	305.565	90.000	99.9809	1.0000	0.0000	6.8000
uR	305.565	90.000	0.0004	1.0000	0.0000	6.8000
E	307.180	90.000	80.9776	9.3665	0.1990	0.8719	0.0000	6.8000
dPolE	307.180	90.000	99.9579	1.0000	0.0000	6.8000
uR	307.180	90.000	0.0005	1.0000	0.0000	6.8000
E	308.795	90.000	54.8379	355.5443	0.1910	0.2736	0.0000	6.8000
dPolE	308.795	90.000	99.9980	1.0000	0.0000	6.8000
uR	308.795	90.000	0.0004	1.0000	0.0000	6.8000
E	310.410	90.000	82.1191	96.1822	0.1364	1.4007	0.0000	6.8000
dPolE	310.410	90.000	99.9515	1.0000	0.0000	6.8000
uR	310.410	90.000	0.0005	1.0000	0.0000	6.8000
E	312.024	90.000	47.2534	81.1965	0.1968	0.3930	0.0000	6.8000
dPolE	312.024	90.000	99.9930	1.0000	0.0000	6.8000
uR	312.024	90.000	0.0003	1.0000	0.0000	6.8000
E	313.639	90.000	35.8747	353.1269	0.1868	0.2760	0.0000	6.8000
dPolE	313.639	90.000	99.9815	1.0000	0.0000	6.8000
uR	313.639	90.000	0.0004	1.0000	0.0000	6.8000
E	315.254	90.000	57.1194	237.0235	0.1812	0.3782	0.0000	6.8000
dPolE	315.254	90.000	99.9593	1.0000	0.0000	6.8000
uR	315.254	90.000	0.0005	1.0000	0.0000	6.8000
E	316.869	90.000	78.8030	77.1950	0.1476	0.9879	0.0000	6.8000
dPolE	316.869	90.000	99.9749	1.0000	0.0000	6.8000
uR	316.869	90.000	0.0005	1.0000	0.0000	6.8000
E	318.484	90.000	35.0184	198.9689	0.1666	0.2682	0.0000	6.8000
dPolE	318.484	90.000	99.9999	1.0000	0.0000	6.8000
uR	318.484	90.000	0.0004	1.0000	0.0000	6.8000
E	320.099	90.000	33.9102	204.0737	0.1690	0.2872	0.0000	6.8000
dPolE	320.099	90.000	99.9959	1.0000	0.0000	6.8000
uR	320.099	90.000	0.0003	1.0000	0.0000	6.8000
E	321.714	90.000	53.2883	45.5559	0.1645	0.3056	0.0000	6.8000
dPolE	321.714	90.000	99.9797	1.0000	0.0000	6.8000
uR	321.714	90.000	0.0005	1.0000	0.0000	6.8000
E	323.330	90.000	49.0288	352.4752	0.1630	0.2464	0.0000	6.8000
dPolE	323.330	90.000	99.9880	1.0000	0.0000	6.8000
uR	323.330	90.000	0.0004	1.0000	0.0000	6.8000
E	324.945	90.000	50.3455	155.1828	0.1698	0.2779	0.0000	6.8000
dPolE	324.945	90.000	99.9902	1.0000	0.0000	6.8000
uR	324.945	90.000	0.0005	1.0000	0.0000	6.8000
E	326.560	90.000	54.0582	199.3773	0.1659	0.2780	0.0000	6.8000
dPolE	326.560	90.000	99.9609	1.0000	0.0000	6.8000
uR	326.560	90.000	0.0004	1.0000	0.0000	6.8000
E	328.175	90.000	37.9558	270.3210	0.1730	0.3611	0.0000	6.8000
dPolE	328.175	90.000	99.9835	1.0000	0.0000	6.8000
uR	328.175	90.000	0.0004	1.0000	0.0000	6.8000
E	329.790	90.000	75.0441	74.5119	0.1326	0.6171	0.0000	6.8000
dPolE	329.790	90.000	99.9901	1.0000	0.0000	6.8000
uR	329.790	90.000	0.0003	1.0000	0.0000	6.8000
E	331.406	90.000	41.7127	89.3602	0.1594	0.3218	0.0000	6.8000
dPolE	331.406	90.000	99.9969	1.0000	0.0000	6.8000
uR	331.406	90.000	0.0005	1.0000	0.0000	6.8000
E	333.021	90.000	59.1502	150.5209	0.1640	0.3201	0.0000	6.8000
dPolE	333.021	90.000	99.9917	1.0000	0.0000	6.8000
uR	333.021	90.000	0.0003	1.0000	0.0000	6.8000
E	334.636	90.000	48.8970	341.3153	0.1399	0.2323	0.0000	6.8000
dPolE	334.636	90.000	99.9997	1.0000	0.0000	6.8000
uR	334.636	90.000	0.0003	1.0000	0.0000	6.8000
E	336.251	90.000	17.8833	34.2450	0.1482	0.4596	0.0000	6.8000
dPolE	336.251	90.000	99.9910	1.0000	0.0000	6.8000
uR	336.251	90.000	0.0004	1.0000	0.0000	6.8000
E	337.867	90.000	22.7284	230.5315	0.1477	0.4060	0.0000	6.8000
dPolE	337.867	90.000	99.9999	1.0000	0.0000	6.8000
uR	337.867	90.000	0.0004	1.0000	0.0000	6.8000
E	339.482	90.000	36.7241	334.7117	0.1547	0.2787	0.0000	6.8000
dPolE	339.482	90.000	99.9740	1.0000	0.0000	6.8000
uR	339.482	90.000	0.0005	1.0000	0.0000	6.8000
E	341.098	90.000	62.9932	286.0436	0.1444	0.3717	0.0000	6.8000
dPolE	341.098	90.000	99.9897	1.0000	0.0000	6.8000
uR	341.098	90.000	0.0004	1.0000	0.0000	6.8000
E	342.713	90.000	13.4933	30.7514	0.1471	0.5905	0.0000	6.8000
dPolE	342.713	90.000	99.9988	1.0000	0.0000	6.8000
uR	342.713	90.000	0.0003	1.0000	0.0000	6.8000
E	344.329	90.000	28.3449	335.8145	0.1463	0.3090	0.0000	6.8000
dPolE	344.329	90.000	99.9906	1.0000	0.0000	6.8000
uR	344.329	90.000	0.0003	1.0000	0.0000	6.8000
E	345.944	90.000	27.3246	188.2082	0.1516	0.3194	0.0000	6.8000
dPolE	345.944	90.000	99.9947	1.0000	0.0000	6.8000
uR	345.944	90.000	0.0003	1.0000	0.0000	6.8000
E	347.560	90.000	83.0988	171.0398	0.1408	1.0169	0.0000	6.8000
dPolE	347.560	90.000	99.9662	1.0000	0.0000	6.8000
uR	347.560	90.000	0.0005	1.0000	0.0000	6.8000
E	349.175	90.000	46.2970	229.1179	0.1478	0.2791	0.0000	6.8000
dPolE	349.175	90.000	99.9931	1.0000	0.0000	6.8000
uR	349.175	90.000	0.0004	1.0000	0.0000	6.8000
E	350.791	90.000	30.8929	40.4159	0.1424	0.3037	0.0000	6.8000
dPolE	350.791	90.000	99.9979	1.0000	0.0000	6.8000
uR	350.791	90.000	0.0003	1.0000	0.0000	6.8000
E	352.406	90.000	55.1689	80.5584	0.1437	0.3097	0.0000	6.8000
dPolE	352.406	90.000	99.9980	1.0000	0.0000	6.8000
uR	352.406	90.000	0.0003	1.0000	0.0000	6.8000
E	354.022	90.000	64.9099	202.1785	0.1381	0.3263	0.0000	6.8000
dPolE	354.022	90.000	99.9512	1.0000	0.0000	6.8000
uR	354.022	90.000	0.0006	1.0000	0.0000	6.8000
E	355.638	90.000	58.7893	262.5442	0.1416	0.3264	0.0000	6.8000
dPolE	355.638	90.000	99.9827	1.0000	0.0000	6.8000
uR	355.638	90.000	0.0004	1.0000	0.0000	6.8000
E	357.253	90.000	56.6855	4.1159	0.1412	0.2769	0.0000	6.8000
dPolE	357.253	90.000	99.9884	1.0000	0.0000	6.8000
uR	357.253	90.000	0.0003	1.0000	0.0000	6.8000
E	358.869	90.000	46.6135	32.9440	0.1389	0.2609	0.0000	6.8000
dPolE	358.869	90.000	99.9894	1.0000	0.0000	6.8000
uR	358.869	90.000	0.0004	1.0000	0.0000	6.8000
E	360.485	90.000	50.4746	15.2447	0.1432	0.2679	0.0000	6.8000
dPolE	360.485	90.000	99.9792	1.0000	0.0000	6.8000
uR	360.485	90.000	0.0004	1.0000	0.0000	6.8000
E	362.100	90.000	25.8763	241.4590	0.1332	0.3413	0.0000	6.8000
dPolE	362.100	90.000	99.9891	1.0000	0.0000	6.8000
uR	362.100	90.000	0.0004	1.0000	0.0000	6.8000
E	363.716	90.000	59.7753	170.4314	0.1413	0.2962	0.0000	6.8000
dPolE	363.716	90.000	99.9899	1.0000	0.0000	6.8000
uR	363.716	90.000	0.0003	1.0000	0.0000	6.8000
E	365.332	90.000	48.4038	215.6963	0.1342	0.2559	0.0000	6.8000
dPolE	365.332	90.000	99.9865	1.0000	0.0000	6.8000
uR	365.332	90.000	0.0004	1.0000	0.0000	6.8000
E	366.948	90.000	18.1109	3.4979	0.1201	0.3755	0.0000	6.8000
dPolE	366.948	90.000	99.9992	1.0000	0.0000	6.8000
uR	366.948	90.000	0.0003	1.0000	0.0000	6.8000
E	368.563	90.000	40.8341	331.3826	0.1403	0.2664	0.0000	6.8000
dPolE	368.563	90.000	99.9956	1.0000	0.0000	6.8000
uR	368.563	90.000	0.0003	1.0000	0.0000	6.8000
E	370.179	90.000	76.1755	189.0817	0.1327	0.5259	0.0000	6.8000
dPolE	370.179	90.000	99.9641	1.0000	0.0000	6.8000
uR	370.179	90.000	0.0005	1.0000	0.0000	6.8000
E	371.795	90.000	30.4269	134.2747	0.1271	0.2824	0.0000	6.8000
dPolE	371.795	90.000	99.9878	1.0000	0.0000	6.8000
uR	371.795	90.000	0.0004	1.0000	0.0000	6.8000
E	373.411	90.000	42.2423	22.1136	0.1247	0.2350	0.0000	6.8000
dPolE	373.411	90.000	99.9951	1.0000	0.0000	6.8000
uR	373.411	90.000	0.0004	1.0000	0.0000	6.8000
E	375.027	90.000	69.2952	177.1561	0.1215	0.3458	0.0000	6.8000
dPolE	375.027	90.000	99.9898	1.0000	0.0000	6.8000
uR	375.027	90.000	0.0004	1.0000	0.0000	6.8000
E	376.643	90.000	48.9285	74.9001	0.1330	0.2678	0.0000	6.8000
dPolE	376.643	90.000	99.9996	1.0000	0.0000	6.8000
uR	376.643	90.000	0.0004	1.0000	0.0000	6.8000
E	378.258	90.000	34.8971	351.4434	0.1274	0.2541	0.0000	6.8000
dPolE	378.258	90.000	99.9967	1.0000	0.0000	6.8000
uR	378.258	90.000	0.0004	1.0000	0.0000	6.8000
E	379.874	90.000	70.4635	243.6386	0.1267	0.4098	0.0000	6.8000
dPolE	379.874	90.000	99.9952	1.0000	0.0000	6.8000
uR	379.874	90.000	0.0003	1.0000	0.0000	6.8000
E	381.490	90.000	39.3677	215.7211	0.1197	0.2350	0.0000	6.8000
dPolE	381.490	90.000	99.9935	1.0000	0.0000	6.8000
uR	381.490	90.000	0.0002	1.0000	0.0000	6.8000
E	383.106	90.000	28.8621	223.1316	0.1270	0.2944	0.0000	6.8000
dPolE	383.106	90.000	99.9945	1.0000	0.0000	6.8000
uR	383.106	90.000	0.0003	1.0000	0.0000	6.8000
E	384.722	90.000	14.0361	31.0179	0.1300	0.5378	0.0000	6.8000
dPolE	384.722	90.000	99.9964	1.0000	0.0000	6.8000
uR	384.722	90.000	0.0002	1.0000	0.0000	6.8000
E	386.338	90.000	58.7912	276.0508	0.1204	0.2746	0.0000	6.8000
dPolE	386.338	90.000	99.9968	1.0000	0.0000	6.8000
uR	386.338	90.000	0.0002	1.0000	0.0000	6.8000
E	387.954	90.000	28.2670	136.2757	0.1313	0.3075	0.0000	6.8000
dPolE	387.954	90.000	99.9981	1.0000	0.0000	6.8000
uR	387.954	90.000	0.0003	1.0000	0.0000	6.8000
E	389.570	90.000	73.1861	79.9931	0.1068	0.4010	0.0000	6.8000
dPolE	389.570	90.000	99.9925	1.0000	0.0000	6.8000
uR	389.570	90.000	0.0003	1.0000	0.0000	6.8000
E	391.186	90.000	52.6315	99.8906	0.1144	0.2376	0.0000	6.8000
dPolE	391.186	90.000	99.9987	1.0000	0.0000	6.8000
uR	391.186	90.000	0.0002	1.0000	0.0000	6.8000
E	392.802	90.000	44.0073	128.5740	0.1220	0.2397	0.0000	6.8000
dPolE	392.802	90.000	99.9943	1.0000	0.0000	6.8000
uR	392.802	90.000	0.0003	1.0000	0.0000	6.8000
E	394.418	90.000	37.5044	267.0051	0.1290	0.2679	0.0000	6.8000
dPolE	394.418	90.000	99.9994	1.0000	0.0000	6.8000
uR	394.418	90.000	0.0002	1.0000	0.0000	6.8000
E	396.034	90.000	34.9276	21.3509	0.1254	0.2540	0.0000	6.8000
dPolE	396.034	90.000	99.9957	1.0000	0.0000	6.8000
uR	396.034	90.000	0.0003	1.0000	0.0000	6.8000
E	397.650	90.000	39.4091	27.0784	0.1199	0.2326	0.0000	6.8000
dPolE	397.650	90.000	99.9884	1.0000	0.0000	6.8000
uR	397.650	90.000	0.0002	1.0000	0.0000	6.8000
E	399.266	90.000	42.2871	13.8351	0.1224	0.2318	0.0000	6.8000
dPolE	399.266	90.000	99.9468	1.0000	0.0000	6.8000
uR	399.266	90.000	0.0005	1.0000	0.0000	6.8000
E	400.882	90.000	50.5244	11.1474	0.1177	0.2274	0.0000	6.8000
dPolE	400.882	90.000	99.9169	1.0000	0.0000	6.8000
uR	400.882	90.000	0.0006	1.0000	0.0000	6.8000
E	402.498	90.000	30.1406	7.1799	0.1177	0.2580	0.0000	6.8000
dPolE	402.498	90.000	99.9209	1.0000	0.0000	6.8000
uR	402.498	90.000	0.0006	1.0000	0.0000	6.8000
E	404.114	90.000	48.3197	18.5658	0.1179	0.2264	0.0000	6.8000
dPolE	404.114	90.000	99.8704	1.0000	0.0000	6.8000
uR	404.114	90.000	0.0007	1.0000	0.0000	6.8000
E	405.730	90.000	46.0138	2.1283	0.1219	0.2290	0.0000	6.8000
dPolE	405.730	90.000	99.7809	1.0000	0.0000	6.8000
uR	405.730	90.000	0.0009	1.0000	0.0000	6.8000
E	407.346	90.000	42.8022	12.9158	0.1182	0.2219	0.0000	6.8000
dPolE	407.346	90.000	99.8282	1.0000	0.0000	6.8000
uR	407.346	90.000	0.0008	1.0000	0.0000	6.8000
E	408.962	90.000	50.6720	12.0845	0.1086	0.2070	0.0000	6.8000
dPolE	408.962	90.000	99.6749	1.0000	0.0000	6.8000
uR	408.962	90.000	0.0011	1.0000	0.0000	6.8000
E	410.578	90.000	47.0641	12.8365	0.1151	0.2169	0.0000	6.8000
dPolE	410.578	90.000	99.3920	1.0000	0.0000	6.8000
uR	410.578	90.000	0.0015	1.0000	0.0000	6.8000
E	412.194	90.000	44.9077	9.8384	0.1091	0.2059	0.0000	6.8000
dPolE	412.194	90.000	99.0601	1.0000	0.0000	6.8000
uR	412.194	90.000	0.0020	1.0000	0.0000	6.8000
E	413.810	90.000	47.3681	8.6242	0.1133	0.2142	0.0000	6.8000
dPolE	413.810	90.000	99.1022	1.0000	0.0000	6.8000
uR	413.810	90.000	0.0019	1.0000	0.0000	6.8000
E	415.426	90.000	42.3013	4.4095	0.1153	0.2161	0.0000	6.8000
dPolE	415.426	90.000	98.6861	1.0000	0.0000	6.8000
uR	415.426	90.000	0.0022	1.0000	0.0000	6.8000
E	417.042	90.000	44.7809	9.8467	0.1166	0.2155	0.0000	6.8000
dPolE	417.042	90.000	98.4663	1.0000	0.0000	6.8000
uR	417.042	90.000	0.0024	1.0000	0.0000	6.8000
E	418.658	90.000	45.6528	6.1731	0.1119	0.2056	0.0000	6.8000
dPolE	418.658	90.000	97.9905	1.0000	0.0000	6.8000
uR	418.658	90.000	0.0028	1.0000	0.0000	6.8000
E	420.274	90.000	45.7192	8.3725	0.1090	0.2006	0.0000	6.8000
dPolE	420.274	90.000	97.5447	1.0000	0.0000	6.8000
uR	420.274	90.000	0.0031	1.0000	0.0000	6.8000
E	421.890	90.000	45.2987	8.1956	0.1026	0.1897	0.0000	6.8000
dPolE	421.890	90.000	96.9529	1.0000	0.0000	6.8000
uR	421.890	90.000	0.0037	1.0000	0.0000	6.8000
E	423.506	90.000	44.5723	8.8748	0.1050	0.1947	0.0000	6.8000
dPolE	423.506	90.000	96.6338	1.0000	0.0000	6.8000
uR	423.506	90.000	0.0040	1.0000	0.0000	6.8000
E	425.122	90.000	44.2619	6.6403	0.1022	0.1886	0.0000	6.8000
dPolE	425.122	90.000	96.3911	1.0000	0.0000	6.8000
uR	425.122	90.000	0.0043	1.0000	0.0000	6.8000
E	426.738	90.000	44.8529	7.8087	0.0995	0.1819	0.0000	6.8000
dPolE	426.738	90.000	95.7709	1.0000	0.0000	6.8000
uR	426.738	90.000	0.0045	1.0000	0.0000	6.8000
E	428.355	90.000	43.8873	6.6954	0.0924	0.1669	0.0000	6.8000
dPolE	428.355	90.000	95.1372	1.0000	0.0000	6.8000
uR	428.355	90.000	0.0052	1.0000	0.0000	6.8000
E	429.971	90.000	44.7702	6.1043	0.1018	0.1824	0.0000	6.8000
dPolE	429.971	90.000	94.8104	1.0000	0.0000	6.8000
uR	429.971	90.000	0.0053	1.0000	0.0000	6.8000
E	431.587	90.000	45.3626	6.3452	0.1000	0.1794	0.0000	6.8000
dPolE	431.587	90.000	93.5055	1.0000	0.0000	6.8000
uR	431.587	90.000	0.0060	1.0000	0.0000	6.8000
E	433.203	90.000	44.9913	6.4350	0.0945	0.1701	0.0000	6.8000
dPolE	433.203	90.000	93.2641	1.0000	0.0000	6.8000
uR	433.203	90.000	0.0064	1.0000	0.0000	6.8000
E	434.819	90.000	44.9451	5.8372	0.0882	0.1592	0.0000	6.8000
dPolE	434.819	90.000	93.1735	1.0000	0.0000	6.8000
uR	434.819	90.000	0.0066	1.0000	0.0000	6.8000
E	436.435	90.000	45.0104	5.6012	0.0962	0.1732	0.0000	6.8000
dPolE	436.435	90.000	91.6799	1.0000	0.0000	6.8000
uR	436.435	90.000	0.0070	1.0000	0.0000	6.8000
E	438.051	90.000	44.6343	6.3803	0.0941	0.1679	0.0000	6.8000
dPolE	438.051	90.000	90.4005	1.0000	0.0000	6.8000
uR	438.051	90.000	0.0074	1.0000	0.0000	6.8000
E	439.667	90.000	44.8302	6.7277	0.0963	0.1696	0.0000	6.8000
dPolE	439.667	90.000	89.1672	1.0000	0.0000	6.8000
uR	439.667	90.000	0.0078	1.0000	0.0000	6.8000
E	441.283	90.000	45.3209	5.9023	0.0955	0.1668	0.0000	6.8000
dPolE	441.283	90.000	88.3385	1.0000	0.0000	6.8000
uR	441.283	90.000	0.0082	1.0000	0.0000	6.8000
E	442.899	90.000	45.1306	4.7073	0.0934	0.1622	0.0000	6.8000
dPolE	442.899	90.000	87.7625	1.0000	0.0000	6.8000
uR	442.899	90.000	0.0086	1.0000	0.0000	6.8000
E	444.515	90.000	44.6839	5.8075	0.0923	0.1606	0.0000	6.8000
dPolE	444.515	90.000	86.4627	1.0000	0.0000	6.8000
uR	444.515	90.000	0.0092	1.0000	0.0000	6.8000
E	446.131	90.000	44.3570	6.0491	0.0928	0.1621	0.0000	6.8000
dPolE	446.131	90.000	87.2359	1.0000	0.0000	6.8000
uR	446.131	90.000	0.0093	1.0000	0.0000	6.8000
E	447.747	90.000	44.9416	4.9878	0.0898	0.1567	0.0000	6.8000
dPolE	447.747	90.000	85.7009	1.0000	0.0000	6.8000
uR	447.747	90.000	0.0099	1.0000	0.0000	6.8000
E	449.363	90.000	44.7998	5.6659	0.0864	0.1501	0.0000	6.8000
dPolE	449.363	90.000	84.0068	1.0000	0.0000	6.8000
uR	449.363	90.000	0.0102	1.0000	0.0000	6.8000
E	450.979	90.000	44.7491	5.1850	0.0887	0.1524	0.0000	6.8000
dPolE	450.979	90.000	80.0396	1.0000	0.0000	6.8000
uR	450.979	90.000	0.0109	1.0000	0.0000	6.8000
E	452.594	90.000	45.3123	4.6016	0.0877	0.1489	0.0000	6.8000
dPolE	452.594	90.000	79.7470	1.0000	0.0000	6.8000
uR	452.594	90.000	0.0111	1.0000	0.0000	6.8000
E	454.210	90.000	44.9499	4.8528	0.0847	0.1424	0.0000	6.8000
dPolE	454.210	90.000	80.3797	1.0000	0.0000	6.8000
uR	454.210	90.000	0.0116	1.0000	0.0000	6.8000
E	455.826	90.000	45.0769	4.8406	0.0847	0.1418	0.0000	6.8000
dPolE	455.826	90.000	78.8857	1.0000	0.0000	6.8000
uR	455.826	90.000	0.0120	1.0000	0.0000	6.8000
E	457.442	90.000	44.9276	5.0374	0.0844	0.1415	0.0000	6.8000
dPolE	457.442	90.000	78.7385	1.0000	0.0000	6.8000
uR	457.442	90.000	0.0121	1.0000	0.0000	6.8000
E	459.058	90.000	44.8241	4.9852	0.0828	0.1391	0.0000	6.8000
dPolE	459.058	90.000	76.2672	1.0000	0.0000	6.8000
uR	459.058	90.000	0.0127	1.0000	0.0000	6.8000
E	460.674	90.000	44.9049	4.4356	0.0849	0.1427	0.0000	6.8000
dPolE	460.674	90.000	75.7210	1.0000	0.0000	6.8000
uR	460.674	90.000	0.0128	1.0000	0.0000	6.8000
E	462.290	90.000	44.9940	4.3660	0.0831	0.1391	0.0000	6.8000
dPolE	462.290	90.000	72.7430	1.0000	0.0000	6.8000
uR	462.290	90.000	0.0134	1.0000	0.0000	6.8000
E	463.906	90.000	44.8644	4.6080	0.0775	0.1286	0.0000	6.8000
dPolE	463.906	90.000	70.4657	1.0000	0.0000	6.8000
uR	463.906	90.000	0.0137	1.0000	0.0000	6.8000
E	465.521	90.000	45.1032	4.5683	0.0745	0.1221	0.0000	6.8000
dPolE	465.521	90.000	68.6830	1.0000	0.0000	6.8000
uR	465.521	90.000	0.0139	1.0000	0.0000	6.8000
E	467.137	90.000	44.7750	4.7327	0.0760	0.1230	0.0000	6.8000
dPolE	467.137	90.000	66.4900	1.0000	0.0000	6.8000
uR	467.137	90.000	0.0141	1.0000	0.0000	6.8000
E	468.753	90.000	45.0444	4.1709	0.0712	0.1146	0.0000	6.8000
dPolE	468.753	90.000	62.7269	1.0000	0.0000	6.8000
uR	468.753	90.000	0.0142	1.0000	0.0000	6.8000
E	470.369	90.000	45.1314	4.5037	0.0706	0.1133	0.0000	6.8000
dPolE	470.369	90.000	63.8263	1.0000	0.0000	6.8000
uR	470.369	90.000	0.0147	1.0000	0.0000	6.8000
E	471.985	90.000	44.9055	3.8099	0.0750	0.1205	0.0000	6.8000
dPolE	471.985	90.000	65.4762	1.0000	0.0000	6.8000
uR	471.985	90.000	0.0152	1.0000	0.0000	6.8000
E	473.600	90.000	44.9106	3.4662	0.0735	0.1183	0.0000	6.8000
dPolE	473.600	90.000	64.9139	1.0000	0.0000	6.8000
uR	473.600	90.000	0.0156	1.0000	0.0000	6.8000
E	475.216	90.000	44.8931	4.1028	0.0748	0.1204	0.0000	6.8000
dPolE	475.216	90.000	67.9883	1.0000	0.0000	6.8000
uR	475.216	90.000	0.0159	1.0000	0.0000	6.8000
E	476.832	90.000	44.7837	3.4315	0.0779	0.1248	0.0000	6.8000
dPolE	476.832	90.000	69.4125	1.0000	0.0000	6.8000
uR	476.832	90.000	0.0163	1.0000	0.0000	6.8000
E	478.448	90.000	44.8512	3.6349	0.0799	0.1268	0.0000	6.8000
dPolE	478.448	90.000	68.2759	1.0000	0.0000	6.8000
uR	478.448	90.000	0.0166	1.0000	0.0000	6.8000
E	480.063	90.000	44.6155	3.5030	0.0781	0.1225	0.0000	6.8000
dPolE	480.063	90.000	67.0712	1.0000	0.0000	6.8000
uR	480.063	90.000	0.0169	1.0000	0.0000	6.8000
E	481.679	90.000	44.9310	3.5271	0.0739	0.1145	0.0000	6.8000
dPolE	481.679	90.000	68.0437	1.0000	0.0000	6.8000
uR	481.679	90.000	0.0168	1.0000	0.0000	6.8000
E	483.294	90.000	44.9814	3.7600	0.0746	0.1146	0.0000	6.8000
dPolE	483.294	90.000	63.8476	1.0000	0.0000	6.8000
uR	483.294	90.000	0.0170	1.0000	0.0000	6.8000
E	484.910	90.000	44.2926	3.6066	0.0743	0.1138	0.0000	6.8000
dPolE	484.910	90.000	65.7861	1.0000	0.0000	6.8000
uR	484.910	90.000	0.0175	1.0000	0.0000	6.8000
E	486.526	90.000	44.7511	3.0951	0.0769	0.1180	0.0000	6.8000
dPolE	486.526	90.000	67.8578	1.0000	0.0000	6.8000
uR	486.526	90.000	0.0178	1.0000	0.0000	6.8000
E	488.141	90.000	44.7688	3.1334	0.0784	0.1205	0.0000	6.8000
dPolE	488.141	90.000	65.8543	1.0000	0.0000	6.8000
uR	488.141	90.000	0.0182	1.0000	0.0000	6.8000
E	489.757	90.000	44.9408	3.2492	0.0768	0.1181	0.0000	6.8000
dPolE	489.757	90.000	65.2309	1.0000	0.0000	6.8000
uR	489.757	90.000	0.0183	1.0000	0.0000	6.8000
E	491.372	90.000	44.8331	3.1434	0.0741	0.1135	0.0000	6.8000
dPolE	491.372	90.000	63.7144	1.0000	0.0000	6.8000
uR	491.372	90.000	0.0184	1.0000	0.0000	6.8000
E	492.988	90.000	44.8805	2.8269	0.0742	0.1129	0.0000	6.8000
dPolE	492.988	90.000	62.3392	1.0000	0.0000	6.8000
uR	492.988	90.000	0.0187	1.0000	0.0000	6.8000
E	494.603	90.000	44.7548	3.4312	0.0717	0.1083	0.0000	6.8000
dPolE	494.603	90.000	62.7135	1.0000	0.0000	6.8000
uR	494.603	90.000	0.0191	1.0000	0.0000	6.8000
E	496.219	90.000	44.8084	3.4818	0.0754	0.1125	0.0000	6.8000
dPolE	496.219	90.000	63.2228	1.0000	0.0000	6.8000
uR	496.219	90.000	0.0194	1.0000	0.0000	6.8000
E	497.834	90.000	44.7559	3.3812	0.0761	0.1122	0.0000	6.8000
dPolE	497.834	90.000	62.6017	1.0000	0.0000	6.8000
uR	497.834	90.000	0.0197	1.0000	0.0000	6.8000
E	499.450	90.000	44.9008	2.5811	0.0747	0.1093	0.0000	6.8000
dPolE	499.450	90.000	63.4613	1.0000	0.0000	6.8000
uR	499.450	90.000	0.0197	1.0000	0.0000	6.8000
E	501.065	90.000	45.0218	2.7199	0.0750	0.1093	0.0000	6.8000
dPolE	501.065	90.000	64.5304	1.0000	0.0000	6.8000
uR	501.065	90.000	0.0197	1.0000	0.0000	6.8000
E	502.680	90.000	44.9562	3.4125	0.0735	0.1072	0.0000	6.8000
dPolE	502.680	90.000	63.6245	1.0000	0.0000	6.8000
uR	502.680	90.000	0.0200	1.0000	0.0000	6.8000
E	504.296	90.000	44.9861	3.0248	0.0741	0.1084	0.0000	6.8000
dPolE	504.296	90.000	63.6019	1.0000	0.0000	6.8000
uR	504.296	90.000	0.0199	1.0000	0.0000	6.8000
E	505.911	90.000	44.9249	2.8855	0.0755	0.1103	0.0000	6.8000
dPolE	505.911	90.000	62.9351	1.0000	0.0000	6.8000
uR	505.911	90.000	0.0204	1.0000	0.0000	6.8000
E	507.526	90.000	44.8655	3.0224	0.0753	0.1099	0.0000	6.8000
dPolE	507.526	90.000	60.7866	1.0000	0.0000	6.8000
uR	507.526	90.000	0.0207	1.0000	0.0000	6.8000
E	509.141	90.000	44.7407	3.0469	0.0763	0.1108	0.0000	6.8000
dPolE	509.141	90.000	60.4969	1.0000	0.0000	6.8000
uR	509.141	90.000	0.0207	1.0000	0.0000	6.8000
E	510.756	90.000	44.6276	2.9334	0.0761	0.1096	0.0000	6.8000
dPolE	510.756	90.000	60.6675	1.0000	0.0000	6.8000
uR	510.756	90.000	0.0211	1.0000	0.0000	6.8000
E	512.372	90.000	45.2034	2.3978	0.0721	0.1025	0.0000	6.8000
dPolE	512.372	90.000	60.6394	1.0000	0.0000	6.8000
uR	512.372	90.000	0.0219	1.0000	0.0000	6.8000
E	513.987	90.000	44.7243	2.8773	0.0783	0.1103	0.0000	6.8000
dPolE	513.987	90.000	61.2448	1.0000	0.0000	6.8000
uR	513.987	90.000	0.0227	1.0000	0.0000	6.8000
E	515.602	90.000	44.8507	2.5359	0.0775	0.1082	0.0000	6.8000
dPolE	515.602	90.000	61.6539	1.0000	0.0000	6.8000
uR	515.602	90.000	0.0236	1.0000	0.0000	6.8000
E	517.217	90.000	44.9174	2.3236	0.0841	0.1168	0.0000	6.8000
dPolE	517.217	90.000	61.7986	1.0000	0.0000	6.8000
uR	517.217	90.000	0.0234	1.0000	0.0000	6.8000
E	518.832	90.000	44.8627	2.3637	0.0860	0.1191	0.0000	6.8000
dPolE	518.832	90.000	64.6779	1.0000	0.0000	6.8000
uR	518.832	90.000	0.0221	1.0000	0.0000	6.8000
E	520.447	90.000	44.4465	2.7659	0.0844	0.1168	0.0000	6.8000
dPolE	520.447	90.000	65.9985	1.0000	0.0000	6.8000
uR	520.447	90.000	0.0210	1.0000	0.0000	6.8000
E	522.062	90.000	44.5910	2.2245	0.0842	0.1167	0.0000	6.8000
dPolE	522.062	90.000	63.7361	1.0000	0.0000	6.8000
uR	522.062	90.000	0.0203	1.0000	0.0000	6.8000
E	523.677	90.000	44.8376	2.4277	0.0794	0.1100	0.0000	6.8000
dPolE	523.677	90.000	60.4165	1.0000	0.0000	6.8000
uR	523.677	90.000	0.0212	1.0000	0.0000	6.8000
E	525.292	90.000	45.0912	2.2460	0.0803	0.1110	0.0000	6.8000
dPolE	525.292	90.000	58.3954	1.0000	0.0000	6.8000
uR	525.292	90.000	0.0223	1.0000	0.0000	6.8000
E	526.907	90.000	45.2188	2.3304	0.0763	0.1050	0.0000	6.8000
dPolE	526.907	90.000	58.7351	1.0000	0.0000	6.8000
uR	526.907	90.000	0.0220	1.0000	0.0000	6.8000
E	528.521	90.000	44.8683	2.0763	0.0761	0.1039	0.0000	6.8000
dPolE	528.521	90.000	59.1467	1.0000	0.0000	6.8000
uR	528.521	90.000	0.0225	1.0000	0.0000	6.8000
E	530.136	90.000	44.7971	2.3881	0.0817	0.1105	0.0000	6.8000
dPolE	530.136	90.000	57.6863	1.0000	0.0000	6.8000
uR	530.136	90.000	0.0223	1.0000	0.0000	6.8000
E	531.751	90.000	44.6828	2.0380	0.0772	0.1034	0.0000	6.8000
dPolE	531.751	90.000	58.7809	1.0000	0.0000	6.8000
uR	531.751	90.000	0.0225	1.0000	0.0000	6.8000
E	533.366	90.000	44.9825	1.8646	0.0777	0.1031	0.0000	6.8000
dPolE	533.366	90.000	58.4404	1.0000	0.0000	6.8000
uR	533.366	90.000	0.0227	1.0000	0.0000	6.8000
E	534.980	90.000	44.9154	1.9342	0.0799	0.1053	0.0000	6.8000
dPolE	534.980	90.000	55.5278	1.0000	0.0000	6.8000
uR	534.980	90.000	0.0231	1.0000	0.0000	6.8000
E	536.595	90.000	44.9926	2.3572	0.0794	0.1043	0.0000	6.8000
dPolE	536.595	90.000	57.1317	1.0000	0.0000	6.8000
uR	536.595	90.000	0.0231	1.0000	0.0000	6.8000
E	538.210	90.000	45.0186	1.8322	0.0771	0.1010	0.0000	6.8000
dPolE	538.210	90.000	58.8563	1.0000	0.0000	6.8000
uR	538.210	90.000	0.0231	1.0000	0.0000	6.8000
E	539.824	90.000	44.8486	1.9369	0.0789	0.1034	0.0000	6.8000
dPolE	539.824	90.000	56.8401	1.0000	0.0000	6.8000
uR	539.824	90.000	0.0230	1.0000	0.0000	6.8000
E	541.439	90.000	45.0194	2.1930	0.0798	0.1048	0.0000	6.8000
dPolE	541.439	90.000	56.8203	1.0000	0.0000	6.8000
uR	541.439	90.000	0.0231	1.0000	0.0000	6.8000
E	543.053	90.000	44.9239	2.2338	0.0765	0.1004	0.0000	6.8000
dPolE	543.053	90.000	57.7821	1.0000	0.0000	6.8000
uR	543.053	90.000	0.0232	1.0000	0.0000	6.8000
E	544.668	90.000	44.8428	1.9567	0.0813	0.1065	0.0000	6.8000
dPolE	544.668	90.000	55.5088	1.0000	0.0000	6.8000
uR	544.668	90.000	0.0232	1.0000	0.0000	6.8000
E	546.282	90.000	44.9147	1.4478	0.0792	0.1032	0.0000	6.8000
dPolE	546.282	90.000	57.5033	1.0000	0.0000	6.8000
uR	546.282	90.000	0.0233	1.0000	0.0000	6.8000
E	547.896	90.000	44.5615	2.0760	0.0789	0.1020	0.0000	6.8000
dPolE	547.896	90.000	56.2852	1.0000	0.0000	6.8000
uR	547.896	90.000	0.0232	1.0000	0.0000	6.8000
E	549.511	90.000	45.1399	1.7173	0.0800	0.1026	0.0000	6.8000
dPolE	549.511	90.000	55.7836	1.0000	0.0000	6.8000
uR	549.511	90.000	0.0235	1.0000	0.0000	6.8000
E	551.125	90.000	44.7660	1.5800	0.0815	0.1033	0.0000	6.8000
dPolE	551.125	90.000	56.7322	1.0000	0.0000	6.8000
uR	551.125	90.000	0.0230	1.0000	0.0000	6.8000
E	552.739	90.000	44.9666	1.6380	0.0793	0.0996	0.0000	6.8000
dPolE	552.739	90.000	55.5931	1.0000	0.0000	6.8000
uR	552.739	90.000	0.0230	1.0000	0.0000	6.8000
E	554.353	90.000	44.9044	1.6761	0.0799	0.0998	0.0000	6.8000
dPolE	554.353	90.000	55.6598	1.0000	0.0000	6.8000
uR	554.353	90.000	0.0235	1.0000	0.0000	6.8000
E	555.968	90.000	44.8981	1.7176	0.0788	0.0979	0.0000	6.8000
dPolE	555.968	90.000	53.8218	1.0000	0.0000	6.8000
uR	555.968	90.000	0.0236	1.0000	0.0000	6.8000
E	557.582	90.000	44.6046	1.4080	0.0795	0.0985	0.0000	6.8000
dPolE	557.582	90.000	53.6634	1.0000	0.0000	6.8000
uR	557.582	90.000	0.0236	1.0000	0.0000	6.8000
E	559.196	90.000	44.9495	1.4573	0.0842	0.1041	0.0000	6.8000
dPolE	559.196	90.000	53.8036	1.0000	0.0000	6.8000
uR	559.196	90.000	0.0235	1.0000	0.0000	6.8000
E	560.810	90.000	45.1513	1.5227	0.0812	0.1004	0.0000	6.8000
dPolE	560.810	90.000	55.7210	1.0000	0.0000	6.8000
uR	560.810	90.000	0.0233	1.0000	0.0000	6.8000
E	562.424	90.000	44.9638	1.5165	0.0821	0.1018	0.0000	6.8000
dPolE	562.424	90.000	53.7303	1.0000	0.0000	6.8000
uR	562.424	90.000	0.0235	1.0000	0.0000	6.8000
E	564.038	90.000	45.0783	1.4851	0.0852	0.1054	0.0000	6.8000
dPolE	564.038	90.000	51.9016	1.0000	0.0000	6.8000
uR	564.038	90.000	0.0237	1.0000	0.0000	6.8000
E	565.651	90.000	44.6621	1.3880	0.0823	0.1017	0.0000	6.8000
dPolE	565.651	90.000	55.5060	1.0000	0.0000	6.8000
uR	565.651	90.000	0.0235	1.0000	0.0000	6.8000
E	567.265	90.000	44.9274	1.4795	0.0811	0.0997	0.0000	6.8000
dPolE	567.265	90.000	51.6400	1.0000	0.0000	6.8000
uR	567.265	90.000	0.0234	1.0000	0.0000	6.8000
E	568.879	90.000	44.9919	1.5425	0.0820	0.1001	0.0000	6.8000
dPolE	568.879	90.000	52.3067	1.0000	0.0000	6.8000
uR	568.879	90.000	0.0237	1.0000	0.0000	6.8000
E	570.493	90.000	44.8853	1.4915	0.0845	0.1023	0.0000	6.8000
dPolE	570.493	90.000	52.1876	1.0000	0.0000	6.8000
uR	570.493	90.000	0.0236	1.0000	0.0000	6.8000
E	572.106	90.000	44.6754	1.4886	0.0854	0.1026	0.0000	6.8000
dPolE	572.106	90.000	50.6309	1.0000	0.0000	6.8000
uR	572.106	90.000	0.0234	1.0000	0.0000	6.8000
E	573.720	90.000	44.6467	1.5747	0.0864	0.1029	0.0000	6.8000
dPolE	573.720	90.000	49.8889	1.0000	0.0000	6.8000
uR	573.720	90.000	0.0235	1.0000	0.0000	6.8000
E	575.333	90.000	45.0356	1.5067	0.0847	0.1000	0.0000	6.8000
dPolE	575.333	90.000	50.3111	1.0000	0.0000	6.8000
uR	575.333	90.000	0.0238	1.0000	0.0000	6.8000
E	576.947	90.000	44.9846	1.4447	0.0859	0.1008	0.0000	6.8000
dPolE	576.947	90.000	52.3601	1.0000	0.0000	6.8000
uR	576.947	90.000	0.0239	1.0000	0.0000	6.8000
E	578.560	90.000	44.8231	1.2315	0.0869	0.1016	0.0000	6.8000
dPolE	578.560	90.000	51.3299	1.0000	0.0000	6.8000
uR	578.560	90.000	0.0241	1.0000	0.0000	6.8000
E	580.174	90.000	44.7196	1.0729	0.0845	0.0984	0.0000	6.8000
dPolE	580.174	90.000	50.3125	1.0000	0.0000	6.8000
uR	580.174	90.000	0.0241	1.0000	0.0000	6.8000
E	581.787	90.000	44.8256	1.2475	0.0890	0.1037	0.0000	6.8000
dPolE	581.787	90.000	50.8511	1.0000	0.0000	6.8000
uR	581.787	90.000	0.0242	1.0000	0.0000	6.8000
E	583.400	90.000	44.8209	1.3172	0.0837	0.0974	0.0000	6.8000
dPolE	583.400	90.000	50.6095	1.0000	0.0000	6.8000
uR	583.400	90.000	0.0240	1.0000	0.0000	6.8000
E	585.014	90.000	44.9050	1.3627	0.0852	0.0993	0.0000	6.8000
dPolE	585.014	90.000	49.5601	1.0000	0.0000	6.8000
uR	585.014	90.000	0.0240	1.0000	0.0000	6.8000
E	586.627	90.000	44.9962	1.0987	0.0861	0.1003	0.0000	6.8000
dPolE	586.627	90.000	50.3839	1.0000	0.0000	6.8000
uR	586.627	90.000	0.0237	1.0000	0.0000	6.8000
E	588.240	90.000	44.8727	1.1802	0.0806	0.0936	0.0000	6.8000
dPolE	588.240	90.000	50.4815	1.0000	0.0000	6.8000
uR	588.240	90.000	0.0240	1.0000	0.0000	6.8000
E	589.853	90.000	44.6921	1.2156	0.0815	0.0943	0.0000	6.8000
dPolE	589.853	90.000	49.7736	1.0000	0.0000	6.8000
uR	589.853	90.000	0.0239	1.0000	0.0000	6.8000
E	591.466	90.000	44.6598	1.2127	0.0869	0.1000	0.0000	6.8000
dPolE	591.466	90.000	50.8773	1.0000	0.0000	6.8000
uR	591.466	90.000	0.0238	1.0000	0.0000	6.8000
E	593.079	90.000	44.9089	1.0215	0.0877	0.1004	0.0000	6.8000
dPolE	593.079	90.000	49.2365	1.0000	0.0000	6.8000
uR	593.079	90.000	0.0240	1.0000	0.0000	6.8000
E	594.692	90.000	45.0209	1.1973	0.0877	0.0994	0.0000	6.8000
dPolE	594.692	90.000	49.0524	1.0000	0.0000	6.8000
uR	594.692	90.000	0.0241	1.0000	0.0000	6.8000
E	596.305	90.000	45.0752	1.0271	0.0870	0.0979	0.0000	6.8000
dPolE	596.305	90.000	49.2366	1.0000	0.0000	6.8000
uR	596.305	90.000	0.0241	1.0000	0.0000	6.8000
E	597.918	90.000	44.9320	0.9976	0.0884	0.0986	0.0000	6.8000
dPolE	597.918	90.000	51.5781	1.0000	0.0000	6.8000
uR	597.918	90.000	0.0243	1.0000	0.0000	6.8000
E	599.530	90.000	44.7427	1.0064	0.0880	0.0975	0.0000	6.8000
dPolE	599.530	90.000	49.2395	1.0000	0.0000	6.8000
uR	599.530	90.000	0.0245	1.0000	0.0000	6.8000
E	601.143	90.000	44.8796	0.9356	0.0926	0.1021	0.0000	6.8000
dPolE	601.143	90.000	48.2833	1.0000	0.0000	6.8000
uR	601.143	90.000	0.0244	1.0000	0.0000	6.8000
E	602.755	90.000	45.0702	1.1858	0.0909	0.0998	0.0000	6.8000
dPolE	602.755	90.000	47.6945	1.0000	0.0000	6.8000
uR	602.755	90.000	0.0244	1.0000	0.0000	6.8000
E	604.368	90.000	44.6198	0.6596	0.0883	0.0967	0.0000	6.8000
dPolE	604.368	90.000	49.3015	1.0000	0.0000	6.8000
uR	604.368	90.000	0.0246	1.0000	0.0000	6.8000
E	605.981	90.000	45.0923	0.9014	0.0916	0.1002	0.0000	6.8000
dPolE	605.981	90.000	48.8962	1.0000	0.0000	6.8000
uR	605.981	90.000	0.0247	1.0000	0.0000	6.8000
E	607.593	90.000	45.0328	0.9848	0.0904	0.0990	0.0000	6.8000
dPolE	607.593	90.000	48.4503	1.0000	0.0000	6.8000
uR	607.593	90.000	0.0245	1.0000	0.0000	6.8000
E	609.205	90.000	44.8841	1.0613	0.0904	0.0990	0.0000	6.8000
dPolE	609.205	90.000	47.4102	1.0000	0.0000	6.8000
uR	609.205	90.000	0.0243	1.0000	0.0000	6.8000
E	610.818	90.000	44.5634	0.8789	0.0870	0.0952	0.0000	6.8000
dPolE	610.818	90.000	51.7761	1.0000	0.0000	6.8000
uR	610.818	90.000	0.0244	1.0000	0.0000	6.8000
E	612.430	90.000	45.0384	1.0128	0.0863	0.0942	0.0000	6.8000
dPolE	612.430	90.000	47.3713	1.0000	0.0000	6.8000
uR	612.430	90.000	0.0245	1.0000	0.0000	6.8000
E	614.042	90.000	44.8437	1.1307	0.0879	0.0958	0.0000	6.8000
dPolE	614.042	90.000	50.2863	1.0000	0.0000	6.8000
uR	614.042	90.000	0.0242	1.0000	0.0000	6.8000
E	615.654	90.000	44.8227	0.9071	0.0932	0.1010	0.0000	6.8000
dPolE	615.654	90.000	45.6753	1.0000	0.0000	6.8000
uR	615.654	90.000	0.0243	1.0000	0.0000	6.8000
E	617.266	90.000	44.9294	0.6813	0.0866	0.0933	0.0000	6.8000
dPolE	617.266	90.000	47.6210	1.0000	0.0000	6.8000
uR	617.266	90.000	0.0245	1.0000	0.0000	6.8000
E	618.878	90.000	44.9369	0.8985	0.0860	0.0922	0.0000	6.8000
dPolE	618.878	90.000	45.8335	1.0000	0.0000	6.8000
uR	618.878	90.000	0.0248	1.0000	0.0000	6.8000
E	620.490	90.000	45.2829	1.0009	0.0886	0.0943	0.0000	6.8000
dPolE	620.490	90.000	45.1278	1.0000	0.0000	6.8000
uR	620.490	90.000	0.0245	1.0000	0.0000	6.8000
E	622.102	90.000	44.9722	0.6126	0.0889	0.0938	0.0000	6.8000
dPolE	622.102	90.000	45.5468	1.0000	0.0000	6.8000
uR	622.102	90.000	0.0242	1.0000	0.0000	6.8000
E	623.714	90.000	44.7802	0.9012	0.0895	0.0938	0.0000	6.8000
dPolE	623.714	90.000	44.9652	1.0000	0.0000	6.8000
uR	623.714	90.000	0.0243	1.0000	0.0000	6.8000
E	625.325	90.000	44.9313	0.6300	0.0900	0.0936	0.0000	6.8000
dPolE	625.325	90.000	48.3164	1.0000	0.0000	6.8000
uR	625.325	90.000	0.0243	1.0000	0.0000	6.8000
E	626.937	90.000	45.0132	0.8662	0.0943	0.0976	0.0000	6.8000
dPolE	626.937	90.000	44.0514	1.0000	0.0000	6.8000
uR	626.937	90.000	0.0247	1.0000	0.0000	6.8000
E	628.548	90.000	44.8536	1.0633	0.0928	0.0957	0.0000	6.8000
dPolE	628.548	90.000	44.9044	1.0000	0.0000	6.8000
uR	628.548	90.000	0.0247	1.0000	0.0000	6.8000
E	630.160	90.000	44.8263	0.6905	0.0955	0.0981	0.0000	6.8000
dPolE	630.160	90.000	44.5622	1.0000	0.0000	6.8000
uR	630.160	90.000	0.0248	1.0000	0.0000	6.8000
E	631.771	90.000	44.9405	0.7749	0.0941	0.0966	0.0000	6.8000
dPolE	631.771	90.000	45.2097	1.0000	0.0000	6.8000
uR	631.771	90.000	0.0246	1.0000	0.0000	6.8000
E	633.383	90.000	44.8989	0.8237	0.0913	0.0937	0.0000	6.8000
dPolE	633.383	90.000	45.3360	1.0000	0.0000	6.8000
uR	633.383	90.000	0.0248	1.0000	0.0000	6.8000
E	634.994	90.000	45.0501	0.7424	0.0964	0.0989	0.0000	6.8000
dPolE	634.994	90.000	42.7763	1.0000	0.0000	6.8000
uR	634.994	90.000	0.0243	1.0000	0.0000	6.8000
E	636.605	90.000	44.6522	0.6270	0.0964	0.0989	0.0000	6.8000
dPolE	636.605	90.000	45.5869	1.0000	0.0000	6.8000
uR	636.605	90.000	0.0248	1.0000	0.0000	6.8000
E	638.216	90.000	45.0986	0.5955	0.0993	0.1018	0.0000	6.8000
dPolE	638.216	90.000	47.4554	1.0000	0.0000	6.8000
uR	638.216	90.000	0.0246	1.0000	0.0000	6.8000
E	639.827	90.000	44.8980	0.8564	0.0978	0.1000	0.0000	6.8000
dPolE	639.827	90.000	45.8955	1.0000	0.0000	6.8000
uR	639.827	90.000	0.0247	1.0000	0.0000	6.8000
E	641.438	90.000	44.8946	0.4191	0.0973	0.0993	0.0000	6.8000
dPolE	641.438	90.000	47.2044	1.0000	0.0000	6.8000
uR	641.438	90.000	0.0246	1.0000	0.0000	6.8000
E	643.049	90.000	44.9295	0.5815	0.1050	0.1067	0.0000	6.8000
dPolE	643.049	90.000	44.1738	1.0000	0.0000	6.8000
uR	643.049	90.000	0.0244	1.0000	0.0000	6.8000
E	644.660	90.000	44.9218	0.3449	0.0972	0.0984	0.0000	6.8000
dPolE	644.660	90.000	44.3478	1.0000	0.0000	6.8000
uR	644.660	90.000	0.0244	1.0000	0.0000	6.8000
E	646.271	90.000	44.7967	0.5442	0.0992	0.0997	0.0000	6.8000
dPolE	646.271	90.000	45.3378	1.0000	0.0000	6.8000
uR	646.271	90.000	0.0247	1.0000	0.0000	6.8000
E	647.881	90.000	45.1384	0.6567	0.0996	0.0995	0.0000	6.8000
dPolE	647.881	90.000	42.8752	1.0000	0.0000	6.8000
uR	647.881	90.000	0.0245	1.0000	0.0000	6.8000
E	649.492	90.000	44.9575	0.6648	0.0972	0.0964	0.0000	6.8000
dPolE	649.492	90.000	41.8690	1.0000	0.0000	6.8000
uR	649.492	90.000	0.0247	1.0000	0.0000	6.8000
E	651.103	90.000	45.0507	0.4887	0.1033	0.1016	0.0000	6.8000
dPolE	651.103	90.000	41.9258	1.0000	0.0000	6.8000
uR	651.103	90.000	0.0248	1.0000	0.0000	6.8000
E	652.713	90.000	44.9192	0.5328	0.0977	0.0957	0.0000	6.8000
dPolE	652.713	90.000	45.0209	1.0000	0.0000	6.8000
uR	652.713	90.000	0.0250	1.0000	0.0000	6.8000
E	654.323	90.000	44.9407	0.5167	0.1048	0.1019	0.0000	6.8000
dPolE	654.323	90.000	45.5096	1.0000	0.0000	6.8000
uR	654.323	90.000	0.0248	1.0000	0.0000	6.8000
E	655.934	90.000	44.6996	0.7828	0.1083	0.1050	0.0000	6.8000
dPolE	655.934	90.000	44.4271	1.0000	0.0000	6.8000
uR	655.934	90.000	0.0252	1.0000	0.0000	6.8000
E	657.544	90.000	45.1898	0.5948	0.1061	0.1024	0.0000	6.8000
dPolE	657.544	90.000	43.6592	1.0000	0.0000	6.8000
uR	657.544	90.000	0.0248	1.0000	0.0000	6.8000
E	659.154	90.000	44.9597	0.5932	0.1057	0.1019	0.0000	6.8000
dPolE	659.154	90.000	44.2174	1.0000	0.0000	6.8000
uR	659.154	90.000	0.0251	1.0000	0.0000	6.8000
E	660.764	90.000	44.9216	0.7439	0.1090	0.1048	0.0000	6.8000
dPolE	660.764	90.000	44.0621	1.0000	0.0000	6.8000
uR	660.764	90.000	0.0252	1.0000	0.0000	6.8000
E	662.374	90.000	44.8507	0.2835	0.1057	0.1016	0.0000	6.8000
dPolE	662.374	90.000	43.9571	1.0000	0.0000	6.8000
uR	662.374	90.000	0.0251	1.0000	0.0000	6.8000
E	663.984	90.000	44.9886	0.5266	0.1069	0.1027	0.0000	6.8000
dPolE	663.984	90.000	44.7300	1.0000	0.0000	6.8000
uR	663.984	90.000	0.0252	1.0000	0.0000	6.8000
E	665.594	90.000	44.9404	0.6759	0.0998	0.0959	0.0000	6.8000
dPolE	665.594	90.000	46.3643	1.0000	0.0000	6.8000
uR	665.594	90.000	0.0251	1.0000	0.0000	6.8000
E	667.204	90.000	44.9077	0.5042	0.1030	0.0989	0.0000	6.8000
dPolE	667.204	90.000	45.9713	1.0000	0.0000	6.8000
uR	667.204	90.000	0.0246	1.0000	0.0000	6.8000
E	668.813	90.000	45.0104	0.5788	0.1053	0.1009	0.0000	6.8000
dPolE	668.813	90.000	41.8089	1.0000	0.0000	6.8000
uR	668.813	90.000	0.0247	1.0000	0.0000	6.8000
E	670.423	90.000	45.0631	0.4921	0.1062	0.1015	0.0000	6.8000
dPolE	670.423	90.000	43.6440	1.0000	0.0000	6.8000
uR	670.423	90.000	0.0243	1.0000	0.0000	6.8000
E	672.032	90.000	44.6665	0.6201	0.1031	0.0984	0.0000	6.8000
dPolE	672.032	90.000	41.3097	1.0000	0.0000	6.8000
uR	672.032	90.000	0.0250	1.0000	0.0000	6.8000
E	673.642	90.000	45.1740	0.7671	0.1054	0.1002	0.0000	6.8000
dPolE	673.642	90.000	40.2046	1.0000	0.0000	6.8000
uR	673.642	90.000	0.0248	1.0000	0.0000	6.8000
E	675.251	90.000	44.8125	0.2851	0.0997	0.0944	0.0000	6.8000
dPolE	675.251	90.000	46.8335	1.0000	0.0000	6.8000
uR	675.251	90.000	0.0244	1.0000	0.0000	6.8000
E	676.860	90.000	44.6670	0.3877	0.1071	0.1009	0.0000	6.8000
dPolE	676.860	90.000	42.8275	1.0000	0.0000	6.8000
uR	676.860	90.000	0.0249	1.0000	0.0000	6.8000
E	678.469	90.000	44.6229	0.7085	0.1047	0.0979	0.0000	6.8000
dPolE	678.469	90.000	43.0777	1.0000	0.0000	6.8000
uR	678.469	90.000	0.0246	1.0000	0.0000	6.8000
E	680.079	90.000	44.8066	0.2150	0.1077	0.1002	0.0000	6.8000
dPolE	680.079	90.000	42.5175	1.0000	0.0000	6.8000
uR	680.079	90.000	0.0247	1.0000	0.0000	6.8000
E	681.688	90.000	44.9817	0.4145	0.1053	0.0973	0.0000	6.8000
dPolE	681.688	90.000	41.3528	1.0000	0.0000	6.8000
uR	681.688	90.000	0.0254	1.0000	0.0000	6.8000
E	683.296	90.000	45.0383	0.3551	0.1063	0.0975	0.0000	6.8000
dPolE	683.296	90.000	38.0555	1.0000	0.0000	6.8000
uR	683.296	90.000	0.0252	1.0000	0.0000	6.8000
E	684.905	90.000	44.8814	0.0601	0.1047	0.0955	0.0000	6.8000
dPolE	684.905	90.000	37.0664	1.0000	0.0000	6.8000
uR	684.905	90.000	0.0248	1.0000	0.0000	6.8000
E	686.514	90.000	44.8582	0.2276	0.1045	0.0948	0.0000	6.8000
dPolE	686.514	90.000	37.5816	1.0000	0.0000	6.8000
uR	686.514	90.000	0.0246	1.0000	0.0000	6.8000
E	688.123	90.000	45.0698	0.1990	0.1035	0.0936	0.0000	6.8000
dPolE	688.123	90.000	38.9008	1.0000	0.0000	6.8000
uR	688.123	90.000	0.0245	1.0000	0.0000	6.8000
E	689.731	90.000	44.8442	0.3816	0.1047	0.0943	0.0000	6.8000
dPolE	689.731	90.000	36.6763	1.0000	0.0000	6.8000
uR	689.731	90.000	0.0243	1.0000	0.0000	6.8000
E	691.340	90.000	45.1743	0.4329	0.1020	0.0916	0.0000	6.8000
dPolE	691.340	90.000	39.4521	1.0000	0.0000	6.8000
uR	691.340	90.000	0.0247	1.0000	0.0000	6.8000
E	692.948	90.000	45.0697	0.4182	0.1068	0.0958	0.0000	6.8000
dPolE	692.948	90.000	38.4922	1.0000	0.0000	6.8000
uR	692.948	90.000	0.0251	1.0000	0.0000	6.8000
E	694.556	90.000	44.9968	0.2344	0.1135	0.1017	0.0000	6.8000
dPolE	694.556	90.000	41.6722	1.0000	0.0000	6.8000
uR	694.556	90.000	0.0247	1.0000	0.0000	6.8000
E	696.164	90.000	44.8654	0.3647	0.1146	0.1027	0.0000	6.8000
dPolE	696.164	90.000	42.3961	1.0000	0.0000	6.8000
uR	696.164	90.000	0.0246	1.0000	0.0000	6.8000
E	697.772	90.000	44.7630	0.6776	0.1170	0.1048	0.0000	6.8000
dPolE	697.772	90.000	42.5535	1.0000	0.0000	6.8000
uR	697.772	90.000	0.0243	1.0000	0.0000	6.8000
E	699.380	90.000	44.8653	0.4677	0.1241	0.1112	0.0000	6.8000
dPolE	699.380	90.000	44.2571	1.0000	0.0000	6.8000
uR	699.380	90.000	0.0241	1.0000	0.0000	6.8000
E	700.988	90.000	44.9610	0.0370	0.1200	0.1072	0.0000	6.8000
dPolE	700.988	90.000	43.6749	1.0000	0.0000	6.8000
uR	700.988	90.000	0.0241	1.0000	0.0000	6.8000
E	702.596	90.000	44.9296	0.4343	0.1201	0.1072	0.0000	6.8000
dPolE	702.596	90.000	42.7275	1.0000	0.0000	6.8000
uR	702.596	90.000	0.0248	1.0000	0.0000	6.8000
E	704.204	90.000	44.8028	0.2124	0.1230	0.1096	0.0000	6.8000
dPolE	704.204	90.000	43.1777	1.0000	0.0000	6.8000
uR	704.204	90.000	0.0246	1.0000	0.0000	6.8000
E	705.811	90.000	45.0025	0.3226	0.1240	0.1099	0.0000	6.8000
dPolE	705.811	90.000	42.8998	1.0000	0.0000	6.8000
uR	705.811	90.000	0.0248	1.0000	0.0000	6.8000
E	707.419	90.000	45.0053	0.0942	0.1240	0.1098	0.0000	6.8000
dPolE	707.419	90.000	42.5731	1.0000	0.0000	6.8000
uR	707.419	90.000	0.0251	1.0000	0.0000	6.8000
E	709.026	90.000	44.8465	0.2542	0.1230	0.1085	0.0000	6.8000
dPolE	709.026	90.000	38.4255	1.0000	0.0000	6.8000
uR	709.026	90.000	0.0253	1.0000	0.0000	6.8000
E	710.634	90.000	44.6346	0.1299	0.1112	0.0975	0.0000	6.8000
dPolE	710.634	90.000	41.5129	1.0000	0.0000	6.8000
uR	710.634	90.000	0.0259	1.0000	0.0000	6.8000
E	712.241	90.000	45.0107	0.3957	0.1220	0.1065	0.0000	6.8000
dPolE	712.241	90.000	41.3178	1.0000	0.0000	6.8000
uR	712.241	90.000	0.0279	1.0000	0.0000	6.8000
E	713.848	90.000	44.4874	0.2090	0.1349	0.1171	0.0000	6.8000
dPolE	713.848	90.000	43.0862	1.0000	0.0000	6.8000
uR	713.848	90.000	0.0274	1.0000	0.0000	6.8000
E	715.455	90.000	44.8892	0.2566	0.1420	0.1224	0.0000	6.8000
dPolE	715.455	90.000	46.9234	1.0000	0.0000	6.8000
uR	715.455	90.000	0.0237	1.0000	0.0000	6.8000
E	717.062	90.000	45.0222	0.0325	0.1454	0.1248	0.0000	6.8000
dPolE	717.062	90.000	45.9211	1.0000	0.0000	6.8000
uR	717.062	90.000	0.0222	1.0000	0.0000	6.8000
E	718.669	90.000	45.2241	359.9735	0.1284	0.1097	0.0000	6.8000
dPolE	718.669	90.000	40.8885	1.0000	0.0000	6.8000
uR	718.669	90.000	0.0237	1.0000	0.0000	6.8000
E	720.276	90.000	45.4441	359.9945	0.1282	0.1091	0.0000	6.8000
dPolE	720.276	90.000	43.4425	1.0000	0.0000	6.8000
uR	720.276	90.000	0.0254	1.0000	0.0000	6.8000
E	721.882	90.000	45.3543	359.8699	0.1332	0.1128	0.0000	6.8000
dPolE	721.882	90.000	44.8598	1.0000	0.0000	6.8000
uR	721.882	90.000	0.0254	1.0000	0.0000	6.8000
E	723.489	90.000	44.7602	0.2381	0.1401	0.1181	0.0000	6.8000
dPolE	723.489	90.000	42.5308	1.0000	0.0000	6.8000
uR	723.489	90.000	0.0246	1.0000	0.0000	6.8000
E	725.095	90.000	45.0953	0.1006	0.1442	0.1212	0.0000	6.8000
dPolE	725.095	90.000	41.9987	1.0000	0.0000	6.8000
uR	725.095	90.000	0.0257	1.0000	0.0000	6.8000
E	726.701	90.000	44.7880	0.0587	0.1401	0.1174	0.0000	6.8000
dPolE	726.701	90.000	41.4643	1.0000	0.0000	6.8000
uR	726.701	90.000	0.0258	1.0000	0.0000	6.8000
E	728.308	90.000	44.7945	0.2349	0.1308	0.1095	0.0000	6.8000
dPolE	728.308	90.000	42.7922	1.0000	0.0000	6.8000
uR	728.308	90.000	0.0251	1.0000	0.0000	6.8000
E	729.914	90.000	44.8131	0.1191	0.1296	0.1082	0.0000	6.8000
dPolE	729.914	90.000	39.8485	1.0000	0.0000	6.8000
uR	729.914	90.000	0.0253	1.0000	0.0000	6.8000
E	731.520	90.000	44.9477	0.0723	0.1312	0.1095	0.0000	6.8000
dPolE	731.520	90.000	38.3379	1.0000	0.0000	6.8000
uR	731.520	90.000	0.0252	1.0000	0.0000	6.8000
E	733.126	90.000	45.0570	0.0079	0.1227	0.1025	0.0000	6.8000
dPolE	733.126	90.000	38.5994	1.0000	0.0000	6.8000
uR	733.126	90.000	0.0252	1.0000	0.0000	6.8000
E	734.732	90.000	45.0322	359.9513	0.1211	0.1011	0.0000	6.8000
dPolE	734.732	90.000	36.8551	1.0000	0.0000	6.8000
uR	734.732	90.000	0.0254	1.0000	0.0000	6.8000
E	736.337	90.000	45.0741	359.9312	0.1275	0.1064	0.0000	6.8000
dPolE	736.337	90.000	42.8668	1.0000	0.0000	6.8000
uR	736.337	90.000	0.0254	1.0000	0.0000	6.8000
E	737.943	90.000	44.9383	359.9246	0.1318	0.1099	0.0000	6.8000
dPolE	737.943	90.000	41.6762	1.0000	0.0000	6.8000
uR	737.943	90.000	0.0254	1.0000	0.0000	6.8000
E	739.548	90.000	45.2766	0.0949	0.1283	0.1066	0.0000	6.8000
dPolE	739.548	90.000	35.8513	1.0000	0.0000	6.8000
uR	739.548	90.000	0.0254	1.0000	0.0000	6.8000
E	741.154	90.000	45.0751	359.9890	0.1278	0.1062	0.0000	6.8000
dPolE	741.154	90.000	39.0781	1.0000	0.0000	6.8000
uR	741.154	90.000	0.0251	1.0000	0.0000	6.8000
E	742.759	90.000	44.8345	0.2569	0.1246	0.1032	0.0000	6.8000
dPolE	742.759	90.000	38.2896	1.0000	0.0000	6.8000
uR	742.759	90.000	0.0250	1.0000	0.0000	6.8000
E	744.364	90.000	45.2253	0.0066	0.1375	0.1134	0.0000	6.8000
dPolE	744.364	90.000	35.7622	1.0000	0.0000	6.8000
uR	744.364	90.000	0.0253	1.0000	0.0000	6.8000
E	745.969	90.000	45.3264	359.9655	0.1356	0.1114	0.0000	6.8000
dPolE	745.969	90.000	40.8898	1.0000	0.0000	6.8000
uR	745.969	90.000	0.0254	1.0000	0.0000	6.8000
E	747.574	90.000	44.9839	0.1992	0.1403	0.1148	0.0000	6.8000
dPolE	747.574	90.000	40.2495	1.0000	0.0000	6.8000
uR	747.574	90.000	0.0253	1.0000	0.0000	6.8000
E	749.179	90.000	44.8951	0.3229	0.1450	0.1181	0.0000	6.8000
dPolE	749.179	90.000	43.5675	1.0000	0.0000	6.8000
uR	749.179	90.000	0.0249	1.0000	0.0000	6.8000
E	750.784	90.000	44.7676	0.1644	0.1471	0.1193	0.0000	6.8000
dPolE	750.784	90.000	38.8664	1.0000	0.0000	6.8000
uR	750.784	90.000	0.0246	1.0000	0.0000	6.8000
E	752.388	90.000	44.9759	359.9897	0.1498	0.1208	0.0000	6.8000
dPolE	752.388	90.000	39.3850	1.0000	0.0000	6.8000
uR	752.388	90.000	0.0245	1.0000	0.0000	6.8000
E	753.993	90.000	44.7206	0.0134	0.1477	0.1185	0.0000	6.8000
dPolE	753.993	90.000	43.1176	1.0000	0.0000	6.8000
uR	753.993	90.000	0.0245	1.0000	0.0000	6.8000
E	755.597	90.000	44.9261	359.8296	0.1499	0.1196	0.0000	6.8000
dPolE	755.597	90.000	38.5954	1.0000	0.0000	6.8000
uR	755.597	90.000	0.0250	1.0000	0.0000	6.8000
E	757.202	90.000	44.8176	359.7728	0.1488	0.1185	0.0000	6.8000
dPolE	757.202	90.000	39.3187	1.0000	0.0000	6.8000
uR	757.202	90.000	0.0249	1.0000	0.0000	6.8000
E	758.806	90.000	45.1916	0.0205	0.1523	0.1205	0.0000	6.8000
dPolE	758.806	90.000	41.7421	1.0000	0.0000	6.8000
uR	758.806	90.000	0.0239	1.0000	0.0000	6.8000
E	760.410	90.000	44.6053	0.0845	0.1440	0.1136	0.0000	6.8000
dPolE	760.410	90.000	40.6050	1.0000	0.0000	6.8000
uR	760.410	90.000	0.0233	1.0000	0.0000	6.8000
E	762.014	90.000	44.5539	359.9676	0.1353	0.1060	0.0000	6.8000
dPolE	762.014	90.000	37.1016	1.0000	0.0000	6.8000
uR	762.014	90.000	0.0243	1.0000	0.0000	6.8000
E	763.618	90.000	44.8931	359.8367	0.1160	0.0908	0.0000	6.8000
dPolE	763.618	90.000	28.0734	1.0000	0.0000	6.8000
uR	763.618	90.000	0.0253	1.0000	0.0000	6.8000
E	765.221	90.000	44.9259	0.0568	0.1071	0.0836	0.0000	6.8000
dPolE	765.221	90.000	29.3885	1.0000	0.0000	6.8000
uR	765.221	90.000	0.0251	1.0000	0.0000	6.8000
E	766.825	90.000	44.8279	0.0001	0.1141	0.0889	0.0000	6.8000
dPolE	766.825	90.000	30.3286	1.0000	0.0000	6.8000
uR	766.825	90.000	0.0251	1.0000	0.0000	6.8000
E	768.429	90.000	44.8886	359.8851	0.1342	0.1044	0.0000	6.8000
dPolE	768.429	90.000	40.0700	1.0000	0.0000	6.8000
uR	768.429	90.000	0.0239	1.0000	0.0000	6.8000
E	770.032	90.000	45.1075	359.8210	0.1565	0.1216	0.0000	6.8000
dPolE	770.032	90.000	43.6335	1.0000	0.0000	6.8000
uR	770.032	90.000	0.0245	1.0000	0.0000	6.8000
E	771.635	90.000	45.0199	359.8345	0.1588	0.1233	0.0000	6.8000
dPolE	771.635	90.000	40.1616	1.0000	0.0000	6.8000
uR	771.635	90.000	0.0261	1.0000	0.0000	6.8000
E	773.238	90.000	44.5397	359.9167	0.1664	0.1292	0.0000	6.8000
dPolE	773.238	90.000	41.1216	1.0000	0.0000	6.8000
uR	773.238	90.000	0.0263	1.0000	0.0000	6.8000
E	774.841	90.000	44.5237	0.0862	0.1760	0.1366	0.0000	6.8000
dPolE	774.841	90.000	42.6517	1.0000	0.0000	6.8000
uR	774.841	90.000	0.0260	1.0000	0.0000	6.8000
E	776.444	90.000	45.1327	359.7780	0.1751	0.1357	0.0000	6.8000
dPolE	776.444	90.000	45.6565	1.0000	0.0000	6.8000
uR	776.444	90.000	0.0264	1.0000	0.0000	6.8000
E	778.047	90.000	44.9267	359.9335	0.1874	0.1447	0.0000	6.8000
dPolE	778.047	90.000	46.1881	1.0000	0.0000	6.8000
uR	778.047	90.000	0.0263	1.0000	0.0000	6.8000
E	779.650	90.000	45.7149	359.6356	0.1828	0.1411	0.0000	6.8000
dPolE	779.650	90.000	46.0501	1.0000	0.0000	6.8000
uR	779.650	90.000	0.0266	1.0000	0.0000	6.8000
E	781.252	90.000	44.7360	359.8441	0.1901	0.1469	0.0000	6.8000
dPolE	781.252	90.000	43.4978	1.0000	0.0000	6.8000
uR	781.252	90.000	0.0278	1.0000	0.0000	6.8000
E	782.855	90.000	44.9448	359.8647	0.1766	0.1361	0.0000	6.8000
dPolE	782.855	90.000	49.8474	1.0000	0.0000	6.8000
uR	782.855	90.000	0.0286	1.0000	0.0000	6.8000
E	784.457	90.000	44.8420	359.8267	0.1821	0.1402	0.0000	6.8000
dPolE	784.457	90.000	44.8195	1.0000	0.0000	6.8000
uR	784.457	90.000	0.0286	1.0000	0.0000	6.8000
E	786.059	90.000	45.0189	359.7190	0.1756	0.1347	0.0000	6.8000
dPolE	786.059	90.000	45.9264	1.0000	0.0000	6.8000
uR	786.059	90.000	0.0275	1.0000	0.0000	6.8000
E	787.661	90.000	44.5940	0.0678	0.1788	0.1361	0.0000	6.8000
dPolE	787.661	90.000	42.7814	1.0000	0.0000	6.8000
uR	787.661	90.000	0.0265	1.0000	0.0000	6.8000
E	789.263	90.000	44.7335	359.9604	0.1599	0.1218	0.0000	6.8000
dPolE	789.263	90.000	43.4266	1.0000	0.0000	6.8000
uR	789.263	90.000	0.0261	1.0000	0.0000	6.8000
E	790.865	90.000	45.6278	359.8206	0.1630	0.1235	0.0000	6.8000
dPolE	790.865	90.000	42.0691	1.0000	0.0000	6.8000
uR	790.865	90.000	0.0245	1.0000	0.0000	6.8000
E	792.467	90.000	44.7824	0.1158	0.1731	0.1308	0.0000	6.8000
dPolE	792.467	90.000	41.1210	1.0000	0.0000	6.8000
uR	792.467	90.000	0.0249	1.0000	0.0000	6.8000
E	794.068	90.000	44.9366	359.9988	0.1818	0.1365	0.0000	6.8000
dPolE	794.068	90.000	44.1686	1.0000	0.0000	6.8000
uR	794.068	90.000	0.0251	1.0000	0.0000	6.8000
E	795.670	90.000	44.7027	359.7155	0.1827	0.1367	0.0000	6.8000
dPolE	795.670	90.000	42.3614	1.0000	0.0000	6.8000
uR	795.670	90.000	0.0261	1.0000	0.0000	6.8000
E	797.271	90.000	44.8303	0.0158	0.1679	0.1252	0.0000	6.8000
dPolE	797.271	90.000	41.0138	1.0000	0.0000	6.8000
uR	797.271	90.000	0.0265	1.0000	0.0000	6.8000
E	798.872	90.000	45.0593	359.9118	0.1741	0.1292	0.0000	6.8000
dPolE	798.872	90.000	37.6342	1.0000	0.0000	6.8000
uR	798.872	90.000	0.0263	1.0000	0.0000	6.8000
E	800.473	90.000	44.5966	359.8772	0.1658	0.1227	0.0000	6.8000
dPolE	800.473	90.000	41.1634	1.0000	0.0000	6.8000
uR	800.473	90.000	0.0267	1.0000	0.0000	6.8000
E	802.074	90.000	45.1782	0.3532	0.1799	0.1324	0.0000	6.8000
dPolE	802.074	90.000	39.5837	1.0000	0.0000	6.8000
uR	802.074	90.000	0.0265	1.0000	0.0000	6.8000
E	803.675	90.000	45.1622	359.7567	0.1833	0.1341	0.0000	6.8000
dPolE	803.675	90.000	44.4870	1.0000	0.0000	6.8000
uR	803.675	90.000	0.0268	1.0000	0.0000	6.8000
E	805.276	90.000	45.2455	359.7629	0.1817	0.1325	0.0000	6.8000
dPolE	805.276	90.000	42.4931	1.0000	0.0000	6.8000
uR	805.276	90.000	0.0265	1.0000	0.0000	6.8000
E	806.876	90.000	45.2148	359.9043	0.1853	0.1351	0.0000	6.8000
dPolE	806.876	90.000	41.3803	1.0000	0.0000	6.8000
uR	806.876	90.000	0.0260	1.0000	0.0000	6.8000
E	808.477	90.000	45.4878	359.9296	0.1796	0.1306	0.0000	6.8000
dPolE	808.477	90.000	41.3826	1.0000	0.0000	6.8000
uR	808.477	90.000	0.0249	1.0000	0.0000	6.8000
E	810.077	90.000	45.4844	0.0244	0.1801	0.1305	0.0000	6.8000
dPolE	810.077	90.000	41.0284	1.0000	0.0000	6.8000
uR	810.077	90.000	0.0258	1.0000	0.0000	6.8000
E	811.677	90.000	44.9127	359.8029	0.1793	0.1296	0.0000	6.8000
dPolE	811.677	90.000	40.0319	1.0000	0.0000	6.8000
uR	811.677	90.000	0.0275	1.0000	0.0000	6.8000
E	813.277	90.000	44.9828	359.8515	0.1752	0.1267	0.0000	6.8000
dPolE	813.277	90.000	41.4826	1.0000	0.0000	6.8000
uR	813.277	90.000	0.0254	1.0000	0.0000	6.8000
E	814.877	90.000	44.8984	359.6732	0.1811	0.1307	0.0000	6.8000
dPolE	814.877	90.000	41.9757	1.0000	0.0000	6.8000
uR	814.877	90.000	0.0247	1.0000	0.0000	6.8000
E	816.477	90.000	45.1232	359.9956	0.1717	0.1236	0.0000	6.8000
dPolE	816.477	90.000	38.9268	1.0000	0.0000	6.8000
uR	816.477	90.000	0.0246	1.0000	0.0000	6.8000
E	818.077	90.000	45.0521	359.6339	0.1541	0.1111	0.0000	6.8000
dPolE	818.077	90.000	31.1705	1.0000	0.0000	6.8000
uR	818.077	90.000	0.0237	1.0000	0.0000	6.8000
E	819.676	90.000	44.8247	0.0095	0.1100	0.0792	0.0000	6.8000
dPolE	819.676	90.000	25.4043	1.0000	0.0000	6.8000
uR	819.676	90.000	0.0208	1.0000	0.0000	6.8000
E	821.276	90.000	44.9432	359.8323	0.0743	0.0534	0.0000	6.8000
dPolE	821.276	90.000	12.9007	1.0000	0.0000	6.8000
uR	821.276	90.000	0.0215	1.0000	0.0000	6.8000
E	822.875	90.000	44.9777	359.8431	0.0519	0.0373	0.0000	6.8000
dPolE	822.875	90.000	6.8002	1.0000	0.0000	6.8000
uR	822.875	90.000	0.0240	1.0000	0.0000	6.8000
E	824.474	90.000	44.9909	359.8605	0.0465	0.0334	0.0000	6.8000
dPolE	824.474	90.000	3.8226	1.0000	0.0000	6.8000
uR	824.474	90.000	0.0254	1.0000	0.0000	6.8000
E	826.073	90.000	44.8910	359.8910	0.0486	0.0348	0.0000	6.8000
dPolE	826.073	90.000	3.8057	1.0000	0.0000	6.8000
uR	826.073	90.000	0.0248	1.0000	0.0000	6.8000
E	827.672	90.000	44.9281	359.8244	0.0576	0.0412	0.0000	6.8000
dPolE	827.672	90.000	7.0180	1.0000	0.0000	6.8000
uR	827.672	90.000	0.0240	1.0000	0.0000	6.8000
E	829.271	90.000	44.9516	359.8554	0.0665	0.0475	0.0000	6.8000
dPolE	829.271	90.000	8.3476	1.0000	0.0000	6.8000
uR	829.271	90.000	0.0258	1.0000	0.0000	6.8000
E	830.869	90.000	45.0579	359.5353	0.0798	0.0569	0.0000	6.8000
dPolE	830.869	90.000	15.8535	1.0000	0.0000	6.8000
uR	830.869	90.000	0.0239	1.0000	0.0000	6.8000
E	832.468	90.000	44.8079	0.0032	0.0996	0.0709	0.0000	6.8000
dPolE	832.468	90.000	26.0093	1.0000	0.0000	6.8000
uR	832.468	90.000	0.0224	1.0000	0.0000	6.8000
E	834.066	90.000	44.7268	359.8724	0.0968	0.0687	0.0000	6.8000
dPolE	834.066	90.000	22.4714	1.0000	0.0000	6.8000
uR	834.066	90.000	0.0232	1.0000	0.0000	6.8000
E	835.664	90.000	44.9944	359.5910	0.0931	0.0659	0.0000	6.8000
dPolE	835.664	90.000	21.0995	1.0000	0.0000	6.8000
uR	835.664	90.000	0.0241	1.0000	0.0000	6.8000
E	837.262	90.000	44.8559	359.6879	0.1016	0.0716	0.0000	6.8000
dPolE	837.262	90.000	24.1222	1.0000	0.0000	6.8000
uR	837.262	90.000	0.0244	1.0000	0.0000	6.8000
E	838.860	90.000	44.9627	359.6149	0.1213	0.0852	0.0000	6.8000
dPolE	838.860	90.000	29.8986	1.0000	0.0000	6.8000
uR	838.860	90.000	0.0240	1.0000	0.0000	6.8000
E	840.458	90.000	44.8662	359.6248	0.1391	0.0972	0.0000	6.8000
dPolE	840.458	90.000	40.3464	1.0000	0.0000	6.8000
uR	840.458	90.000	0.0247	1.0000	0.0000	6.8000
E	842.055	90.000	44.9046	0.0846	0.1337	0.0934	0.0000	6.8000
dPolE	842.055	90.000	42.3499	1.0000	0.0000	6.8000
uR	842.055	90.000	0.0261	1.0000	0.0000	6.8000
E	843.653	90.000	44.7154	359.6806	0.1497	0.1041	0.0000	6.8000
dPolE	843.653	90.000	43.5383	1.0000	0.0000	6.8000
uR	843.653	90.000	0.0253	1.0000	0.0000	6.8000
E	845.250	90.000	44.5186	359.9127	0.1940	0.1340	0.0000	6.8000
dPolE	845.250	90.000	55.3094	1.0000	0.0000	6.8000
uR	845.250	90.000	0.0242	1.0000	0.0000	6.8000
E	846.847	90.000	44.6653	0.0966	0.2312	0.1590	0.0000	6.8000
dPolE	846.847	90.000	53.2520	1.0000	0.0000	6.8000
uR	846.847	90.000	0.0251	1.0000	0.0000	6.8000
E	848.444	90.000	44.1408	359.5390	0.2492	0.1710	0.0000	6.8000
dPolE	848.444	90.000	56.9419	1.0000	0.0000	6.8000
uR	848.444	90.000	0.0268	1.0000	0.0000	6.8000
E	850.041	90.000	44.8204	359.8356	0.2447	0.1670	0.0000	6.8000
dPolE	850.041	90.000	61.7234	1.0000	0.0000	6.8000
uR	850.041	90.000	0.0268	1.0000	0.0000	6.8000
E	851.638	90.000	44.6530	359.5338	0.2616	0.1780	0.0000	6.8000
dPolE	851.638	90.000	58.8977	1.0000	0.0000	6.8000
uR	851.638	90.000	0.0273	1.0000	0.0000	6.8000
E	853.234	90.000	44.9664	359.4763	0.2650	0.1796	0.0000	6.8000
dPolE	853.234	90.000	57.5037	1.0000	0.0000	6.8000
uR	853.234	90.000	0.0268	1.0000	0.0000	6.8000
E	854.831	90.000	45.3983	359.9927	0.2778	0.1872	0.0000	6.8000
dPolE	854.831	90.000	57.5559	1.0000	0.0000	6.8000
uR	854.831	90.000	0.0252	1.0000	0.0000	6.8000
E	856.427	90.000	43.6744	359.4007	0.2668	0.1802	0.0000	6.8000
dPolE	856.427	90.000	64.7114	1.0000	0.0000	6.8000
uR	856.427	90.000	0.0239	1.0000	0.0000	6.8000
E	858.023	90.000	45.1790	359.6751	0.2730	0.1836	0.0000	6.8000
dPolE	858.023	90.000	55.2093	1.0000	0.0000	6.8000
uR	858.023	90.000	0.0253	1.0000	0.0000	6.8000
E	859.619	90.000	44.3353	359.6566	0.2724	0.1825	0.0000	6.8000
dPolE	859.619	90.000	53.1462	1.0000	0.0000	6.8000
uR	859.619	90.000	0.0251	1.0000	0.0000	6.8000
E	861.215	90.000	44.6859	0.2900	0.2580	0.1727	0.0000	6.8000
dPolE	861.215	90.000	57.2135	1.0000	0.0000	6.8000
uR	861.215	90.000	0.0241	1.0000	0.0000	6.8000
E	862.811	90.000	45.8050	359.9760	0.2665	0.1783	0.0000	6.8000
dPolE	862.811	90.000	48.1866	1.0000	0.0000	6.8000
uR	862.811	90.000	0.0253	1.0000	0.0000	6.8000
E	864.407	90.000	45.0844	359.7774	0.2349	0.1567	0.0000	6.8000
dPolE	864.407	90.000	51.2487	1.0000	0.0000	6.8000
uR	864.407	90.000	0.0257	1.0000	0.0000	6.8000
E	866.002	90.000	45.4441	359.4920	0.2195	0.1464	0.0000	6.8000
dPolE	866.002	90.000	40.4894	1.0000	0.0000	6.8000
uR	866.002	90.000	0.0274	1.0000	0.0000	6.8000
E	867.597	90.000	45.3611	359.5967	0.2135	0.1425	0.0000	6.8000
dPolE	867.597	90.000	38.5273	1.0000	0.0000	6.8000
uR	867.597	90.000	0.0263	1.0000	0.0000	6.8000
E	869.192	90.000	45.4345	359.5653	0.2071	0.1380	0.0000	6.8000
dPolE	869.192	90.000	38.8994	1.0000	0.0000	6.8000
uR	869.192	90.000	0.0256	1.0000	0.0000	6.8000
E	870.787	90.000	44.4122	359.7466	0.1880	0.1253	0.0000	6.8000
dPolE	870.787	90.000	37.8996	1.0000	0.0000	6.8000
uR	870.787	90.000	0.0260	1.0000	0.0000	6.8000
E	872.382	90.000	44.7676	359.6427	0.1931	0.1284	0.0000	6.8000
dPolE	872.382	90.000	35.2318	1.0000	0.0000	6.8000
uR	872.382	90.000	0.0247	1.0000	0.0000	6.8000
E	873.977	90.000	45.5641	359.5602	0.1746	0.1163	0.0000	6.8000
dPolE	873.977	90.000	31.1506	1.0000	0.0000	6.8000
uR	873.977	90.000	0.0243	1.0000	0.0000	6.8000
E	875.571	90.000	44.7633	359.8539	0.1630	0.1085	0.0000	6.8000
dPolE	875.571	90.000	33.2021	1.0000	0.0000	6.8000
uR	875.571	90.000	0.0234	1.0000	0.0000	6.8000
E	877.166	90.000	45.1686	359.6654	0.1305	0.0867	0.0000	6.8000
dPolE	877.166	90.000	30.7552	1.0000	0.0000	6.8000
uR	877.166	90.000	0.0218	1.0000	0.0000	6.8000
E	878.760	90.000	44.7887	359.8080	0.0977	0.0649	0.0000	6.8000
dPolE	878.760	90.000	16.3948	1.0000	0.0000	6.8000
uR	878.760	90.000	0.0217	1.0000	0.0000	6.8000
E	880.354	90.000	44.8595	359.8810	0.0666	0.0441	0.0000	6.8000
dPolE	880.354	90.000	8.7756	1.0000	0.0000	6.8000
uR	880.354	90.000	0.0225	1.0000	0.0000	6.8000
E	881.948	90.000	44.8543	359.8142	0.0530	0.0350	0.0000	6.8000
dPolE	881.948	90.000	5.9349	1.0000	0.0000	6.8000
uR	881.948	90.000	0.0251	1.0000	0.0000	6.8000
E	883.542	90.000	45.0009	359.8150	0.0490	0.0323	0.0000	6.8000
dPolE	883.542	90.000	3.7012	1.0000	0.0000	6.8000
uR	883.542	90.000	0.0265	1.0000	0.0000	6.8000
E	885.135	90.000	44.8974	359.7959	0.0549	0.0362	0.0000	6.8000
dPolE	885.135	90.000	4.6427	1.0000	0.0000	6.8000
uR	885.135	90.000	0.0246	1.0000	0.0000	6.8000
E	886.729	90.000	44.8236	359.7944	0.0753	0.0494	0.0000	6.8000
dPolE	886.729	90.000	11.2312	1.0000	0.0000	6.8000
uR	886.729	90.000	0.0230	1.0000	0.0000	6.8000
E	888.322	90.000	45.1286	359.7313	0.0976	0.0639	0.0000	6.8000
dPolE	888.322	90.000	20.0757	1.0000	0.0000	6.8000
uR	888.322	90.000	0.0229	1.0000	0.0000	6.8000
E	889.915	90.000	45.0010	359.8540	0.1091	0.0712	0.0000	6.8000
dPolE	889.915	90.000	24.2929	1.0000	0.0000	6.8000
uR	889.915	90.000	0.0223	1.0000	0.0000	6.8000
E	891.508	90.000	44.7996	359.8965	0.1121	0.0729	0.0000	6.8000
dPolE	891.508	90.000	22.5726	1.0000	0.0000	6.8000
uR	891.508	90.000	0.0236	1.0000	0.0000	6.8000
E	893.101	90.000	45.0424	359.7373	0.1063	0.0689	0.0000	6.8000
dPolE	893.101	90.000	18.8272	1.0000	0.0000	6.8000
uR	893.101	90.000	0.0234	1.0000	0.0000	6.8000
E	894.694	90.000	44.7708	359.6977	0.0907	0.0585	0.0000	6.8000
dPolE	894.694	90.000	15.8350	1.0000	0.0000	6.8000
uR	894.694	90.000	0.0250	1.0000	0.0000	6.8000
E	896.286	90.000	44.9007	359.6573	0.0853	0.0548	0.0000	6.8000
dPolE	896.286	90.000	16.2073	1.0000	0.0000	6.8000
uR	896.286	90.000	0.0251	1.0000	0.0000	6.8000
E	897.879	90.000	45.1505	359.8747	0.0947	0.0607	0.0000	6.8000
dPolE	897.879	90.000	15.7410	1.0000	0.0000	6.8000
uR	897.879	90.000	0.0243	1.0000	0.0000	6.8000
E	899.471	90.000	45.0740	359.9264	0.1064	0.0679	0.0000	6.8000
dPolE	899.471	90.000	23.3107	1.0000	0.0000	6.8000
uR	899.471	90.000	0.0233	1.0000	0.0000	6.8000
E	901.063	90.000	44.8259	359.7515	0.1183	0.0751	0.0000	6.8000
dPolE	901.063	90.000	20.5891	1.0000	0.0000	6.8000
uR	901.063	90.000	0.0233	1.0000	0.0000	6.8000
E	902.655	90.000	44.9370	359.6783	0.1079	0.0684	0.0000	6.8000
dPolE	902.655	90.000	16.0399	1.0000	0.0000	6.8000
uR	902.655	90.000	0.0247	1.0000	0.0000	6.8000
E	904.247	90.000	44.8660	359.6943	0.0887	0.0560	0.0000	6.8000
dPolE	904.247	90.000	14.1754	1.0000	0.0000	6.8000
uR	904.247	90.000	0.0260	1.0000	0.0000	6.8000
E	905.838	90.000	44.8654	359.7839	0.0952	0.0600	0.0000	6.8000
dPolE	905.838	90.000	16.5979	1.0000	0.0000	6.8000
uR	905.838	90.000	0.0253	1.0000	0.0000	6.8000
E	907.429	90.000	45.0894	359.6903	0.1060	0.0667	0.0000	6.8000
dPolE	907.429	90.000	21.3115	1.0000	0.0000	6.8000
uR	907.429	90.000	0.0237	1.0000	0.0000	6.8000
E	909.021	90.000	44.8172	359.6711	0.1307	0.0821	0.0000	6.8000
dPolE	909.021	90.000	27.4512	1.0000	0.0000	6.8000
uR	909.021	90.000	0.0220	1.0000	0.0000	6.8000
E	910.612	90.000	44.9577	359.7392	0.1485	0.0926	0.0000	6.8000
dPolE	910.612	90.000	27.8168	1.0000	0.0000	6.8000
uR	910.612	90.000	0.0222	1.0000	0.0000	6.8000
E	912.203	90.000	45.0646	359.5513	0.1405	0.0876	0.0000	6.8000
dPolE	912.203	90.000	28.4606	1.0000	0.0000	6.8000
uR	912.203	90.000	0.0213	1.0000	0.0000	6.8000
E	913.793	90.000	45.0114	359.6819	0.1136	0.0705	0.0000	6.8000
dPolE	913.793	90.000	19.3525	1.0000	0.0000	6.8000
uR	913.793	90.000	0.0224	1.0000	0.0000	6.8000
E	915.384	90.000	44.8689	359.7072	0.0888	0.0551	0.0000	6.8000
dPolE	915.384	90.000	13.9521	1.0000	0.0000	6.8000
uR	915.384	90.000	0.0232	1.0000	0.0000	6.8000
E	916.974	90.000	44.9106	359.8009	0.0822	0.0509	0.0000	6.8000
dPolE	916.974	90.000	12.4361	1.0000	0.0000	6.8000
uR	916.974	90.000	0.0240	1.0000	0.0000	6.8000
E	918.565	90.000	45.0205	359.6497	0.0894	0.0553	0.0000	6.8000
dPolE	918.565	90.000	13.5592	1.0000	0.0000	6.8000
uR	918.565	90.000	0.0246	1.0000	0.0000	6.8000
E	920.155	90.000	44.9718	359.5967	0.1036	0.0640	0.0000	6.8000
dPolE	920.155	90.000	19.4024	1.0000	0.0000	6.8000
uR	920.155	90.000	0.0233	1.0000	0.0000	6.8000
E	921.745	90.000	44.9619	359.7141	0.1302	0.0802	0.0000	6.8000
dPolE	921.745	90.000	24.5946	1.0000	0.0000	6.8000
uR	921.745	90.000	0.0235	1.0000	0.0000	6.8000
E	923.334	90.000	44.9808	359.8078	0.1594	0.0982	0.0000	6.8000
dPolE	923.334	90.000	28.9320	1.0000	0.0000	6.8000
uR	923.334	90.000	0.0244	1.0000	0.0000	6.8000
E	924.924	90.000	45.1725	359.7719	0.1806	0.1110	0.0000	6.8000
dPolE	924.924	90.000	36.9059	1.0000	0.0000	6.8000
uR	924.924	90.000	0.0231	1.0000	0.0000	6.8000
E	926.513	90.000	45.1787	359.7695	0.2031	0.1246	0.0000	6.8000
dPolE	926.513	90.000	45.3196	1.0000	0.0000	6.8000
uR	926.513	90.000	0.0234	1.0000	0.0000	6.8000
E	928.103	90.000	44.7891	359.4917	0.2353	0.1444	0.0000	6.8000
dPolE	928.103	90.000	44.2841	1.0000	0.0000	6.8000
uR	928.103	90.000	0.0235	1.0000	0.0000	6.8000
E	929.692	90.000	44.9409	359.6555	0.2248	0.1376	0.0000	6.8000
dPolE	929.692	90.000	46.0900	1.0000	0.0000	6.8000
uR	929.692	90.000	0.0247	1.0000	0.0000	6.8000
E	931.280	90.000	45.1955	359.7242	0.2408	0.1478	0.0000	6.8000
dPolE	931.280	90.000	41.8331	1.0000	0.0000	6.8000
uR	931.280	90.000	0.0253	1.0000	0.0000	6.8000
E	932.869	90.000	44.8217	359.2279	0.2446	0.1500	0.0000	6.8000
dPolE	932.869	90.000	34.8893	1.0000	0.0000	6.8000
uR	932.869	90.000	0.0267	1.0000	0.0000	6.8000
E	934.458	90.000	45.0718	359.5681	0.2398	0.1464	0.0000	6.8000
dPolE	934.458	90.000	41.1692	1.0000	0.0000	6.8000
uR	934.458	90.000	0.0262	1.0000	0.0000	6.8000
E	936.046	90.000	45.0363	359.8993	0.2236	0.1366	0.0000	6.8000
dPolE	936.046	90.000	40.3597	1.0000	0.0000	6.8000
uR	936.046	90.000	0.0258	1.0000	0.0000	6.8000
E	937.634	90.000	45.0433	359.8102	0.2242	0.1369	0.0000	6.8000
dPolE	937.634	90.000	40.0739	1.0000	0.0000	6.8000
uR	937.634	90.000	0.0238	1.0000	0.0000	6.8000
E	939.222	90.000	45.1242	359.6175	0.2118	0.1292	0.0000	6.8000
dPolE	939.222	90.000	38.3029	1.0000	0.0000	6.8000
uR	939.222	90.000	0.0251	1.0000	0.0000	6.8000
E	940.810	90.000	44.7792	359.7655	0.2269	0.1373	0.0000	6.8000
dPolE	940.810	90.000	44.0476	1.0000	0.0000	6.8000
uR	940.810	90.000	0.0242	1.0000	0.0000	6.8000
E	942.398	90.000	45.2375	359.7202	0.2416	0.1458	0.0000	6.8000
dPolE	942.398	90.000	42.6390	1.0000	0.0000	6.8000
uR	942.398	90.000	0.0241	1.0000	0.0000	6.8000
E	943.985	90.000	45.0314	359.5347	0.2509	0.1522	0.0000	6.8000
dPolE	943.985	90.000	37.9413	1.0000	0.0000	6.8000
uR	943.985	90.000	0.0247	1.0000	0.0000	6.8000
E	945.573	90.000	45.1470	359.5327	0.2403	0.1455	0.0000	6.8000
dPolE	945.573	90.000	40.7353	1.0000	0.0000	6.8000
uR	945.573	90.000	0.0260	1.0000	0.0000	6.8000
E	947.160	90.000	44.7486	359.6608	0.2390	0.1445	0.0000	6.8000
dPolE	947.160	90.000	34.1535	1.0000	0.0000	6.8000
uR	947.160	90.000	0.0247	1.0000	0.0000	6.8000
E	948.747	90.000	45.3267	359.2767	0.2502	0.1506	0.0000	6.8000
dPolE	948.747	90.000	38.7497	1.0000	0.0000	6.8000
uR	948.747	90.000	0.0246	1.0000	0.0000	6.8000
E	950.334	90.000	45.5751	359.6668	0.2378	0.1430	0.0000	6.8000
dPolE	950.334	90.000	34.3114	1.0000	0.0000	6.8000
uR	950.334	90.000	0.0257	1.0000	0.0000	6.8000
E	951.920	90.000	44.3486	359.5533	0.2370	0.1418	0.0000	6.8000
dPolE	951.920	90.000	40.4397	1.0000	0.0000	6.8000
uR	951.920	90.000	0.0248	1.0000	0.0000	6.8000
E	953.507	90.000	44.3238	359.5923	0.2326	0.1388	0.0000	6.8000
dPolE	953.507	90.000	43.5664	1.0000	0.0000	6.8000
uR	953.507	90.000	0.0248	1.0000	0.0000	6.8000
E	955.093	90.000	45.5498	359.3861	0.2643	0.1568	0.0000	6.8000
dPolE	955.093	90.000	39.1589	1.0000	0.0000	6.8000
uR	955.093	90.000	0.0243	1.0000	0.0000	6.8000
E	956.679	90.000	44.2206	359.5110	0.2776	0.1653	0.0000	6.8000
dPolE	956.679	90.000	46.4801	1.0000	0.0000	6.8000
uR	956.679	90.000	0.0244	1.0000	0.0000	6.8000
E	958.265	90.000	44.8960	359.9076	0.3110	0.1840	0.0000	6.8000
dPolE	958.265	90.000	53.3827	1.0000	0.0000	6.8000
uR	958.265	90.000	0.0244	1.0000	0.0000	6.8000
E	959.851	90.000	44.8103	359.8367	0.3364	0.1981	0.0000	6.8000
dPolE	959.851	90.000	57.3966	1.0000	0.0000	6.8000
uR	959.851	90.000	0.0235	1.0000	0.0000	6.8000
E	961.436	90.000	45.2358	358.9071	0.3292	0.1936	0.0000	6.8000
dPolE	961.436	90.000	64.5565	1.0000	0.0000	6.8000
uR	961.436	90.000	0.0232	1.0000	0.0000	6.8000
E	963.022	90.000	44.7914	359.7081	0.3340	0.1960	0.0000	6.8000
dPolE	963.022	90.000	63.1541	1.0000	0.0000	6.8000
uR	963.022	90.000	0.0234	1.0000	0.0000	6.8000
E	964.607	90.000	45.5403	359.9807	0.3251	0.1899	0.0000	6.8000
dPolE	964.607	90.000	58.2044	1.0000	0.0000	6.8000
uR	964.607	90.000	0.0230	1.0000	0.0000	6.8000
E	966.192	90.000	45.8507	359.1922	0.3285	0.1917	0.0000	6.8000
dPolE	966.192	90.000	55.3266	1.0000	0.0000	6.8000
uR	966.192	90.000	0.0232	1.0000	0.0000	6.8000
E	967.777	90.000	44.6109	359.7985	0.2889	0.1673	0.0000	6.8000
dPolE	967.777	90.000	53.6258	1.0000	0.0000	6.8000
uR	967.777	90.000	0.0231	1.0000	0.0000	6.8000
E	969.361	90.000	44.9320	359.8232	0.2674	0.1547	0.0000	6.8000
dPolE	969.361	90.000	37.2415	1.0000	0.0000	6.8000
uR	969.361	90.000	0.0260	1.0000	0.0000	6.8000
E	970.946	90.000	45.0306	359.7253	0.2502	0.1441	0.0000	6.8000
dPolE	970.946	90.000	35.5947	1.0000	0.0000	6.8000
uR	970.946	90.000	0.0257	1.0000	0.0000	6.8000
E	972.530	90.000	44.6847	359.6099	0.2389	0.1377	0.0000	6.8000
dPolE	972.530	90.000	36.7785	1.0000	0.0000	6.8000
uR	972.530	90.000	0.0252	1.0000	0.0000	6.8000
E	974.114	90.000	44.3415	359.6555	0.2237	0.1288	0.0000	6.8000
dPolE	974.114	90.000	36.7319	1.0000	0.0000	6.8000
uR	974.114	90.000	0.0232	1.0000	0.0000	6.8000
E	975.698	90.000	44.6939	359.6736	0.1907	0.1092	0.0000	6.8000
dPolE	975.698	90.000	32.8237	1.0000	0.0000	6.8000
uR	975.698	90.000	0.0228	1.0000	0.0000	6.8000
E	977.282	90.000	45.0117	359.5566	0.1623	0.0927	0.0000	6.8000
dPolE	977.282	90.000	26.6142	1.0000	0.0000	6.8000
uR	977.282	90.000	0.0240	1.0000	0.0000	6.8000
E	978.865	90.000	44.9136	359.5897	0.1484	0.0844	0.0000	6.8000
dPolE	978.865	90.000	17.9922	1.0000	0.0000	6.8000
uR	978.865	90.000	0.0236	1.0000	0.0000	6.8000
E	980.449	90.000	45.2904	359.7361	0.1462	0.0831	0.0000	6.8000
dPolE	980.449	90.000	19.9986	1.0000	0.0000	6.8000
uR	980.449	90.000	0.0230	1.0000	0.0000	6.8000
E	982.032	90.000	44.8644	359.4035	0.1614	0.0920	0.0000	6.8000
dPolE	982.032	90.000	26.2829	1.0000	0.0000	6.8000
uR	982.032	90.000	0.0238	1.0000	0.0000	6.8000
E	983.615	90.000	45.0271	359.7339	0.1942	0.1105	0.0000	6.8000
dPolE	983.615	90.000	26.4894	1.0000	0.0000	6.8000
uR	983.615	90.000	0.0224	1.0000	0.0000	6.8000
E	985.198	90.000	45.2177	359.5902	0.2169	0.1231	0.0000	6.8000
dPolE	985.198	90.000	35.0211	1.0000	0.0000	6.8000
uR	985.198	90.000	0.0217	1.0000	0.0000	6.8000
E	986.780	90.000	46.3627	359.4211	0.2197	0.1251	0.0000	6.8000
dPolE	986.780	90.000	31.4144	1.0000	0.0000	6.8000
uR	986.780	90.000	0.0217	1.0000	0.0000	6.8000
E	988.363	90.000	45.0509	359.9088	0.2044	0.1158	0.0000	6.8000
dPolE	988.363	90.000	32.8708	1.0000	0.0000	6.8000
uR	988.363	90.000	0.0228	1.0000	0.0000	6.8000
E	989.945	90.000	44.7718	359.7587	0.1865	0.1056	0.0000	6.8000
dPolE	989.945	90.000	28.6579	1.0000	0.0000	6.8000
uR	989.945	90.000	0.0221	1.0000	0.0000	6.8000
E	991.527	90.000	45.4550	359.4629	0.1680	0.0948	0.0000	6.8000
dPolE	991.527	90.000	27.9396	1.0000	0.0000	6.8000
uR	991.527	90.000	0.0234	1.0000	0.0000	6.8000
E	993.109	90.000	45.0610	359.6128	0.1587	0.0897	0.0000	6.8000
dPolE	993.109	90.000	23.2989	1.0000	0.0000	6.8000
uR	993.109	90.000	0.0239	1.0000	0.0000	6.8000
E	994.690	90.000	44.8273	359.5375	0.1747	0.0984	0.0000	6.8000
dPolE	994.690	90.000	22.2873	1.0000	0.0000	6.8000
uR	994.690	90.000	0.0240	1.0000	0.0000	6.8000
E	996.272	90.000	44.8946	359.6797	0.1860	0.1048	0.0000	6.8000
dPolE	996.272	90.000	30.8023	1.0000	0.0000	6.8000
uR	996.272	90.000	0.0231	1.0000	0.0000	6.8000
E	997.853	90.000	45.0364	359.6689	0.2285	0.1283	0.0000	6.8000
dPolE	997.853	90.000	38.4032	1.0000	0.0000	6.8000
uR	997.853	90.000	0.0219	1.0000	0.0000	6.8000
E	999.434	90.000	44.2815	359.8303	0.2593	0.1455	0.0000	6.8000
dPolE	999.434	90.000	45.4167	1.0000	0.0000	6.8000
uR	999.434	90.000	0.0227	1.0000	0.0000	6.8000
