
FM-removed
XY-Scan
nm
E	210.379	90.000	40.2870	117.0005	0.2613	0.5259	0.0000	6.8000
dPolE	210.379	90.000	99.9871	1.0000	0.0000	6.8000
uR	210.379	90.000	0.0299	1.0000	0.0000	6.8000
E	211.990	90.000	19.5187	151.2803	0.2631	0.8122	0.0000	6.8000
dPolE	211.990	90.000	99.9804	1.0000	0.0000	6.8000
uR	211.990	90.000	0.0112	1.0000	0.0000	6.8000
E	213.602	90.000	77.0730	258.8360	0.2496	1.2021	0.0000	6.8000
dPolE	213.602	90.000	99.9311	1.0000	0.0000	6.8000
uR	213.602	90.000	0.0124	1.0000	0.0000	6.8000
E	215.214	90.000	19.8694	262.8307	0.2242	0.7376	0.0000	6.8000
dPolE	215.214	90.000	99.9999	1.0000	0.0000	6.8000
uR	215.214	90.000	0.0100	1.0000	0.0000	6.8000
E	216.826	90.000	17.4661	161.7016	0.2634	0.8292	0.0000	6.8000
dPolE	216.826	90.000	99.9975	1.0000	0.0000	6.8000
uR	216.826	90.000	0.0078	1.0000	0.0000	6.8000
E	218.438	90.000	45.7990	307.0037	0.2743	0.5208	0.0000	6.8000
dPolE	218.438	90.000	99.9916	1.0000	0.0000	6.8000
uR	218.438	90.000	0.0046	1.0000	0.0000	6.8000
E	220.050	90.000	65.7116	55.4985	0.2580	0.6853	0.0000	6.8000
dPolE	220.050	90.000	99.8486	1.0000	0.0000	6.8000
uR	220.050	90.000	0.0094	1.0000	0.0000	6.8000
E	221.662	90.000	52.2369	187.7220	0.2504	0.4110	0.0000	6.8000
dPolE	221.662	90.000	99.9812	1.0000	0.0000	6.8000
uR	221.662	90.000	0.0059	1.0000	0.0000	6.8000
E	223.274	90.000	40.8433	289.5669	0.2764	0.5475	0.0000	6.8000
dPolE	223.274	90.000	99.9885	1.0000	0.0000	6.8000
uR	223.274	90.000	0.0030	1.0000	0.0000	6.8000
E	224.886	90.000	54.0406	186.4648	0.2864	0.4449	0.0000	6.8000
dPolE	224.886	90.000	99.9302	1.0000	0.0000	6.8000
uR	224.886	90.000	0.0041	1.0000	0.0000	6.8000
E	226.498	90.000	60.0416	355.6635	0.2834	0.4647	0.0000	6.8000
dPolE	226.498	90.000	99.9511	1.0000	0.0000	6.8000
uR	226.498	90.000	0.0036	1.0000	0.0000	6.8000
E	228.111	90.000	25.6736	64.8961	0.2389	0.6387	0.0000	6.8000
dPolE	228.111	90.000	99.9925	1.0000	0.0000	6.8000
uR	228.111	90.000	0.0017	1.0000	0.0000	6.8000
E	229.723	90.000	39.2086	51.2185	0.2881	0.5225	0.0000	6.8000
dPolE	229.723	90.000	99.9847	1.0000	0.0000	6.8000
uR	229.723	90.000	0.0021	1.0000	0.0000	6.8000
E	231.335	90.000	32.1944	45.9170	0.2716	0.5241	0.0000	6.8000
dPolE	231.335	90.000	99.9999	1.0000	0.0000	6.8000
uR	231.335	90.000	0.0023	1.0000	0.0000	6.8000
E	232.948	90.000	41.2023	63.5283	0.2800	0.5316	0.0000	6.8000
dPolE	232.948	90.000	99.9962	1.0000	0.0000	6.8000
uR	232.948	90.000	0.0018	1.0000	0.0000	6.8000
E	234.560	90.000	19.3135	12.7617	0.2938	0.5976	0.0000	6.8000
dPolE	234.560	90.000	99.9819	1.0000	0.0000	6.8000
uR	234.560	90.000	0.0015	1.0000	0.0000	6.8000
E	236.173	90.000	63.5806	336.5415	0.3043	0.5218	0.0000	6.8000
dPolE	236.173	90.000	99.9440	1.0000	0.0000	6.8000
uR	236.173	90.000	0.0016	1.0000	0.0000	6.8000
E	237.786	90.000	13.5743	140.6533	0.2759	1.0550	0.0000	6.8000
dPolE	237.786	90.000	99.9408	1.0000	0.0000	6.8000
uR	237.786	90.000	0.0025	1.0000	0.0000	6.8000
E	239.398	90.000	2.7978	293.0360	0.1965	5.8495	0.0000	6.8000
dPolE	239.398	90.000	99.9423	1.0000	0.0000	6.8000
uR	239.398	90.000	0.0015	1.0000	0.0000	6.8000
E	241.011	90.000	67.3970	1.0761	0.3068	0.4754	0.0000	6.8000
dPolE	241.011	90.000	99.9409	1.0000	0.0000	6.8000
uR	241.011	90.000	0.0015	1.0000	0.0000	6.8000
E	242.624	90.000	61.1171	36.8159	0.2973	0.5393	0.0000	6.8000
dPolE	242.624	90.000	99.9769	1.0000	0.0000	6.8000
uR	242.624	90.000	0.0011	1.0000	0.0000	6.8000
E	244.237	90.000	21.6007	158.1958	0.3091	0.5733	0.0000	6.8000
dPolE	244.237	90.000	99.9022	1.0000	0.0000	6.8000
uR	244.237	90.000	0.0014	1.0000	0.0000	6.8000
E	245.850	90.000	50.8010	92.1283	0.3177	0.6579	0.0000	6.8000
dPolE	245.850	90.000	99.9878	1.0000	0.0000	6.8000
uR	245.850	90.000	0.0006	1.0000	0.0000	6.8000
E	247.463	90.000	61.9012	218.6789	0.2860	0.5368	0.0000	6.8000
dPolE	247.463	90.000	99.9999	1.0000	0.0000	6.8000
uR	247.463	90.000	0.0008	1.0000	0.0000	6.8000
E	249.076	90.000	70.2629	267.1180	0.2337	0.9791	0.0000	6.8000
dPolE	249.076	90.000	99.9622	1.0000	0.0000	6.8000
uR	249.076	90.000	0.0013	1.0000	0.0000	6.8000
E	250.689	90.000	12.0025	177.8162	0.3254	0.8183	0.0000	6.8000
dPolE	250.689	90.000	99.9760	1.0000	0.0000	6.8000
uR	250.689	90.000	0.0010	1.0000	0.0000	6.8000
E	252.302	90.000	7.3753	92.3636	0.1781	2.5250	0.0000	6.8000
dPolE	252.302	90.000	99.9931	1.0000	0.0000	6.8000
uR	252.302	90.000	0.0009	1.0000	0.0000	6.8000
E	253.916	90.000	54.9621	5.7604	0.2784	0.3036	0.0000	6.8000
dPolE	253.916	90.000	99.9706	1.0000	0.0000	6.8000
uR	253.916	90.000	0.0007	1.0000	0.0000	6.8000
E	255.529	90.000	57.3771	32.3425	0.2963	0.4545	0.0000	6.8000
dPolE	255.529	90.000	99.9960	1.0000	0.0000	6.8000
uR	255.529	90.000	0.0005	1.0000	0.0000	6.8000
E	257.142	90.000	8.3409	230.7322	0.2495	1.8960	0.0000	6.8000
dPolE	257.142	90.000	99.9373	1.0000	0.0000	6.8000
uR	257.142	90.000	0.0008	1.0000	0.0000	6.8000
E	258.756	90.000	38.4676	20.0350	0.3126	0.3747	0.0000	6.8000
dPolE	258.756	90.000	99.9414	1.0000	0.0000	6.8000
uR	258.756	90.000	0.0010	1.0000	0.0000	6.8000
E	260.369	90.000	40.9531	164.6472	0.3199	0.3565	0.0000	6.8000
dPolE	260.369	90.000	99.9999	1.0000	0.0000	6.8000
uR	260.369	90.000	0.0005	1.0000	0.0000	6.8000
E	261.983	90.000	31.6831	347.6114	0.2867	0.3447	0.0000	6.8000
dPolE	261.983	90.000	99.9954	1.0000	0.0000	6.8000
uR	261.983	90.000	0.0009	1.0000	0.0000	6.8000
E	263.596	90.000	12.8793	2.7758	0.3055	0.7099	0.0000	6.8000
dPolE	263.596	90.000	99.9957	1.0000	0.0000	6.8000
uR	263.596	90.000	0.0006	1.0000	0.0000	6.8000
E	265.210	90.000	57.8165	317.0883	0.2904	0.5161	0.0000	6.8000
dPolE	265.210	90.000	99.9631	1.0000	0.0000	6.8000
uR	265.210	90.000	0.0008	1.0000	0.0000	6.8000
E	266.823	90.000	64.7810	320.4580	0.2663	0.5509	0.0000	6.8000
dPolE	266.823	90.000	99.9733	1.0000	0.0000	6.8000
uR	266.823	90.000	0.0012	1.0000	0.0000	6.8000
E	268.437	90.000	17.0975	183.3490	0.2897	0.5300	0.0000	6.8000
dPolE	268.437	90.000	99.9987	1.0000	0.0000	6.8000
uR	268.437	90.000	0.0009	1.0000	0.0000	6.8000
E	270.051	90.000	6.8551	302.4097	0.1921	2.0261	0.0000	6.8000
dPolE	270.051	90.000	99.9694	1.0000	0.0000	6.8000
uR	270.051	90.000	0.0006	1.0000	0.0000	6.8000
E	271.665	90.000	81.7905	272.6926	0.1623	2.0002	0.0000	6.8000
dPolE	271.665	90.000	99.9570	1.0000	0.0000	6.8000
uR	271.665	90.000	0.0006	1.0000	0.0000	6.8000
E	273.279	90.000	89.9900	270.4978	0.1454	1593.3245	0.0000	6.8000
dPolE	273.279	90.000	99.9719	1.0000	0.0000	6.8000
uR	273.279	90.000	0.0006	1.0000	0.0000	6.8000
E	274.892	90.000	6.5376	243.1249	0.1977	2.3915	0.0000	6.8000
dPolE	274.892	90.000	99.9283	1.0000	0.0000	6.8000
uR	274.892	90.000	0.0009	1.0000	0.0000	6.8000
E	276.506	90.000	19.9481	89.0253	0.1916	0.7857	0.0000	6.8000
dPolE	276.506	90.000	99.9754	1.0000	0.0000	6.8000
uR	276.506	90.000	0.0005	1.0000	0.0000	6.8000
E	278.120	90.000	70.8652	248.6425	0.2069	0.8078	0.0000	6.8000
dPolE	278.120	90.000	99.9765	1.0000	0.0000	6.8000
uR	278.120	90.000	0.0007	1.0000	0.0000	6.8000
E	279.734	90.000	55.5386	17.5278	0.2606	0.3358	0.0000	6.8000
dPolE	279.734	90.000	99.9549	1.0000	0.0000	6.8000
uR	279.734	90.000	0.0006	1.0000	0.0000	6.8000
E	281.349	90.000	39.5857	263.9305	0.2554	0.5244	0.0000	6.8000
dPolE	281.349	90.000	99.9943	1.0000	0.0000	6.8000
uR	281.349	90.000	0.0005	1.0000	0.0000	6.8000
E	282.963	90.000	70.2491	10.1583	0.2594	0.4713	0.0000	6.8000
dPolE	282.963	90.000	99.9300	1.0000	0.0000	6.8000
uR	282.963	90.000	0.0007	1.0000	0.0000	6.8000
E	284.577	90.000	18.2769	220.4528	0.2323	0.6716	0.0000	6.8000
dPolE	284.577	90.000	99.9999	1.0000	0.0000	6.8000
uR	284.577	90.000	0.0004	1.0000	0.0000	6.8000
E	286.191	90.000	24.8155	23.6294	0.2316	0.4080	0.0000	6.8000
dPolE	286.191	90.000	99.9943	1.0000	0.0000	6.8000
uR	286.191	90.000	0.0004	1.0000	0.0000	6.8000
E	287.805	90.000	48.1806	329.5569	0.2390	0.3405	0.0000	6.8000
dPolE	287.805	90.000	99.9657	1.0000	0.0000	6.8000
uR	287.805	90.000	0.0005	1.0000	0.0000	6.8000
E	289.420	90.000	14.9619	122.3667	0.1837	0.8261	0.0000	6.8000
dPolE	289.420	90.000	99.9867	1.0000	0.0000	6.8000
uR	289.420	90.000	0.0006	1.0000	0.0000	6.8000
E	291.034	90.000	70.8897	49.3904	0.2177	0.6830	0.0000	6.8000
dPolE	291.034	90.000	99.9807	1.0000	0.0000	6.8000
uR	291.034	90.000	0.0005	1.0000	0.0000	6.8000
E	292.649	90.000	62.1465	339.0088	0.2084	0.3369	0.0000	6.8000
dPolE	292.649	90.000	99.9880	1.0000	0.0000	6.8000
uR	292.649	90.000	0.0004	1.0000	0.0000	6.8000
E	294.263	90.000	53.1222	219.9409	0.2264	0.3762	0.0000	6.8000
dPolE	294.263	90.000	99.9721	1.0000	0.0000	6.8000
uR	294.263	90.000	0.0005	1.0000	0.0000	6.8000
E	295.877	90.000	29.1007	83.9561	0.2056	0.5303	0.0000	6.8000
dPolE	295.877	90.000	99.9958	1.0000	0.0000	6.8000
uR	295.877	90.000	0.0004	1.0000	0.0000	6.8000
E	297.492	90.000	34.2275	194.7251	0.2166	0.3019	0.0000	6.8000
dPolE	297.492	90.000	99.9911	1.0000	0.0000	6.8000
uR	297.492	90.000	0.0006	1.0000	0.0000	6.8000
E	299.107	90.000	58.8605	22.9555	0.2024	0.3201	0.0000	6.8000
dPolE	299.107	90.000	99.9687	1.0000	0.0000	6.8000
uR	299.107	90.000	0.0006	1.0000	0.0000	6.8000
E	300.721	90.000	52.7706	77.0995	0.2118	0.4422	0.0000	6.8000
dPolE	300.721	90.000	99.9993	1.0000	0.0000	6.8000
uR	300.721	90.000	0.0003	1.0000	0.0000	6.8000
E	302.336	90.000	82.9591	188.4895	0.1980	1.0618	0.0000	6.8000
dPolE	302.336	90.000	99.9486	1.0000	0.0000	6.8000
uR	302.336	90.000	0.0005	1.0000	0.0000	6.8000
E	303.950	90.000	16.9001	3.1883	0.1946	0.4537	0.0000	6.8000
dPolE	303.950	90.000	99.9775	1.0000	0.0000	6.8000
uR	303.950	90.000	0.0005	1.0000	0.0000	6.8000
E	305.565	90.000	37.4067	336.9029	0.2064	0.3090	0.0000	6.8000
dPolE	305.565	90.000	99.9592	1.0000	0.0000	6.8000
uR	305.565	90.000	0.0006	1.0000	0.0000	6.8000
E	307.180	90.000	57.9459	226.3313	0.1939	0.3798	0.0000	6.8000
dPolE	307.180	90.000	99.9897	1.0000	0.0000	6.8000
uR	307.180	90.000	0.0003	1.0000	0.0000	6.8000
E	308.795	90.000	45.5381	90.5365	0.1862	0.3724	0.0000	6.8000
dPolE	308.795	90.000	99.9999	1.0000	0.0000	6.8000
uR	308.795	90.000	0.0005	1.0000	0.0000	6.8000
E	310.410	90.000	66.7233	63.2364	0.1688	0.4914	0.0000	6.8000
dPolE	310.410	90.000	99.9922	1.0000	0.0000	6.8000
uR	310.410	90.000	0.0003	1.0000	0.0000	6.8000
E	312.024	90.000	57.6877	215.3585	0.1956	0.3548	0.0000	6.8000
dPolE	312.024	90.000	99.9844	1.0000	0.0000	6.8000
uR	312.024	90.000	0.0004	1.0000	0.0000	6.8000
E	313.639	90.000	54.9433	112.1245	0.1796	0.3775	0.0000	6.8000
dPolE	313.639	90.000	99.9999	1.0000	0.0000	6.8000
uR	313.639	90.000	0.0005	1.0000	0.0000	6.8000
E	315.254	90.000	27.4085	1.6656	0.1877	0.3252	0.0000	6.8000
dPolE	315.254	90.000	99.9889	1.0000	0.0000	6.8000
uR	315.254	90.000	0.0007	1.0000	0.0000	6.8000
E	316.869	90.000	18.8680	108.2375	0.1604	0.6017	0.0000	6.8000
dPolE	316.869	90.000	99.9644	1.0000	0.0000	6.8000
uR	316.869	90.000	0.0005	1.0000	0.0000	6.8000
E	318.484	90.000	46.7751	76.0874	0.1667	0.3296	0.0000	6.8000
dPolE	318.484	90.000	99.9934	1.0000	0.0000	6.8000
uR	318.484	90.000	0.0003	1.0000	0.0000	6.8000
E	320.099	90.000	79.8224	179.6822	0.1682	0.7076	0.0000	6.8000
dPolE	320.099	90.000	99.9798	1.0000	0.0000	6.8000
uR	320.099	90.000	0.0003	1.0000	0.0000	6.8000
E	321.714	90.000	80.1066	151.2760	0.1702	0.8517	0.0000	6.8000
dPolE	321.714	90.000	99.9825	1.0000	0.0000	6.8000
uR	321.714	90.000	0.0004	1.0000	0.0000	6.8000
E	323.330	90.000	36.5353	1.7552	0.1685	0.2617	0.0000	6.8000
dPolE	323.330	90.000	99.9991	1.0000	0.0000	6.8000
uR	323.330	90.000	0.0004	1.0000	0.0000	6.8000
E	324.945	90.000	28.5660	333.9862	0.1681	0.3273	0.0000	6.8000
dPolE	324.945	90.000	99.9682	1.0000	0.0000	6.8000
uR	324.945	90.000	0.0005	1.0000	0.0000	6.8000
E	326.560	90.000	45.2009	355.7429	0.1643	0.2521	0.0000	6.8000
dPolE	326.560	90.000	99.9845	1.0000	0.0000	6.8000
uR	326.560	90.000	0.0003	1.0000	0.0000	6.8000
E	328.175	90.000	53.8560	140.4948	0.1691	0.3113	0.0000	6.8000
dPolE	328.175	90.000	99.9926	1.0000	0.0000	6.8000
uR	328.175	90.000	0.0005	1.0000	0.0000	6.8000
E	329.790	90.000	27.0597	357.9629	0.1533	0.2935	0.0000	6.8000
dPolE	329.790	90.000	99.9951	1.0000	0.0000	6.8000
uR	329.790	90.000	0.0003	1.0000	0.0000	6.8000
E	331.406	90.000	64.3747	171.2661	0.1571	0.3207	0.0000	6.8000
dPolE	331.406	90.000	99.9851	1.0000	0.0000	6.8000
uR	331.406	90.000	0.0004	1.0000	0.0000	6.8000
E	333.021	90.000	25.9930	302.7160	0.1555	0.3928	0.0000	6.8000
dPolE	333.021	90.000	99.9931	1.0000	0.0000	6.8000
uR	333.021	90.000	0.0003	1.0000	0.0000	6.8000
E	334.636	90.000	48.9696	334.7551	0.1392	0.2362	0.0000	6.8000
dPolE	334.636	90.000	99.9970	1.0000	0.0000	6.8000
uR	334.636	90.000	0.0003	1.0000	0.0000	6.8000
E	336.251	90.000	64.0048	223.2958	0.1508	0.3569	0.0000	6.8000
dPolE	336.251	90.000	99.9931	1.0000	0.0000	6.8000
uR	336.251	90.000	0.0005	1.0000	0.0000	6.8000
E	337.867	90.000	68.5682	344.3179	0.1484	0.3667	0.0000	6.8000
dPolE	337.867	90.000	99.9890	1.0000	0.0000	6.8000
uR	337.867	90.000	0.0003	1.0000	0.0000	6.8000
E	339.482	90.000	23.4866	316.7375	0.1395	0.3609	0.0000	6.8000
dPolE	339.482	90.000	99.9902	1.0000	0.0000	6.8000
uR	339.482	90.000	0.0003	1.0000	0.0000	6.8000
E	341.098	90.000	16.0927	224.7580	0.1444	0.5278	0.0000	6.8000
dPolE	341.098	90.000	99.9993	1.0000	0.0000	6.8000
uR	341.098	90.000	0.0002	1.0000	0.0000	6.8000
E	342.713	90.000	15.6569	14.2101	0.1458	0.4781	0.0000	6.8000
dPolE	342.713	90.000	99.9977	1.0000	0.0000	6.8000
uR	342.713	90.000	0.0002	1.0000	0.0000	6.8000
E	344.329	90.000	44.0943	117.8665	0.1514	0.2936	0.0000	6.8000
dPolE	344.329	90.000	99.9932	1.0000	0.0000	6.8000
uR	344.329	90.000	0.0004	1.0000	0.0000	6.8000
E	345.944	90.000	82.5470	359.3357	0.1475	0.9811	0.0000	6.8000
dPolE	345.944	90.000	99.9846	1.0000	0.0000	6.8000
uR	345.944	90.000	0.0003	1.0000	0.0000	6.8000
E	347.560	90.000	38.4879	359.1186	0.1422	0.2497	0.0000	6.8000
dPolE	347.560	90.000	99.9958	1.0000	0.0000	6.8000
uR	347.560	90.000	0.0003	1.0000	0.0000	6.8000
E	349.175	90.000	36.7506	216.0158	0.1500	0.2863	0.0000	6.8000
dPolE	349.175	90.000	99.9990	1.0000	0.0000	6.8000
uR	349.175	90.000	0.0003	1.0000	0.0000	6.8000
E	350.791	90.000	17.6478	247.2583	0.1378	0.5030	0.0000	6.8000
dPolE	350.791	90.000	99.9865	1.0000	0.0000	6.8000
uR	350.791	90.000	0.0004	1.0000	0.0000	6.8000
E	352.406	90.000	10.2361	236.1643	0.1349	0.7993	0.0000	6.8000
dPolE	352.406	90.000	99.9859	1.0000	0.0000	6.8000
uR	352.406	90.000	0.0003	1.0000	0.0000	6.8000
E	354.022	90.000	59.5844	176.9129	0.1420	0.2877	0.0000	6.8000
dPolE	354.022	90.000	99.9824	1.0000	0.0000	6.8000
uR	354.022	90.000	0.0004	1.0000	0.0000	6.8000
E	355.638	90.000	26.0581	90.8244	0.1326	0.3502	0.0000	6.8000
dPolE	355.638	90.000	99.9990	1.0000	0.0000	6.8000
uR	355.638	90.000	0.0004	1.0000	0.0000	6.8000
E	357.253	90.000	36.9608	332.3859	0.1416	0.2722	0.0000	6.8000
dPolE	357.253	90.000	99.9999	1.0000	0.0000	6.8000
uR	357.253	90.000	0.0003	1.0000	0.0000	6.8000
E	358.869	90.000	27.5741	215.9437	0.1361	0.3155	0.0000	6.8000
dPolE	358.869	90.000	99.9711	1.0000	0.0000	6.8000
uR	358.869	90.000	0.0005	1.0000	0.0000	6.8000
E	360.485	90.000	54.4253	268.9308	0.1438	0.3067	0.0000	6.8000
dPolE	360.485	90.000	99.9779	1.0000	0.0000	6.8000
uR	360.485	90.000	0.0004	1.0000	0.0000	6.8000
E	362.100	90.000	44.4034	21.9217	0.1382	0.2546	0.0000	6.8000
dPolE	362.100	90.000	99.9996	1.0000	0.0000	6.8000
uR	362.100	90.000	0.0003	1.0000	0.0000	6.8000
E	363.716	90.000	57.4175	355.8283	0.1355	0.2716	0.0000	6.8000
dPolE	363.716	90.000	99.9970	1.0000	0.0000	6.8000
uR	363.716	90.000	0.0002	1.0000	0.0000	6.8000
E	365.332	90.000	7.3876	256.0696	0.1277	1.0746	0.0000	6.8000
dPolE	365.332	90.000	99.9951	1.0000	0.0000	6.8000
uR	365.332	90.000	0.0004	1.0000	0.0000	6.8000
E	366.948	90.000	40.8051	139.6128	0.1235	0.2388	0.0000	6.8000
dPolE	366.948	90.000	99.9870	1.0000	0.0000	6.8000
uR	366.948	90.000	0.0003	1.0000	0.0000	6.8000
E	368.563	90.000	39.8573	272.2302	0.1346	0.2743	0.0000	6.8000
dPolE	368.563	90.000	99.9999	1.0000	0.0000	6.8000
uR	368.563	90.000	0.0004	1.0000	0.0000	6.8000
E	370.179	90.000	34.8135	113.7772	0.1255	0.2665	0.0000	6.8000
dPolE	370.179	90.000	99.9999	1.0000	0.0000	6.8000
uR	370.179	90.000	0.0002	1.0000	0.0000	6.8000
E	371.795	90.000	41.8157	10.9603	0.1355	0.2511	0.0000	6.8000
dPolE	371.795	90.000	99.9633	1.0000	0.0000	6.8000
uR	371.795	90.000	0.0005	1.0000	0.0000	6.8000
E	373.411	90.000	41.8346	196.1916	0.1257	0.2361	0.0000	6.8000
dPolE	373.411	90.000	99.9954	1.0000	0.0000	6.8000
uR	373.411	90.000	0.0004	1.0000	0.0000	6.8000
E	375.027	90.000	46.7094	225.2959	0.1251	0.2434	0.0000	6.8000
dPolE	375.027	90.000	99.9863	1.0000	0.0000	6.8000
uR	375.027	90.000	0.0004	1.0000	0.0000	6.8000
E	376.643	90.000	77.2537	79.9236	0.1238	0.6027	0.0000	6.8000
dPolE	376.643	90.000	99.9933	1.0000	0.0000	6.8000
uR	376.643	90.000	0.0003	1.0000	0.0000	6.8000
E	378.258	90.000	38.4974	35.1362	0.1259	0.2475	0.0000	6.8000
dPolE	378.258	90.000	99.9855	1.0000	0.0000	6.8000
uR	378.258	90.000	0.0003	1.0000	0.0000	6.8000
E	379.874	90.000	40.3599	197.1494	0.1319	0.2514	0.0000	6.8000
dPolE	379.874	90.000	99.9918	1.0000	0.0000	6.8000
uR	379.874	90.000	0.0003	1.0000	0.0000	6.8000
E	381.490	90.000	71.8730	3.5371	0.1203	0.3833	0.0000	6.8000
dPolE	381.490	90.000	99.9957	1.0000	0.0000	6.8000
uR	381.490	90.000	0.0002	1.0000	0.0000	6.8000
E	383.106	90.000	24.8945	22.0497	0.1299	0.3265	0.0000	6.8000
dPolE	383.106	90.000	99.9948	1.0000	0.0000	6.8000
uR	383.106	90.000	0.0002	1.0000	0.0000	6.8000
E	384.722	90.000	72.3941	107.0804	0.1255	0.4468	0.0000	6.8000
dPolE	384.722	90.000	99.9912	1.0000	0.0000	6.8000
uR	384.722	90.000	0.0003	1.0000	0.0000	6.8000
E	386.338	90.000	29.0060	353.6808	0.1189	0.2650	0.0000	6.8000
dPolE	386.338	90.000	99.9927	1.0000	0.0000	6.8000
uR	386.338	90.000	0.0003	1.0000	0.0000	6.8000
E	387.954	90.000	54.6967	137.1029	0.1241	0.2553	0.0000	6.8000
dPolE	387.954	90.000	99.9986	1.0000	0.0000	6.8000
uR	387.954	90.000	0.0002	1.0000	0.0000	6.8000
E	389.570	90.000	28.3722	8.9221	0.1144	0.2579	0.0000	6.8000
dPolE	389.570	90.000	99.9957	1.0000	0.0000	6.8000
uR	389.570	90.000	0.0003	1.0000	0.0000	6.8000
E	391.186	90.000	58.5378	283.7783	0.1189	0.2690	0.0000	6.8000
dPolE	391.186	90.000	99.9978	1.0000	0.0000	6.8000
uR	391.186	90.000	0.0002	1.0000	0.0000	6.8000
E	392.802	90.000	21.1887	12.6654	0.1260	0.3577	0.0000	6.8000
dPolE	392.802	90.000	99.9744	1.0000	0.0000	6.8000
uR	392.802	90.000	0.0003	1.0000	0.0000	6.8000
E	394.418	90.000	44.4870	39.4943	0.1214	0.2356	0.0000	6.8000
dPolE	394.418	90.000	99.9854	1.0000	0.0000	6.8000
uR	394.418	90.000	0.0003	1.0000	0.0000	6.8000
E	396.034	90.000	38.1636	358.3532	0.1245	0.2414	0.0000	6.8000
dPolE	396.034	90.000	99.9753	1.0000	0.0000	6.8000
uR	396.034	90.000	0.0003	1.0000	0.0000	6.8000
E	397.650	90.000	30.5166	355.3100	0.1127	0.2417	0.0000	6.8000
dPolE	397.650	90.000	99.9680	1.0000	0.0000	6.8000
uR	397.650	90.000	0.0004	1.0000	0.0000	6.8000
E	399.266	90.000	35.2391	6.0509	0.1217	0.2427	0.0000	6.8000
dPolE	399.266	90.000	99.9284	1.0000	0.0000	6.8000
uR	399.266	90.000	0.0005	1.0000	0.0000	6.8000
E	400.882	90.000	41.5622	23.2805	0.1199	0.2307	0.0000	6.8000
dPolE	400.882	90.000	99.9653	1.0000	0.0000	6.8000
uR	400.882	90.000	0.0004	1.0000	0.0000	6.8000
E	402.498	90.000	46.6131	16.8844	0.1191	0.2279	0.0000	6.8000
dPolE	402.498	90.000	99.8972	1.0000	0.0000	6.8000
uR	402.498	90.000	0.0007	1.0000	0.0000	6.8000
E	404.114	90.000	45.2210	27.2294	0.1170	0.2243	0.0000	6.8000
dPolE	404.114	90.000	99.9040	1.0000	0.0000	6.8000
uR	404.114	90.000	0.0006	1.0000	0.0000	6.8000
E	405.730	90.000	42.2729	7.3457	0.1177	0.2222	0.0000	6.8000
dPolE	405.730	90.000	99.8063	1.0000	0.0000	6.8000
uR	405.730	90.000	0.0009	1.0000	0.0000	6.8000
E	407.346	90.000	43.1866	13.5339	0.1189	0.2230	0.0000	6.8000
dPolE	407.346	90.000	99.7862	1.0000	0.0000	6.8000
uR	407.346	90.000	0.0010	1.0000	0.0000	6.8000
E	408.962	90.000	50.1804	15.2396	0.1149	0.2188	0.0000	6.8000
dPolE	408.962	90.000	99.5746	1.0000	0.0000	6.8000
uR	408.962	90.000	0.0013	1.0000	0.0000	6.8000
E	410.578	90.000	45.4347	17.8584	0.1193	0.2249	0.0000	6.8000
dPolE	410.578	90.000	99.3875	1.0000	0.0000	6.8000
uR	410.578	90.000	0.0015	1.0000	0.0000	6.8000
E	412.194	90.000	45.9558	16.7132	0.1154	0.2187	0.0000	6.8000
dPolE	412.194	90.000	99.2788	1.0000	0.0000	6.8000
uR	412.194	90.000	0.0017	1.0000	0.0000	6.8000
E	413.810	90.000	45.1247	12.6565	0.1166	0.2200	0.0000	6.8000
dPolE	413.810	90.000	98.8759	1.0000	0.0000	6.8000
uR	413.810	90.000	0.0022	1.0000	0.0000	6.8000
E	415.426	90.000	44.9228	14.2566	0.1159	0.2171	0.0000	6.8000
dPolE	415.426	90.000	98.7312	1.0000	0.0000	6.8000
uR	415.426	90.000	0.0022	1.0000	0.0000	6.8000
E	417.042	90.000	44.9570	13.7292	0.1114	0.2064	0.0000	6.8000
dPolE	417.042	90.000	98.3036	1.0000	0.0000	6.8000
uR	417.042	90.000	0.0025	1.0000	0.0000	6.8000
E	418.658	90.000	44.5960	12.0113	0.1103	0.2032	0.0000	6.8000
dPolE	418.658	90.000	97.5776	1.0000	0.0000	6.8000
uR	418.658	90.000	0.0031	1.0000	0.0000	6.8000
E	420.274	90.000	43.0312	11.7634	0.1108	0.2046	0.0000	6.8000
dPolE	420.274	90.000	97.1601	1.0000	0.0000	6.8000
uR	420.274	90.000	0.0033	1.0000	0.0000	6.8000
E	421.890	90.000	44.6745	11.0764	0.1095	0.2028	0.0000	6.8000
dPolE	421.890	90.000	96.9920	1.0000	0.0000	6.8000
uR	421.890	90.000	0.0037	1.0000	0.0000	6.8000
E	423.506	90.000	45.3522	12.3478	0.0976	0.1813	0.0000	6.8000
dPolE	423.506	90.000	96.7702	1.0000	0.0000	6.8000
uR	423.506	90.000	0.0039	1.0000	0.0000	6.8000
E	425.122	90.000	43.6112	10.7130	0.0999	0.1849	0.0000	6.8000
dPolE	425.122	90.000	96.4902	1.0000	0.0000	6.8000
uR	425.122	90.000	0.0043	1.0000	0.0000	6.8000
E	426.738	90.000	45.3681	10.1540	0.1002	0.1835	0.0000	6.8000
dPolE	426.738	90.000	95.3801	1.0000	0.0000	6.8000
uR	426.738	90.000	0.0048	1.0000	0.0000	6.8000
E	428.355	90.000	44.0697	9.8930	0.1034	0.1871	0.0000	6.8000
dPolE	428.355	90.000	95.0812	1.0000	0.0000	6.8000
uR	428.355	90.000	0.0052	1.0000	0.0000	6.8000
E	429.971	90.000	45.1308	9.6051	0.1014	0.1819	0.0000	6.8000
dPolE	429.971	90.000	94.7882	1.0000	0.0000	6.8000
uR	429.971	90.000	0.0053	1.0000	0.0000	6.8000
E	431.587	90.000	44.7507	10.0973	0.1013	0.1821	0.0000	6.8000
dPolE	431.587	90.000	93.4378	1.0000	0.0000	6.8000
uR	431.587	90.000	0.0060	1.0000	0.0000	6.8000
E	433.203	90.000	45.0652	10.4229	0.0913	0.1647	0.0000	6.8000
dPolE	433.203	90.000	93.6037	1.0000	0.0000	6.8000
uR	433.203	90.000	0.0063	1.0000	0.0000	6.8000
E	434.819	90.000	44.5044	10.2556	0.0922	0.1670	0.0000	6.8000
dPolE	434.819	90.000	93.0685	1.0000	0.0000	6.8000
uR	434.819	90.000	0.0066	1.0000	0.0000	6.8000
E	436.435	90.000	44.8011	9.7383	0.0929	0.1675	0.0000	6.8000
dPolE	436.435	90.000	91.5752	1.0000	0.0000	6.8000
uR	436.435	90.000	0.0071	1.0000	0.0000	6.8000
E	438.051	90.000	44.7837	9.2767	0.0967	0.1728	0.0000	6.8000
dPolE	438.051	90.000	90.4084	1.0000	0.0000	6.8000
uR	438.051	90.000	0.0074	1.0000	0.0000	6.8000
E	439.667	90.000	45.0890	8.7937	0.0992	0.1750	0.0000	6.8000
dPolE	439.667	90.000	88.9343	1.0000	0.0000	6.8000
uR	439.667	90.000	0.0080	1.0000	0.0000	6.8000
E	441.283	90.000	44.7830	8.1494	0.0956	0.1671	0.0000	6.8000
dPolE	441.283	90.000	87.5732	1.0000	0.0000	6.8000
uR	441.283	90.000	0.0085	1.0000	0.0000	6.8000
E	442.899	90.000	45.4095	8.7977	0.0885	0.1541	0.0000	6.8000
dPolE	442.899	90.000	87.6165	1.0000	0.0000	6.8000
uR	442.899	90.000	0.0088	1.0000	0.0000	6.8000
E	444.515	90.000	45.1671	8.4062	0.0936	0.1631	0.0000	6.8000
dPolE	444.515	90.000	86.8794	1.0000	0.0000	6.8000
uR	444.515	90.000	0.0091	1.0000	0.0000	6.8000
E	446.131	90.000	45.0207	9.1977	0.0900	0.1576	0.0000	6.8000
dPolE	446.131	90.000	86.9401	1.0000	0.0000	6.8000
uR	446.131	90.000	0.0095	1.0000	0.0000	6.8000
E	447.747	90.000	44.8397	9.0662	0.0915	0.1602	0.0000	6.8000
dPolE	447.747	90.000	85.5863	1.0000	0.0000	6.8000
uR	447.747	90.000	0.0099	1.0000	0.0000	6.8000
E	449.363	90.000	44.8361	7.4132	0.0881	0.1532	0.0000	6.8000
dPolE	449.363	90.000	83.9487	1.0000	0.0000	6.8000
uR	449.363	90.000	0.0102	1.0000	0.0000	6.8000
E	450.979	90.000	45.1243	7.3868	0.0868	0.1494	0.0000	6.8000
dPolE	450.979	90.000	80.4007	1.0000	0.0000	6.8000
uR	450.979	90.000	0.0108	1.0000	0.0000	6.8000
E	452.594	90.000	45.3521	7.9579	0.0869	0.1479	0.0000	6.8000
dPolE	452.594	90.000	79.2508	1.0000	0.0000	6.8000
uR	452.594	90.000	0.0112	1.0000	0.0000	6.8000
E	454.210	90.000	45.2406	7.7208	0.0864	0.1456	0.0000	6.8000
dPolE	454.210	90.000	80.0534	1.0000	0.0000	6.8000
uR	454.210	90.000	0.0118	1.0000	0.0000	6.8000
E	455.826	90.000	45.1250	7.8055	0.0870	0.1459	0.0000	6.8000
dPolE	455.826	90.000	79.0211	1.0000	0.0000	6.8000
uR	455.826	90.000	0.0121	1.0000	0.0000	6.8000
E	457.442	90.000	44.8925	7.0683	0.0844	0.1417	0.0000	6.8000
dPolE	457.442	90.000	78.7116	1.0000	0.0000	6.8000
uR	457.442	90.000	0.0121	1.0000	0.0000	6.8000
E	459.058	90.000	44.7347	7.2484	0.0850	0.1430	0.0000	6.8000
dPolE	459.058	90.000	76.6272	1.0000	0.0000	6.8000
uR	459.058	90.000	0.0125	1.0000	0.0000	6.8000
E	460.674	90.000	44.7849	7.2857	0.0815	0.1373	0.0000	6.8000
dPolE	460.674	90.000	76.1010	1.0000	0.0000	6.8000
uR	460.674	90.000	0.0127	1.0000	0.0000	6.8000
E	462.290	90.000	45.2254	7.0003	0.0770	0.1291	0.0000	6.8000
dPolE	462.290	90.000	72.8091	1.0000	0.0000	6.8000
uR	462.290	90.000	0.0134	1.0000	0.0000	6.8000
E	463.906	90.000	44.9218	6.5661	0.0738	0.1227	0.0000	6.8000
dPolE	463.906	90.000	70.2654	1.0000	0.0000	6.8000
uR	463.906	90.000	0.0138	1.0000	0.0000	6.8000
E	465.521	90.000	44.9544	7.0618	0.0738	0.1212	0.0000	6.8000
dPolE	465.521	90.000	68.4210	1.0000	0.0000	6.8000
uR	465.521	90.000	0.0140	1.0000	0.0000	6.8000
E	467.137	90.000	44.7651	6.6940	0.0724	0.1174	0.0000	6.8000
dPolE	467.137	90.000	66.2348	1.0000	0.0000	6.8000
uR	467.137	90.000	0.0142	1.0000	0.0000	6.8000
E	468.753	90.000	44.8878	6.2838	0.0700	0.1128	0.0000	6.8000
dPolE	468.753	90.000	62.2428	1.0000	0.0000	6.8000
uR	468.753	90.000	0.0144	1.0000	0.0000	6.8000
E	470.369	90.000	44.8943	6.3379	0.0695	0.1118	0.0000	6.8000
dPolE	470.369	90.000	62.7343	1.0000	0.0000	6.8000
uR	470.369	90.000	0.0150	1.0000	0.0000	6.8000
E	471.985	90.000	44.8182	6.0835	0.0741	0.1193	0.0000	6.8000
dPolE	471.985	90.000	64.9280	1.0000	0.0000	6.8000
uR	471.985	90.000	0.0154	1.0000	0.0000	6.8000
E	473.600	90.000	44.6638	5.7633	0.0745	0.1203	0.0000	6.8000
dPolE	473.600	90.000	64.7994	1.0000	0.0000	6.8000
uR	473.600	90.000	0.0157	1.0000	0.0000	6.8000
E	475.216	90.000	44.7617	6.1345	0.0753	0.1215	0.0000	6.8000
dPolE	475.216	90.000	67.9425	1.0000	0.0000	6.8000
uR	475.216	90.000	0.0160	1.0000	0.0000	6.8000
E	476.832	90.000	44.9754	6.2109	0.0771	0.1239	0.0000	6.8000
dPolE	476.832	90.000	69.0245	1.0000	0.0000	6.8000
uR	476.832	90.000	0.0164	1.0000	0.0000	6.8000
E	478.448	90.000	45.0171	5.5936	0.0811	0.1289	0.0000	6.8000
dPolE	478.448	90.000	68.1290	1.0000	0.0000	6.8000
uR	478.448	90.000	0.0167	1.0000	0.0000	6.8000
E	480.063	90.000	45.0706	5.8438	0.0766	0.1205	0.0000	6.8000
dPolE	480.063	90.000	66.9155	1.0000	0.0000	6.8000
uR	480.063	90.000	0.0169	1.0000	0.0000	6.8000
E	481.679	90.000	44.6986	5.8797	0.0710	0.1102	0.0000	6.8000
dPolE	481.679	90.000	67.4726	1.0000	0.0000	6.8000
uR	481.679	90.000	0.0171	1.0000	0.0000	6.8000
E	483.294	90.000	44.7453	5.7757	0.0743	0.1145	0.0000	6.8000
dPolE	483.294	90.000	63.8089	1.0000	0.0000	6.8000
uR	483.294	90.000	0.0172	1.0000	0.0000	6.8000
E	484.910	90.000	45.0531	5.7451	0.0746	0.1145	0.0000	6.8000
dPolE	484.910	90.000	65.6114	1.0000	0.0000	6.8000
uR	484.910	90.000	0.0175	1.0000	0.0000	6.8000
E	486.526	90.000	44.6769	5.6204	0.0745	0.1145	0.0000	6.8000
dPolE	486.526	90.000	67.5046	1.0000	0.0000	6.8000
uR	486.526	90.000	0.0179	1.0000	0.0000	6.8000
E	488.141	90.000	45.3379	5.7631	0.0755	0.1163	0.0000	6.8000
dPolE	488.141	90.000	65.1113	1.0000	0.0000	6.8000
uR	488.141	90.000	0.0184	1.0000	0.0000	6.8000
E	489.757	90.000	44.8488	5.5658	0.0777	0.1197	0.0000	6.8000
dPolE	489.757	90.000	65.4434	1.0000	0.0000	6.8000
uR	489.757	90.000	0.0184	1.0000	0.0000	6.8000
E	491.372	90.000	44.7549	5.2895	0.0729	0.1120	0.0000	6.8000
dPolE	491.372	90.000	63.5355	1.0000	0.0000	6.8000
uR	491.372	90.000	0.0185	1.0000	0.0000	6.8000
E	492.988	90.000	44.7187	5.3085	0.0737	0.1124	0.0000	6.8000
dPolE	492.988	90.000	62.0466	1.0000	0.0000	6.8000
uR	492.988	90.000	0.0189	1.0000	0.0000	6.8000
E	494.603	90.000	44.8411	5.1391	0.0742	0.1122	0.0000	6.8000
dPolE	494.603	90.000	61.9473	1.0000	0.0000	6.8000
uR	494.603	90.000	0.0194	1.0000	0.0000	6.8000
E	496.219	90.000	44.8762	4.8936	0.0741	0.1107	0.0000	6.8000
dPolE	496.219	90.000	63.7854	1.0000	0.0000	6.8000
uR	496.219	90.000	0.0194	1.0000	0.0000	6.8000
E	497.834	90.000	44.7812	4.8581	0.0767	0.1133	0.0000	6.8000
dPolE	497.834	90.000	62.5815	1.0000	0.0000	6.8000
uR	497.834	90.000	0.0198	1.0000	0.0000	6.8000
E	499.450	90.000	44.6024	5.1550	0.0751	0.1102	0.0000	6.8000
dPolE	499.450	90.000	63.1262	1.0000	0.0000	6.8000
uR	499.450	90.000	0.0199	1.0000	0.0000	6.8000
E	501.065	90.000	44.9361	4.6812	0.0776	0.1134	0.0000	6.8000
dPolE	501.065	90.000	64.6399	1.0000	0.0000	6.8000
uR	501.065	90.000	0.0197	1.0000	0.0000	6.8000
E	502.680	90.000	44.8815	5.0597	0.0756	0.1105	0.0000	6.8000
dPolE	502.680	90.000	63.2698	1.0000	0.0000	6.8000
uR	502.680	90.000	0.0201	1.0000	0.0000	6.8000
E	504.296	90.000	44.9692	4.4960	0.0739	0.1081	0.0000	6.8000
dPolE	504.296	90.000	63.3018	1.0000	0.0000	6.8000
uR	504.296	90.000	0.0201	1.0000	0.0000	6.8000
E	505.911	90.000	44.9099	4.5608	0.0762	0.1116	0.0000	6.8000
dPolE	505.911	90.000	63.4428	1.0000	0.0000	6.8000
uR	505.911	90.000	0.0204	1.0000	0.0000	6.8000
E	507.526	90.000	45.1627	4.5579	0.0744	0.1087	0.0000	6.8000
dPolE	507.526	90.000	60.8425	1.0000	0.0000	6.8000
uR	507.526	90.000	0.0207	1.0000	0.0000	6.8000
E	509.141	90.000	45.1301	4.5725	0.0750	0.1090	0.0000	6.8000
dPolE	509.141	90.000	60.4666	1.0000	0.0000	6.8000
uR	509.141	90.000	0.0208	1.0000	0.0000	6.8000
E	510.756	90.000	44.7317	4.3639	0.0751	0.1083	0.0000	6.8000
dPolE	510.756	90.000	61.0465	1.0000	0.0000	6.8000
uR	510.756	90.000	0.0210	1.0000	0.0000	6.8000
E	512.372	90.000	44.9747	4.2475	0.0753	0.1074	0.0000	6.8000
dPolE	512.372	90.000	61.8418	1.0000	0.0000	6.8000
uR	512.372	90.000	0.0216	1.0000	0.0000	6.8000
E	513.987	90.000	45.1166	4.7014	0.0760	0.1073	0.0000	6.8000
dPolE	513.987	90.000	60.7385	1.0000	0.0000	6.8000
uR	513.987	90.000	0.0230	1.0000	0.0000	6.8000
E	515.602	90.000	44.5735	4.3436	0.0784	0.1097	0.0000	6.8000
dPolE	515.602	90.000	61.0127	1.0000	0.0000	6.8000
uR	515.602	90.000	0.0241	1.0000	0.0000	6.8000
E	517.217	90.000	45.0747	4.5036	0.0832	0.1159	0.0000	6.8000
dPolE	517.217	90.000	61.8156	1.0000	0.0000	6.8000
uR	517.217	90.000	0.0234	1.0000	0.0000	6.8000
E	518.832	90.000	45.1496	4.6115	0.0826	0.1146	0.0000	6.8000
dPolE	518.832	90.000	64.0519	1.0000	0.0000	6.8000
uR	518.832	90.000	0.0223	1.0000	0.0000	6.8000
E	520.447	90.000	45.0953	3.9250	0.0873	0.1210	0.0000	6.8000
dPolE	520.447	90.000	65.4319	1.0000	0.0000	6.8000
uR	520.447	90.000	0.0211	1.0000	0.0000	6.8000
E	522.062	90.000	44.7822	4.0871	0.0802	0.1113	0.0000	6.8000
dPolE	522.062	90.000	63.1525	1.0000	0.0000	6.8000
uR	522.062	90.000	0.0205	1.0000	0.0000	6.8000
E	523.677	90.000	44.8137	4.2945	0.0812	0.1128	0.0000	6.8000
dPolE	523.677	90.000	60.2375	1.0000	0.0000	6.8000
uR	523.677	90.000	0.0216	1.0000	0.0000	6.8000
E	525.292	90.000	44.9827	3.8578	0.0755	0.1046	0.0000	6.8000
dPolE	525.292	90.000	58.5909	1.0000	0.0000	6.8000
uR	525.292	90.000	0.0223	1.0000	0.0000	6.8000
E	526.907	90.000	44.9989	3.8008	0.0767	0.1057	0.0000	6.8000
dPolE	526.907	90.000	57.6914	1.0000	0.0000	6.8000
uR	526.907	90.000	0.0223	1.0000	0.0000	6.8000
E	528.521	90.000	44.9960	3.8027	0.0769	0.1052	0.0000	6.8000
dPolE	528.521	90.000	58.3253	1.0000	0.0000	6.8000
uR	528.521	90.000	0.0227	1.0000	0.0000	6.8000
E	530.136	90.000	45.0550	3.5835	0.0759	0.1028	0.0000	6.8000
dPolE	530.136	90.000	57.5694	1.0000	0.0000	6.8000
uR	530.136	90.000	0.0223	1.0000	0.0000	6.8000
E	531.751	90.000	44.7539	3.7160	0.0754	0.1012	0.0000	6.8000
dPolE	531.751	90.000	58.6600	1.0000	0.0000	6.8000
uR	531.751	90.000	0.0226	1.0000	0.0000	6.8000
E	533.366	90.000	44.8688	3.9839	0.0804	0.1070	0.0000	6.8000
dPolE	533.366	90.000	57.8233	1.0000	0.0000	6.8000
uR	533.366	90.000	0.0229	1.0000	0.0000	6.8000
E	534.980	90.000	44.7667	3.5087	0.0771	0.1018	0.0000	6.8000
dPolE	534.980	90.000	56.8209	1.0000	0.0000	6.8000
uR	534.980	90.000	0.0229	1.0000	0.0000	6.8000
E	536.595	90.000	45.0526	3.6909	0.0797	0.1048	0.0000	6.8000
dPolE	536.595	90.000	57.0222	1.0000	0.0000	6.8000
uR	536.595	90.000	0.0231	1.0000	0.0000	6.8000
E	538.210	90.000	44.9022	3.4719	0.0770	0.1010	0.0000	6.8000
dPolE	538.210	90.000	59.0298	1.0000	0.0000	6.8000
uR	538.210	90.000	0.0231	1.0000	0.0000	6.8000
E	539.824	90.000	44.7138	3.6578	0.0772	0.1014	0.0000	6.8000
dPolE	539.824	90.000	56.7360	1.0000	0.0000	6.8000
uR	539.824	90.000	0.0230	1.0000	0.0000	6.8000
E	541.439	90.000	45.0015	3.3881	0.0786	0.1034	0.0000	6.8000
dPolE	541.439	90.000	56.7697	1.0000	0.0000	6.8000
uR	541.439	90.000	0.0232	1.0000	0.0000	6.8000
E	543.053	90.000	44.9593	3.5026	0.0782	0.1027	0.0000	6.8000
dPolE	543.053	90.000	57.7264	1.0000	0.0000	6.8000
uR	543.053	90.000	0.0233	1.0000	0.0000	6.8000
E	544.668	90.000	44.8384	3.3775	0.0801	0.1051	0.0000	6.8000
dPolE	544.668	90.000	55.8382	1.0000	0.0000	6.8000
uR	544.668	90.000	0.0231	1.0000	0.0000	6.8000
E	546.282	90.000	44.9954	3.3106	0.0811	0.1059	0.0000	6.8000
dPolE	546.282	90.000	57.1802	1.0000	0.0000	6.8000
uR	546.282	90.000	0.0234	1.0000	0.0000	6.8000
E	547.896	90.000	44.9033	3.3897	0.0838	0.1084	0.0000	6.8000
dPolE	547.896	90.000	55.2417	1.0000	0.0000	6.8000
uR	547.896	90.000	0.0236	1.0000	0.0000	6.8000
E	549.511	90.000	44.9063	3.1129	0.0818	0.1050	0.0000	6.8000
dPolE	549.511	90.000	56.0740	1.0000	0.0000	6.8000
uR	549.511	90.000	0.0235	1.0000	0.0000	6.8000
E	551.125	90.000	44.8075	3.1178	0.0797	0.1012	0.0000	6.8000
dPolE	551.125	90.000	55.8058	1.0000	0.0000	6.8000
uR	551.125	90.000	0.0234	1.0000	0.0000	6.8000
E	552.739	90.000	45.0066	3.3021	0.0816	0.1027	0.0000	6.8000
dPolE	552.739	90.000	55.2682	1.0000	0.0000	6.8000
uR	552.739	90.000	0.0233	1.0000	0.0000	6.8000
E	554.353	90.000	44.9725	2.7108	0.0823	0.1029	0.0000	6.8000
dPolE	554.353	90.000	56.0170	1.0000	0.0000	6.8000
uR	554.353	90.000	0.0234	1.0000	0.0000	6.8000
E	555.968	90.000	44.9090	2.9396	0.0783	0.0974	0.0000	6.8000
dPolE	555.968	90.000	54.5865	1.0000	0.0000	6.8000
uR	555.968	90.000	0.0234	1.0000	0.0000	6.8000
E	557.582	90.000	45.0093	2.6901	0.0814	0.1010	0.0000	6.8000
dPolE	557.582	90.000	53.3560	1.0000	0.0000	6.8000
uR	557.582	90.000	0.0236	1.0000	0.0000	6.8000
E	559.196	90.000	44.9581	2.6575	0.0819	0.1014	0.0000	6.8000
dPolE	559.196	90.000	54.2375	1.0000	0.0000	6.8000
uR	559.196	90.000	0.0235	1.0000	0.0000	6.8000
E	560.810	90.000	44.8234	3.0121	0.0777	0.0962	0.0000	6.8000
dPolE	560.810	90.000	55.6637	1.0000	0.0000	6.8000
uR	560.810	90.000	0.0237	1.0000	0.0000	6.8000
E	562.424	90.000	44.8528	2.9934	0.0824	0.1023	0.0000	6.8000
dPolE	562.424	90.000	52.9977	1.0000	0.0000	6.8000
uR	562.424	90.000	0.0238	1.0000	0.0000	6.8000
E	564.038	90.000	45.0056	2.5532	0.0813	0.1007	0.0000	6.8000
dPolE	564.038	90.000	50.9432	1.0000	0.0000	6.8000
uR	564.038	90.000	0.0239	1.0000	0.0000	6.8000
E	565.651	90.000	45.0125	2.4621	0.0798	0.0986	0.0000	6.8000
dPolE	565.651	90.000	55.2305	1.0000	0.0000	6.8000
uR	565.651	90.000	0.0238	1.0000	0.0000	6.8000
E	567.265	90.000	45.0821	2.6292	0.0818	0.1007	0.0000	6.8000
dPolE	567.265	90.000	51.1113	1.0000	0.0000	6.8000
uR	567.265	90.000	0.0240	1.0000	0.0000	6.8000
E	568.879	90.000	44.9966	2.7283	0.0832	0.1017	0.0000	6.8000
dPolE	568.879	90.000	52.6583	1.0000	0.0000	6.8000
uR	568.879	90.000	0.0238	1.0000	0.0000	6.8000
E	570.493	90.000	44.9910	2.9153	0.0822	0.0998	0.0000	6.8000
dPolE	570.493	90.000	51.7280	1.0000	0.0000	6.8000
uR	570.493	90.000	0.0237	1.0000	0.0000	6.8000
E	572.106	90.000	45.0154	2.6130	0.0811	0.0976	0.0000	6.8000
dPolE	572.106	90.000	50.1255	1.0000	0.0000	6.8000
uR	572.106	90.000	0.0236	1.0000	0.0000	6.8000
E	573.720	90.000	44.8177	2.5088	0.0824	0.0983	0.0000	6.8000
dPolE	573.720	90.000	50.2536	1.0000	0.0000	6.8000
uR	573.720	90.000	0.0235	1.0000	0.0000	6.8000
E	575.333	90.000	44.8621	2.3984	0.0860	0.1016	0.0000	6.8000
dPolE	575.333	90.000	51.0446	1.0000	0.0000	6.8000
uR	575.333	90.000	0.0237	1.0000	0.0000	6.8000
E	576.947	90.000	44.9288	2.3437	0.0830	0.0975	0.0000	6.8000
dPolE	576.947	90.000	51.7220	1.0000	0.0000	6.8000
uR	576.947	90.000	0.0240	1.0000	0.0000	6.8000
E	578.560	90.000	44.9300	2.4686	0.0848	0.0992	0.0000	6.8000
dPolE	578.560	90.000	50.7045	1.0000	0.0000	6.8000
uR	578.560	90.000	0.0243	1.0000	0.0000	6.8000
E	580.174	90.000	44.8132	2.4047	0.0864	0.1007	0.0000	6.8000
dPolE	580.174	90.000	49.7394	1.0000	0.0000	6.8000
uR	580.174	90.000	0.0243	1.0000	0.0000	6.8000
E	581.787	90.000	44.8292	2.2221	0.0802	0.0935	0.0000	6.8000
dPolE	581.787	90.000	50.2307	1.0000	0.0000	6.8000
uR	581.787	90.000	0.0243	1.0000	0.0000	6.8000
E	583.400	90.000	45.2903	2.4870	0.0851	0.0991	0.0000	6.8000
dPolE	583.400	90.000	49.9666	1.0000	0.0000	6.8000
uR	583.400	90.000	0.0242	1.0000	0.0000	6.8000
E	585.014	90.000	44.9841	2.3818	0.0827	0.0965	0.0000	6.8000
dPolE	585.014	90.000	49.9316	1.0000	0.0000	6.8000
uR	585.014	90.000	0.0239	1.0000	0.0000	6.8000
E	586.627	90.000	44.7431	2.3338	0.0808	0.0942	0.0000	6.8000
dPolE	586.627	90.000	49.2589	1.0000	0.0000	6.8000
uR	586.627	90.000	0.0241	1.0000	0.0000	6.8000
E	588.240	90.000	44.9735	2.3868	0.0834	0.0969	0.0000	6.8000
dPolE	588.240	90.000	50.1645	1.0000	0.0000	6.8000
uR	588.240	90.000	0.0241	1.0000	0.0000	6.8000
E	589.853	90.000	44.8775	2.3784	0.0809	0.0938	0.0000	6.8000
dPolE	589.853	90.000	50.1888	1.0000	0.0000	6.8000
uR	589.853	90.000	0.0239	1.0000	0.0000	6.8000
E	591.466	90.000	44.8296	2.3177	0.0857	0.0988	0.0000	6.8000
dPolE	591.466	90.000	49.9998	1.0000	0.0000	6.8000
uR	591.466	90.000	0.0240	1.0000	0.0000	6.8000
E	593.079	90.000	44.9515	2.3058	0.0854	0.0978	0.0000	6.8000
dPolE	593.079	90.000	49.3148	1.0000	0.0000	6.8000
uR	593.079	90.000	0.0242	1.0000	0.0000	6.8000
E	594.692	90.000	44.7723	1.8144	0.0886	0.1004	0.0000	6.8000
dPolE	594.692	90.000	49.2674	1.0000	0.0000	6.8000
uR	594.692	90.000	0.0243	1.0000	0.0000	6.8000
E	596.305	90.000	44.7748	2.1824	0.0868	0.0977	0.0000	6.8000
dPolE	596.305	90.000	50.1667	1.0000	0.0000	6.8000
uR	596.305	90.000	0.0241	1.0000	0.0000	6.8000
E	597.918	90.000	44.7892	2.2347	0.0858	0.0959	0.0000	6.8000
dPolE	597.918	90.000	51.4850	1.0000	0.0000	6.8000
uR	597.918	90.000	0.0244	1.0000	0.0000	6.8000
E	599.530	90.000	44.8322	2.3166	0.0887	0.0985	0.0000	6.8000
dPolE	599.530	90.000	48.1295	1.0000	0.0000	6.8000
uR	599.530	90.000	0.0248	1.0000	0.0000	6.8000
E	601.143	90.000	44.6496	2.0013	0.0899	0.0993	0.0000	6.8000
dPolE	601.143	90.000	47.4880	1.0000	0.0000	6.8000
uR	601.143	90.000	0.0246	1.0000	0.0000	6.8000
E	602.755	90.000	45.0160	1.9392	0.0914	0.1005	0.0000	6.8000
dPolE	602.755	90.000	47.4748	1.0000	0.0000	6.8000
uR	602.755	90.000	0.0246	1.0000	0.0000	6.8000
E	604.368	90.000	44.9744	1.7913	0.0910	0.0997	0.0000	6.8000
dPolE	604.368	90.000	48.5087	1.0000	0.0000	6.8000
uR	604.368	90.000	0.0249	1.0000	0.0000	6.8000
E	605.981	90.000	44.6315	2.0694	0.0883	0.0968	0.0000	6.8000
dPolE	605.981	90.000	48.9845	1.0000	0.0000	6.8000
uR	605.981	90.000	0.0249	1.0000	0.0000	6.8000
E	607.593	90.000	44.7318	1.9519	0.0873	0.0957	0.0000	6.8000
dPolE	607.593	90.000	48.4185	1.0000	0.0000	6.8000
uR	607.593	90.000	0.0248	1.0000	0.0000	6.8000
E	609.205	90.000	44.8780	1.8094	0.0898	0.0984	0.0000	6.8000
dPolE	609.205	90.000	46.9669	1.0000	0.0000	6.8000
uR	609.205	90.000	0.0245	1.0000	0.0000	6.8000
E	610.818	90.000	44.9543	1.8000	0.0866	0.0948	0.0000	6.8000
dPolE	610.818	90.000	50.2758	1.0000	0.0000	6.8000
uR	610.818	90.000	0.0247	1.0000	0.0000	6.8000
E	612.430	90.000	44.9741	1.9903	0.0881	0.0963	0.0000	6.8000
dPolE	612.430	90.000	48.3429	1.0000	0.0000	6.8000
uR	612.430	90.000	0.0245	1.0000	0.0000	6.8000
E	614.042	90.000	45.0108	1.8905	0.0846	0.0923	0.0000	6.8000
dPolE	614.042	90.000	49.6312	1.0000	0.0000	6.8000
uR	614.042	90.000	0.0243	1.0000	0.0000	6.8000
E	615.654	90.000	45.0972	1.9683	0.0913	0.0990	0.0000	6.8000
dPolE	615.654	90.000	45.1315	1.0000	0.0000	6.8000
uR	615.654	90.000	0.0244	1.0000	0.0000	6.8000
E	617.266	90.000	44.7419	1.8033	0.0912	0.0984	0.0000	6.8000
dPolE	617.266	90.000	47.5875	1.0000	0.0000	6.8000
uR	617.266	90.000	0.0247	1.0000	0.0000	6.8000
E	618.878	90.000	44.9843	2.0604	0.0863	0.0926	0.0000	6.8000
dPolE	618.878	90.000	46.9045	1.0000	0.0000	6.8000
uR	618.878	90.000	0.0249	1.0000	0.0000	6.8000
E	620.490	90.000	44.9851	1.8372	0.0887	0.0944	0.0000	6.8000
dPolE	620.490	90.000	45.5268	1.0000	0.0000	6.8000
uR	620.490	90.000	0.0245	1.0000	0.0000	6.8000
E	622.102	90.000	44.9721	1.6002	0.0872	0.0921	0.0000	6.8000
dPolE	622.102	90.000	44.3140	1.0000	0.0000	6.8000
uR	622.102	90.000	0.0247	1.0000	0.0000	6.8000
E	623.714	90.000	45.0668	1.6861	0.0903	0.0946	0.0000	6.8000
dPolE	623.714	90.000	45.3731	1.0000	0.0000	6.8000
uR	623.714	90.000	0.0244	1.0000	0.0000	6.8000
E	625.325	90.000	45.0064	1.7206	0.0921	0.0959	0.0000	6.8000
dPolE	625.325	90.000	48.3992	1.0000	0.0000	6.8000
uR	625.325	90.000	0.0244	1.0000	0.0000	6.8000
E	626.937	90.000	45.0293	2.0150	0.0910	0.0943	0.0000	6.8000
dPolE	626.937	90.000	44.8313	1.0000	0.0000	6.8000
uR	626.937	90.000	0.0246	1.0000	0.0000	6.8000
E	628.548	90.000	44.9569	1.7791	0.0948	0.0979	0.0000	6.8000
dPolE	628.548	90.000	45.0580	1.0000	0.0000	6.8000
uR	628.548	90.000	0.0248	1.0000	0.0000	6.8000
E	630.160	90.000	44.9294	1.8513	0.0972	0.1000	0.0000	6.8000
dPolE	630.160	90.000	43.9597	1.0000	0.0000	6.8000
uR	630.160	90.000	0.0247	1.0000	0.0000	6.8000
E	631.771	90.000	45.1114	1.8855	0.0931	0.0957	0.0000	6.8000
dPolE	631.771	90.000	43.6241	1.0000	0.0000	6.8000
uR	631.771	90.000	0.0250	1.0000	0.0000	6.8000
E	633.383	90.000	44.9854	1.7467	0.0928	0.0954	0.0000	6.8000
dPolE	633.383	90.000	45.4980	1.0000	0.0000	6.8000
uR	633.383	90.000	0.0249	1.0000	0.0000	6.8000
E	634.994	90.000	44.7750	1.6140	0.0985	0.1011	0.0000	6.8000
dPolE	634.994	90.000	42.4175	1.0000	0.0000	6.8000
uR	634.994	90.000	0.0246	1.0000	0.0000	6.8000
E	636.605	90.000	45.1638	1.4115	0.0933	0.0958	0.0000	6.8000
dPolE	636.605	90.000	45.8893	1.0000	0.0000	6.8000
uR	636.605	90.000	0.0246	1.0000	0.0000	6.8000
E	638.216	90.000	44.8735	1.1622	0.0975	0.1000	0.0000	6.8000
dPolE	638.216	90.000	47.2690	1.0000	0.0000	6.8000
uR	638.216	90.000	0.0248	1.0000	0.0000	6.8000
E	639.827	90.000	45.1275	1.7695	0.0987	0.1011	0.0000	6.8000
dPolE	639.827	90.000	45.0245	1.0000	0.0000	6.8000
uR	639.827	90.000	0.0251	1.0000	0.0000	6.8000
E	641.438	90.000	44.9132	1.3433	0.0964	0.0984	0.0000	6.8000
dPolE	641.438	90.000	47.7715	1.0000	0.0000	6.8000
uR	641.438	90.000	0.0245	1.0000	0.0000	6.8000
E	643.049	90.000	45.0910	1.5669	0.1014	0.1032	0.0000	6.8000
dPolE	643.049	90.000	44.8346	1.0000	0.0000	6.8000
uR	643.049	90.000	0.0244	1.0000	0.0000	6.8000
E	644.660	90.000	44.9430	1.5188	0.0998	0.1011	0.0000	6.8000
dPolE	644.660	90.000	44.2404	1.0000	0.0000	6.8000
uR	644.660	90.000	0.0246	1.0000	0.0000	6.8000
E	646.271	90.000	44.7017	1.4962	0.0981	0.0987	0.0000	6.8000
dPolE	646.271	90.000	45.1989	1.0000	0.0000	6.8000
uR	646.271	90.000	0.0249	1.0000	0.0000	6.8000
E	647.881	90.000	44.9067	1.3690	0.0993	0.0993	0.0000	6.8000
dPolE	647.881	90.000	41.2421	1.0000	0.0000	6.8000
uR	647.881	90.000	0.0252	1.0000	0.0000	6.8000
E	649.492	90.000	44.6816	1.5005	0.0985	0.0978	0.0000	6.8000
dPolE	649.492	90.000	41.5647	1.0000	0.0000	6.8000
uR	649.492	90.000	0.0250	1.0000	0.0000	6.8000
E	651.103	90.000	44.8699	1.6192	0.1021	0.1006	0.0000	6.8000
dPolE	651.103	90.000	42.0333	1.0000	0.0000	6.8000
uR	651.103	90.000	0.0251	1.0000	0.0000	6.8000
E	652.713	90.000	45.1349	1.5507	0.1043	0.1022	0.0000	6.8000
dPolE	652.713	90.000	44.6401	1.0000	0.0000	6.8000
uR	652.713	90.000	0.0252	1.0000	0.0000	6.8000
E	654.323	90.000	45.2433	1.4510	0.1036	0.1009	0.0000	6.8000
dPolE	654.323	90.000	44.7780	1.0000	0.0000	6.8000
uR	654.323	90.000	0.0253	1.0000	0.0000	6.8000
E	655.934	90.000	44.7711	1.3009	0.1006	0.0975	0.0000	6.8000
dPolE	655.934	90.000	44.7004	1.0000	0.0000	6.8000
uR	655.934	90.000	0.0253	1.0000	0.0000	6.8000
E	657.544	90.000	44.8980	1.3893	0.1053	0.1017	0.0000	6.8000
dPolE	657.544	90.000	43.8229	1.0000	0.0000	6.8000
uR	657.544	90.000	0.0250	1.0000	0.0000	6.8000
E	659.154	90.000	44.8697	1.2664	0.1076	0.1038	0.0000	6.8000
dPolE	659.154	90.000	44.2909	1.0000	0.0000	6.8000
uR	659.154	90.000	0.0251	1.0000	0.0000	6.8000
E	660.764	90.000	44.7356	1.4676	0.1147	0.1104	0.0000	6.8000
dPolE	660.764	90.000	43.8806	1.0000	0.0000	6.8000
uR	660.764	90.000	0.0252	1.0000	0.0000	6.8000
E	662.374	90.000	45.2149	1.2122	0.1037	0.0997	0.0000	6.8000
dPolE	662.374	90.000	43.6715	1.0000	0.0000	6.8000
uR	662.374	90.000	0.0253	1.0000	0.0000	6.8000
E	663.984	90.000	44.8292	1.3243	0.1050	0.1009	0.0000	6.8000
dPolE	663.984	90.000	45.2187	1.0000	0.0000	6.8000
uR	663.984	90.000	0.0250	1.0000	0.0000	6.8000
E	665.594	90.000	44.8824	1.3612	0.1004	0.0965	0.0000	6.8000
dPolE	665.594	90.000	46.1535	1.0000	0.0000	6.8000
uR	665.594	90.000	0.0251	1.0000	0.0000	6.8000
E	667.204	90.000	44.8479	1.4171	0.1015	0.0975	0.0000	6.8000
dPolE	667.204	90.000	45.2183	1.0000	0.0000	6.8000
uR	667.204	90.000	0.0248	1.0000	0.0000	6.8000
E	668.813	90.000	45.0536	1.3720	0.1079	0.1035	0.0000	6.8000
dPolE	668.813	90.000	41.4723	1.0000	0.0000	6.8000
uR	668.813	90.000	0.0248	1.0000	0.0000	6.8000
E	670.423	90.000	44.9183	1.4051	0.1031	0.0986	0.0000	6.8000
dPolE	670.423	90.000	42.3130	1.0000	0.0000	6.8000
uR	670.423	90.000	0.0246	1.0000	0.0000	6.8000
E	672.032	90.000	45.1003	1.2244	0.1045	0.0998	0.0000	6.8000
dPolE	672.032	90.000	41.1252	1.0000	0.0000	6.8000
uR	672.032	90.000	0.0251	1.0000	0.0000	6.8000
E	673.642	90.000	44.9807	1.0935	0.1024	0.0974	0.0000	6.8000
dPolE	673.642	90.000	39.3456	1.0000	0.0000	6.8000
uR	673.642	90.000	0.0252	1.0000	0.0000	6.8000
E	675.251	90.000	44.7010	1.1064	0.1081	0.1024	0.0000	6.8000
dPolE	675.251	90.000	44.2683	1.0000	0.0000	6.8000
uR	675.251	90.000	0.0252	1.0000	0.0000	6.8000
E	676.860	90.000	44.9724	1.0475	0.1078	0.1015	0.0000	6.8000
dPolE	676.860	90.000	41.8246	1.0000	0.0000	6.8000
uR	676.860	90.000	0.0251	1.0000	0.0000	6.8000
E	678.469	90.000	44.9679	1.0498	0.1111	0.1040	0.0000	6.8000
dPolE	678.469	90.000	41.2546	1.0000	0.0000	6.8000
uR	678.469	90.000	0.0250	1.0000	0.0000	6.8000
E	680.079	90.000	44.7110	0.8952	0.1126	0.1048	0.0000	6.8000
dPolE	680.079	90.000	42.1581	1.0000	0.0000	6.8000
uR	680.079	90.000	0.0248	1.0000	0.0000	6.8000
E	681.688	90.000	44.9783	1.0969	0.1041	0.0962	0.0000	6.8000
dPolE	681.688	90.000	42.3575	1.0000	0.0000	6.8000
uR	681.688	90.000	0.0254	1.0000	0.0000	6.8000
E	683.296	90.000	45.0129	1.0718	0.1087	0.0997	0.0000	6.8000
dPolE	683.296	90.000	38.5775	1.0000	0.0000	6.8000
uR	683.296	90.000	0.0252	1.0000	0.0000	6.8000
E	684.905	90.000	44.7794	1.0720	0.1032	0.0942	0.0000	6.8000
dPolE	684.905	90.000	35.8737	1.0000	0.0000	6.8000
uR	684.905	90.000	0.0251	1.0000	0.0000	6.8000
E	686.514	90.000	44.6577	0.9793	0.1033	0.0937	0.0000	6.8000
dPolE	686.514	90.000	37.9989	1.0000	0.0000	6.8000
uR	686.514	90.000	0.0245	1.0000	0.0000	6.8000
E	688.123	90.000	44.8059	1.0227	0.0997	0.0901	0.0000	6.8000
dPolE	688.123	90.000	40.3686	1.0000	0.0000	6.8000
uR	688.123	90.000	0.0243	1.0000	0.0000	6.8000
E	689.731	90.000	44.9158	0.7972	0.1018	0.0917	0.0000	6.8000
dPolE	689.731	90.000	36.6065	1.0000	0.0000	6.8000
uR	689.731	90.000	0.0243	1.0000	0.0000	6.8000
E	691.340	90.000	45.0245	1.2762	0.0966	0.0868	0.0000	6.8000
dPolE	691.340	90.000	40.3306	1.0000	0.0000	6.8000
uR	691.340	90.000	0.0246	1.0000	0.0000	6.8000
E	692.948	90.000	45.1707	1.2460	0.1089	0.0977	0.0000	6.8000
dPolE	692.948	90.000	38.0959	1.0000	0.0000	6.8000
uR	692.948	90.000	0.0251	1.0000	0.0000	6.8000
E	694.556	90.000	44.7329	0.7832	0.1109	0.0994	0.0000	6.8000
dPolE	694.556	90.000	42.2781	1.0000	0.0000	6.8000
uR	694.556	90.000	0.0247	1.0000	0.0000	6.8000
E	696.164	90.000	45.2072	1.1529	0.1140	0.1022	0.0000	6.8000
dPolE	696.164	90.000	40.7219	1.0000	0.0000	6.8000
uR	696.164	90.000	0.0247	1.0000	0.0000	6.8000
E	697.772	90.000	45.1537	0.8588	0.1191	0.1067	0.0000	6.8000
dPolE	697.772	90.000	41.8129	1.0000	0.0000	6.8000
uR	697.772	90.000	0.0244	1.0000	0.0000	6.8000
E	699.380	90.000	45.0593	1.2555	0.1214	0.1089	0.0000	6.8000
dPolE	699.380	90.000	43.8911	1.0000	0.0000	6.8000
uR	699.380	90.000	0.0241	1.0000	0.0000	6.8000
E	700.988	90.000	44.7987	0.8174	0.1206	0.1078	0.0000	6.8000
dPolE	700.988	90.000	43.1337	1.0000	0.0000	6.8000
uR	700.988	90.000	0.0244	1.0000	0.0000	6.8000
E	702.596	90.000	44.9500	0.7129	0.1186	0.1059	0.0000	6.8000
dPolE	702.596	90.000	42.7993	1.0000	0.0000	6.8000
uR	702.596	90.000	0.0246	1.0000	0.0000	6.8000
E	704.204	90.000	45.0589	1.0914	0.1289	0.1150	0.0000	6.8000
dPolE	704.204	90.000	43.0680	1.0000	0.0000	6.8000
uR	704.204	90.000	0.0246	1.0000	0.0000	6.8000
E	705.811	90.000	44.9843	0.8933	0.1230	0.1091	0.0000	6.8000
dPolE	705.811	90.000	43.8798	1.0000	0.0000	6.8000
uR	705.811	90.000	0.0249	1.0000	0.0000	6.8000
E	707.419	90.000	44.6813	1.2455	0.1205	0.1067	0.0000	6.8000
dPolE	707.419	90.000	42.1712	1.0000	0.0000	6.8000
uR	707.419	90.000	0.0252	1.0000	0.0000	6.8000
E	709.026	90.000	44.9514	1.0823	0.1220	0.1076	0.0000	6.8000
dPolE	709.026	90.000	38.5253	1.0000	0.0000	6.8000
uR	709.026	90.000	0.0253	1.0000	0.0000	6.8000
E	710.634	90.000	44.7992	0.7584	0.1156	0.1015	0.0000	6.8000
dPolE	710.634	90.000	40.9404	1.0000	0.0000	6.8000
uR	710.634	90.000	0.0260	1.0000	0.0000	6.8000
E	712.241	90.000	45.4400	0.8287	0.1262	0.1102	0.0000	6.8000
dPolE	712.241	90.000	40.5017	1.0000	0.0000	6.8000
uR	712.241	90.000	0.0280	1.0000	0.0000	6.8000
E	713.848	90.000	44.9961	0.9479	0.1396	0.1212	0.0000	6.8000
dPolE	713.848	90.000	42.6770	1.0000	0.0000	6.8000
uR	713.848	90.000	0.0274	1.0000	0.0000	6.8000
E	715.455	90.000	44.9579	0.7633	0.1424	0.1228	0.0000	6.8000
dPolE	715.455	90.000	45.2826	1.0000	0.0000	6.8000
uR	715.455	90.000	0.0244	1.0000	0.0000	6.8000
E	717.062	90.000	45.1462	0.8539	0.1391	0.1194	0.0000	6.8000
dPolE	717.062	90.000	44.5305	1.0000	0.0000	6.8000
uR	717.062	90.000	0.0226	1.0000	0.0000	6.8000
E	718.669	90.000	45.1592	0.9030	0.1295	0.1107	0.0000	6.8000
dPolE	718.669	90.000	41.2537	1.0000	0.0000	6.8000
uR	718.669	90.000	0.0240	1.0000	0.0000	6.8000
E	720.276	90.000	45.0718	0.9336	0.1272	0.1083	0.0000	6.8000
dPolE	720.276	90.000	44.3580	1.0000	0.0000	6.8000
uR	720.276	90.000	0.0257	1.0000	0.0000	6.8000
E	721.882	90.000	45.1617	0.8592	0.1344	0.1138	0.0000	6.8000
dPolE	721.882	90.000	44.8904	1.0000	0.0000	6.8000
uR	721.882	90.000	0.0259	1.0000	0.0000	6.8000
E	723.489	90.000	44.8868	0.8778	0.1435	0.1210	0.0000	6.8000
dPolE	723.489	90.000	40.6882	1.0000	0.0000	6.8000
uR	723.489	90.000	0.0252	1.0000	0.0000	6.8000
E	725.095	90.000	44.9229	0.7152	0.1379	0.1160	0.0000	6.8000
dPolE	725.095	90.000	41.9450	1.0000	0.0000	6.8000
uR	725.095	90.000	0.0261	1.0000	0.0000	6.8000
E	726.701	90.000	45.0596	0.9139	0.1397	0.1172	0.0000	6.8000
dPolE	726.701	90.000	40.2412	1.0000	0.0000	6.8000
uR	726.701	90.000	0.0260	1.0000	0.0000	6.8000
E	728.308	90.000	44.6196	1.3901	0.1376	0.1154	0.0000	6.8000
dPolE	728.308	90.000	43.6392	1.0000	0.0000	6.8000
uR	728.308	90.000	0.0252	1.0000	0.0000	6.8000
E	729.914	90.000	45.1062	0.9039	0.1341	0.1120	0.0000	6.8000
dPolE	729.914	90.000	38.2801	1.0000	0.0000	6.8000
uR	729.914	90.000	0.0256	1.0000	0.0000	6.8000
E	731.520	90.000	45.1608	0.6887	0.1291	0.1079	0.0000	6.8000
dPolE	731.520	90.000	36.6325	1.0000	0.0000	6.8000
uR	731.520	90.000	0.0257	1.0000	0.0000	6.8000
E	733.126	90.000	44.8880	0.8013	0.1207	0.1008	0.0000	6.8000
dPolE	733.126	90.000	38.6251	1.0000	0.0000	6.8000
uR	733.126	90.000	0.0254	1.0000	0.0000	6.8000
E	734.732	90.000	44.5698	0.7463	0.1207	0.1008	0.0000	6.8000
dPolE	734.732	90.000	36.2960	1.0000	0.0000	6.8000
uR	734.732	90.000	0.0259	1.0000	0.0000	6.8000
E	736.337	90.000	44.8795	0.9893	0.1216	0.1015	0.0000	6.8000
dPolE	736.337	90.000	42.4554	1.0000	0.0000	6.8000
uR	736.337	90.000	0.0256	1.0000	0.0000	6.8000
E	737.943	90.000	44.8096	0.8089	0.1336	0.1115	0.0000	6.8000
dPolE	737.943	90.000	41.6028	1.0000	0.0000	6.8000
uR	737.943	90.000	0.0254	1.0000	0.0000	6.8000
E	739.548	90.000	45.0292	0.5781	0.1308	0.1087	0.0000	6.8000
dPolE	739.548	90.000	36.6164	1.0000	0.0000	6.8000
uR	739.548	90.000	0.0255	1.0000	0.0000	6.8000
E	741.154	90.000	44.8529	1.0896	0.1336	0.1111	0.0000	6.8000
dPolE	741.154	90.000	39.4419	1.0000	0.0000	6.8000
uR	741.154	90.000	0.0252	1.0000	0.0000	6.8000
E	742.759	90.000	45.0026	0.8123	0.1363	0.1129	0.0000	6.8000
dPolE	742.759	90.000	37.3045	1.0000	0.0000	6.8000
uR	742.759	90.000	0.0251	1.0000	0.0000	6.8000
E	744.364	90.000	44.6395	1.0641	0.1405	0.1160	0.0000	6.8000
dPolE	744.364	90.000	39.5563	1.0000	0.0000	6.8000
uR	744.364	90.000	0.0250	1.0000	0.0000	6.8000
E	745.969	90.000	44.9708	1.2749	0.1456	0.1197	0.0000	6.8000
dPolE	745.969	90.000	40.2857	1.0000	0.0000	6.8000
uR	745.969	90.000	0.0256	1.0000	0.0000	6.8000
E	747.574	90.000	44.5209	1.0778	0.1395	0.1143	0.0000	6.8000
dPolE	747.574	90.000	41.2611	1.0000	0.0000	6.8000
uR	747.574	90.000	0.0254	1.0000	0.0000	6.8000
E	749.179	90.000	45.3147	0.3814	0.1416	0.1153	0.0000	6.8000
dPolE	749.179	90.000	40.9462	1.0000	0.0000	6.8000
uR	749.179	90.000	0.0253	1.0000	0.0000	6.8000
E	750.784	90.000	45.1121	0.6055	0.1465	0.1189	0.0000	6.8000
dPolE	750.784	90.000	39.6231	1.0000	0.0000	6.8000
uR	750.784	90.000	0.0247	1.0000	0.0000	6.8000
E	752.388	90.000	45.0744	0.5784	0.1506	0.1215	0.0000	6.8000
dPolE	752.388	90.000	40.6971	1.0000	0.0000	6.8000
uR	752.388	90.000	0.0245	1.0000	0.0000	6.8000
E	753.993	90.000	44.9265	0.7599	0.1485	0.1192	0.0000	6.8000
dPolE	753.993	90.000	41.4139	1.0000	0.0000	6.8000
uR	753.993	90.000	0.0249	1.0000	0.0000	6.8000
E	755.597	90.000	44.8239	0.8529	0.1566	0.1250	0.0000	6.8000
dPolE	755.597	90.000	39.4137	1.0000	0.0000	6.8000
uR	755.597	90.000	0.0249	1.0000	0.0000	6.8000
E	757.202	90.000	44.7763	0.6204	0.1453	0.1157	0.0000	6.8000
dPolE	757.202	90.000	40.9287	1.0000	0.0000	6.8000
uR	757.202	90.000	0.0249	1.0000	0.0000	6.8000
E	758.806	90.000	45.1420	0.5708	0.1471	0.1164	0.0000	6.8000
dPolE	758.806	90.000	41.7966	1.0000	0.0000	6.8000
uR	758.806	90.000	0.0239	1.0000	0.0000	6.8000
E	760.410	90.000	45.1081	0.5985	0.1509	0.1190	0.0000	6.8000
dPolE	760.410	90.000	38.6585	1.0000	0.0000	6.8000
uR	760.410	90.000	0.0236	1.0000	0.0000	6.8000
E	762.014	90.000	45.0851	0.8461	0.1340	0.1050	0.0000	6.8000
dPolE	762.014	90.000	37.1835	1.0000	0.0000	6.8000
uR	762.014	90.000	0.0242	1.0000	0.0000	6.8000
E	763.618	90.000	44.7148	0.4601	0.1217	0.0953	0.0000	6.8000
dPolE	763.618	90.000	30.5235	1.0000	0.0000	6.8000
uR	763.618	90.000	0.0250	1.0000	0.0000	6.8000
E	765.221	90.000	44.7426	0.5187	0.1054	0.0823	0.0000	6.8000
dPolE	765.221	90.000	29.3820	1.0000	0.0000	6.8000
uR	765.221	90.000	0.0254	1.0000	0.0000	6.8000
E	766.825	90.000	44.8908	0.4921	0.1162	0.0906	0.0000	6.8000
dPolE	766.825	90.000	32.1498	1.0000	0.0000	6.8000
uR	766.825	90.000	0.0250	1.0000	0.0000	6.8000
E	768.429	90.000	44.6875	0.4496	0.1348	0.1048	0.0000	6.8000
dPolE	768.429	90.000	39.8112	1.0000	0.0000	6.8000
uR	768.429	90.000	0.0242	1.0000	0.0000	6.8000
E	770.032	90.000	44.6284	0.2282	0.1482	0.1151	0.0000	6.8000
dPolE	770.032	90.000	44.6293	1.0000	0.0000	6.8000
uR	770.032	90.000	0.0248	1.0000	0.0000	6.8000
E	771.635	90.000	45.0132	0.6079	0.1638	0.1273	0.0000	6.8000
dPolE	771.635	90.000	41.2344	1.0000	0.0000	6.8000
uR	771.635	90.000	0.0256	1.0000	0.0000	6.8000
E	773.238	90.000	44.3897	0.6893	0.1630	0.1266	0.0000	6.8000
dPolE	773.238	90.000	43.1714	1.0000	0.0000	6.8000
uR	773.238	90.000	0.0259	1.0000	0.0000	6.8000
E	774.841	90.000	45.0710	0.6844	0.1864	0.1447	0.0000	6.8000
dPolE	774.841	90.000	42.2590	1.0000	0.0000	6.8000
uR	774.841	90.000	0.0259	1.0000	0.0000	6.8000
E	776.444	90.000	44.3555	0.7833	0.1809	0.1403	0.0000	6.8000
dPolE	776.444	90.000	48.0809	1.0000	0.0000	6.8000
uR	776.444	90.000	0.0260	1.0000	0.0000	6.8000
E	778.047	90.000	44.7821	0.1042	0.1910	0.1475	0.0000	6.8000
dPolE	778.047	90.000	44.1956	1.0000	0.0000	6.8000
uR	778.047	90.000	0.0268	1.0000	0.0000	6.8000
E	779.650	90.000	44.9891	0.4167	0.1832	0.1414	0.0000	6.8000
dPolE	779.650	90.000	49.2477	1.0000	0.0000	6.8000
uR	779.650	90.000	0.0262	1.0000	0.0000	6.8000
E	781.252	90.000	44.7899	0.4830	0.1846	0.1427	0.0000	6.8000
dPolE	781.252	90.000	42.2636	1.0000	0.0000	6.8000
uR	781.252	90.000	0.0282	1.0000	0.0000	6.8000
E	782.855	90.000	44.8387	0.3422	0.1814	0.1398	0.0000	6.8000
dPolE	782.855	90.000	48.4150	1.0000	0.0000	6.8000
uR	782.855	90.000	0.0289	1.0000	0.0000	6.8000
E	784.457	90.000	45.0656	0.7807	0.1825	0.1406	0.0000	6.8000
dPolE	784.457	90.000	44.8945	1.0000	0.0000	6.8000
uR	784.457	90.000	0.0283	1.0000	0.0000	6.8000
E	786.059	90.000	44.7989	0.3968	0.1831	0.1404	0.0000	6.8000
dPolE	786.059	90.000	44.2342	1.0000	0.0000	6.8000
uR	786.059	90.000	0.0281	1.0000	0.0000	6.8000
E	787.661	90.000	44.6410	0.3238	0.1715	0.1306	0.0000	6.8000
dPolE	787.661	90.000	43.1340	1.0000	0.0000	6.8000
uR	787.661	90.000	0.0267	1.0000	0.0000	6.8000
E	789.263	90.000	44.8332	0.3635	0.1681	0.1280	0.0000	6.8000
dPolE	789.263	90.000	43.9195	1.0000	0.0000	6.8000
uR	789.263	90.000	0.0260	1.0000	0.0000	6.8000
E	790.865	90.000	45.5361	0.5311	0.1622	0.1229	0.0000	6.8000
dPolE	790.865	90.000	40.0529	1.0000	0.0000	6.8000
uR	790.865	90.000	0.0254	1.0000	0.0000	6.8000
E	792.467	90.000	44.8407	0.7612	0.1683	0.1273	0.0000	6.8000
dPolE	792.467	90.000	39.8257	1.0000	0.0000	6.8000
uR	792.467	90.000	0.0252	1.0000	0.0000	6.8000
E	794.068	90.000	45.5065	0.4769	0.1740	0.1308	0.0000	6.8000
dPolE	794.068	90.000	42.4758	1.0000	0.0000	6.8000
uR	794.068	90.000	0.0256	1.0000	0.0000	6.8000
E	795.670	90.000	45.0496	0.5009	0.1764	0.1320	0.0000	6.8000
dPolE	795.670	90.000	41.6719	1.0000	0.0000	6.8000
uR	795.670	90.000	0.0262	1.0000	0.0000	6.8000
E	797.271	90.000	44.7336	0.6478	0.1634	0.1219	0.0000	6.8000
dPolE	797.271	90.000	41.4421	1.0000	0.0000	6.8000
uR	797.271	90.000	0.0267	1.0000	0.0000	6.8000
E	798.872	90.000	45.5417	0.4266	0.1612	0.1197	0.0000	6.8000
dPolE	798.872	90.000	33.5918	1.0000	0.0000	6.8000
uR	798.872	90.000	0.0271	1.0000	0.0000	6.8000
E	800.473	90.000	44.6201	0.4792	0.1634	0.1210	0.0000	6.8000
dPolE	800.473	90.000	40.2382	1.0000	0.0000	6.8000
uR	800.473	90.000	0.0270	1.0000	0.0000	6.8000
E	802.074	90.000	45.3634	0.2918	0.1764	0.1299	0.0000	6.8000
dPolE	802.074	90.000	40.4251	1.0000	0.0000	6.8000
uR	802.074	90.000	0.0261	1.0000	0.0000	6.8000
E	803.675	90.000	45.2533	0.2768	0.1865	0.1364	0.0000	6.8000
dPolE	803.675	90.000	46.4541	1.0000	0.0000	6.8000
uR	803.675	90.000	0.0265	1.0000	0.0000	6.8000
E	805.276	90.000	45.3368	0.6581	0.1848	0.1348	0.0000	6.8000
dPolE	805.276	90.000	42.7388	1.0000	0.0000	6.8000
uR	805.276	90.000	0.0266	1.0000	0.0000	6.8000
E	806.876	90.000	44.4571	0.1820	0.1845	0.1345	0.0000	6.8000
dPolE	806.876	90.000	42.8140	1.0000	0.0000	6.8000
uR	806.876	90.000	0.0261	1.0000	0.0000	6.8000
E	808.477	90.000	45.0294	0.3917	0.1776	0.1291	0.0000	6.8000
dPolE	808.477	90.000	44.0352	1.0000	0.0000	6.8000
uR	808.477	90.000	0.0249	1.0000	0.0000	6.8000
E	810.077	90.000	44.8208	0.3705	0.1801	0.1305	0.0000	6.8000
dPolE	810.077	90.000	40.7943	1.0000	0.0000	6.8000
uR	810.077	90.000	0.0260	1.0000	0.0000	6.8000
E	811.677	90.000	44.7037	0.5252	0.1789	0.1294	0.0000	6.8000
dPolE	811.677	90.000	42.8045	1.0000	0.0000	6.8000
uR	811.677	90.000	0.0270	1.0000	0.0000	6.8000
E	813.277	90.000	45.1715	0.5680	0.1839	0.1331	0.0000	6.8000
dPolE	813.277	90.000	42.6475	1.0000	0.0000	6.8000
uR	813.277	90.000	0.0253	1.0000	0.0000	6.8000
E	814.877	90.000	44.9103	0.2511	0.1733	0.1251	0.0000	6.8000
dPolE	814.877	90.000	43.1309	1.0000	0.0000	6.8000
uR	814.877	90.000	0.0244	1.0000	0.0000	6.8000
E	816.477	90.000	45.1287	0.1687	0.1638	0.1179	0.0000	6.8000
dPolE	816.477	90.000	32.9163	1.0000	0.0000	6.8000
uR	816.477	90.000	0.0259	1.0000	0.0000	6.8000
E	818.077	90.000	44.8017	0.4372	0.1431	0.1032	0.0000	6.8000
dPolE	818.077	90.000	33.1209	1.0000	0.0000	6.8000
uR	818.077	90.000	0.0235	1.0000	0.0000	6.8000
E	819.676	90.000	44.9875	0.4037	0.1152	0.0830	0.0000	6.8000
dPolE	819.676	90.000	24.1514	1.0000	0.0000	6.8000
uR	819.676	90.000	0.0209	1.0000	0.0000	6.8000
E	821.276	90.000	45.0038	0.4375	0.0742	0.0534	0.0000	6.8000
dPolE	821.276	90.000	11.8674	1.0000	0.0000	6.8000
uR	821.276	90.000	0.0216	1.0000	0.0000	6.8000
E	822.875	90.000	44.9998	0.3072	0.0512	0.0368	0.0000	6.8000
dPolE	822.875	90.000	7.1957	1.0000	0.0000	6.8000
uR	822.875	90.000	0.0239	1.0000	0.0000	6.8000
E	824.474	90.000	44.9398	0.2994	0.0436	0.0313	0.0000	6.8000
dPolE	824.474	90.000	3.5712	1.0000	0.0000	6.8000
uR	824.474	90.000	0.0255	1.0000	0.0000	6.8000
E	826.073	90.000	44.9554	0.2484	0.0471	0.0338	0.0000	6.8000
dPolE	826.073	90.000	3.6139	1.0000	0.0000	6.8000
uR	826.073	90.000	0.0248	1.0000	0.0000	6.8000
E	827.672	90.000	44.9328	0.3994	0.0554	0.0397	0.0000	6.8000
dPolE	827.672	90.000	7.8928	1.0000	0.0000	6.8000
uR	827.672	90.000	0.0240	1.0000	0.0000	6.8000
E	829.271	90.000	44.7907	0.3421	0.0641	0.0458	0.0000	6.8000
dPolE	829.271	90.000	9.6984	1.0000	0.0000	6.8000
uR	829.271	90.000	0.0257	1.0000	0.0000	6.8000
E	830.869	90.000	44.9134	0.2910	0.0787	0.0561	0.0000	6.8000
dPolE	830.869	90.000	15.9683	1.0000	0.0000	6.8000
uR	830.869	90.000	0.0242	1.0000	0.0000	6.8000
E	832.468	90.000	45.1421	0.4191	0.0955	0.0680	0.0000	6.8000
dPolE	832.468	90.000	24.1455	1.0000	0.0000	6.8000
uR	832.468	90.000	0.0225	1.0000	0.0000	6.8000
E	834.066	90.000	45.0764	0.2717	0.0962	0.0683	0.0000	6.8000
dPolE	834.066	90.000	20.8001	1.0000	0.0000	6.8000
uR	834.066	90.000	0.0232	1.0000	0.0000	6.8000
E	835.664	90.000	45.0307	0.2929	0.0927	0.0656	0.0000	6.8000
dPolE	835.664	90.000	20.9787	1.0000	0.0000	6.8000
uR	835.664	90.000	0.0240	1.0000	0.0000	6.8000
E	837.262	90.000	45.0214	0.2921	0.1047	0.0738	0.0000	6.8000
dPolE	837.262	90.000	22.8220	1.0000	0.0000	6.8000
uR	837.262	90.000	0.0246	1.0000	0.0000	6.8000
E	838.860	90.000	44.8955	0.2682	0.1269	0.0891	0.0000	6.8000
dPolE	838.860	90.000	30.8800	1.0000	0.0000	6.8000
uR	838.860	90.000	0.0241	1.0000	0.0000	6.8000
E	840.458	90.000	44.8014	0.3889	0.1293	0.0903	0.0000	6.8000
dPolE	840.458	90.000	39.1212	1.0000	0.0000	6.8000
uR	840.458	90.000	0.0251	1.0000	0.0000	6.8000
E	842.055	90.000	45.0693	0.4597	0.1346	0.0940	0.0000	6.8000
dPolE	842.055	90.000	41.6696	1.0000	0.0000	6.8000
uR	842.055	90.000	0.0263	1.0000	0.0000	6.8000
E	843.653	90.000	44.8513	0.3231	0.1590	0.1106	0.0000	6.8000
dPolE	843.653	90.000	44.4179	1.0000	0.0000	6.8000
uR	843.653	90.000	0.0253	1.0000	0.0000	6.8000
E	845.250	90.000	44.8656	0.2880	0.1831	0.1265	0.0000	6.8000
dPolE	845.250	90.000	54.3379	1.0000	0.0000	6.8000
uR	845.250	90.000	0.0248	1.0000	0.0000	6.8000
E	846.847	90.000	44.9518	0.7948	0.2350	0.1617	0.0000	6.8000
dPolE	846.847	90.000	51.4131	1.0000	0.0000	6.8000
uR	846.847	90.000	0.0256	1.0000	0.0000	6.8000
E	848.444	90.000	44.4085	0.4315	0.2461	0.1687	0.0000	6.8000
dPolE	848.444	90.000	54.8864	1.0000	0.0000	6.8000
uR	848.444	90.000	0.0274	1.0000	0.0000	6.8000
E	850.041	90.000	45.0903	0.2338	0.2476	0.1690	0.0000	6.8000
dPolE	850.041	90.000	61.5634	1.0000	0.0000	6.8000
uR	850.041	90.000	0.0269	1.0000	0.0000	6.8000
E	851.638	90.000	44.0683	0.0847	0.2576	0.1753	0.0000	6.8000
dPolE	851.638	90.000	60.3074	1.0000	0.0000	6.8000
uR	851.638	90.000	0.0270	1.0000	0.0000	6.8000
E	853.234	90.000	44.9955	359.9415	0.2544	0.1724	0.0000	6.8000
dPolE	853.234	90.000	61.6403	1.0000	0.0000	6.8000
uR	853.234	90.000	0.0255	1.0000	0.0000	6.8000
E	854.831	90.000	44.3002	0.4046	0.2758	0.1859	0.0000	6.8000
dPolE	854.831	90.000	61.1749	1.0000	0.0000	6.8000
uR	854.831	90.000	0.0245	1.0000	0.0000	6.8000
E	856.427	90.000	45.0555	359.9649	0.2597	0.1751	0.0000	6.8000
dPolE	856.427	90.000	61.6516	1.0000	0.0000	6.8000
uR	856.427	90.000	0.0244	1.0000	0.0000	6.8000
E	858.023	90.000	45.5090	0.3097	0.2735	0.1840	0.0000	6.8000
dPolE	858.023	90.000	53.0648	1.0000	0.0000	6.8000
uR	858.023	90.000	0.0263	1.0000	0.0000	6.8000
E	859.619	90.000	44.9343	359.7310	0.2661	0.1782	0.0000	6.8000
dPolE	859.619	90.000	54.1910	1.0000	0.0000	6.8000
uR	859.619	90.000	0.0249	1.0000	0.0000	6.8000
E	861.215	90.000	44.8517	0.4468	0.2610	0.1747	0.0000	6.8000
dPolE	861.215	90.000	51.9651	1.0000	0.0000	6.8000
uR	861.215	90.000	0.0254	1.0000	0.0000	6.8000
E	862.811	90.000	44.6730	0.3957	0.2484	0.1662	0.0000	6.8000
dPolE	862.811	90.000	50.8338	1.0000	0.0000	6.8000
uR	862.811	90.000	0.0256	1.0000	0.0000	6.8000
E	864.407	90.000	45.3899	0.3375	0.2351	0.1569	0.0000	6.8000
dPolE	864.407	90.000	49.7917	1.0000	0.0000	6.8000
uR	864.407	90.000	0.0262	1.0000	0.0000	6.8000
E	866.002	90.000	45.5125	0.4683	0.2196	0.1465	0.0000	6.8000
dPolE	866.002	90.000	41.1244	1.0000	0.0000	6.8000
uR	866.002	90.000	0.0272	1.0000	0.0000	6.8000
E	867.597	90.000	44.3631	359.9308	0.2134	0.1424	0.0000	6.8000
dPolE	867.597	90.000	42.2088	1.0000	0.0000	6.8000
uR	867.597	90.000	0.0262	1.0000	0.0000	6.8000
E	869.192	90.000	44.4603	0.2731	0.2135	0.1423	0.0000	6.8000
dPolE	869.192	90.000	37.6685	1.0000	0.0000	6.8000
uR	869.192	90.000	0.0262	1.0000	0.0000	6.8000
E	870.787	90.000	44.6239	0.4428	0.1893	0.1261	0.0000	6.8000
dPolE	870.787	90.000	36.0963	1.0000	0.0000	6.8000
uR	870.787	90.000	0.0259	1.0000	0.0000	6.8000
E	872.382	90.000	45.0223	0.4845	0.1758	0.1169	0.0000	6.8000
dPolE	872.382	90.000	31.0271	1.0000	0.0000	6.8000
uR	872.382	90.000	0.0254	1.0000	0.0000	6.8000
E	873.977	90.000	45.1328	0.3090	0.1668	0.1111	0.0000	6.8000
dPolE	873.977	90.000	30.7173	1.0000	0.0000	6.8000
uR	873.977	90.000	0.0247	1.0000	0.0000	6.8000
E	875.571	90.000	44.4528	359.9369	0.1473	0.0980	0.0000	6.8000
dPolE	875.571	90.000	33.8116	1.0000	0.0000	6.8000
uR	875.571	90.000	0.0235	1.0000	0.0000	6.8000
E	877.166	90.000	45.0820	0.1844	0.1321	0.0878	0.0000	6.8000
dPolE	877.166	90.000	29.1103	1.0000	0.0000	6.8000
uR	877.166	90.000	0.0222	1.0000	0.0000	6.8000
E	878.760	90.000	44.8366	0.2075	0.0986	0.0655	0.0000	6.8000
dPolE	878.760	90.000	17.0510	1.0000	0.0000	6.8000
uR	878.760	90.000	0.0217	1.0000	0.0000	6.8000
E	880.354	90.000	44.7870	0.1357	0.0653	0.0432	0.0000	6.8000
dPolE	880.354	90.000	10.3087	1.0000	0.0000	6.8000
uR	880.354	90.000	0.0226	1.0000	0.0000	6.8000
E	881.948	90.000	44.8343	0.2566	0.0514	0.0339	0.0000	6.8000
dPolE	881.948	90.000	5.0577	1.0000	0.0000	6.8000
uR	881.948	90.000	0.0253	1.0000	0.0000	6.8000
E	883.542	90.000	44.8150	0.1015	0.0482	0.0317	0.0000	6.8000
dPolE	883.542	90.000	4.6565	1.0000	0.0000	6.8000
uR	883.542	90.000	0.0265	1.0000	0.0000	6.8000
E	885.135	90.000	44.7351	0.2423	0.0576	0.0379	0.0000	6.8000
dPolE	885.135	90.000	6.0462	1.0000	0.0000	6.8000
uR	885.135	90.000	0.0246	1.0000	0.0000	6.8000
E	886.729	90.000	45.0004	0.2244	0.0737	0.0484	0.0000	6.8000
dPolE	886.729	90.000	10.4488	1.0000	0.0000	6.8000
uR	886.729	90.000	0.0231	1.0000	0.0000	6.8000
E	888.322	90.000	44.9532	0.2206	0.0977	0.0640	0.0000	6.8000
dPolE	888.322	90.000	19.9041	1.0000	0.0000	6.8000
uR	888.322	90.000	0.0231	1.0000	0.0000	6.8000
E	889.915	90.000	44.9522	0.3105	0.1141	0.0745	0.0000	6.8000
dPolE	889.915	90.000	24.3564	1.0000	0.0000	6.8000
uR	889.915	90.000	0.0225	1.0000	0.0000	6.8000
E	891.508	90.000	45.0754	0.3424	0.1129	0.0734	0.0000	6.8000
dPolE	891.508	90.000	21.3339	1.0000	0.0000	6.8000
uR	891.508	90.000	0.0238	1.0000	0.0000	6.8000
E	893.101	90.000	45.0418	0.2133	0.1058	0.0686	0.0000	6.8000
dPolE	893.101	90.000	19.1742	1.0000	0.0000	6.8000
uR	893.101	90.000	0.0234	1.0000	0.0000	6.8000
E	894.694	90.000	45.0454	0.1982	0.0890	0.0575	0.0000	6.8000
dPolE	894.694	90.000	14.0520	1.0000	0.0000	6.8000
uR	894.694	90.000	0.0254	1.0000	0.0000	6.8000
E	896.286	90.000	45.0508	0.1422	0.0844	0.0543	0.0000	6.8000
dPolE	896.286	90.000	15.6915	1.0000	0.0000	6.8000
uR	896.286	90.000	0.0253	1.0000	0.0000	6.8000
E	897.879	90.000	44.8588	0.1166	0.0960	0.0615	0.0000	6.8000
dPolE	897.879	90.000	16.0658	1.0000	0.0000	6.8000
uR	897.879	90.000	0.0246	1.0000	0.0000	6.8000
E	899.471	90.000	44.9672	0.3265	0.1070	0.0683	0.0000	6.8000
dPolE	899.471	90.000	22.7498	1.0000	0.0000	6.8000
uR	899.471	90.000	0.0236	1.0000	0.0000	6.8000
E	901.063	90.000	44.9380	0.1512	0.1170	0.0743	0.0000	6.8000
dPolE	901.063	90.000	20.4171	1.0000	0.0000	6.8000
uR	901.063	90.000	0.0235	1.0000	0.0000	6.8000
E	902.655	90.000	44.9208	0.2056	0.1064	0.0675	0.0000	6.8000
dPolE	902.655	90.000	16.5296	1.0000	0.0000	6.8000
uR	902.655	90.000	0.0247	1.0000	0.0000	6.8000
E	904.247	90.000	45.0920	0.1657	0.0967	0.0610	0.0000	6.8000
dPolE	904.247	90.000	13.6620	1.0000	0.0000	6.8000
uR	904.247	90.000	0.0260	1.0000	0.0000	6.8000
E	905.838	90.000	44.9987	359.9027	0.0933	0.0588	0.0000	6.8000
dPolE	905.838	90.000	17.2772	1.0000	0.0000	6.8000
uR	905.838	90.000	0.0252	1.0000	0.0000	6.8000
E	907.429	90.000	44.9418	0.2308	0.1039	0.0653	0.0000	6.8000
dPolE	907.429	90.000	21.6366	1.0000	0.0000	6.8000
uR	907.429	90.000	0.0240	1.0000	0.0000	6.8000
E	909.021	90.000	44.7482	359.9889	0.1385	0.0870	0.0000	6.8000
dPolE	909.021	90.000	26.3863	1.0000	0.0000	6.8000
uR	909.021	90.000	0.0223	1.0000	0.0000	6.8000
E	910.612	90.000	44.8369	0.1072	0.1535	0.0957	0.0000	6.8000
dPolE	910.612	90.000	27.4601	1.0000	0.0000	6.8000
uR	910.612	90.000	0.0223	1.0000	0.0000	6.8000
E	912.203	90.000	45.1259	0.2086	0.1364	0.0850	0.0000	6.8000
dPolE	912.203	90.000	26.9358	1.0000	0.0000	6.8000
uR	912.203	90.000	0.0217	1.0000	0.0000	6.8000
E	913.793	90.000	44.6857	0.1299	0.1169	0.0726	0.0000	6.8000
dPolE	913.793	90.000	21.5855	1.0000	0.0000	6.8000
uR	913.793	90.000	0.0222	1.0000	0.0000	6.8000
E	915.384	90.000	44.7435	0.1398	0.0878	0.0545	0.0000	6.8000
dPolE	915.384	90.000	13.7989	1.0000	0.0000	6.8000
uR	915.384	90.000	0.0233	1.0000	0.0000	6.8000
E	916.974	90.000	44.7001	0.0951	0.0832	0.0515	0.0000	6.8000
dPolE	916.974	90.000	13.8652	1.0000	0.0000	6.8000
uR	916.974	90.000	0.0240	1.0000	0.0000	6.8000
E	918.565	90.000	44.7851	0.0846	0.0872	0.0539	0.0000	6.8000
dPolE	918.565	90.000	13.4465	1.0000	0.0000	6.8000
uR	918.565	90.000	0.0246	1.0000	0.0000	6.8000
E	920.155	90.000	44.9346	0.2529	0.1055	0.0651	0.0000	6.8000
dPolE	920.155	90.000	18.9352	1.0000	0.0000	6.8000
uR	920.155	90.000	0.0233	1.0000	0.0000	6.8000
E	921.745	90.000	44.8227	0.0888	0.1246	0.0768	0.0000	6.8000
dPolE	921.745	90.000	25.9934	1.0000	0.0000	6.8000
uR	921.745	90.000	0.0234	1.0000	0.0000	6.8000
E	923.334	90.000	45.0062	0.1214	0.1523	0.0938	0.0000	6.8000
dPolE	923.334	90.000	28.8860	1.0000	0.0000	6.8000
uR	923.334	90.000	0.0244	1.0000	0.0000	6.8000
E	924.924	90.000	45.5197	0.1759	0.1907	0.1172	0.0000	6.8000
dPolE	924.924	90.000	35.4118	1.0000	0.0000	6.8000
uR	924.924	90.000	0.0234	1.0000	0.0000	6.8000
E	926.513	90.000	45.2516	0.0959	0.2133	0.1309	0.0000	6.8000
dPolE	926.513	90.000	43.8075	1.0000	0.0000	6.8000
uR	926.513	90.000	0.0239	1.0000	0.0000	6.8000
E	928.103	90.000	44.1451	359.9142	0.2237	0.1373	0.0000	6.8000
dPolE	928.103	90.000	45.3731	1.0000	0.0000	6.8000
uR	928.103	90.000	0.0237	1.0000	0.0000	6.8000
E	929.692	90.000	44.9193	359.9848	0.2300	0.1407	0.0000	6.8000
dPolE	929.692	90.000	45.8004	1.0000	0.0000	6.8000
uR	929.692	90.000	0.0248	1.0000	0.0000	6.8000
E	931.280	90.000	44.9972	0.0128	0.2385	0.1464	0.0000	6.8000
dPolE	931.280	90.000	43.2719	1.0000	0.0000	6.8000
uR	931.280	90.000	0.0248	1.0000	0.0000	6.8000
E	932.869	90.000	44.6347	0.1443	0.2535	0.1554	0.0000	6.8000
dPolE	932.869	90.000	39.5061	1.0000	0.0000	6.8000
uR	932.869	90.000	0.0257	1.0000	0.0000	6.8000
E	934.458	90.000	45.1829	359.8383	0.2293	0.1399	0.0000	6.8000
dPolE	934.458	90.000	39.0763	1.0000	0.0000	6.8000
uR	934.458	90.000	0.0264	1.0000	0.0000	6.8000
E	936.046	90.000	44.9961	0.1731	0.2253	0.1377	0.0000	6.8000
dPolE	936.046	90.000	41.8280	1.0000	0.0000	6.8000
uR	936.046	90.000	0.0254	1.0000	0.0000	6.8000
E	937.634	90.000	44.1790	0.2680	0.2088	0.1275	0.0000	6.8000
dPolE	937.634	90.000	38.7681	1.0000	0.0000	6.8000
uR	937.634	90.000	0.0245	1.0000	0.0000	6.8000
E	939.222	90.000	44.7410	0.2778	0.2108	0.1286	0.0000	6.8000
dPolE	939.222	90.000	40.4710	1.0000	0.0000	6.8000
uR	939.222	90.000	0.0249	1.0000	0.0000	6.8000
E	940.810	90.000	44.9285	0.0447	0.2324	0.1406	0.0000	6.8000
dPolE	940.810	90.000	43.3774	1.0000	0.0000	6.8000
uR	940.810	90.000	0.0242	1.0000	0.0000	6.8000
E	942.398	90.000	45.3208	359.8800	0.2283	0.1377	0.0000	6.8000
dPolE	942.398	90.000	43.9925	1.0000	0.0000	6.8000
uR	942.398	90.000	0.0240	1.0000	0.0000	6.8000
E	943.985	90.000	44.9092	0.2549	0.2497	0.1515	0.0000	6.8000
dPolE	943.985	90.000	36.8210	1.0000	0.0000	6.8000
uR	943.985	90.000	0.0254	1.0000	0.0000	6.8000
E	945.573	90.000	44.6040	0.1816	0.2483	0.1504	0.0000	6.8000
dPolE	945.573	90.000	46.3652	1.0000	0.0000	6.8000
uR	945.573	90.000	0.0249	1.0000	0.0000	6.8000
E	947.160	90.000	45.9401	0.2841	0.2557	0.1546	0.0000	6.8000
dPolE	947.160	90.000	33.5429	1.0000	0.0000	6.8000
uR	947.160	90.000	0.0244	1.0000	0.0000	6.8000
E	948.747	90.000	45.1403	0.3532	0.2438	0.1466	0.0000	6.8000
dPolE	948.747	90.000	36.0084	1.0000	0.0000	6.8000
uR	948.747	90.000	0.0254	1.0000	0.0000	6.8000
E	950.334	90.000	44.6843	0.1537	0.2311	0.1390	0.0000	6.8000
dPolE	950.334	90.000	37.1229	1.0000	0.0000	6.8000
uR	950.334	90.000	0.0257	1.0000	0.0000	6.8000
E	951.920	90.000	44.7155	359.8234	0.2266	0.1355	0.0000	6.8000
dPolE	951.920	90.000	36.3341	1.0000	0.0000	6.8000
uR	951.920	90.000	0.0256	1.0000	0.0000	6.8000
E	953.507	90.000	45.4154	359.9228	0.2401	0.1432	0.0000	6.8000
dPolE	953.507	90.000	39.0575	1.0000	0.0000	6.8000
uR	953.507	90.000	0.0252	1.0000	0.0000	6.8000
E	955.093	90.000	45.6116	0.1570	0.2686	0.1593	0.0000	6.8000
dPolE	955.093	90.000	38.5030	1.0000	0.0000	6.8000
uR	955.093	90.000	0.0245	1.0000	0.0000	6.8000
E	956.679	90.000	45.7255	0.3041	0.2897	0.1724	0.0000	6.8000
dPolE	956.679	90.000	38.9557	1.0000	0.0000	6.8000
uR	956.679	90.000	0.0257	1.0000	0.0000	6.8000
E	958.265	90.000	44.3695	0.4144	0.3168	0.1876	0.0000	6.8000
dPolE	958.265	90.000	54.6487	1.0000	0.0000	6.8000
uR	958.265	90.000	0.0245	1.0000	0.0000	6.8000
E	959.851	90.000	45.7890	359.8487	0.3294	0.1940	0.0000	6.8000
dPolE	959.851	90.000	54.7150	1.0000	0.0000	6.8000
uR	959.851	90.000	0.0241	1.0000	0.0000	6.8000
E	961.436	90.000	44.5784	0.4495	0.3353	0.1969	0.0000	6.8000
dPolE	961.436	90.000	64.8772	1.0000	0.0000	6.8000
uR	961.436	90.000	0.0232	1.0000	0.0000	6.8000
E	963.022	90.000	45.4982	0.2117	0.3356	0.1970	0.0000	6.8000
dPolE	963.022	90.000	60.1066	1.0000	0.0000	6.8000
uR	963.022	90.000	0.0238	1.0000	0.0000	6.8000
E	964.607	90.000	45.9292	0.1354	0.3466	0.2026	0.0000	6.8000
dPolE	964.607	90.000	56.4130	1.0000	0.0000	6.8000
uR	964.607	90.000	0.0232	1.0000	0.0000	6.8000
E	966.192	90.000	45.0845	0.1818	0.3108	0.1811	0.0000	6.8000
dPolE	966.192	90.000	56.2524	1.0000	0.0000	6.8000
uR	966.192	90.000	0.0237	1.0000	0.0000	6.8000
E	967.777	90.000	45.0789	359.9684	0.2992	0.1733	0.0000	6.8000
dPolE	967.777	90.000	52.7207	1.0000	0.0000	6.8000
uR	967.777	90.000	0.0230	1.0000	0.0000	6.8000
E	969.361	90.000	45.5396	359.5830	0.2701	0.1563	0.0000	6.8000
dPolE	969.361	90.000	41.0037	1.0000	0.0000	6.8000
uR	969.361	90.000	0.0248	1.0000	0.0000	6.8000
E	970.946	90.000	44.3990	0.3927	0.2466	0.1421	0.0000	6.8000
dPolE	970.946	90.000	34.8607	1.0000	0.0000	6.8000
uR	970.946	90.000	0.0264	1.0000	0.0000	6.8000
E	972.530	90.000	45.2368	359.8540	0.2330	0.1343	0.0000	6.8000
dPolE	972.530	90.000	38.5229	1.0000	0.0000	6.8000
uR	972.530	90.000	0.0247	1.0000	0.0000	6.8000
E	974.114	90.000	45.2356	359.8547	0.2359	0.1357	0.0000	6.8000
dPolE	974.114	90.000	36.4330	1.0000	0.0000	6.8000
uR	974.114	90.000	0.0230	1.0000	0.0000	6.8000
E	975.698	90.000	44.7816	0.1281	0.1979	0.1133	0.0000	6.8000
dPolE	975.698	90.000	32.7193	1.0000	0.0000	6.8000
uR	975.698	90.000	0.0227	1.0000	0.0000	6.8000
E	977.282	90.000	44.8739	359.9666	0.1596	0.0911	0.0000	6.8000
dPolE	977.282	90.000	28.2931	1.0000	0.0000	6.8000
uR	977.282	90.000	0.0238	1.0000	0.0000	6.8000
E	978.865	90.000	45.2655	0.1725	0.1456	0.0828	0.0000	6.8000
dPolE	978.865	90.000	18.4866	1.0000	0.0000	6.8000
uR	978.865	90.000	0.0234	1.0000	0.0000	6.8000
E	980.449	90.000	45.0527	359.8007	0.1474	0.0838	0.0000	6.8000
dPolE	980.449	90.000	20.7048	1.0000	0.0000	6.8000
uR	980.449	90.000	0.0231	1.0000	0.0000	6.8000
E	982.032	90.000	45.1377	359.8792	0.1596	0.0910	0.0000	6.8000
dPolE	982.032	90.000	27.2785	1.0000	0.0000	6.8000
uR	982.032	90.000	0.0235	1.0000	0.0000	6.8000
E	983.615	90.000	45.1611	359.9280	0.1875	0.1067	0.0000	6.8000
dPolE	983.615	90.000	27.4328	1.0000	0.0000	6.8000
uR	983.615	90.000	0.0222	1.0000	0.0000	6.8000
E	985.198	90.000	45.1096	359.7051	0.2163	0.1228	0.0000	6.8000
dPolE	985.198	90.000	35.2412	1.0000	0.0000	6.8000
uR	985.198	90.000	0.0219	1.0000	0.0000	6.8000
E	986.780	90.000	44.6912	359.9096	0.2183	0.1241	0.0000	6.8000
dPolE	986.780	90.000	35.8457	1.0000	0.0000	6.8000
uR	986.780	90.000	0.0217	1.0000	0.0000	6.8000
E	988.363	90.000	44.3562	359.7370	0.1953	0.1107	0.0000	6.8000
dPolE	988.363	90.000	33.0699	1.0000	0.0000	6.8000
uR	988.363	90.000	0.0233	1.0000	0.0000	6.8000
E	989.945	90.000	45.2382	0.3551	0.1804	0.1021	0.0000	6.8000
dPolE	989.945	90.000	28.6962	1.0000	0.0000	6.8000
uR	989.945	90.000	0.0221	1.0000	0.0000	6.8000
E	991.527	90.000	44.9624	0.0698	0.1642	0.0926	0.0000	6.8000
dPolE	991.527	90.000	26.4359	1.0000	0.0000	6.8000
uR	991.527	90.000	0.0240	1.0000	0.0000	6.8000
E	993.109	90.000	45.3775	359.9017	0.1579	0.0892	0.0000	6.8000
dPolE	993.109	90.000	20.1374	1.0000	0.0000	6.8000
uR	993.109	90.000	0.0241	1.0000	0.0000	6.8000
E	994.690	90.000	44.6090	359.8477	0.1685	0.0949	0.0000	6.8000
dPolE	994.690	90.000	24.5000	1.0000	0.0000	6.8000
uR	994.690	90.000	0.0239	1.0000	0.0000	6.8000
E	996.272	90.000	44.9180	0.1372	0.1894	0.1067	0.0000	6.8000
dPolE	996.272	90.000	31.5013	1.0000	0.0000	6.8000
uR	996.272	90.000	0.0231	1.0000	0.0000	6.8000
E	997.853	90.000	44.5000	0.3490	0.2166	0.1216	0.0000	6.8000
dPolE	997.853	90.000	37.8675	1.0000	0.0000	6.8000
uR	997.853	90.000	0.0220	1.0000	0.0000	6.8000
E	999.434	90.000	44.8275	359.7717	0.2650	0.1486	0.0000	6.8000
dPolE	999.434	90.000	44.9984	1.0000	0.0000	6.8000
uR	999.434	90.000	0.0226	1.0000	0.0000	6.8000
