
FM-removed
XY-Scan
nm
E	210.379	90.000	24.9645	200.5931	0.2607	0.6592	0.0000	6.8000
dPolE	210.379	90.000	99.9629	1.0000	0.0000	6.8000
uR	210.379	90.000	0.0290	1.0000	0.0000	6.8000
E	211.990	90.000	74.0486	99.5648	0.2515	0.9807	0.0000	6.8000
dPolE	211.990	90.000	99.9864	1.0000	0.0000	6.8000
uR	211.990	90.000	0.0130	1.0000	0.0000	6.8000
E	213.602	90.000	33.6244	339.9170	0.2558	0.5240	0.0000	6.8000
dPolE	213.602	90.000	99.9899	1.0000	0.0000	6.8000
uR	213.602	90.000	0.0138	1.0000	0.0000	6.8000
E	215.214	90.000	73.3975	244.4541	0.2298	0.8686	0.0000	6.8000
dPolE	215.214	90.000	99.9641	1.0000	0.0000	6.8000
uR	215.214	90.000	0.0101	1.0000	0.0000	6.8000
E	216.826	90.000	39.5816	186.2433	0.2600	0.4679	0.0000	6.8000
dPolE	216.826	90.000	99.9847	1.0000	0.0000	6.8000
uR	216.826	90.000	0.0082	1.0000	0.0000	6.8000
E	218.438	90.000	55.5008	131.0414	0.2820	0.5730	0.0000	6.8000
dPolE	218.438	90.000	99.9417	1.0000	0.0000	6.8000
uR	218.438	90.000	0.0079	1.0000	0.0000	6.8000
E	220.050	90.000	51.0594	88.0228	0.2723	0.5609	0.0000	6.8000
dPolE	220.050	90.000	99.9925	1.0000	0.0000	6.8000
uR	220.050	90.000	0.0053	1.0000	0.0000	6.8000
E	221.662	90.000	20.1522	311.6469	0.2347	0.7073	0.0000	6.8000
dPolE	221.662	90.000	99.9789	1.0000	0.0000	6.8000
uR	221.662	90.000	0.0043	1.0000	0.0000	6.8000
E	223.274	90.000	51.6118	294.2136	0.2772	0.5542	0.0000	6.8000
dPolE	223.274	90.000	99.9983	1.0000	0.0000	6.8000
uR	223.274	90.000	0.0038	1.0000	0.0000	6.8000
E	224.886	90.000	27.2473	242.1268	0.2739	0.6807	0.0000	6.8000
dPolE	224.886	90.000	99.9974	1.0000	0.0000	6.8000
uR	224.886	90.000	0.0032	1.0000	0.0000	6.8000
E	226.498	90.000	67.4434	30.2786	0.2886	0.6665	0.0000	6.8000
dPolE	226.498	90.000	99.9519	1.0000	0.0000	6.8000
uR	226.498	90.000	0.0032	1.0000	0.0000	6.8000
E	228.111	90.000	15.1710	338.7038	0.2518	0.7499	0.0000	6.8000
dPolE	228.111	90.000	99.9989	1.0000	0.0000	6.8000
uR	228.111	90.000	0.0026	1.0000	0.0000	6.8000
E	229.723	90.000	9.9907	236.4352	0.2396	1.5777	0.0000	6.8000
dPolE	229.723	90.000	99.9763	1.0000	0.0000	6.8000
uR	229.723	90.000	0.0021	1.0000	0.0000	6.8000
E	231.335	90.000	45.8003	195.5231	0.2772	0.3722	0.0000	6.8000
dPolE	231.335	90.000	99.9789	1.0000	0.0000	6.8000
uR	231.335	90.000	0.0019	1.0000	0.0000	6.8000
E	232.948	90.000	35.2671	165.3113	0.2688	0.3721	0.0000	6.8000
dPolE	232.948	90.000	99.9229	1.0000	0.0000	6.8000
uR	232.948	90.000	0.0027	1.0000	0.0000	6.8000
E	234.560	90.000	29.0031	1.6583	0.2793	0.3979	0.0000	6.8000
dPolE	234.560	90.000	99.9091	1.0000	0.0000	6.8000
uR	234.560	90.000	0.0022	1.0000	0.0000	6.8000
E	236.173	90.000	60.0677	175.5215	0.3169	0.4335	0.0000	6.8000
dPolE	236.173	90.000	99.9256	1.0000	0.0000	6.8000
uR	236.173	90.000	0.0026	1.0000	0.0000	6.8000
E	237.786	90.000	10.4262	259.9525	0.2060	1.7433	0.0000	6.8000
dPolE	237.786	90.000	99.9665	1.0000	0.0000	6.8000
uR	237.786	90.000	0.0012	1.0000	0.0000	6.8000
E	239.398	90.000	29.1108	97.0304	0.2723	0.7071	0.0000	6.8000
dPolE	239.398	90.000	99.9938	1.0000	0.0000	6.8000
uR	239.398	90.000	0.0009	1.0000	0.0000	6.8000
E	241.011	90.000	34.4503	249.5629	0.3081	0.6584	0.0000	6.8000
dPolE	241.011	90.000	99.9923	1.0000	0.0000	6.8000
uR	241.011	90.000	0.0021	1.0000	0.0000	6.8000
E	242.624	90.000	26.5564	9.4651	0.3093	0.4325	0.0000	6.8000
dPolE	242.624	90.000	99.9845	1.0000	0.0000	6.8000
uR	242.624	90.000	0.0013	1.0000	0.0000	6.8000
E	244.237	90.000	46.2716	222.6696	0.3044	0.4769	0.0000	6.8000
dPolE	244.237	90.000	99.9900	1.0000	0.0000	6.8000
uR	244.237	90.000	0.0012	1.0000	0.0000	6.8000
E	245.850	90.000	64.0467	76.4670	0.2700	0.7820	0.0000	6.8000
dPolE	245.850	90.000	99.9828	1.0000	0.0000	6.8000
uR	245.850	90.000	0.0014	1.0000	0.0000	6.8000
E	247.463	90.000	39.6501	195.1239	0.3031	0.3487	0.0000	6.8000
dPolE	247.463	90.000	99.8828	1.0000	0.0000	6.8000
uR	247.463	90.000	0.0015	1.0000	0.0000	6.8000
E	249.076	90.000	61.1148	290.4467	0.2970	0.7414	0.0000	6.8000
dPolE	249.076	90.000	99.9969	1.0000	0.0000	6.8000
uR	249.076	90.000	0.0006	1.0000	0.0000	6.8000
E	250.689	90.000	73.3539	154.4728	0.3218	0.7778	0.0000	6.8000
dPolE	250.689	90.000	99.9894	1.0000	0.0000	6.8000
uR	250.689	90.000	0.0005	1.0000	0.0000	6.8000
E	252.302	90.000	69.5220	215.7467	0.3087	0.7279	0.0000	6.8000
dPolE	252.302	90.000	99.9742	1.0000	0.0000	6.8000
uR	252.302	90.000	0.0007	1.0000	0.0000	6.8000
E	253.916	90.000	89.9900	0.1031	0.2813	813.4999	0.0000	6.8000
dPolE	253.916	90.000	99.9571	1.0000	0.0000	6.8000
uR	253.916	90.000	0.0010	1.0000	0.0000	6.8000
E	255.529	90.000	46.0037	165.2397	0.2969	0.3263	0.0000	6.8000
dPolE	255.529	90.000	99.9803	1.0000	0.0000	6.8000
uR	255.529	90.000	0.0014	1.0000	0.0000	6.8000
E	257.142	90.000	75.9962	309.8046	0.2582	1.1307	0.0000	6.8000
dPolE	257.142	90.000	99.8286	1.0000	0.0000	6.8000
uR	257.142	90.000	0.0012	1.0000	0.0000	6.8000
E	258.756	90.000	43.6204	346.9855	0.3030	0.3263	0.0000	6.8000
dPolE	258.756	90.000	99.9341	1.0000	0.0000	6.8000
uR	258.756	90.000	0.0008	1.0000	0.0000	6.8000
E	260.369	90.000	59.7370	343.2800	0.3111	0.4033	0.0000	6.8000
dPolE	260.369	90.000	99.9632	1.0000	0.0000	6.8000
uR	260.369	90.000	0.0006	1.0000	0.0000	6.8000
E	261.983	90.000	42.1684	192.5459	0.3012	0.3247	0.0000	6.8000
dPolE	261.983	90.000	99.9840	1.0000	0.0000	6.8000
uR	261.983	90.000	0.0010	1.0000	0.0000	6.8000
E	263.596	90.000	26.1992	204.9156	0.2953	0.4746	0.0000	6.8000
dPolE	263.596	90.000	99.9563	1.0000	0.0000	6.8000
uR	263.596	90.000	0.0007	1.0000	0.0000	6.8000
E	265.210	90.000	23.6389	198.0063	0.3058	0.4837	0.0000	6.8000
dPolE	265.210	90.000	99.8308	1.0000	0.0000	6.8000
uR	265.210	90.000	0.0014	1.0000	0.0000	6.8000
E	266.823	90.000	24.7775	87.9246	0.2494	0.7900	0.0000	6.8000
dPolE	266.823	90.000	99.9973	1.0000	0.0000	6.8000
uR	266.823	90.000	0.0009	1.0000	0.0000	6.8000
E	268.437	90.000	82.1595	95.7113	0.1667	2.1653	0.0000	6.8000
dPolE	268.437	90.000	99.9174	1.0000	0.0000	6.8000
uR	268.437	90.000	0.0008	1.0000	0.0000	6.8000
E	270.051	90.000	43.1198	346.9879	0.2618	0.2881	0.0000	6.8000
dPolE	270.051	90.000	99.9884	1.0000	0.0000	6.8000
uR	270.051	90.000	0.0007	1.0000	0.0000	6.8000
E	271.665	90.000	62.0500	348.2775	0.2777	0.3687	0.0000	6.8000
dPolE	271.665	90.000	99.9900	1.0000	0.0000	6.8000
uR	271.665	90.000	0.0005	1.0000	0.0000	6.8000
E	273.279	90.000	37.0224	36.4921	0.2852	0.4362	0.0000	6.8000
dPolE	273.279	90.000	99.9822	1.0000	0.0000	6.8000
uR	273.279	90.000	0.0007	1.0000	0.0000	6.8000
E	274.892	90.000	39.4317	115.3246	0.2823	0.5421	0.0000	6.8000
dPolE	274.892	90.000	99.9901	1.0000	0.0000	6.8000
uR	274.892	90.000	0.0004	1.0000	0.0000	6.8000
E	276.506	90.000	33.4463	342.0293	0.2555	0.3309	0.0000	6.8000
dPolE	276.506	90.000	99.9904	1.0000	0.0000	6.8000
uR	276.506	90.000	0.0005	1.0000	0.0000	6.8000
E	278.120	90.000	44.9897	359.1774	0.2595	0.2786	0.0000	6.8000
dPolE	278.120	90.000	99.9804	1.0000	0.0000	6.8000
uR	278.120	90.000	0.0008	1.0000	0.0000	6.8000
E	279.734	90.000	81.2137	93.2181	0.1546	1.7030	0.0000	6.8000
dPolE	279.734	90.000	99.9827	1.0000	0.0000	6.8000
uR	279.734	90.000	0.0006	1.0000	0.0000	6.8000
E	281.349	90.000	13.5295	194.0564	0.2700	0.7058	0.0000	6.8000
dPolE	281.349	90.000	99.9822	1.0000	0.0000	6.8000
uR	281.349	90.000	0.0005	1.0000	0.0000	6.8000
E	282.963	90.000	30.7776	173.2276	0.2699	0.3464	0.0000	6.8000
dPolE	282.963	90.000	99.9989	1.0000	0.0000	6.8000
uR	282.963	90.000	0.0006	1.0000	0.0000	6.8000
E	284.577	90.000	40.5128	164.1530	0.2552	0.3126	0.0000	6.8000
dPolE	284.577	90.000	99.9821	1.0000	0.0000	6.8000
uR	284.577	90.000	0.0004	1.0000	0.0000	6.8000
E	286.191	90.000	82.9745	75.6610	0.1576	2.0110	0.0000	6.8000
dPolE	286.191	90.000	99.9369	1.0000	0.0000	6.8000
uR	286.191	90.000	0.0006	1.0000	0.0000	6.8000
E	287.805	90.000	40.4577	352.2925	0.2442	0.2881	0.0000	6.8000
dPolE	287.805	90.000	99.9825	1.0000	0.0000	6.8000
uR	287.805	90.000	0.0009	1.0000	0.0000	6.8000
E	289.420	90.000	48.6957	70.7287	0.2321	0.4529	0.0000	6.8000
dPolE	289.420	90.000	99.9996	1.0000	0.0000	6.8000
uR	289.420	90.000	0.0005	1.0000	0.0000	6.8000
E	291.034	90.000	40.7949	203.5772	0.2407	0.3258	0.0000	6.8000
dPolE	291.034	90.000	99.9814	1.0000	0.0000	6.8000
uR	291.034	90.000	0.0004	1.0000	0.0000	6.8000
E	292.649	90.000	59.7770	32.6721	0.2146	0.3713	0.0000	6.8000
dPolE	292.649	90.000	99.9611	1.0000	0.0000	6.8000
uR	292.649	90.000	0.0006	1.0000	0.0000	6.8000
E	294.263	90.000	18.8034	37.9927	0.2010	0.5550	0.0000	6.8000
dPolE	294.263	90.000	99.9996	1.0000	0.0000	6.8000
uR	294.263	90.000	0.0003	1.0000	0.0000	6.8000
E	295.877	90.000	70.0432	69.6684	0.1860	0.6788	0.0000	6.8000
dPolE	295.877	90.000	99.9292	1.0000	0.0000	6.8000
uR	295.877	90.000	0.0007	1.0000	0.0000	6.8000
E	297.492	90.000	50.5495	154.9593	0.2214	0.3162	0.0000	6.8000
dPolE	297.492	90.000	99.9939	1.0000	0.0000	6.8000
uR	297.492	90.000	0.0004	1.0000	0.0000	6.8000
E	299.107	90.000	37.5015	170.5631	0.2129	0.2801	0.0000	6.8000
dPolE	299.107	90.000	99.9633	1.0000	0.0000	6.8000
uR	299.107	90.000	0.0006	1.0000	0.0000	6.8000
E	300.721	90.000	55.0742	50.2037	0.2173	0.4107	0.0000	6.8000
dPolE	300.721	90.000	99.9999	1.0000	0.0000	6.8000
uR	300.721	90.000	0.0003	1.0000	0.0000	6.8000
E	302.336	90.000	46.4222	150.3416	0.2038	0.3035	0.0000	6.8000
dPolE	302.336	90.000	99.9854	1.0000	0.0000	6.8000
uR	302.336	90.000	0.0005	1.0000	0.0000	6.8000
E	303.950	90.000	67.4191	162.6625	0.1997	0.3912	0.0000	6.8000
dPolE	303.950	90.000	99.9784	1.0000	0.0000	6.8000
uR	303.950	90.000	0.0004	1.0000	0.0000	6.8000
E	305.565	90.000	67.0112	48.5972	0.1864	0.4887	0.0000	6.8000
dPolE	305.565	90.000	99.9936	1.0000	0.0000	6.8000
uR	305.565	90.000	0.0002	1.0000	0.0000	6.8000
E	307.180	90.000	66.8766	146.0512	0.1912	0.4334	0.0000	6.8000
dPolE	307.180	90.000	99.9632	1.0000	0.0000	6.8000
uR	307.180	90.000	0.0005	1.0000	0.0000	6.8000
E	308.795	90.000	36.8787	352.3456	0.1885	0.2667	0.0000	6.8000
dPolE	308.795	90.000	99.9387	1.0000	0.0000	6.8000
uR	308.795	90.000	0.0007	1.0000	0.0000	6.8000
E	310.410	90.000	53.3044	180.5476	0.1875	0.2670	0.0000	6.8000
dPolE	310.410	90.000	99.9952	1.0000	0.0000	6.8000
uR	310.410	90.000	0.0004	1.0000	0.0000	6.8000
E	312.024	90.000	44.3479	40.0389	0.2003	0.3331	0.0000	6.8000
dPolE	312.024	90.000	99.9912	1.0000	0.0000	6.8000
uR	312.024	90.000	0.0004	1.0000	0.0000	6.8000
E	313.639	90.000	60.7799	347.8290	0.1871	0.3138	0.0000	6.8000
dPolE	313.639	90.000	99.9973	1.0000	0.0000	6.8000
uR	313.639	90.000	0.0003	1.0000	0.0000	6.8000
E	315.254	90.000	33.3994	345.3130	0.1898	0.3023	0.0000	6.8000
dPolE	315.254	90.000	99.9840	1.0000	0.0000	6.8000
uR	315.254	90.000	0.0005	1.0000	0.0000	6.8000
E	316.869	90.000	5.3244	114.1338	0.1421	1.8948	0.0000	6.8000
dPolE	316.869	90.000	99.9887	1.0000	0.0000	6.8000
uR	316.869	90.000	0.0003	1.0000	0.0000	6.8000
E	318.484	90.000	36.6552	161.3115	0.1609	0.2536	0.0000	6.8000
dPolE	318.484	90.000	99.9961	1.0000	0.0000	6.8000
uR	318.484	90.000	0.0003	1.0000	0.0000	6.8000
E	320.099	90.000	61.0261	64.7529	0.1692	0.4043	0.0000	6.8000
dPolE	320.099	90.000	99.9738	1.0000	0.0000	6.8000
uR	320.099	90.000	0.0004	1.0000	0.0000	6.8000
E	321.714	90.000	35.2017	22.9094	0.1742	0.2912	0.0000	6.8000
dPolE	321.714	90.000	99.9999	1.0000	0.0000	6.8000
uR	321.714	90.000	0.0003	1.0000	0.0000	6.8000
E	323.330	90.000	85.1121	266.7121	0.1279	2.0000	0.0000	6.8000
dPolE	323.330	90.000	99.9676	1.0000	0.0000	6.8000
uR	323.330	90.000	0.0004	1.0000	0.0000	6.8000
E	324.945	90.000	5.1651	125.4119	0.1455	1.7652	0.0000	6.8000
dPolE	324.945	90.000	99.9894	1.0000	0.0000	6.8000
uR	324.945	90.000	0.0003	1.0000	0.0000	6.8000
E	326.560	90.000	50.2775	31.5915	0.1698	0.2895	0.0000	6.8000
dPolE	326.560	90.000	99.9951	1.0000	0.0000	6.8000
uR	326.560	90.000	0.0002	1.0000	0.0000	6.8000
E	328.175	90.000	76.5957	297.5992	0.1495	0.7341	0.0000	6.8000
dPolE	328.175	90.000	99.9886	1.0000	0.0000	6.8000
uR	328.175	90.000	0.0004	1.0000	0.0000	6.8000
E	329.790	90.000	26.6767	12.5621	0.1545	0.3042	0.0000	6.8000
dPolE	329.790	90.000	99.9841	1.0000	0.0000	6.8000
uR	329.790	90.000	0.0004	1.0000	0.0000	6.8000
E	331.406	90.000	61.6424	251.6644	0.1513	0.3749	0.0000	6.8000
dPolE	331.406	90.000	99.9893	1.0000	0.0000	6.8000
uR	331.406	90.000	0.0003	1.0000	0.0000	6.8000
E	333.021	90.000	61.1880	161.6608	0.1642	0.3202	0.0000	6.8000
dPolE	333.021	90.000	99.9794	1.0000	0.0000	6.8000
uR	333.021	90.000	0.0004	1.0000	0.0000	6.8000
E	334.636	90.000	31.8609	92.8385	0.1403	0.3245	0.0000	6.8000
dPolE	334.636	90.000	99.9929	1.0000	0.0000	6.8000
uR	334.636	90.000	0.0003	1.0000	0.0000	6.8000
E	336.251	90.000	73.9770	107.2582	0.1308	0.5523	0.0000	6.8000
dPolE	336.251	90.000	99.9814	1.0000	0.0000	6.8000
uR	336.251	90.000	0.0005	1.0000	0.0000	6.8000
E	337.867	90.000	18.3183	200.1181	0.1534	0.4395	0.0000	6.8000
dPolE	337.867	90.000	99.9961	1.0000	0.0000	6.8000
uR	337.867	90.000	0.0004	1.0000	0.0000	6.8000
E	339.482	90.000	58.1938	327.8530	0.1535	0.3042	0.0000	6.8000
dPolE	339.482	90.000	99.9999	1.0000	0.0000	6.8000
uR	339.482	90.000	0.0004	1.0000	0.0000	6.8000
E	341.098	90.000	28.0312	249.1373	0.1460	0.3607	0.0000	6.8000
dPolE	341.098	90.000	99.9945	1.0000	0.0000	6.8000
uR	341.098	90.000	0.0003	1.0000	0.0000	6.8000
E	342.713	90.000	63.2700	358.3737	0.1547	0.3218	0.0000	6.8000
dPolE	342.713	90.000	99.9951	1.0000	0.0000	6.8000
uR	342.713	90.000	0.0003	1.0000	0.0000	6.8000
E	344.329	90.000	38.6180	176.9120	0.1522	0.2652	0.0000	6.8000
dPolE	344.329	90.000	99.9946	1.0000	0.0000	6.8000
uR	344.329	90.000	0.0003	1.0000	0.0000	6.8000
E	345.944	90.000	52.9931	203.9141	0.1503	0.2759	0.0000	6.8000
dPolE	345.944	90.000	99.9829	1.0000	0.0000	6.8000
uR	345.944	90.000	0.0005	1.0000	0.0000	6.8000
E	347.560	90.000	73.8338	162.6566	0.1448	0.4747	0.0000	6.8000
dPolE	347.560	90.000	99.9826	1.0000	0.0000	6.8000
uR	347.560	90.000	0.0005	1.0000	0.0000	6.8000
E	349.175	90.000	50.3623	162.7104	0.1473	0.2623	0.0000	6.8000
dPolE	349.175	90.000	99.9916	1.0000	0.0000	6.8000
uR	349.175	90.000	0.0005	1.0000	0.0000	6.8000
E	350.791	90.000	28.6233	231.5502	0.1539	0.3565	0.0000	6.8000
dPolE	350.791	90.000	99.9907	1.0000	0.0000	6.8000
uR	350.791	90.000	0.0003	1.0000	0.0000	6.8000
E	352.406	90.000	17.8104	81.5576	0.1297	0.4794	0.0000	6.8000
dPolE	352.406	90.000	99.9975	1.0000	0.0000	6.8000
uR	352.406	90.000	0.0003	1.0000	0.0000	6.8000
E	354.022	90.000	26.8150	66.0939	0.1415	0.3567	0.0000	6.8000
dPolE	354.022	90.000	99.9862	1.0000	0.0000	6.8000
uR	354.022	90.000	0.0005	1.0000	0.0000	6.8000
E	355.638	90.000	58.8365	155.4563	0.1423	0.2930	0.0000	6.8000
dPolE	355.638	90.000	99.9996	1.0000	0.0000	6.8000
uR	355.638	90.000	0.0002	1.0000	0.0000	6.8000
E	357.253	90.000	75.4091	277.0711	0.1322	0.5852	0.0000	6.8000
dPolE	357.253	90.000	99.9571	1.0000	0.0000	6.8000
uR	357.253	90.000	0.0006	1.0000	0.0000	6.8000
E	358.869	90.000	52.3365	141.6189	0.1385	0.2714	0.0000	6.8000
dPolE	358.869	90.000	99.9960	1.0000	0.0000	6.8000
uR	358.869	90.000	0.0004	1.0000	0.0000	6.8000
E	360.485	90.000	45.4958	1.0535	0.1412	0.2576	0.0000	6.8000
dPolE	360.485	90.000	99.9846	1.0000	0.0000	6.8000
uR	360.485	90.000	0.0004	1.0000	0.0000	6.8000
E	362.100	90.000	42.8968	163.1059	0.1378	0.2530	0.0000	6.8000
dPolE	362.100	90.000	99.9863	1.0000	0.0000	6.8000
uR	362.100	90.000	0.0003	1.0000	0.0000	6.8000
E	363.716	90.000	34.7361	159.1751	0.1347	0.2653	0.0000	6.8000
dPolE	363.716	90.000	99.9948	1.0000	0.0000	6.8000
uR	363.716	90.000	0.0003	1.0000	0.0000	6.8000
E	365.332	90.000	20.3078	156.3662	0.1380	0.3978	0.0000	6.8000
dPolE	365.332	90.000	99.9981	1.0000	0.0000	6.8000
uR	365.332	90.000	0.0003	1.0000	0.0000	6.8000
E	366.948	90.000	32.8508	267.5938	0.1315	0.2922	0.0000	6.8000
dPolE	366.948	90.000	99.9968	1.0000	0.0000	6.8000
uR	366.948	90.000	0.0002	1.0000	0.0000	6.8000
E	368.563	90.000	54.6862	347.1029	0.1420	0.2784	0.0000	6.8000
dPolE	368.563	90.000	99.9826	1.0000	0.0000	6.8000
uR	368.563	90.000	0.0003	1.0000	0.0000	6.8000
E	370.179	90.000	43.3216	279.2937	0.1295	0.2590	0.0000	6.8000
dPolE	370.179	90.000	99.9725	1.0000	0.0000	6.8000
uR	370.179	90.000	0.0004	1.0000	0.0000	6.8000
E	371.795	90.000	25.0707	354.4226	0.1307	0.3129	0.0000	6.8000
dPolE	371.795	90.000	99.9974	1.0000	0.0000	6.8000
uR	371.795	90.000	0.0004	1.0000	0.0000	6.8000
E	373.411	90.000	56.5628	149.4811	0.1241	0.2562	0.0000	6.8000
dPolE	373.411	90.000	99.9942	1.0000	0.0000	6.8000
uR	373.411	90.000	0.0004	1.0000	0.0000	6.8000
E	375.027	90.000	32.4715	17.2893	0.1260	0.2634	0.0000	6.8000
dPolE	375.027	90.000	99.9958	1.0000	0.0000	6.8000
uR	375.027	90.000	0.0003	1.0000	0.0000	6.8000
E	376.643	90.000	38.4701	337.5747	0.1326	0.2585	0.0000	6.8000
dPolE	376.643	90.000	99.9929	1.0000	0.0000	6.8000
uR	376.643	90.000	0.0003	1.0000	0.0000	6.8000
E	378.258	90.000	55.4466	339.7873	0.1322	0.2669	0.0000	6.8000
dPolE	378.258	90.000	99.9958	1.0000	0.0000	6.8000
uR	378.258	90.000	0.0004	1.0000	0.0000	6.8000
E	379.874	90.000	12.7776	94.6911	0.1207	0.5903	0.0000	6.8000
dPolE	379.874	90.000	99.9999	1.0000	0.0000	6.8000
uR	379.874	90.000	0.0003	1.0000	0.0000	6.8000
E	381.490	90.000	31.6069	345.9224	0.1178	0.2498	0.0000	6.8000
dPolE	381.490	90.000	99.9999	1.0000	0.0000	6.8000
uR	381.490	90.000	0.0002	1.0000	0.0000	6.8000
E	383.106	90.000	73.2903	129.1430	0.1266	0.4601	0.0000	6.8000
dPolE	383.106	90.000	99.9742	1.0000	0.0000	6.8000
uR	383.106	90.000	0.0004	1.0000	0.0000	6.8000
E	384.722	90.000	51.3289	10.2013	0.1346	0.2627	0.0000	6.8000
dPolE	384.722	90.000	99.9977	1.0000	0.0000	6.8000
uR	384.722	90.000	0.0003	1.0000	0.0000	6.8000
E	386.338	90.000	64.6584	27.3263	0.1276	0.3168	0.0000	6.8000
dPolE	386.338	90.000	99.9900	1.0000	0.0000	6.8000
uR	386.338	90.000	0.0002	1.0000	0.0000	6.8000
E	387.954	90.000	82.2464	269.5623	0.1158	0.9190	0.0000	6.8000
dPolE	387.954	90.000	99.9962	1.0000	0.0000	6.8000
uR	387.954	90.000	0.0002	1.0000	0.0000	6.8000
E	389.570	90.000	33.5819	35.2526	0.1127	0.2357	0.0000	6.8000
dPolE	389.570	90.000	99.9993	1.0000	0.0000	6.8000
uR	389.570	90.000	0.0002	1.0000	0.0000	6.8000
E	391.186	90.000	10.8923	245.9907	0.1142	0.6338	0.0000	6.8000
dPolE	391.186	90.000	99.9964	1.0000	0.0000	6.8000
uR	391.186	90.000	0.0002	1.0000	0.0000	6.8000
E	392.802	90.000	37.1709	35.4932	0.1227	0.2473	0.0000	6.8000
dPolE	392.802	90.000	99.9973	1.0000	0.0000	6.8000
uR	392.802	90.000	0.0002	1.0000	0.0000	6.8000
E	394.418	90.000	30.0257	31.8155	0.1224	0.2732	0.0000	6.8000
dPolE	394.418	90.000	99.9841	1.0000	0.0000	6.8000
uR	394.418	90.000	0.0003	1.0000	0.0000	6.8000
E	396.034	90.000	55.1382	31.6167	0.1257	0.2573	0.0000	6.8000
dPolE	396.034	90.000	99.9662	1.0000	0.0000	6.8000
uR	396.034	90.000	0.0004	1.0000	0.0000	6.8000
E	397.650	90.000	35.2973	25.1849	0.1204	0.2427	0.0000	6.8000
dPolE	397.650	90.000	99.9758	1.0000	0.0000	6.8000
uR	397.650	90.000	0.0003	1.0000	0.0000	6.8000
E	399.266	90.000	43.9464	5.7062	0.1199	0.2254	0.0000	6.8000
dPolE	399.266	90.000	99.9708	1.0000	0.0000	6.8000
uR	399.266	90.000	0.0004	1.0000	0.0000	6.8000
E	400.882	90.000	38.7887	37.6634	0.1186	0.2350	0.0000	6.8000
dPolE	400.882	90.000	99.9709	1.0000	0.0000	6.8000
uR	400.882	90.000	0.0004	1.0000	0.0000	6.8000
E	402.498	90.000	32.2008	38.9672	0.1127	0.2435	0.0000	6.8000
dPolE	402.498	90.000	99.9220	1.0000	0.0000	6.8000
uR	402.498	90.000	0.0006	1.0000	0.0000	6.8000
E	404.114	90.000	37.6328	16.0439	0.1121	0.2206	0.0000	6.8000
dPolE	404.114	90.000	99.8709	1.0000	0.0000	6.8000
uR	404.114	90.000	0.0008	1.0000	0.0000	6.8000
E	405.730	90.000	41.4996	21.1342	0.1149	0.2191	0.0000	6.8000
dPolE	405.730	90.000	99.7484	1.0000	0.0000	6.8000
uR	405.730	90.000	0.0010	1.0000	0.0000	6.8000
E	407.346	90.000	47.3960	24.8248	0.1154	0.2187	0.0000	6.8000
dPolE	407.346	90.000	99.7247	1.0000	0.0000	6.8000
uR	407.346	90.000	0.0010	1.0000	0.0000	6.8000
E	408.962	90.000	47.7101	17.1163	0.1161	0.2187	0.0000	6.8000
dPolE	408.962	90.000	99.7082	1.0000	0.0000	6.8000
uR	408.962	90.000	0.0011	1.0000	0.0000	6.8000
E	410.578	90.000	46.4461	18.5415	0.1216	0.2295	0.0000	6.8000
dPolE	410.578	90.000	99.3937	1.0000	0.0000	6.8000
uR	410.578	90.000	0.0015	1.0000	0.0000	6.8000
E	412.194	90.000	44.7752	20.0025	0.1106	0.2099	0.0000	6.8000
dPolE	412.194	90.000	98.8893	1.0000	0.0000	6.8000
uR	412.194	90.000	0.0021	1.0000	0.0000	6.8000
E	413.810	90.000	43.5882	22.0577	0.1141	0.2168	0.0000	6.8000
dPolE	413.810	90.000	98.9098	1.0000	0.0000	6.8000
uR	413.810	90.000	0.0021	1.0000	0.0000	6.8000
E	415.426	90.000	43.2760	16.6629	0.1166	0.2192	0.0000	6.8000
dPolE	415.426	90.000	98.8481	1.0000	0.0000	6.8000
uR	415.426	90.000	0.0021	1.0000	0.0000	6.8000
E	417.042	90.000	44.9144	20.9003	0.1148	0.2141	0.0000	6.8000
dPolE	417.042	90.000	98.1609	1.0000	0.0000	6.8000
uR	417.042	90.000	0.0026	1.0000	0.0000	6.8000
E	418.658	90.000	45.4730	17.9878	0.1083	0.2004	0.0000	6.8000
dPolE	418.658	90.000	98.0236	1.0000	0.0000	6.8000
uR	418.658	90.000	0.0028	1.0000	0.0000	6.8000
E	420.274	90.000	44.2715	16.8969	0.1090	0.2018	0.0000	6.8000
dPolE	420.274	90.000	97.0820	1.0000	0.0000	6.8000
uR	420.274	90.000	0.0034	1.0000	0.0000	6.8000
E	421.890	90.000	44.5604	15.4020	0.1006	0.1869	0.0000	6.8000
dPolE	421.890	90.000	96.7496	1.0000	0.0000	6.8000
uR	421.890	90.000	0.0038	1.0000	0.0000	6.8000
E	423.506	90.000	44.4393	17.1483	0.0985	0.1836	0.0000	6.8000
dPolE	423.506	90.000	96.4552	1.0000	0.0000	6.8000
uR	423.506	90.000	0.0041	1.0000	0.0000	6.8000
E	425.122	90.000	44.5486	15.1121	0.1036	0.1921	0.0000	6.8000
dPolE	425.122	90.000	95.8404	1.0000	0.0000	6.8000
uR	425.122	90.000	0.0047	1.0000	0.0000	6.8000
E	426.738	90.000	45.3143	14.4954	0.1023	0.1878	0.0000	6.8000
dPolE	426.738	90.000	95.0904	1.0000	0.0000	6.8000
uR	426.738	90.000	0.0050	1.0000	0.0000	6.8000
E	428.355	90.000	46.0415	15.4347	0.0980	0.1782	0.0000	6.8000
dPolE	428.355	90.000	94.7184	1.0000	0.0000	6.8000
uR	428.355	90.000	0.0055	1.0000	0.0000	6.8000
E	429.971	90.000	43.9941	15.9808	0.1017	0.1838	0.0000	6.8000
dPolE	429.971	90.000	94.1367	1.0000	0.0000	6.8000
uR	429.971	90.000	0.0057	1.0000	0.0000	6.8000
E	431.587	90.000	44.2845	16.1132	0.0984	0.1779	0.0000	6.8000
dPolE	431.587	90.000	93.3930	1.0000	0.0000	6.8000
uR	431.587	90.000	0.0060	1.0000	0.0000	6.8000
E	433.203	90.000	44.4164	14.7180	0.1000	0.1811	0.0000	6.8000
dPolE	433.203	90.000	92.9828	1.0000	0.0000	6.8000
uR	433.203	90.000	0.0066	1.0000	0.0000	6.8000
E	434.819	90.000	45.3998	14.9398	0.0953	0.1733	0.0000	6.8000
dPolE	434.819	90.000	92.6364	1.0000	0.0000	6.8000
uR	434.819	90.000	0.0069	1.0000	0.0000	6.8000
E	436.435	90.000	44.6706	14.3107	0.0930	0.1683	0.0000	6.8000
dPolE	436.435	90.000	90.6394	1.0000	0.0000	6.8000
uR	436.435	90.000	0.0075	1.0000	0.0000	6.8000
E	438.051	90.000	44.2746	14.0600	0.0932	0.1672	0.0000	6.8000
dPolE	438.051	90.000	89.9804	1.0000	0.0000	6.8000
uR	438.051	90.000	0.0077	1.0000	0.0000	6.8000
E	439.667	90.000	44.6443	13.6656	0.0936	0.1660	0.0000	6.8000
dPolE	439.667	90.000	87.9720	1.0000	0.0000	6.8000
uR	439.667	90.000	0.0084	1.0000	0.0000	6.8000
E	441.283	90.000	44.9257	13.7534	0.0945	0.1662	0.0000	6.8000
dPolE	441.283	90.000	86.7809	1.0000	0.0000	6.8000
uR	441.283	90.000	0.0089	1.0000	0.0000	6.8000
E	442.899	90.000	44.7222	13.5286	0.0951	0.1664	0.0000	6.8000
dPolE	442.899	90.000	86.2094	1.0000	0.0000	6.8000
uR	442.899	90.000	0.0093	1.0000	0.0000	6.8000
E	444.515	90.000	44.8858	12.3873	0.0896	0.1567	0.0000	6.8000
dPolE	444.515	90.000	86.2354	1.0000	0.0000	6.8000
uR	444.515	90.000	0.0095	1.0000	0.0000	6.8000
E	446.131	90.000	45.0654	12.9645	0.0913	0.1605	0.0000	6.8000
dPolE	446.131	90.000	85.8221	1.0000	0.0000	6.8000
uR	446.131	90.000	0.0100	1.0000	0.0000	6.8000
E	447.747	90.000	44.8941	13.3126	0.0880	0.1547	0.0000	6.8000
dPolE	447.747	90.000	85.4033	1.0000	0.0000	6.8000
uR	447.747	90.000	0.0101	1.0000	0.0000	6.8000
E	449.363	90.000	44.0594	12.3595	0.0825	0.1442	0.0000	6.8000
dPolE	449.363	90.000	83.0281	1.0000	0.0000	6.8000
uR	449.363	90.000	0.0108	1.0000	0.0000	6.8000
E	450.979	90.000	45.1857	11.5644	0.0828	0.1431	0.0000	6.8000
dPolE	450.979	90.000	79.9096	1.0000	0.0000	6.8000
uR	450.979	90.000	0.0112	1.0000	0.0000	6.8000
E	452.594	90.000	44.7678	11.8338	0.0843	0.1441	0.0000	6.8000
dPolE	452.594	90.000	77.9162	1.0000	0.0000	6.8000
uR	452.594	90.000	0.0118	1.0000	0.0000	6.8000
E	454.210	90.000	45.0332	11.7789	0.0836	0.1416	0.0000	6.8000
dPolE	454.210	90.000	79.6301	1.0000	0.0000	6.8000
uR	454.210	90.000	0.0121	1.0000	0.0000	6.8000
E	455.826	90.000	44.8323	11.7262	0.0824	0.1390	0.0000	6.8000
dPolE	455.826	90.000	77.0016	1.0000	0.0000	6.8000
uR	455.826	90.000	0.0129	1.0000	0.0000	6.8000
E	457.442	90.000	45.6384	11.5195	0.0835	0.1410	0.0000	6.8000
dPolE	457.442	90.000	77.5371	1.0000	0.0000	6.8000
uR	457.442	90.000	0.0126	1.0000	0.0000	6.8000
E	459.058	90.000	44.7647	11.0978	0.0844	0.1427	0.0000	6.8000
dPolE	459.058	90.000	75.2084	1.0000	0.0000	6.8000
uR	459.058	90.000	0.0133	1.0000	0.0000	6.8000
E	460.674	90.000	44.7839	11.4335	0.0802	0.1359	0.0000	6.8000
dPolE	460.674	90.000	73.4348	1.0000	0.0000	6.8000
uR	460.674	90.000	0.0137	1.0000	0.0000	6.8000
E	462.290	90.000	44.7791	10.6715	0.0778	0.1310	0.0000	6.8000
dPolE	462.290	90.000	71.5569	1.0000	0.0000	6.8000
uR	462.290	90.000	0.0140	1.0000	0.0000	6.8000
E	463.906	90.000	44.7455	10.7371	0.0761	0.1271	0.0000	6.8000
dPolE	463.906	90.000	69.7825	1.0000	0.0000	6.8000
uR	463.906	90.000	0.0143	1.0000	0.0000	6.8000
E	465.521	90.000	44.9329	10.2334	0.0747	0.1232	0.0000	6.8000
dPolE	465.521	90.000	67.2336	1.0000	0.0000	6.8000
uR	465.521	90.000	0.0146	1.0000	0.0000	6.8000
E	467.137	90.000	44.9055	10.3366	0.0708	0.1154	0.0000	6.8000
dPolE	467.137	90.000	65.2724	1.0000	0.0000	6.8000
uR	467.137	90.000	0.0146	1.0000	0.0000	6.8000
E	468.753	90.000	44.8069	10.0115	0.0717	0.1160	0.0000	6.8000
dPolE	468.753	90.000	61.7368	1.0000	0.0000	6.8000
uR	468.753	90.000	0.0148	1.0000	0.0000	6.8000
E	470.369	90.000	44.7308	9.9653	0.0698	0.1128	0.0000	6.8000
dPolE	470.369	90.000	62.7504	1.0000	0.0000	6.8000
uR	470.369	90.000	0.0154	1.0000	0.0000	6.8000
E	471.985	90.000	44.9206	9.8715	0.0725	0.1173	0.0000	6.8000
dPolE	471.985	90.000	64.8222	1.0000	0.0000	6.8000
uR	471.985	90.000	0.0158	1.0000	0.0000	6.8000
E	473.600	90.000	44.6849	9.7205	0.0756	0.1226	0.0000	6.8000
dPolE	473.600	90.000	64.0051	1.0000	0.0000	6.8000
uR	473.600	90.000	0.0162	1.0000	0.0000	6.8000
E	475.216	90.000	45.1056	9.5105	0.0732	0.1186	0.0000	6.8000
dPolE	475.216	90.000	66.4670	1.0000	0.0000	6.8000
uR	475.216	90.000	0.0167	1.0000	0.0000	6.8000
E	476.832	90.000	44.8249	8.9529	0.0765	0.1233	0.0000	6.8000
dPolE	476.832	90.000	68.0053	1.0000	0.0000	6.8000
uR	476.832	90.000	0.0171	1.0000	0.0000	6.8000
E	478.448	90.000	45.0320	9.1243	0.0805	0.1285	0.0000	6.8000
dPolE	478.448	90.000	67.4520	1.0000	0.0000	6.8000
uR	478.448	90.000	0.0173	1.0000	0.0000	6.8000
E	480.063	90.000	44.6947	9.3404	0.0777	0.1228	0.0000	6.8000
dPolE	480.063	90.000	65.8942	1.0000	0.0000	6.8000
uR	480.063	90.000	0.0176	1.0000	0.0000	6.8000
E	481.679	90.000	44.9122	9.1782	0.0708	0.1105	0.0000	6.8000
dPolE	481.679	90.000	65.8594	1.0000	0.0000	6.8000
uR	481.679	90.000	0.0179	1.0000	0.0000	6.8000
E	483.294	90.000	44.7500	8.8899	0.0728	0.1127	0.0000	6.8000
dPolE	483.294	90.000	62.2812	1.0000	0.0000	6.8000
uR	483.294	90.000	0.0180	1.0000	0.0000	6.8000
E	484.910	90.000	44.7234	8.5101	0.0725	0.1118	0.0000	6.8000
dPolE	484.910	90.000	65.1116	1.0000	0.0000	6.8000
uR	484.910	90.000	0.0182	1.0000	0.0000	6.8000
E	486.526	90.000	44.7167	8.9113	0.0757	0.1169	0.0000	6.8000
dPolE	486.526	90.000	66.7961	1.0000	0.0000	6.8000
uR	486.526	90.000	0.0185	1.0000	0.0000	6.8000
E	488.141	90.000	45.1456	8.4470	0.0739	0.1143	0.0000	6.8000
dPolE	488.141	90.000	64.0069	1.0000	0.0000	6.8000
uR	488.141	90.000	0.0192	1.0000	0.0000	6.8000
E	489.757	90.000	44.7134	8.1209	0.0748	0.1156	0.0000	6.8000
dPolE	489.757	90.000	64.1916	1.0000	0.0000	6.8000
uR	489.757	90.000	0.0191	1.0000	0.0000	6.8000
E	491.372	90.000	44.8290	8.0192	0.0737	0.1136	0.0000	6.8000
dPolE	491.372	90.000	62.1438	1.0000	0.0000	6.8000
uR	491.372	90.000	0.0194	1.0000	0.0000	6.8000
E	492.988	90.000	45.0521	8.0424	0.0734	0.1124	0.0000	6.8000
dPolE	492.988	90.000	60.7925	1.0000	0.0000	6.8000
uR	492.988	90.000	0.0196	1.0000	0.0000	6.8000
E	494.603	90.000	45.0677	8.3856	0.0714	0.1085	0.0000	6.8000
dPolE	494.603	90.000	61.1477	1.0000	0.0000	6.8000
uR	494.603	90.000	0.0200	1.0000	0.0000	6.8000
E	496.219	90.000	44.8815	8.2819	0.0747	0.1122	0.0000	6.8000
dPolE	496.219	90.000	62.8315	1.0000	0.0000	6.8000
uR	496.219	90.000	0.0202	1.0000	0.0000	6.8000
E	497.834	90.000	44.9960	7.8632	0.0765	0.1136	0.0000	6.8000
dPolE	497.834	90.000	61.0783	1.0000	0.0000	6.8000
uR	497.834	90.000	0.0205	1.0000	0.0000	6.8000
E	499.450	90.000	44.7110	8.0707	0.0764	0.1127	0.0000	6.8000
dPolE	499.450	90.000	62.0699	1.0000	0.0000	6.8000
uR	499.450	90.000	0.0208	1.0000	0.0000	6.8000
E	501.065	90.000	44.8007	7.6815	0.0732	0.1074	0.0000	6.8000
dPolE	501.065	90.000	62.9618	1.0000	0.0000	6.8000
uR	501.065	90.000	0.0206	1.0000	0.0000	6.8000
E	502.680	90.000	44.9490	7.8226	0.0752	0.1104	0.0000	6.8000
dPolE	502.680	90.000	62.1584	1.0000	0.0000	6.8000
uR	502.680	90.000	0.0210	1.0000	0.0000	6.8000
E	504.296	90.000	44.6380	7.5341	0.0724	0.1065	0.0000	6.8000
dPolE	504.296	90.000	61.6444	1.0000	0.0000	6.8000
uR	504.296	90.000	0.0211	1.0000	0.0000	6.8000
E	505.911	90.000	44.7267	7.3489	0.0713	0.1048	0.0000	6.8000
dPolE	505.911	90.000	61.9040	1.0000	0.0000	6.8000
uR	505.911	90.000	0.0213	1.0000	0.0000	6.8000
E	507.526	90.000	45.0703	7.4686	0.0714	0.1048	0.0000	6.8000
dPolE	507.526	90.000	59.8726	1.0000	0.0000	6.8000
uR	507.526	90.000	0.0215	1.0000	0.0000	6.8000
E	509.141	90.000	45.0080	7.1363	0.0718	0.1049	0.0000	6.8000
dPolE	509.141	90.000	58.0618	1.0000	0.0000	6.8000
uR	509.141	90.000	0.0220	1.0000	0.0000	6.8000
E	510.756	90.000	44.7684	7.0221	0.0735	0.1064	0.0000	6.8000
dPolE	510.756	90.000	59.4245	1.0000	0.0000	6.8000
uR	510.756	90.000	0.0221	1.0000	0.0000	6.8000
E	512.372	90.000	44.8479	6.7648	0.0747	0.1069	0.0000	6.8000
dPolE	512.372	90.000	60.7453	1.0000	0.0000	6.8000
uR	512.372	90.000	0.0226	1.0000	0.0000	6.8000
E	513.987	90.000	44.9316	7.0193	0.0742	0.1052	0.0000	6.8000
dPolE	513.987	90.000	59.7028	1.0000	0.0000	6.8000
uR	513.987	90.000	0.0239	1.0000	0.0000	6.8000
E	515.602	90.000	44.6720	7.0634	0.0771	0.1084	0.0000	6.8000
dPolE	515.602	90.000	59.9725	1.0000	0.0000	6.8000
uR	515.602	90.000	0.0249	1.0000	0.0000	6.8000
E	517.217	90.000	44.7616	7.0824	0.0802	0.1121	0.0000	6.8000
dPolE	517.217	90.000	60.5942	1.0000	0.0000	6.8000
uR	517.217	90.000	0.0244	1.0000	0.0000	6.8000
E	518.832	90.000	44.8723	6.5431	0.0814	0.1135	0.0000	6.8000
dPolE	518.832	90.000	63.5028	1.0000	0.0000	6.8000
uR	518.832	90.000	0.0229	1.0000	0.0000	6.8000
E	520.447	90.000	45.0012	6.3832	0.0835	0.1161	0.0000	6.8000
dPolE	520.447	90.000	64.2515	1.0000	0.0000	6.8000
uR	520.447	90.000	0.0222	1.0000	0.0000	6.8000
E	522.062	90.000	44.9026	6.3523	0.0810	0.1130	0.0000	6.8000
dPolE	522.062	90.000	61.6973	1.0000	0.0000	6.8000
uR	522.062	90.000	0.0215	1.0000	0.0000	6.8000
E	523.677	90.000	44.7737	6.2686	0.0775	0.1080	0.0000	6.8000
dPolE	523.677	90.000	59.7215	1.0000	0.0000	6.8000
uR	523.677	90.000	0.0223	1.0000	0.0000	6.8000
E	525.292	90.000	45.3376	6.2234	0.0781	0.1086	0.0000	6.8000
dPolE	525.292	90.000	57.4546	1.0000	0.0000	6.8000
uR	525.292	90.000	0.0234	1.0000	0.0000	6.8000
E	526.907	90.000	44.9427	5.9099	0.0747	0.1032	0.0000	6.8000
dPolE	526.907	90.000	56.4815	1.0000	0.0000	6.8000
uR	526.907	90.000	0.0233	1.0000	0.0000	6.8000
E	528.521	90.000	44.8616	5.8765	0.0749	0.1029	0.0000	6.8000
dPolE	528.521	90.000	57.7046	1.0000	0.0000	6.8000
uR	528.521	90.000	0.0237	1.0000	0.0000	6.8000
E	530.136	90.000	45.1300	6.1052	0.0747	0.1016	0.0000	6.8000
dPolE	530.136	90.000	55.9184	1.0000	0.0000	6.8000
uR	530.136	90.000	0.0235	1.0000	0.0000	6.8000
E	531.751	90.000	44.8249	6.4228	0.0755	0.1018	0.0000	6.8000
dPolE	531.751	90.000	57.2154	1.0000	0.0000	6.8000
uR	531.751	90.000	0.0238	1.0000	0.0000	6.8000
E	533.366	90.000	44.8554	6.0643	0.0755	0.1009	0.0000	6.8000
dPolE	533.366	90.000	56.0375	1.0000	0.0000	6.8000
uR	533.366	90.000	0.0242	1.0000	0.0000	6.8000
E	534.980	90.000	44.8786	5.9821	0.0759	0.1006	0.0000	6.8000
dPolE	534.980	90.000	54.8830	1.0000	0.0000	6.8000
uR	534.980	90.000	0.0241	1.0000	0.0000	6.8000
E	536.595	90.000	44.8030	6.0757	0.0781	0.1032	0.0000	6.8000
dPolE	536.595	90.000	55.9687	1.0000	0.0000	6.8000
uR	536.595	90.000	0.0242	1.0000	0.0000	6.8000
E	538.210	90.000	44.8529	5.8701	0.0790	0.1041	0.0000	6.8000
dPolE	538.210	90.000	57.8469	1.0000	0.0000	6.8000
uR	538.210	90.000	0.0242	1.0000	0.0000	6.8000
E	539.824	90.000	44.9120	5.6714	0.0780	0.1028	0.0000	6.8000
dPolE	539.824	90.000	54.9759	1.0000	0.0000	6.8000
uR	539.824	90.000	0.0242	1.0000	0.0000	6.8000
E	541.439	90.000	44.9647	5.6809	0.0740	0.0977	0.0000	6.8000
dPolE	541.439	90.000	55.3842	1.0000	0.0000	6.8000
uR	541.439	90.000	0.0243	1.0000	0.0000	6.8000
E	543.053	90.000	44.8572	5.8466	0.0782	0.1032	0.0000	6.8000
dPolE	543.053	90.000	56.1708	1.0000	0.0000	6.8000
uR	543.053	90.000	0.0243	1.0000	0.0000	6.8000
E	544.668	90.000	45.0042	5.5094	0.0807	0.1062	0.0000	6.8000
dPolE	544.668	90.000	54.7868	1.0000	0.0000	6.8000
uR	544.668	90.000	0.0241	1.0000	0.0000	6.8000
E	546.282	90.000	44.8139	5.6092	0.0800	0.1049	0.0000	6.8000
dPolE	546.282	90.000	56.3130	1.0000	0.0000	6.8000
uR	546.282	90.000	0.0242	1.0000	0.0000	6.8000
E	547.896	90.000	44.7713	5.1936	0.0790	0.1026	0.0000	6.8000
dPolE	547.896	90.000	54.1774	1.0000	0.0000	6.8000
uR	547.896	90.000	0.0246	1.0000	0.0000	6.8000
E	549.511	90.000	44.8375	5.4527	0.0771	0.0995	0.0000	6.8000
dPolE	549.511	90.000	54.4155	1.0000	0.0000	6.8000
uR	549.511	90.000	0.0248	1.0000	0.0000	6.8000
E	551.125	90.000	44.8090	5.5146	0.0805	0.1027	0.0000	6.8000
dPolE	551.125	90.000	54.3897	1.0000	0.0000	6.8000
uR	551.125	90.000	0.0243	1.0000	0.0000	6.8000
E	552.739	90.000	44.6787	5.4886	0.0789	0.0998	0.0000	6.8000
dPolE	552.739	90.000	54.6633	1.0000	0.0000	6.8000
uR	552.739	90.000	0.0242	1.0000	0.0000	6.8000
E	554.353	90.000	44.9663	5.2719	0.0782	0.0983	0.0000	6.8000
dPolE	554.353	90.000	54.6242	1.0000	0.0000	6.8000
uR	554.353	90.000	0.0246	1.0000	0.0000	6.8000
E	555.968	90.000	44.7243	5.0608	0.0753	0.0941	0.0000	6.8000
dPolE	555.968	90.000	52.8190	1.0000	0.0000	6.8000
uR	555.968	90.000	0.0248	1.0000	0.0000	6.8000
E	557.582	90.000	45.0302	5.0217	0.0795	0.0989	0.0000	6.8000
dPolE	557.582	90.000	51.8104	1.0000	0.0000	6.8000
uR	557.582	90.000	0.0247	1.0000	0.0000	6.8000
E	559.196	90.000	44.9435	5.0503	0.0767	0.0955	0.0000	6.8000
dPolE	559.196	90.000	52.9395	1.0000	0.0000	6.8000
uR	559.196	90.000	0.0246	1.0000	0.0000	6.8000
E	560.810	90.000	44.9371	4.6457	0.0793	0.0985	0.0000	6.8000
dPolE	560.810	90.000	54.3841	1.0000	0.0000	6.8000
uR	560.810	90.000	0.0246	1.0000	0.0000	6.8000
E	562.424	90.000	44.8756	4.7409	0.0777	0.0968	0.0000	6.8000
dPolE	562.424	90.000	51.6301	1.0000	0.0000	6.8000
uR	562.424	90.000	0.0248	1.0000	0.0000	6.8000
E	564.038	90.000	44.9713	4.8445	0.0838	0.1042	0.0000	6.8000
dPolE	564.038	90.000	50.6077	1.0000	0.0000	6.8000
uR	564.038	90.000	0.0249	1.0000	0.0000	6.8000
E	565.651	90.000	45.0314	4.9488	0.0788	0.0979	0.0000	6.8000
dPolE	565.651	90.000	53.3783	1.0000	0.0000	6.8000
uR	565.651	90.000	0.0250	1.0000	0.0000	6.8000
E	567.265	90.000	44.7322	4.6216	0.0793	0.0980	0.0000	6.8000
dPolE	567.265	90.000	50.8066	1.0000	0.0000	6.8000
uR	567.265	90.000	0.0249	1.0000	0.0000	6.8000
E	568.879	90.000	44.8296	4.6110	0.0817	0.1002	0.0000	6.8000
dPolE	568.879	90.000	51.4075	1.0000	0.0000	6.8000
uR	568.879	90.000	0.0249	1.0000	0.0000	6.8000
E	570.493	90.000	44.9385	4.6084	0.0787	0.0958	0.0000	6.8000
dPolE	570.493	90.000	50.5515	1.0000	0.0000	6.8000
uR	570.493	90.000	0.0248	1.0000	0.0000	6.8000
E	572.106	90.000	44.9128	4.6465	0.0825	0.0996	0.0000	6.8000
dPolE	572.106	90.000	48.6162	1.0000	0.0000	6.8000
uR	572.106	90.000	0.0249	1.0000	0.0000	6.8000
E	573.720	90.000	44.9255	4.5648	0.0831	0.0994	0.0000	6.8000
dPolE	573.720	90.000	48.9636	1.0000	0.0000	6.8000
uR	573.720	90.000	0.0249	1.0000	0.0000	6.8000
E	575.333	90.000	44.9660	4.5854	0.0804	0.0955	0.0000	6.8000
dPolE	575.333	90.000	48.7628	1.0000	0.0000	6.8000
uR	575.333	90.000	0.0251	1.0000	0.0000	6.8000
E	576.947	90.000	44.9037	4.2338	0.0797	0.0939	0.0000	6.8000
dPolE	576.947	90.000	50.4758	1.0000	0.0000	6.8000
uR	576.947	90.000	0.0252	1.0000	0.0000	6.8000
E	578.560	90.000	44.7761	4.3598	0.0832	0.0977	0.0000	6.8000
dPolE	578.560	90.000	50.0791	1.0000	0.0000	6.8000
uR	578.560	90.000	0.0252	1.0000	0.0000	6.8000
E	580.174	90.000	44.9169	4.3860	0.0836	0.0980	0.0000	6.8000
dPolE	580.174	90.000	48.2041	1.0000	0.0000	6.8000
uR	580.174	90.000	0.0255	1.0000	0.0000	6.8000
E	581.787	90.000	44.9762	4.1298	0.0815	0.0954	0.0000	6.8000
dPolE	581.787	90.000	48.9425	1.0000	0.0000	6.8000
uR	581.787	90.000	0.0253	1.0000	0.0000	6.8000
E	583.400	90.000	45.0592	3.8795	0.0807	0.0942	0.0000	6.8000
dPolE	583.400	90.000	48.2159	1.0000	0.0000	6.8000
uR	583.400	90.000	0.0253	1.0000	0.0000	6.8000
E	585.014	90.000	44.8728	4.3077	0.0823	0.0964	0.0000	6.8000
dPolE	585.014	90.000	48.0372	1.0000	0.0000	6.8000
uR	585.014	90.000	0.0253	1.0000	0.0000	6.8000
E	586.627	90.000	44.8919	3.9369	0.0804	0.0940	0.0000	6.8000
dPolE	586.627	90.000	48.5831	1.0000	0.0000	6.8000
uR	586.627	90.000	0.0252	1.0000	0.0000	6.8000
E	588.240	90.000	45.1385	4.1306	0.0820	0.0957	0.0000	6.8000
dPolE	588.240	90.000	49.1715	1.0000	0.0000	6.8000
uR	588.240	90.000	0.0252	1.0000	0.0000	6.8000
E	589.853	90.000	45.0342	4.0740	0.0817	0.0950	0.0000	6.8000
dPolE	589.853	90.000	48.2044	1.0000	0.0000	6.8000
uR	589.853	90.000	0.0251	1.0000	0.0000	6.8000
E	591.466	90.000	44.9818	3.9970	0.0791	0.0914	0.0000	6.8000
dPolE	591.466	90.000	49.0284	1.0000	0.0000	6.8000
uR	591.466	90.000	0.0249	1.0000	0.0000	6.8000
E	593.079	90.000	44.6732	3.8707	0.0850	0.0977	0.0000	6.8000
dPolE	593.079	90.000	48.9238	1.0000	0.0000	6.8000
uR	593.079	90.000	0.0250	1.0000	0.0000	6.8000
E	594.692	90.000	44.9766	3.8536	0.0837	0.0953	0.0000	6.8000
dPolE	594.692	90.000	48.2283	1.0000	0.0000	6.8000
uR	594.692	90.000	0.0253	1.0000	0.0000	6.8000
E	596.305	90.000	44.7558	3.5320	0.0855	0.0965	0.0000	6.8000
dPolE	596.305	90.000	47.6153	1.0000	0.0000	6.8000
uR	596.305	90.000	0.0256	1.0000	0.0000	6.8000
E	597.918	90.000	45.1144	4.0369	0.0856	0.0960	0.0000	6.8000
dPolE	597.918	90.000	50.0654	1.0000	0.0000	6.8000
uR	597.918	90.000	0.0255	1.0000	0.0000	6.8000
E	599.530	90.000	45.0200	3.6611	0.0871	0.0970	0.0000	6.8000
dPolE	599.530	90.000	46.4823	1.0000	0.0000	6.8000
uR	599.530	90.000	0.0260	1.0000	0.0000	6.8000
E	601.143	90.000	44.9288	3.6504	0.0860	0.0953	0.0000	6.8000
dPolE	601.143	90.000	47.0439	1.0000	0.0000	6.8000
uR	601.143	90.000	0.0256	1.0000	0.0000	6.8000
E	602.755	90.000	44.3400	3.7486	0.0907	0.1001	0.0000	6.8000
dPolE	602.755	90.000	47.7521	1.0000	0.0000	6.8000
uR	602.755	90.000	0.0255	1.0000	0.0000	6.8000
E	604.368	90.000	44.9344	3.8519	0.0890	0.0979	0.0000	6.8000
dPolE	604.368	90.000	48.0581	1.0000	0.0000	6.8000
uR	604.368	90.000	0.0255	1.0000	0.0000	6.8000
E	605.981	90.000	45.0855	3.4632	0.0869	0.0955	0.0000	6.8000
dPolE	605.981	90.000	47.7641	1.0000	0.0000	6.8000
uR	605.981	90.000	0.0258	1.0000	0.0000	6.8000
E	607.593	90.000	44.9323	3.6564	0.0908	0.0999	0.0000	6.8000
dPolE	607.593	90.000	46.7447	1.0000	0.0000	6.8000
uR	607.593	90.000	0.0260	1.0000	0.0000	6.8000
E	609.205	90.000	45.0795	3.7829	0.0878	0.0966	0.0000	6.8000
dPolE	609.205	90.000	44.7787	1.0000	0.0000	6.8000
uR	609.205	90.000	0.0258	1.0000	0.0000	6.8000
E	610.818	90.000	45.1645	3.3758	0.0839	0.0921	0.0000	6.8000
dPolE	610.818	90.000	49.6893	1.0000	0.0000	6.8000
uR	610.818	90.000	0.0257	1.0000	0.0000	6.8000
E	612.430	90.000	45.0838	3.3782	0.0857	0.0940	0.0000	6.8000
dPolE	612.430	90.000	46.2655	1.0000	0.0000	6.8000
uR	612.430	90.000	0.0257	1.0000	0.0000	6.8000
E	614.042	90.000	45.0899	3.2625	0.0862	0.0942	0.0000	6.8000
dPolE	614.042	90.000	48.2442	1.0000	0.0000	6.8000
uR	614.042	90.000	0.0256	1.0000	0.0000	6.8000
E	615.654	90.000	44.9415	3.5089	0.0901	0.0981	0.0000	6.8000
dPolE	615.654	90.000	43.2769	1.0000	0.0000	6.8000
uR	615.654	90.000	0.0255	1.0000	0.0000	6.8000
E	617.266	90.000	45.0675	3.4677	0.0862	0.0933	0.0000	6.8000
dPolE	617.266	90.000	45.6099	1.0000	0.0000	6.8000
uR	617.266	90.000	0.0257	1.0000	0.0000	6.8000
E	618.878	90.000	44.9734	3.2604	0.0852	0.0917	0.0000	6.8000
dPolE	618.878	90.000	45.9938	1.0000	0.0000	6.8000
uR	618.878	90.000	0.0257	1.0000	0.0000	6.8000
E	620.490	90.000	44.6841	3.1461	0.0881	0.0941	0.0000	6.8000
dPolE	620.490	90.000	43.2691	1.0000	0.0000	6.8000
uR	620.490	90.000	0.0258	1.0000	0.0000	6.8000
E	622.102	90.000	44.9450	3.1783	0.0875	0.0927	0.0000	6.8000
dPolE	622.102	90.000	44.8730	1.0000	0.0000	6.8000
uR	622.102	90.000	0.0254	1.0000	0.0000	6.8000
E	623.714	90.000	44.8915	3.0461	0.0896	0.0942	0.0000	6.8000
dPolE	623.714	90.000	44.6068	1.0000	0.0000	6.8000
uR	623.714	90.000	0.0253	1.0000	0.0000	6.8000
E	625.325	90.000	44.8970	3.2655	0.0893	0.0932	0.0000	6.8000
dPolE	625.325	90.000	46.8027	1.0000	0.0000	6.8000
uR	625.325	90.000	0.0254	1.0000	0.0000	6.8000
E	626.937	90.000	44.8084	3.2951	0.0928	0.0965	0.0000	6.8000
dPolE	626.937	90.000	44.2256	1.0000	0.0000	6.8000
uR	626.937	90.000	0.0256	1.0000	0.0000	6.8000
E	628.548	90.000	44.9742	3.2085	0.0921	0.0954	0.0000	6.8000
dPolE	628.548	90.000	43.0758	1.0000	0.0000	6.8000
uR	628.548	90.000	0.0259	1.0000	0.0000	6.8000
E	630.160	90.000	44.7634	3.1294	0.0925	0.0954	0.0000	6.8000
dPolE	630.160	90.000	43.4780	1.0000	0.0000	6.8000
uR	630.160	90.000	0.0258	1.0000	0.0000	6.8000
E	631.771	90.000	44.9465	3.2031	0.0882	0.0910	0.0000	6.8000
dPolE	631.771	90.000	43.5238	1.0000	0.0000	6.8000
uR	631.771	90.000	0.0259	1.0000	0.0000	6.8000
E	633.383	90.000	45.2537	3.0504	0.0913	0.0941	0.0000	6.8000
dPolE	633.383	90.000	43.8405	1.0000	0.0000	6.8000
uR	633.383	90.000	0.0261	1.0000	0.0000	6.8000
E	634.994	90.000	45.0720	2.9498	0.0963	0.0991	0.0000	6.8000
dPolE	634.994	90.000	41.3363	1.0000	0.0000	6.8000
uR	634.994	90.000	0.0258	1.0000	0.0000	6.8000
E	636.605	90.000	45.1303	2.9417	0.0928	0.0955	0.0000	6.8000
dPolE	636.605	90.000	44.1140	1.0000	0.0000	6.8000
uR	636.605	90.000	0.0258	1.0000	0.0000	6.8000
E	638.216	90.000	44.9539	2.8474	0.0951	0.0978	0.0000	6.8000
dPolE	638.216	90.000	45.1933	1.0000	0.0000	6.8000
uR	638.216	90.000	0.0261	1.0000	0.0000	6.8000
E	639.827	90.000	44.9383	3.1036	0.0938	0.0963	0.0000	6.8000
dPolE	639.827	90.000	45.1029	1.0000	0.0000	6.8000
uR	639.827	90.000	0.0260	1.0000	0.0000	6.8000
E	641.438	90.000	44.8396	2.8044	0.0954	0.0976	0.0000	6.8000
dPolE	641.438	90.000	46.4706	1.0000	0.0000	6.8000
uR	641.438	90.000	0.0257	1.0000	0.0000	6.8000
E	643.049	90.000	45.0207	2.6746	0.0967	0.0986	0.0000	6.8000
dPolE	643.049	90.000	42.3561	1.0000	0.0000	6.8000
uR	643.049	90.000	0.0258	1.0000	0.0000	6.8000
E	644.660	90.000	44.9338	2.8932	0.1006	0.1022	0.0000	6.8000
dPolE	644.660	90.000	42.4402	1.0000	0.0000	6.8000
uR	644.660	90.000	0.0257	1.0000	0.0000	6.8000
E	646.271	90.000	45.4446	2.8930	0.0931	0.0940	0.0000	6.8000
dPolE	646.271	90.000	43.7153	1.0000	0.0000	6.8000
uR	646.271	90.000	0.0257	1.0000	0.0000	6.8000
E	647.881	90.000	44.9253	2.6917	0.0984	0.0986	0.0000	6.8000
dPolE	647.881	90.000	41.4333	1.0000	0.0000	6.8000
uR	647.881	90.000	0.0258	1.0000	0.0000	6.8000
E	649.492	90.000	45.1336	2.9138	0.0940	0.0936	0.0000	6.8000
dPolE	649.492	90.000	40.1495	1.0000	0.0000	6.8000
uR	649.492	90.000	0.0257	1.0000	0.0000	6.8000
E	651.103	90.000	45.0892	2.7689	0.0986	0.0974	0.0000	6.8000
dPolE	651.103	90.000	41.8454	1.0000	0.0000	6.8000
uR	651.103	90.000	0.0256	1.0000	0.0000	6.8000
E	652.713	90.000	44.8276	2.6093	0.0999	0.0981	0.0000	6.8000
dPolE	652.713	90.000	43.3781	1.0000	0.0000	6.8000
uR	652.713	90.000	0.0265	1.0000	0.0000	6.8000
E	654.323	90.000	44.6305	2.3831	0.1012	0.0987	0.0000	6.8000
dPolE	654.323	90.000	43.4505	1.0000	0.0000	6.8000
uR	654.323	90.000	0.0267	1.0000	0.0000	6.8000
E	655.934	90.000	44.7743	2.7978	0.0996	0.0969	0.0000	6.8000
dPolE	655.934	90.000	43.2368	1.0000	0.0000	6.8000
uR	655.934	90.000	0.0266	1.0000	0.0000	6.8000
E	657.544	90.000	45.0250	2.7361	0.1045	0.1012	0.0000	6.8000
dPolE	657.544	90.000	42.1650	1.0000	0.0000	6.8000
uR	657.544	90.000	0.0263	1.0000	0.0000	6.8000
E	659.154	90.000	44.8062	2.8417	0.1073	0.1039	0.0000	6.8000
dPolE	659.154	90.000	42.0849	1.0000	0.0000	6.8000
uR	659.154	90.000	0.0267	1.0000	0.0000	6.8000
E	660.764	90.000	45.2163	2.5472	0.1041	0.1004	0.0000	6.8000
dPolE	660.764	90.000	42.5945	1.0000	0.0000	6.8000
uR	660.764	90.000	0.0265	1.0000	0.0000	6.8000
E	662.374	90.000	45.2781	2.4211	0.1060	0.1022	0.0000	6.8000
dPolE	662.374	90.000	42.7860	1.0000	0.0000	6.8000
uR	662.374	90.000	0.0264	1.0000	0.0000	6.8000
E	663.984	90.000	44.5406	2.4586	0.1037	0.0999	0.0000	6.8000
dPolE	663.984	90.000	44.8363	1.0000	0.0000	6.8000
uR	663.984	90.000	0.0259	1.0000	0.0000	6.8000
E	665.594	90.000	45.0516	2.7831	0.0999	0.0963	0.0000	6.8000
dPolE	665.594	90.000	44.8176	1.0000	0.0000	6.8000
uR	665.594	90.000	0.0260	1.0000	0.0000	6.8000
E	667.204	90.000	45.0164	2.5286	0.1059	0.1020	0.0000	6.8000
dPolE	667.204	90.000	44.4667	1.0000	0.0000	6.8000
uR	667.204	90.000	0.0256	1.0000	0.0000	6.8000
E	668.813	90.000	44.9569	2.5661	0.1049	0.1008	0.0000	6.8000
dPolE	668.813	90.000	40.0673	1.0000	0.0000	6.8000
uR	668.813	90.000	0.0259	1.0000	0.0000	6.8000
E	670.423	90.000	45.1318	2.5043	0.0989	0.0948	0.0000	6.8000
dPolE	670.423	90.000	41.9678	1.0000	0.0000	6.8000
uR	670.423	90.000	0.0257	1.0000	0.0000	6.8000
E	672.032	90.000	44.7884	2.2990	0.1004	0.0960	0.0000	6.8000
dPolE	672.032	90.000	41.6138	1.0000	0.0000	6.8000
uR	672.032	90.000	0.0257	1.0000	0.0000	6.8000
E	673.642	90.000	44.9266	2.4966	0.1037	0.0989	0.0000	6.8000
dPolE	673.642	90.000	38.4147	1.0000	0.0000	6.8000
uR	673.642	90.000	0.0259	1.0000	0.0000	6.8000
E	675.251	90.000	45.0837	2.4307	0.0982	0.0932	0.0000	6.8000
dPolE	675.251	90.000	43.5721	1.0000	0.0000	6.8000
uR	675.251	90.000	0.0261	1.0000	0.0000	6.8000
E	676.860	90.000	45.0810	2.4058	0.1015	0.0958	0.0000	6.8000
dPolE	676.860	90.000	41.4339	1.0000	0.0000	6.8000
uR	676.860	90.000	0.0261	1.0000	0.0000	6.8000
E	678.469	90.000	45.1934	2.4174	0.1043	0.0978	0.0000	6.8000
dPolE	678.469	90.000	40.0522	1.0000	0.0000	6.8000
uR	678.469	90.000	0.0261	1.0000	0.0000	6.8000
E	680.079	90.000	45.0127	2.4782	0.1074	0.1002	0.0000	6.8000
dPolE	680.079	90.000	39.5513	1.0000	0.0000	6.8000
uR	680.079	90.000	0.0263	1.0000	0.0000	6.8000
E	681.688	90.000	44.9216	2.0731	0.1035	0.0958	0.0000	6.8000
dPolE	681.688	90.000	40.3568	1.0000	0.0000	6.8000
uR	681.688	90.000	0.0268	1.0000	0.0000	6.8000
E	683.296	90.000	45.0782	2.2322	0.1009	0.0928	0.0000	6.8000
dPolE	683.296	90.000	36.1426	1.0000	0.0000	6.8000
uR	683.296	90.000	0.0265	1.0000	0.0000	6.8000
E	684.905	90.000	44.9272	2.2953	0.1026	0.0938	0.0000	6.8000
dPolE	684.905	90.000	35.2701	1.0000	0.0000	6.8000
uR	684.905	90.000	0.0260	1.0000	0.0000	6.8000
E	686.514	90.000	44.6737	2.2155	0.1041	0.0947	0.0000	6.8000
dPolE	686.514	90.000	36.8085	1.0000	0.0000	6.8000
uR	686.514	90.000	0.0254	1.0000	0.0000	6.8000
E	688.123	90.000	45.1391	2.1793	0.0991	0.0898	0.0000	6.8000
dPolE	688.123	90.000	38.9117	1.0000	0.0000	6.8000
uR	688.123	90.000	0.0253	1.0000	0.0000	6.8000
E	689.731	90.000	45.0822	2.1288	0.1068	0.0964	0.0000	6.8000
dPolE	689.731	90.000	34.6632	1.0000	0.0000	6.8000
uR	689.731	90.000	0.0255	1.0000	0.0000	6.8000
E	691.340	90.000	44.9694	1.9594	0.0966	0.0870	0.0000	6.8000
dPolE	691.340	90.000	39.1537	1.0000	0.0000	6.8000
uR	691.340	90.000	0.0257	1.0000	0.0000	6.8000
E	692.948	90.000	45.2448	2.2303	0.1094	0.0984	0.0000	6.8000
dPolE	692.948	90.000	37.3285	1.0000	0.0000	6.8000
uR	692.948	90.000	0.0261	1.0000	0.0000	6.8000
E	694.556	90.000	44.9224	2.0711	0.1119	0.1005	0.0000	6.8000
dPolE	694.556	90.000	40.6241	1.0000	0.0000	6.8000
uR	694.556	90.000	0.0259	1.0000	0.0000	6.8000
E	696.164	90.000	45.1793	2.2247	0.1118	0.1005	0.0000	6.8000
dPolE	696.164	90.000	38.8743	1.0000	0.0000	6.8000
uR	696.164	90.000	0.0263	1.0000	0.0000	6.8000
E	697.772	90.000	44.8454	2.0354	0.1177	0.1057	0.0000	6.8000
dPolE	697.772	90.000	40.2817	1.0000	0.0000	6.8000
uR	697.772	90.000	0.0256	1.0000	0.0000	6.8000
E	699.380	90.000	45.0776	2.0246	0.1156	0.1039	0.0000	6.8000
dPolE	699.380	90.000	41.7639	1.0000	0.0000	6.8000
uR	699.380	90.000	0.0254	1.0000	0.0000	6.8000
E	700.988	90.000	45.0517	2.1500	0.1198	0.1074	0.0000	6.8000
dPolE	700.988	90.000	42.2558	1.0000	0.0000	6.8000
uR	700.988	90.000	0.0251	1.0000	0.0000	6.8000
E	702.596	90.000	44.8377	2.1395	0.1139	0.1019	0.0000	6.8000
dPolE	702.596	90.000	41.8463	1.0000	0.0000	6.8000
uR	702.596	90.000	0.0257	1.0000	0.0000	6.8000
E	704.204	90.000	44.7265	2.0652	0.1145	0.1024	0.0000	6.8000
dPolE	704.204	90.000	41.6106	1.0000	0.0000	6.8000
uR	704.204	90.000	0.0256	1.0000	0.0000	6.8000
E	705.811	90.000	44.6437	2.2244	0.1198	0.1065	0.0000	6.8000
dPolE	705.811	90.000	44.4587	1.0000	0.0000	6.8000
uR	705.811	90.000	0.0252	1.0000	0.0000	6.8000
E	707.419	90.000	44.6191	1.8374	0.1208	0.1071	0.0000	6.8000
dPolE	707.419	90.000	41.6463	1.0000	0.0000	6.8000
uR	707.419	90.000	0.0262	1.0000	0.0000	6.8000
E	709.026	90.000	45.2682	2.0308	0.1211	0.1070	0.0000	6.8000
dPolE	709.026	90.000	37.5726	1.0000	0.0000	6.8000
uR	709.026	90.000	0.0262	1.0000	0.0000	6.8000
E	710.634	90.000	45.1806	1.9983	0.1131	0.0995	0.0000	6.8000
dPolE	710.634	90.000	38.0925	1.0000	0.0000	6.8000
uR	710.634	90.000	0.0273	1.0000	0.0000	6.8000
E	712.241	90.000	44.8626	2.0448	0.1151	0.1007	0.0000	6.8000
dPolE	712.241	90.000	41.0205	1.0000	0.0000	6.8000
uR	712.241	90.000	0.0289	1.0000	0.0000	6.8000
E	713.848	90.000	45.0627	1.9590	0.1326	0.1154	0.0000	6.8000
dPolE	713.848	90.000	41.9496	1.0000	0.0000	6.8000
uR	713.848	90.000	0.0285	1.0000	0.0000	6.8000
E	715.455	90.000	44.9976	1.9479	0.1429	0.1235	0.0000	6.8000
dPolE	715.455	90.000	44.6067	1.0000	0.0000	6.8000
uR	715.455	90.000	0.0249	1.0000	0.0000	6.8000
E	717.062	90.000	44.8354	1.9229	0.1396	0.1202	0.0000	6.8000
dPolE	717.062	90.000	44.8288	1.0000	0.0000	6.8000
uR	717.062	90.000	0.0233	1.0000	0.0000	6.8000
E	718.669	90.000	45.2110	1.8198	0.1270	0.1087	0.0000	6.8000
dPolE	718.669	90.000	39.4072	1.0000	0.0000	6.8000
uR	718.669	90.000	0.0250	1.0000	0.0000	6.8000
E	720.276	90.000	44.9939	2.2563	0.1242	0.1060	0.0000	6.8000
dPolE	720.276	90.000	44.5298	1.0000	0.0000	6.8000
uR	720.276	90.000	0.0263	1.0000	0.0000	6.8000
E	721.882	90.000	44.8004	2.0096	0.1299	0.1103	0.0000	6.8000
dPolE	721.882	90.000	44.2231	1.0000	0.0000	6.8000
uR	721.882	90.000	0.0267	1.0000	0.0000	6.8000
E	723.489	90.000	45.4419	1.9140	0.1417	0.1197	0.0000	6.8000
dPolE	723.489	90.000	39.7704	1.0000	0.0000	6.8000
uR	723.489	90.000	0.0261	1.0000	0.0000	6.8000
E	725.095	90.000	44.9336	1.8491	0.1415	0.1193	0.0000	6.8000
dPolE	725.095	90.000	40.7473	1.0000	0.0000	6.8000
uR	725.095	90.000	0.0269	1.0000	0.0000	6.8000
E	726.701	90.000	45.2127	1.8180	0.1362	0.1145	0.0000	6.8000
dPolE	726.701	90.000	39.2734	1.0000	0.0000	6.8000
uR	726.701	90.000	0.0269	1.0000	0.0000	6.8000
E	728.308	90.000	45.0300	1.9560	0.1243	0.1043	0.0000	6.8000
dPolE	728.308	90.000	40.4125	1.0000	0.0000	6.8000
uR	728.308	90.000	0.0265	1.0000	0.0000	6.8000
E	729.914	90.000	45.1390	1.8734	0.1240	0.1037	0.0000	6.8000
dPolE	729.914	90.000	39.7807	1.0000	0.0000	6.8000
uR	729.914	90.000	0.0262	1.0000	0.0000	6.8000
E	731.520	90.000	44.7930	1.6707	0.1205	0.1008	0.0000	6.8000
dPolE	731.520	90.000	37.9495	1.0000	0.0000	6.8000
uR	731.520	90.000	0.0263	1.0000	0.0000	6.8000
E	733.126	90.000	44.9794	1.8657	0.1164	0.0974	0.0000	6.8000
dPolE	733.126	90.000	36.7339	1.0000	0.0000	6.8000
uR	733.126	90.000	0.0266	1.0000	0.0000	6.8000
E	734.732	90.000	44.5827	1.8251	0.1195	0.1000	0.0000	6.8000
dPolE	734.732	90.000	36.4620	1.0000	0.0000	6.8000
uR	734.732	90.000	0.0267	1.0000	0.0000	6.8000
E	736.337	90.000	45.0725	1.8339	0.1202	0.1005	0.0000	6.8000
dPolE	736.337	90.000	39.3368	1.0000	0.0000	6.8000
uR	736.337	90.000	0.0272	1.0000	0.0000	6.8000
E	737.943	90.000	44.9885	1.7518	0.1269	0.1060	0.0000	6.8000
dPolE	737.943	90.000	40.7559	1.0000	0.0000	6.8000
uR	737.943	90.000	0.0264	1.0000	0.0000	6.8000
E	739.548	90.000	44.8719	1.6107	0.1269	0.1056	0.0000	6.8000
dPolE	739.548	90.000	36.5750	1.0000	0.0000	6.8000
uR	739.548	90.000	0.0266	1.0000	0.0000	6.8000
E	741.154	90.000	45.0782	1.6898	0.1233	0.1026	0.0000	6.8000
dPolE	741.154	90.000	38.8102	1.0000	0.0000	6.8000
uR	741.154	90.000	0.0260	1.0000	0.0000	6.8000
E	742.759	90.000	45.0331	1.5045	0.1343	0.1114	0.0000	6.8000
dPolE	742.759	90.000	37.5868	1.0000	0.0000	6.8000
uR	742.759	90.000	0.0258	1.0000	0.0000	6.8000
E	744.364	90.000	45.3637	1.7500	0.1332	0.1101	0.0000	6.8000
dPolE	744.364	90.000	35.4514	1.0000	0.0000	6.8000
uR	744.364	90.000	0.0263	1.0000	0.0000	6.8000
E	745.969	90.000	44.8859	2.0081	0.1355	0.1117	0.0000	6.8000
dPolE	745.969	90.000	38.7594	1.0000	0.0000	6.8000
uR	745.969	90.000	0.0269	1.0000	0.0000	6.8000
E	747.574	90.000	45.1460	1.7090	0.1314	0.1077	0.0000	6.8000
dPolE	747.574	90.000	38.0051	1.0000	0.0000	6.8000
uR	747.574	90.000	0.0267	1.0000	0.0000	6.8000
E	749.179	90.000	44.8239	1.4892	0.1326	0.1082	0.0000	6.8000
dPolE	749.179	90.000	41.9359	1.0000	0.0000	6.8000
uR	749.179	90.000	0.0263	1.0000	0.0000	6.8000
E	750.784	90.000	44.8080	1.5942	0.1414	0.1149	0.0000	6.8000
dPolE	750.784	90.000	37.6819	1.0000	0.0000	6.8000
uR	750.784	90.000	0.0260	1.0000	0.0000	6.8000
E	752.388	90.000	44.8240	1.7874	0.1442	0.1166	0.0000	6.8000
dPolE	752.388	90.000	39.9005	1.0000	0.0000	6.8000
uR	752.388	90.000	0.0257	1.0000	0.0000	6.8000
E	753.993	90.000	44.9626	1.8251	0.1452	0.1168	0.0000	6.8000
dPolE	753.993	90.000	42.5317	1.0000	0.0000	6.8000
uR	753.993	90.000	0.0255	1.0000	0.0000	6.8000
E	755.597	90.000	44.9863	1.6946	0.1522	0.1217	0.0000	6.8000
dPolE	755.597	90.000	38.1245	1.0000	0.0000	6.8000
uR	755.597	90.000	0.0260	1.0000	0.0000	6.8000
E	757.202	90.000	44.9419	1.6112	0.1470	0.1172	0.0000	6.8000
dPolE	757.202	90.000	39.0437	1.0000	0.0000	6.8000
uR	757.202	90.000	0.0259	1.0000	0.0000	6.8000
E	758.806	90.000	45.0568	1.7794	0.1498	0.1188	0.0000	6.8000
dPolE	758.806	90.000	42.6603	1.0000	0.0000	6.8000
uR	758.806	90.000	0.0249	1.0000	0.0000	6.8000
E	760.410	90.000	44.9444	1.1718	0.1457	0.1150	0.0000	6.8000
dPolE	760.410	90.000	36.6761	1.0000	0.0000	6.8000
uR	760.410	90.000	0.0247	1.0000	0.0000	6.8000
E	762.014	90.000	44.6095	1.4567	0.1266	0.0993	0.0000	6.8000
dPolE	762.014	90.000	37.4225	1.0000	0.0000	6.8000
uR	762.014	90.000	0.0250	1.0000	0.0000	6.8000
E	763.618	90.000	44.9992	1.3875	0.1138	0.0892	0.0000	6.8000
dPolE	763.618	90.000	28.7713	1.0000	0.0000	6.8000
uR	763.618	90.000	0.0258	1.0000	0.0000	6.8000
E	765.221	90.000	44.7066	1.4870	0.1026	0.0803	0.0000	6.8000
dPolE	765.221	90.000	30.1630	1.0000	0.0000	6.8000
uR	765.221	90.000	0.0259	1.0000	0.0000	6.8000
E	766.825	90.000	45.0028	1.6140	0.1102	0.0860	0.0000	6.8000
dPolE	766.825	90.000	29.2209	1.0000	0.0000	6.8000
uR	766.825	90.000	0.0264	1.0000	0.0000	6.8000
E	768.429	90.000	45.1320	1.3664	0.1295	0.1009	0.0000	6.8000
dPolE	768.429	90.000	38.0955	1.0000	0.0000	6.8000
uR	768.429	90.000	0.0252	1.0000	0.0000	6.8000
E	770.032	90.000	45.3226	1.5462	0.1478	0.1151	0.0000	6.8000
dPolE	770.032	90.000	41.7337	1.0000	0.0000	6.8000
uR	770.032	90.000	0.0259	1.0000	0.0000	6.8000
E	771.635	90.000	44.9350	1.5866	0.1529	0.1190	0.0000	6.8000
dPolE	771.635	90.000	38.6707	1.0000	0.0000	6.8000
uR	771.635	90.000	0.0269	1.0000	0.0000	6.8000
E	773.238	90.000	45.0011	1.3534	0.1658	0.1289	0.0000	6.8000
dPolE	773.238	90.000	39.5534	1.0000	0.0000	6.8000
uR	773.238	90.000	0.0271	1.0000	0.0000	6.8000
E	774.841	90.000	45.1997	1.3839	0.1700	0.1321	0.0000	6.8000
dPolE	774.841	90.000	41.6888	1.0000	0.0000	6.8000
uR	774.841	90.000	0.0268	1.0000	0.0000	6.8000
E	776.444	90.000	44.6307	0.9938	0.1811	0.1405	0.0000	6.8000
dPolE	776.444	90.000	46.1295	1.0000	0.0000	6.8000
uR	776.444	90.000	0.0272	1.0000	0.0000	6.8000
E	778.047	90.000	45.4215	1.7270	0.1850	0.1432	0.0000	6.8000
dPolE	778.047	90.000	46.0038	1.0000	0.0000	6.8000
uR	778.047	90.000	0.0272	1.0000	0.0000	6.8000
E	779.650	90.000	44.5938	1.1429	0.1759	0.1359	0.0000	6.8000
dPolE	779.650	90.000	45.1658	1.0000	0.0000	6.8000
uR	779.650	90.000	0.0283	1.0000	0.0000	6.8000
E	781.252	90.000	45.0475	1.3923	0.1785	0.1381	0.0000	6.8000
dPolE	781.252	90.000	41.9853	1.0000	0.0000	6.8000
uR	781.252	90.000	0.0290	1.0000	0.0000	6.8000
E	782.855	90.000	44.8236	1.3780	0.1734	0.1338	0.0000	6.8000
dPolE	782.855	90.000	47.7855	1.0000	0.0000	6.8000
uR	782.855	90.000	0.0299	1.0000	0.0000	6.8000
E	784.457	90.000	44.7930	1.2449	0.1829	0.1410	0.0000	6.8000
dPolE	784.457	90.000	44.1500	1.0000	0.0000	6.8000
uR	784.457	90.000	0.0293	1.0000	0.0000	6.8000
E	786.059	90.000	45.1041	1.3975	0.1705	0.1310	0.0000	6.8000
dPolE	786.059	90.000	42.6303	1.0000	0.0000	6.8000
uR	786.059	90.000	0.0293	1.0000	0.0000	6.8000
E	787.661	90.000	44.9002	1.5768	0.1731	0.1321	0.0000	6.8000
dPolE	787.661	90.000	42.8975	1.0000	0.0000	6.8000
uR	787.661	90.000	0.0274	1.0000	0.0000	6.8000
E	789.263	90.000	44.9275	1.2987	0.1555	0.1186	0.0000	6.8000
dPolE	789.263	90.000	44.4441	1.0000	0.0000	6.8000
uR	789.263	90.000	0.0266	1.0000	0.0000	6.8000
E	790.865	90.000	44.8389	1.1269	0.1620	0.1228	0.0000	6.8000
dPolE	790.865	90.000	43.7121	1.0000	0.0000	6.8000
uR	790.865	90.000	0.0257	1.0000	0.0000	6.8000
E	792.467	90.000	44.3640	1.4445	0.1627	0.1233	0.0000	6.8000
dPolE	792.467	90.000	40.3475	1.0000	0.0000	6.8000
uR	792.467	90.000	0.0262	1.0000	0.0000	6.8000
E	794.068	90.000	45.4967	0.8090	0.1763	0.1325	0.0000	6.8000
dPolE	794.068	90.000	42.0560	1.0000	0.0000	6.8000
uR	794.068	90.000	0.0262	1.0000	0.0000	6.8000
E	795.670	90.000	45.2781	1.2353	0.1781	0.1334	0.0000	6.8000
dPolE	795.670	90.000	43.3706	1.0000	0.0000	6.8000
uR	795.670	90.000	0.0265	1.0000	0.0000	6.8000
E	797.271	90.000	44.6289	1.3890	0.1673	0.1250	0.0000	6.8000
dPolE	797.271	90.000	41.7614	1.0000	0.0000	6.8000
uR	797.271	90.000	0.0273	1.0000	0.0000	6.8000
E	798.872	90.000	44.7261	1.3550	0.1615	0.1200	0.0000	6.8000
dPolE	798.872	90.000	36.2273	1.0000	0.0000	6.8000
uR	798.872	90.000	0.0278	1.0000	0.0000	6.8000
E	800.473	90.000	44.7948	1.2251	0.1685	0.1250	0.0000	6.8000
dPolE	800.473	90.000	39.9528	1.0000	0.0000	6.8000
uR	800.473	90.000	0.0277	1.0000	0.0000	6.8000
E	802.074	90.000	45.0880	0.9684	0.1681	0.1239	0.0000	6.8000
dPolE	802.074	90.000	39.7068	1.0000	0.0000	6.8000
uR	802.074	90.000	0.0273	1.0000	0.0000	6.8000
E	803.675	90.000	45.0066	0.7896	0.1772	0.1297	0.0000	6.8000
dPolE	803.675	90.000	43.5004	1.0000	0.0000	6.8000
uR	803.675	90.000	0.0277	1.0000	0.0000	6.8000
E	805.276	90.000	45.6204	1.1150	0.1843	0.1346	0.0000	6.8000
dPolE	805.276	90.000	40.7746	1.0000	0.0000	6.8000
uR	805.276	90.000	0.0276	1.0000	0.0000	6.8000
E	806.876	90.000	45.1235	1.0891	0.1723	0.1257	0.0000	6.8000
dPolE	806.876	90.000	42.5798	1.0000	0.0000	6.8000
uR	806.876	90.000	0.0270	1.0000	0.0000	6.8000
E	808.477	90.000	44.8402	1.0113	0.1827	0.1330	0.0000	6.8000
dPolE	808.477	90.000	42.3974	1.0000	0.0000	6.8000
uR	808.477	90.000	0.0261	1.0000	0.0000	6.8000
E	810.077	90.000	44.4809	1.2793	0.1752	0.1271	0.0000	6.8000
dPolE	810.077	90.000	40.6271	1.0000	0.0000	6.8000
uR	810.077	90.000	0.0269	1.0000	0.0000	6.8000
E	811.677	90.000	44.9176	1.2244	0.1772	0.1283	0.0000	6.8000
dPolE	811.677	90.000	41.8990	1.0000	0.0000	6.8000
uR	811.677	90.000	0.0279	1.0000	0.0000	6.8000
E	813.277	90.000	44.6776	1.1439	0.1727	0.1251	0.0000	6.8000
dPolE	813.277	90.000	39.9369	1.0000	0.0000	6.8000
uR	813.277	90.000	0.0270	1.0000	0.0000	6.8000
E	814.877	90.000	44.6012	1.5074	0.1689	0.1222	0.0000	6.8000
dPolE	814.877	90.000	42.9976	1.0000	0.0000	6.8000
uR	814.877	90.000	0.0254	1.0000	0.0000	6.8000
E	816.477	90.000	45.0309	1.3592	0.1639	0.1182	0.0000	6.8000
dPolE	816.477	90.000	34.4960	1.0000	0.0000	6.8000
uR	816.477	90.000	0.0265	1.0000	0.0000	6.8000
E	818.077	90.000	44.9114	1.1628	0.1400	0.1011	0.0000	6.8000
dPolE	818.077	90.000	31.7925	1.0000	0.0000	6.8000
uR	818.077	90.000	0.0244	1.0000	0.0000	6.8000
E	819.676	90.000	44.9298	1.1762	0.1117	0.0806	0.0000	6.8000
dPolE	819.676	90.000	24.6712	1.0000	0.0000	6.8000
uR	819.676	90.000	0.0217	1.0000	0.0000	6.8000
E	821.276	90.000	44.9581	1.1529	0.0702	0.0506	0.0000	6.8000
dPolE	821.276	90.000	11.8575	1.0000	0.0000	6.8000
uR	821.276	90.000	0.0223	1.0000	0.0000	6.8000
E	822.875	90.000	44.9598	1.1230	0.0499	0.0359	0.0000	6.8000
dPolE	822.875	90.000	6.5536	1.0000	0.0000	6.8000
uR	822.875	90.000	0.0249	1.0000	0.0000	6.8000
E	824.474	90.000	44.9173	1.0960	0.0427	0.0307	0.0000	6.8000
dPolE	824.474	90.000	3.4110	1.0000	0.0000	6.8000
uR	824.474	90.000	0.0265	1.0000	0.0000	6.8000
E	826.073	90.000	45.0050	1.0649	0.0472	0.0339	0.0000	6.8000
dPolE	826.073	90.000	3.3161	1.0000	0.0000	6.8000
uR	826.073	90.000	0.0258	1.0000	0.0000	6.8000
E	827.672	90.000	44.8641	1.0849	0.0551	0.0395	0.0000	6.8000
dPolE	827.672	90.000	6.8576	1.0000	0.0000	6.8000
uR	827.672	90.000	0.0251	1.0000	0.0000	6.8000
E	829.271	90.000	44.9378	1.0236	0.0647	0.0463	0.0000	6.8000
dPolE	829.271	90.000	7.6818	1.0000	0.0000	6.8000
uR	829.271	90.000	0.0268	1.0000	0.0000	6.8000
E	830.869	90.000	44.9162	1.1080	0.0771	0.0550	0.0000	6.8000
dPolE	830.869	90.000	16.0093	1.0000	0.0000	6.8000
uR	830.869	90.000	0.0250	1.0000	0.0000	6.8000
E	832.468	90.000	45.0626	0.9765	0.0921	0.0656	0.0000	6.8000
dPolE	832.468	90.000	24.1189	1.0000	0.0000	6.8000
uR	832.468	90.000	0.0234	1.0000	0.0000	6.8000
E	834.066	90.000	44.9496	1.1300	0.0937	0.0666	0.0000	6.8000
dPolE	834.066	90.000	22.0327	1.0000	0.0000	6.8000
uR	834.066	90.000	0.0239	1.0000	0.0000	6.8000
E	835.664	90.000	44.8148	0.9838	0.0908	0.0643	0.0000	6.8000
dPolE	835.664	90.000	20.4081	1.0000	0.0000	6.8000
uR	835.664	90.000	0.0251	1.0000	0.0000	6.8000
E	837.262	90.000	44.8598	1.0575	0.1023	0.0722	0.0000	6.8000
dPolE	837.262	90.000	23.5655	1.0000	0.0000	6.8000
uR	837.262	90.000	0.0255	1.0000	0.0000	6.8000
E	838.860	90.000	44.9248	0.8662	0.1204	0.0846	0.0000	6.8000
dPolE	838.860	90.000	30.1468	1.0000	0.0000	6.8000
uR	838.860	90.000	0.0251	1.0000	0.0000	6.8000
E	840.458	90.000	44.9187	0.9529	0.1283	0.0897	0.0000	6.8000
dPolE	840.458	90.000	38.9502	1.0000	0.0000	6.8000
uR	840.458	90.000	0.0260	1.0000	0.0000	6.8000
E	842.055	90.000	45.2953	0.9531	0.1352	0.0945	0.0000	6.8000
dPolE	842.055	90.000	39.0661	1.0000	0.0000	6.8000
uR	842.055	90.000	0.0277	1.0000	0.0000	6.8000
E	843.653	90.000	44.4239	1.0567	0.1568	0.1092	0.0000	6.8000
dPolE	843.653	90.000	44.0530	1.0000	0.0000	6.8000
uR	843.653	90.000	0.0263	1.0000	0.0000	6.8000
E	845.250	90.000	44.8962	1.0212	0.1817	0.1257	0.0000	6.8000
dPolE	845.250	90.000	54.9140	1.0000	0.0000	6.8000
uR	845.250	90.000	0.0254	1.0000	0.0000	6.8000
E	846.847	90.000	45.5101	0.6833	0.2225	0.1532	0.0000	6.8000
dPolE	846.847	90.000	50.8737	1.0000	0.0000	6.8000
uR	846.847	90.000	0.0263	1.0000	0.0000	6.8000
E	848.444	90.000	45.3392	0.7957	0.2478	0.1700	0.0000	6.8000
dPolE	848.444	90.000	51.7574	1.0000	0.0000	6.8000
uR	848.444	90.000	0.0288	1.0000	0.0000	6.8000
E	850.041	90.000	45.2020	0.7302	0.2408	0.1645	0.0000	6.8000
dPolE	850.041	90.000	60.6654	1.0000	0.0000	6.8000
uR	850.041	90.000	0.0281	1.0000	0.0000	6.8000
E	851.638	90.000	44.7763	0.9610	0.2612	0.1778	0.0000	6.8000
dPolE	851.638	90.000	58.4852	1.0000	0.0000	6.8000
uR	851.638	90.000	0.0283	1.0000	0.0000	6.8000
E	853.234	90.000	44.5066	0.8919	0.2545	0.1726	0.0000	6.8000
dPolE	853.234	90.000	57.2441	1.0000	0.0000	6.8000
uR	853.234	90.000	0.0281	1.0000	0.0000	6.8000
E	854.831	90.000	44.2199	1.5450	0.2635	0.1781	0.0000	6.8000
dPolE	854.831	90.000	61.3388	1.0000	0.0000	6.8000
uR	854.831	90.000	0.0254	1.0000	0.0000	6.8000
E	856.427	90.000	44.9822	0.6830	0.2444	0.1649	0.0000	6.8000
dPolE	856.427	90.000	62.1907	1.0000	0.0000	6.8000
uR	856.427	90.000	0.0251	1.0000	0.0000	6.8000
E	858.023	90.000	45.4904	0.7702	0.2611	0.1757	0.0000	6.8000
dPolE	858.023	90.000	50.0895	1.0000	0.0000	6.8000
uR	858.023	90.000	0.0277	1.0000	0.0000	6.8000
E	859.619	90.000	44.5872	0.6820	0.2604	0.1744	0.0000	6.8000
dPolE	859.619	90.000	55.3703	1.0000	0.0000	6.8000
uR	859.619	90.000	0.0260	1.0000	0.0000	6.8000
E	861.215	90.000	44.6042	0.5786	0.2494	0.1670	0.0000	6.8000
dPolE	861.215	90.000	51.7686	1.0000	0.0000	6.8000
uR	861.215	90.000	0.0268	1.0000	0.0000	6.8000
E	862.811	90.000	44.5816	0.8149	0.2539	0.1700	0.0000	6.8000
dPolE	862.811	90.000	47.1174	1.0000	0.0000	6.8000
uR	862.811	90.000	0.0276	1.0000	0.0000	6.8000
E	864.407	90.000	45.1586	0.3988	0.2280	0.1521	0.0000	6.8000
dPolE	864.407	90.000	47.6638	1.0000	0.0000	6.8000
uR	864.407	90.000	0.0276	1.0000	0.0000	6.8000
E	866.002	90.000	45.4023	1.0069	0.2172	0.1450	0.0000	6.8000
dPolE	866.002	90.000	39.3828	1.0000	0.0000	6.8000
uR	866.002	90.000	0.0286	1.0000	0.0000	6.8000
E	867.597	90.000	44.5197	0.9401	0.2102	0.1404	0.0000	6.8000
dPolE	867.597	90.000	38.0265	1.0000	0.0000	6.8000
uR	867.597	90.000	0.0278	1.0000	0.0000	6.8000
E	869.192	90.000	44.7795	0.6741	0.2030	0.1353	0.0000	6.8000
dPolE	869.192	90.000	35.7726	1.0000	0.0000	6.8000
uR	869.192	90.000	0.0272	1.0000	0.0000	6.8000
E	870.787	90.000	44.9226	0.9194	0.1963	0.1309	0.0000	6.8000
dPolE	870.787	90.000	36.8176	1.0000	0.0000	6.8000
uR	870.787	90.000	0.0267	1.0000	0.0000	6.8000
E	872.382	90.000	44.5079	0.7907	0.1898	0.1263	0.0000	6.8000
dPolE	872.382	90.000	33.4419	1.0000	0.0000	6.8000
uR	872.382	90.000	0.0260	1.0000	0.0000	6.8000
E	873.977	90.000	45.1126	1.1751	0.1666	0.1111	0.0000	6.8000
dPolE	873.977	90.000	32.1156	1.0000	0.0000	6.8000
uR	873.977	90.000	0.0255	1.0000	0.0000	6.8000
E	875.571	90.000	45.1648	0.8573	0.1573	0.1048	0.0000	6.8000
dPolE	875.571	90.000	31.0244	1.0000	0.0000	6.8000
uR	875.571	90.000	0.0248	1.0000	0.0000	6.8000
E	877.166	90.000	45.0819	0.9269	0.1217	0.0810	0.0000	6.8000
dPolE	877.166	90.000	28.6729	1.0000	0.0000	6.8000
uR	877.166	90.000	0.0230	1.0000	0.0000	6.8000
E	878.760	90.000	44.8444	0.7850	0.0942	0.0626	0.0000	6.8000
dPolE	878.760	90.000	15.5154	1.0000	0.0000	6.8000
uR	878.760	90.000	0.0227	1.0000	0.0000	6.8000
E	880.354	90.000	44.8023	1.0319	0.0638	0.0423	0.0000	6.8000
dPolE	880.354	90.000	8.1846	1.0000	0.0000	6.8000
uR	880.354	90.000	0.0236	1.0000	0.0000	6.8000
E	881.948	90.000	44.9090	0.8070	0.0538	0.0355	0.0000	6.8000
dPolE	881.948	90.000	4.2745	1.0000	0.0000	6.8000
uR	881.948	90.000	0.0263	1.0000	0.0000	6.8000
E	883.542	90.000	44.8391	0.8587	0.0488	0.0322	0.0000	6.8000
dPolE	883.542	90.000	3.8076	1.0000	0.0000	6.8000
uR	883.542	90.000	0.0275	1.0000	0.0000	6.8000
E	885.135	90.000	44.9300	0.8079	0.0575	0.0379	0.0000	6.8000
dPolE	885.135	90.000	4.7743	1.0000	0.0000	6.8000
uR	885.135	90.000	0.0256	1.0000	0.0000	6.8000
E	886.729	90.000	44.8502	0.8367	0.0731	0.0480	0.0000	6.8000
dPolE	886.729	90.000	9.6992	1.0000	0.0000	6.8000
uR	886.729	90.000	0.0242	1.0000	0.0000	6.8000
E	888.322	90.000	44.8796	0.8555	0.0938	0.0615	0.0000	6.8000
dPolE	888.322	90.000	19.2582	1.0000	0.0000	6.8000
uR	888.322	90.000	0.0241	1.0000	0.0000	6.8000
E	889.915	90.000	44.7898	0.7090	0.1080	0.0706	0.0000	6.8000
dPolE	889.915	90.000	23.5257	1.0000	0.0000	6.8000
uR	889.915	90.000	0.0237	1.0000	0.0000	6.8000
E	891.508	90.000	44.9116	0.7644	0.1101	0.0717	0.0000	6.8000
dPolE	891.508	90.000	20.0413	1.0000	0.0000	6.8000
uR	891.508	90.000	0.0247	1.0000	0.0000	6.8000
E	893.101	90.000	44.9913	0.8228	0.1054	0.0684	0.0000	6.8000
dPolE	893.101	90.000	17.4282	1.0000	0.0000	6.8000
uR	893.101	90.000	0.0247	1.0000	0.0000	6.8000
E	894.694	90.000	44.9073	0.8343	0.0909	0.0587	0.0000	6.8000
dPolE	894.694	90.000	15.6102	1.0000	0.0000	6.8000
uR	894.694	90.000	0.0262	1.0000	0.0000	6.8000
E	896.286	90.000	44.8702	0.8765	0.0837	0.0539	0.0000	6.8000
dPolE	896.286	90.000	14.8753	1.0000	0.0000	6.8000
uR	896.286	90.000	0.0266	1.0000	0.0000	6.8000
E	897.879	90.000	44.9508	0.7286	0.0928	0.0595	0.0000	6.8000
dPolE	897.879	90.000	15.8910	1.0000	0.0000	6.8000
uR	897.879	90.000	0.0256	1.0000	0.0000	6.8000
E	899.471	90.000	44.9742	0.7435	0.1030	0.0658	0.0000	6.8000
dPolE	899.471	90.000	23.0451	1.0000	0.0000	6.8000
uR	899.471	90.000	0.0245	1.0000	0.0000	6.8000
E	901.063	90.000	44.7578	0.6753	0.1152	0.0732	0.0000	6.8000
dPolE	901.063	90.000	22.3861	1.0000	0.0000	6.8000
uR	901.063	90.000	0.0238	1.0000	0.0000	6.8000
E	902.655	90.000	44.9864	0.7763	0.1084	0.0687	0.0000	6.8000
dPolE	902.655	90.000	14.9711	1.0000	0.0000	6.8000
uR	902.655	90.000	0.0258	1.0000	0.0000	6.8000
E	904.247	90.000	45.0637	0.8048	0.0900	0.0569	0.0000	6.8000
dPolE	904.247	90.000	13.2042	1.0000	0.0000	6.8000
uR	904.247	90.000	0.0269	1.0000	0.0000	6.8000
E	905.838	90.000	44.9980	0.6711	0.0928	0.0585	0.0000	6.8000
dPolE	905.838	90.000	15.4112	1.0000	0.0000	6.8000
uR	905.838	90.000	0.0263	1.0000	0.0000	6.8000
E	907.429	90.000	44.8679	0.7665	0.1049	0.0660	0.0000	6.8000
dPolE	907.429	90.000	19.4841	1.0000	0.0000	6.8000
uR	907.429	90.000	0.0251	1.0000	0.0000	6.8000
E	909.021	90.000	44.8789	0.8224	0.1307	0.0821	0.0000	6.8000
dPolE	909.021	90.000	28.1914	1.0000	0.0000	6.8000
uR	909.021	90.000	0.0226	1.0000	0.0000	6.8000
E	910.612	90.000	45.1635	0.7774	0.1496	0.0934	0.0000	6.8000
dPolE	910.612	90.000	27.6824	1.0000	0.0000	6.8000
uR	910.612	90.000	0.0230	1.0000	0.0000	6.8000
E	912.203	90.000	45.0958	0.8417	0.1386	0.0864	0.0000	6.8000
dPolE	912.203	90.000	29.7472	1.0000	0.0000	6.8000
uR	912.203	90.000	0.0218	1.0000	0.0000	6.8000
E	913.793	90.000	44.9036	0.7150	0.1097	0.0682	0.0000	6.8000
dPolE	913.793	90.000	19.7355	1.0000	0.0000	6.8000
uR	913.793	90.000	0.0231	1.0000	0.0000	6.8000
E	915.384	90.000	44.7914	0.7804	0.0882	0.0548	0.0000	6.8000
dPolE	915.384	90.000	14.9072	1.0000	0.0000	6.8000
uR	915.384	90.000	0.0240	1.0000	0.0000	6.8000
E	916.974	90.000	44.8023	0.8162	0.0799	0.0495	0.0000	6.8000
dPolE	916.974	90.000	13.2583	1.0000	0.0000	6.8000
uR	916.974	90.000	0.0248	1.0000	0.0000	6.8000
E	918.565	90.000	45.1083	0.7888	0.0857	0.0531	0.0000	6.8000
dPolE	918.565	90.000	11.5960	1.0000	0.0000	6.8000
uR	918.565	90.000	0.0256	1.0000	0.0000	6.8000
E	920.155	90.000	45.0392	0.6241	0.1045	0.0646	0.0000	6.8000
dPolE	920.155	90.000	18.8338	1.0000	0.0000	6.8000
uR	920.155	90.000	0.0240	1.0000	0.0000	6.8000
E	921.745	90.000	44.7502	0.8150	0.1250	0.0771	0.0000	6.8000
dPolE	921.745	90.000	24.8014	1.0000	0.0000	6.8000
uR	921.745	90.000	0.0244	1.0000	0.0000	6.8000
E	923.334	90.000	45.0590	0.6176	0.1461	0.0900	0.0000	6.8000
dPolE	923.334	90.000	26.7603	1.0000	0.0000	6.8000
uR	923.334	90.000	0.0255	1.0000	0.0000	6.8000
E	924.924	90.000	45.2002	0.8777	0.1846	0.1136	0.0000	6.8000
dPolE	924.924	90.000	35.7750	1.0000	0.0000	6.8000
uR	924.924	90.000	0.0240	1.0000	0.0000	6.8000
E	926.513	90.000	45.1300	0.6267	0.2016	0.1238	0.0000	6.8000
dPolE	926.513	90.000	44.4788	1.0000	0.0000	6.8000
uR	926.513	90.000	0.0246	1.0000	0.0000	6.8000
E	928.103	90.000	45.6051	0.4591	0.2248	0.1380	0.0000	6.8000
dPolE	928.103	90.000	41.6409	1.0000	0.0000	6.8000
uR	928.103	90.000	0.0245	1.0000	0.0000	6.8000
E	929.692	90.000	45.2150	0.1640	0.2333	0.1428	0.0000	6.8000
dPolE	929.692	90.000	47.0913	1.0000	0.0000	6.8000
uR	929.692	90.000	0.0250	1.0000	0.0000	6.8000
E	931.280	90.000	44.6448	0.9242	0.2356	0.1448	0.0000	6.8000
dPolE	931.280	90.000	43.3894	1.0000	0.0000	6.8000
uR	931.280	90.000	0.0259	1.0000	0.0000	6.8000
E	932.869	90.000	44.7572	0.2393	0.2386	0.1462	0.0000	6.8000
dPolE	932.869	90.000	36.8315	1.0000	0.0000	6.8000
uR	932.869	90.000	0.0270	1.0000	0.0000	6.8000
E	934.458	90.000	45.4112	0.4410	0.2253	0.1375	0.0000	6.8000
dPolE	934.458	90.000	39.2793	1.0000	0.0000	6.8000
uR	934.458	90.000	0.0271	1.0000	0.0000	6.8000
E	936.046	90.000	45.1262	0.5636	0.2135	0.1305	0.0000	6.8000
dPolE	936.046	90.000	41.5111	1.0000	0.0000	6.8000
uR	936.046	90.000	0.0261	1.0000	0.0000	6.8000
E	937.634	90.000	44.6608	0.8270	0.2150	0.1314	0.0000	6.8000
dPolE	937.634	90.000	38.1419	1.0000	0.0000	6.8000
uR	937.634	90.000	0.0253	1.0000	0.0000	6.8000
E	939.222	90.000	45.0746	0.7064	0.2042	0.1247	0.0000	6.8000
dPolE	939.222	90.000	39.6042	1.0000	0.0000	6.8000
uR	939.222	90.000	0.0258	1.0000	0.0000	6.8000
E	940.810	90.000	45.0610	0.8039	0.2089	0.1265	0.0000	6.8000
dPolE	940.810	90.000	41.0202	1.0000	0.0000	6.8000
uR	940.810	90.000	0.0256	1.0000	0.0000	6.8000
E	942.398	90.000	45.2219	0.4178	0.2346	0.1416	0.0000	6.8000
dPolE	942.398	90.000	42.2122	1.0000	0.0000	6.8000
uR	942.398	90.000	0.0250	1.0000	0.0000	6.8000
E	943.985	90.000	44.4622	0.4141	0.2526	0.1533	0.0000	6.8000
dPolE	943.985	90.000	41.0487	1.0000	0.0000	6.8000
uR	943.985	90.000	0.0256	1.0000	0.0000	6.8000
E	945.573	90.000	44.1881	0.5342	0.2394	0.1450	0.0000	6.8000
dPolE	945.573	90.000	42.6392	1.0000	0.0000	6.8000
uR	945.573	90.000	0.0268	1.0000	0.0000	6.8000
E	947.160	90.000	45.5812	0.4859	0.2479	0.1499	0.0000	6.8000
dPolE	947.160	90.000	34.5596	1.0000	0.0000	6.8000
uR	947.160	90.000	0.0252	1.0000	0.0000	6.8000
E	948.747	90.000	44.6545	0.7743	0.2378	0.1431	0.0000	6.8000
dPolE	948.747	90.000	37.3352	1.0000	0.0000	6.8000
uR	948.747	90.000	0.0261	1.0000	0.0000	6.8000
E	950.334	90.000	44.5599	0.5426	0.2244	0.1350	0.0000	6.8000
dPolE	950.334	90.000	38.1590	1.0000	0.0000	6.8000
uR	950.334	90.000	0.0266	1.0000	0.0000	6.8000
E	951.920	90.000	45.0276	0.7212	0.2197	0.1315	0.0000	6.8000
dPolE	951.920	90.000	36.9489	1.0000	0.0000	6.8000
uR	951.920	90.000	0.0261	1.0000	0.0000	6.8000
E	953.507	90.000	44.8183	0.3935	0.2270	0.1354	0.0000	6.8000
dPolE	953.507	90.000	38.6888	1.0000	0.0000	6.8000
uR	953.507	90.000	0.0263	1.0000	0.0000	6.8000
E	955.093	90.000	44.5433	0.4704	0.2586	0.1534	0.0000	6.8000
dPolE	955.093	90.000	45.0638	1.0000	0.0000	6.8000
uR	955.093	90.000	0.0245	1.0000	0.0000	6.8000
E	956.679	90.000	44.9152	0.5432	0.2769	0.1648	0.0000	6.8000
dPolE	956.679	90.000	44.7034	1.0000	0.0000	6.8000
uR	956.679	90.000	0.0252	1.0000	0.0000	6.8000
E	958.265	90.000	45.6137	0.9694	0.3070	0.1820	0.0000	6.8000
dPolE	958.265	90.000	48.3462	1.0000	0.0000	6.8000
uR	958.265	90.000	0.0262	1.0000	0.0000	6.8000
E	959.851	90.000	45.2481	359.7613	0.3258	0.1918	0.0000	6.8000
dPolE	959.851	90.000	55.3469	1.0000	0.0000	6.8000
uR	959.851	90.000	0.0247	1.0000	0.0000	6.8000
E	961.436	90.000	44.2691	0.9783	0.3343	0.1967	0.0000	6.8000
dPolE	961.436	90.000	60.9754	1.0000	0.0000	6.8000
uR	961.436	90.000	0.0252	1.0000	0.0000	6.8000
E	963.022	90.000	44.5736	359.9477	0.3291	0.1932	0.0000	6.8000
dPolE	963.022	90.000	61.0620	1.0000	0.0000	6.8000
uR	963.022	90.000	0.0249	1.0000	0.0000	6.8000
E	964.607	90.000	45.5133	0.9947	0.3387	0.1982	0.0000	6.8000
dPolE	964.607	90.000	52.2543	1.0000	0.0000	6.8000
uR	964.607	90.000	0.0253	1.0000	0.0000	6.8000
E	966.192	90.000	45.2823	0.2468	0.3048	0.1776	0.0000	6.8000
dPolE	966.192	90.000	57.8279	1.0000	0.0000	6.8000
uR	966.192	90.000	0.0237	1.0000	0.0000	6.8000
E	967.777	90.000	45.6539	0.5352	0.2878	0.1668	0.0000	6.8000
dPolE	967.777	90.000	48.4178	1.0000	0.0000	6.8000
uR	967.777	90.000	0.0247	1.0000	0.0000	6.8000
E	969.361	90.000	45.0422	0.6772	0.2679	0.1551	0.0000	6.8000
dPolE	969.361	90.000	40.0101	1.0000	0.0000	6.8000
uR	969.361	90.000	0.0258	1.0000	0.0000	6.8000
E	970.946	90.000	45.1961	0.5204	0.2524	0.1454	0.0000	6.8000
dPolE	970.946	90.000	34.3459	1.0000	0.0000	6.8000
uR	970.946	90.000	0.0266	1.0000	0.0000	6.8000
E	972.530	90.000	45.4601	0.7829	0.2252	0.1299	0.0000	6.8000
dPolE	972.530	90.000	39.6073	1.0000	0.0000	6.8000
uR	972.530	90.000	0.0252	1.0000	0.0000	6.8000
E	974.114	90.000	45.0698	0.6626	0.2166	0.1247	0.0000	6.8000
dPolE	974.114	90.000	34.8146	1.0000	0.0000	6.8000
uR	974.114	90.000	0.0242	1.0000	0.0000	6.8000
E	975.698	90.000	44.9196	0.5267	0.1948	0.1116	0.0000	6.8000
dPolE	975.698	90.000	33.4080	1.0000	0.0000	6.8000
uR	975.698	90.000	0.0233	1.0000	0.0000	6.8000
E	977.282	90.000	44.9780	0.4847	0.1620	0.0925	0.0000	6.8000
dPolE	977.282	90.000	24.6542	1.0000	0.0000	6.8000
uR	977.282	90.000	0.0251	1.0000	0.0000	6.8000
E	978.865	90.000	44.9456	0.3961	0.1429	0.0812	0.0000	6.8000
dPolE	978.865	90.000	17.4725	1.0000	0.0000	6.8000
uR	978.865	90.000	0.0246	1.0000	0.0000	6.8000
E	980.449	90.000	45.1137	0.5277	0.1403	0.0798	0.0000	6.8000
dPolE	980.449	90.000	17.7262	1.0000	0.0000	6.8000
uR	980.449	90.000	0.0245	1.0000	0.0000	6.8000
E	982.032	90.000	44.7424	0.6394	0.1537	0.0877	0.0000	6.8000
dPolE	982.032	90.000	25.1236	1.0000	0.0000	6.8000
uR	982.032	90.000	0.0248	1.0000	0.0000	6.8000
E	983.615	90.000	45.0862	0.3338	0.1872	0.1065	0.0000	6.8000
dPolE	983.615	90.000	27.2785	1.0000	0.0000	6.8000
uR	983.615	90.000	0.0230	1.0000	0.0000	6.8000
E	985.198	90.000	45.6627	0.5222	0.2112	0.1199	0.0000	6.8000
dPolE	985.198	90.000	34.9048	1.0000	0.0000	6.8000
uR	985.198	90.000	0.0223	1.0000	0.0000	6.8000
E	986.780	90.000	44.8239	0.8045	0.2193	0.1248	0.0000	6.8000
dPolE	986.780	90.000	38.1352	1.0000	0.0000	6.8000
uR	986.780	90.000	0.0218	1.0000	0.0000	6.8000
E	988.363	90.000	44.7769	0.4731	0.2026	0.1148	0.0000	6.8000
dPolE	988.363	90.000	33.3320	1.0000	0.0000	6.8000
uR	988.363	90.000	0.0236	1.0000	0.0000	6.8000
E	989.945	90.000	44.9317	0.4127	0.1780	0.1008	0.0000	6.8000
dPolE	989.945	90.000	26.9128	1.0000	0.0000	6.8000
uR	989.945	90.000	0.0232	1.0000	0.0000	6.8000
E	991.527	90.000	45.0716	0.5396	0.1703	0.0961	0.0000	6.8000
dPolE	991.527	90.000	29.5188	1.0000	0.0000	6.8000
uR	991.527	90.000	0.0240	1.0000	0.0000	6.8000
E	993.109	90.000	44.8444	0.5641	0.1564	0.0884	0.0000	6.8000
dPolE	993.109	90.000	20.3118	1.0000	0.0000	6.8000
uR	993.109	90.000	0.0252	1.0000	0.0000	6.8000
E	994.690	90.000	44.8654	0.5426	0.1630	0.0919	0.0000	6.8000
dPolE	994.690	90.000	23.4002	1.0000	0.0000	6.8000
uR	994.690	90.000	0.0246	1.0000	0.0000	6.8000
E	996.272	90.000	44.8510	0.6496	0.1870	0.1054	0.0000	6.8000
dPolE	996.272	90.000	27.2652	1.0000	0.0000	6.8000
uR	996.272	90.000	0.0247	1.0000	0.0000	6.8000
E	997.853	90.000	44.3357	0.4814	0.2189	0.1229	0.0000	6.8000
dPolE	997.853	90.000	38.9605	1.0000	0.0000	6.8000
uR	997.853	90.000	0.0227	1.0000	0.0000	6.8000
E	999.434	90.000	45.0457	0.6332	0.2585	0.1451	0.0000	6.8000
dPolE	999.434	90.000	46.2659	1.0000	0.0000	6.8000
uR	999.434	90.000	0.0230	1.0000	0.0000	6.8000
